1060.5,891.5,55,117
1065.0228848034196,891.6710412565574,53.752864006254924,121.47435985467058
1066.094875416344,891.763505310377,53.03992280783554,126.16909731654758
1069.2145009673686,891.9385674317274,52.158278575112014,128.63254684994791
1072.132040224721,892.3589658190072,50.87635888907104,129.63555059184472
1073.9623158694142,892.1465996255833,50.349384690646104,129.92345165131408
1077.7011642870898,894.2094084686045,48.88607546543074,131.43667966450715
1081.3346493107886,895.045638275889,48.384150474452895,132.31512803630153
1085.598715636858,895.3136215480267,46.47926801521308,134.05508838853245
1088.5458612728294,897.6262677475141,45.01432118640236,135.27002516745458
1092.1395224639996,896.3481017024725,43.95181799358314,135.7947134970743
1095.954737124451,897.72562373657,43.25157767578912,136.73996039805962
1099.1011265526295,897.2080666377522,41.96280722189002,136.64775633942355
1101.3600506883395,900.3271658714374,42.04613670998297,136.95463113227214
1106.3201639564104,899.5169465958802,43.50781665634865,136.30429516713878
1109.467901194203,900.7764293496961,44.98845197694118,134.47565408012423
1113.61160820347,903.5715587373817,47.43756647346565,133.6133337713829
1114.7328610128263,905.402813302537,45.451259009400175,140.6577331809927
1115.892982726206,902.7921567678992,45.27687943061983,140.5872047760352
1116.6327836326022,903.9605778095604,46.40226317862923,141.47229253109006
1119.3153746553016,904.9211895294507,49.168537425798995,143.32845277667934
1122.6140687333234,904.422756569158,55.8389260803461,142.13844604601235
1115.3755525124736,907.6491538845551,59.30214875799605,137.72738092607676
1121.4862825613086,907.7088254459035,59.70420706759242,135.99269936407399
1130.7964507181034,904.2659944886583,63.322148664124924,135.33321245856814
1135.8596479101175,906.7692326417956,61.692672469395184,135.00458034134095
1138.100220397832,906.2526549157274,60.34137748422856,135.16571993897412
1140.9871959066786,905.8832106163358,57.56663673248616,135.95126171565306
1145.3992135000528,906.433598348545,55.835731951426766,136.78860788030255
1147.9404534785795,906.9343412736952,53.164073001688124,136.22271991988785
1148.4095989211069,901.6353643447048,50.51713220299965,137.6728749608881
1153.1724614383493,901.2067750666504,49.68174869798085,139.00112712037617
1153.9659670214921,902.2783174181233,48.770138823658584,140.812832307176
1157.9680808268095,900.9730048828831,48.85174892083024,139.64350980806233
1159.2550560278748,900.2265350393975,48.91841227177038,139.90058846076045
1161.5488211685285,903.5800680208262,51.424895047782755,137.46529447017355
1161.5647618327139,905.991743080638,53.723467543355795,135.53393604015358
1167.74703273774,907.3898625105978,56.34564600778427,132.36388635624218
1166.494882242234,910.8727929928593,58.810393845374335,131.6876485897707
1169.4255793287161,911.4769700698804,63.58450829089425,128.17198144819756
1174.2934561589668,914.7640045934199,62.58126879385742,131.5374673354848
1172.6240285755293,914.4448529004196,60.14629227042201,136.12886940790384
1178.991523913716,910.4607215519733,58.28276512663602,138.70065937008258
1182.669343213248,911.9380699199774,57.812290452630535,142.60942024727967
1185.3180611410296,911.1237992451813,55.30435769284584,143.8477115273593
1192.0374074094561,910.3640625560848,55.2296802254084,144.04380681034576
1197.6154221028992,912.2174960600527,54.969344162531506,145.12517946132317
1202.3671483405033,911.9948007021155,56.984666766915595,144.3585329139462
1202.3320716485334,911.4590198321098,59.279173623546335,140.55817165815677
1205.1244491008804,912.2358424572274,59.362491871267125,140.24403778739276
1204.6697582197673,914.49848654183,57.816974519705596,141.12541886745174
1204.5853600448643,913.8276588569363,59.04102259279088,139.13559776343857
1207.4924608766885,915.1393269016093,60.14978045760821,137.2384125656628
1210.4137077297237,912.004914602014,60.89013370777846,138.50057572446855
1213.7116623686343,909.5340194902983,59.979015371803975,140.81548377668867
1218.7968711248498,910.3455794878083,60.31774407641808,140.8513949855181
1224.988578922782,908.8386062756532,57.310897684661605,143.9859660693947
1227.8627960197525,905.7972608942644,54.489129511495406,148.53790478358303
1236.5949010484012,904.4140967386226,56.36312784035964,151.3085934749136
1242.4523809192328,900.0571338261755,58.33480375027841,155.4239635293298
1245.1730638910883,905.2723458883837,59.26865440105341,155.56327141202618
1247.989056356704,902.6720684365831,58.03204400426132,153.45526506277946
1250.4264217112532,907.7751305700486,57.34456465592231,153.0789537797851
1254.4119613175878,908.4372110299477,59.68614918084474,151.10513713707405
1252.9394651251075,916.9290532224535,58.67625934000314,148.6766456295452
1255.365156633312,906.6179970332655,58.088043451734734,147.57846867350338
1259.5121394028665,917.6470302379624,60.71482089215024,149.25179041486777
1256.220686579468,916.0490993423409,64.0462020317982,146.83148740781164
1256.6597662739734,918.9989516435086,66.38042396100434,146.20336603649093
1257.0930753583461,919.733702512856,64.957751545286,145.33804857433478
1264.586960015477,917.299918881425,65.94902092940464,143.20366514152585
1266.7880271986514,920.0605918437069,64.90286442049808,145.9969056355394
1268.00743694603,920.6858066100061,61.758909816103724,151.49971563864491
1271.1405126875193,918.3098860594176,58.880873819032836,155.00281331514603
1272.257149335199,916.4958637968181,56.81663647261054,159.69332659279553
1276.3003416136332,909.3872496346648,59.25373017918815,157.5868533090237
1287.6030462601009,909.1725581221062,61.686072292323885,155.86524790851115
1289.5058004822677,911.9650193197458,62.829766017476146,156.13635328334465
1289.3750153246367,913.0487374850118,59.86708910420838,160.55864023757945
1296.691823823903,911.865140135667,60.95858648847136,160.71023302477442
1296.575149061349,908.0212038030184,58.64981170149217,162.27619532926553
1300.2290663268082,908.0809691424116,59.84220680296026,161.01880186164777
1303.797128822904,908.5365136932477,60.717191668952985,157.27583475576077
1306.5225553111304,909.9548371737321,61.621452662622424,154.6081606431409
1305.0499540225994,911.8138510216395,63.86148183856854,154.11017997375927
1304.4662662797448,915.4425704980973,67.18238404289062,154.61274830698622
1309.0878825555503,918.6092148879194,68.31395860830786,150.62065021460666
1315.0948264999233,923.2784547691954,68.9664942587313,145.2126970683275
1317.3667731178048,925.3366171644562,68.53594586141982,146.32983148527111
1323.0132495922905,928.0652490666205,69.80170353862026,144.8522405589608
1330.5430939845348,932.0287523430587,69.47768099465765,141.6319561665435
1333.1708342368604,935.326863202172,66.85167873812816,140.57103190288677
1340.431628423224,937.0001358709959,63.31532804201251,139.64547955410677
1345.5686927151094,941.4228333726835,59.879463683246854,137.26080797286158
1350.5321263596488,944.7951132785615,57.139707881850974,134.29865360161477
1351.296874570877,948.8089451830573,53.162901466297924,133.7791487960151
1352.690581280897,950.4066196819464,52.34216836022248,132.98393652303463
1357.5424845815462,954.9404018482202,51.89121248207843,129.9767788198029
1359.23260416878,956.835186407274,52.047534599702466,129.0482662746516
1367.6999380831392,961.6429327424363,52.051328582366104,129.0410662465777
1368.8129788779581,962.3573031441864,52.3446835679886,128.43994289776654
1373.829253271911,965.7751966498836,52.34561603565217,128.43768782052223
1378.6132655380084,967.4898415904383,52.3518344538385,128.39997643798498
1383.9802917935735,967.6650766071325,52.352043560905216,128.38916510492425
1389.0883204331878,968.8247312404918,52.35199428190147,128.38516521621463
1391.8477924960075,969.3491630943829,52.354802268691735,128.34873612933646
1395.1425942891472,969.6533378149795,52.35806268578186,128.31485124121312
1396.1784230755445,969.9863761237206,52.48142980931771,127.44110209235366
1397.9921062595752,970.9112344467424,52.688934711170184,125.66350983153836
1401.6338076150837,973.4147045097417,52.69554571274409,125.59414872512501
1404.230945244873,974.0520118647456,52.696926930287674,125.58602329649179
1406.3602449258115,975.2138277646033,52.71672040326976,125.49115405479034
1409.1937167580502,975.8665002172052,52.73293800462737,125.40298526813743
1411.8277617356866,975.5658042182386,52.80221936860122,125.05628836626781
1410.5493421597869,975.0307434975537,53.1819758047876,123.7893668311782
1414.6421083446037,977.2878816125906,53.19489987138279,123.7046609571248
1415.9722783314662,977.2277090378095,53.201635162856476,123.6162338560267
1413.8342550620641,977.6712124831637,53.18090945447752,123.48520826283931
1415.8492896603698,977.8305561551084,53.16883556230612,123.43678110870604
1418.2902527134665,977.3002968083163,53.14764072344519,123.353540836471
1420.243591602862,977.977231874124,53.01674382551553,122.86447731134221
1422.7920000168356,977.7024225950454,52.88605497276203,122.40729344686406
1426.7663368347767,976.8498890373857,52.84592213665593,122.25974876799985
1429.2400529144018,975.4791404521728,52.74424692232523,121.85457590173263
1431.1376656758655,975.2261875090486,52.60817519903752,120.93173581366926
1431.051768604816,975.4546193485936,52.63344272097122,119.85247513284347
1431.785430545671,975.1315737563451,52.74057669549205,119.11485328440608
1432.0021168133696,977.0057974163708,53.30704944941337,116.78706720529448
1432.7597034173948,976.3051961886924,53.625165490111485,115.71276386767657
1433.9430938136538,974.5795634919917,53.75167893265762,115.43042566072906
1436.331466946584,974.254061854577,53.753611818914976,115.42780132204905
1437.3499329628617,974.707682196667,53.75371456229083,115.42766322379354
1439.381606124597,973.5756009716697,53.753922172759125,115.42741959580822
1436.6249593253115,973.3293126886764,54.059829116448654,115.09532705549931
1442.873550964299,973.0460917959065,54.06017500820014,115.09494803644023
1444.4365115252615,972.459965952393,54.0603097209938,115.09481196796493
1445.0568827843472,972.4310061228109,54.06084371487909,115.09426540569348
1445.6693033261095,972.296747573772,54.062194704823945,115.09301015257162
1442.6663964681895,973.4323861569185,55.42039928007722,113.58464939838734
1444.7485383087076,972.2497003783484,56.324653729586586,112.75900772732285
1440.9503045980327,975.2230721692022,59.47601063083829,109.89295949314368
1437.4428231977215,975.9703836481992,62.04646797307984,107.64203582771906
1439.8637021248467,974.9707698889292,62.755400183553945,107.22893261934735
1438.5925020861748,973.8566772863649,64.0428894791098,107.32389958731306
1438.750847705314,972.9708866197235,64.32662603109115,107.57954110505878
1441.943458106994,972.9976512440193,63.94667831815508,108.79150469688719
1442.2582372717222,973.8395971642094,63.30877796055144,108.28029159837605
1441.1543817715992,972.3326749535921,64.26617134304036,109.23201966595087
1442.6945019031418,971.055790189825,64.48860591932826,110.27933077330651
1444.1383716573146,969.9976000820267,64.59470332028204,110.95708155654728
1442.2851921089955,970.0248271703201,65.36637736061033,111.87216518540023
1447.0564013542466,964.8995763001775,65.48884574323785,113.94029549399036
1443.6470132880543,966.1385576220822,66.01596108183378,115.01681910573569
1449.633697057659,959.6878628377273,65.05596129910828,119.1093570457208
1452.9825222319837,956.1177972397004,64.02944136681444,121.37755053894077
1449.8922823566893,956.0057129533863,64.03825917420556,123.27182648842191
1450.2498299677457,954.8353803734682,63.32080566133192,125.03833534643545
1454.1981596970888,948.4248795876119,62.12235613403516,129.1006849947181
1455.430633817886,947.7494109779674,61.7142169974399,130.68712445457095
1453.0386371568243,942.260648323585,59.78051316747816,134.42083905570234
1455.4041211545637,943.6952707317225,60.33145152019385,134.90416988196313
1452.8317503690455,941.8992254008912,59.1586166356754,135.91625888079125
1454.4938709951575,943.391403961129,59.699343602313704,135.90983920605103
1449.454826869952,944.7981590565996,60.18527589197604,133.88031492323512
1446.567529396044,944.282127223092,60.44997508668856,132.90102116198977
1446.361483089186,944.8030804892603,59.86748892721793,132.01871320460953
1443.70313660209,940.9152370612651,60.793628979775605,134.4789004879278
1442.498569876781,942.8527398869844,61.20107108587254,134.64279978882203
1445.1601929882595,937.6097141182045,61.07055200960525,134.53679644265327
1445.6149757539881,935.8098187741667,62.26136408874724,137.06555518305134
1442.6520264316196,933.8864743239318,62.08560778592579,136.55214773018162
1446.21482599464,933.469035223709,60.85428195607291,138.7359190198882
1441.6970682646363,927.2884675608215,60.428826663607396,135.88047675656313
1441.5019496460084,928.0154225269038,59.72347221657711,136.18246238683665
1441.4141504164309,929.970328553828,59.50467764038264,133.7352582637215
1440.1075344037267,930.3866943273451,60.005103443864016,133.66373164793367
1436.859883865994,928.1117763829434,60.28926253242892,134.00373457241264
1435.318237329882,930.5587373322749,60.58082414198087,133.77964303316264
1434.1878422039947,928.0615029674913,60.280486610447966,134.08000995630957
1441.7920791674496,921.2510781184446,57.04576564809131,134.61691218008542
1439.7190208116772,922.6062404500058,56.85174776818725,134.69528168996146
1440.6403992404278,916.7089011292724,54.655183929178705,135.2767276034154
1440.061502394261,914.7819619118476,54.00190452386454,136.36654328898666
1436.4328201819533,917.1682253305537,56.62708863685602,135.89145015928773
1435.1155934655308,915.8903349147208,57.133240738108896,135.58866199981654
1429.8827788930373,911.3273870888255,57.99207610878014,135.25277791320923
1432.1051033397691,911.198487924396,58.22733700026437,135.0830821997304
1433.2129158211146,909.3224441481716,58.63924893665284,134.92243538079117
1426.8800543903292,907.8714264349001,58.735632823833946,135.09849546624795
1425.0248975232967,909.3050198218356,59.33621598532004,134.17339441554878
1425.9780830102106,905.9656705418062,59.307943632567124,133.43968468496772
1424.3027636445183,905.5281008124934,59.33159840907161,133.18401253313468
1426.3523700926946,903.3298193093984,58.73204358610837,132.06813281513448
1426.3631229448933,902.7929504427643,58.4512916671688,130.94037134558198
1422.574862745894,904.0793051859795,58.16397967875807,129.44495822095914
1417.6641897572376,903.549361365477,58.931260929618425,129.13246000392277
1422.569990043158,900.0195703238232,56.30417815538165,129.42599089940205
1418.8865462913577,898.8489155596274,56.56830375112665,130.0522741741941
1423.293823748407,896.4084002429597,53.42523872974091,130.44858464574986
1423.2536002348872,890.0255152994644,51.02476161661067,133.77713645270046
1419.333416312727,893.4275617912184,50.93570991175929,132.96179738554991
1421.5101188129163,891.0915932161083,49.72237178260766,132.47002845017857
1416.6083054633505,890.1278039393735,50.09192511628009,131.48414136756026
1415.2589067543288,888.7646315696513,50.78213292554052,129.39453677041527
1411.9785120901786,890.4712748543782,52.18922109229361,127.67338951620786
1411.227211433078,887.7323706541945,52.96257091980237,125.13440215951485
1407.4677665421295,884.771326730047,54.75233200758099,125.448581006246
1404.8974387857502,883.5099824116422,55.535077040269904,125.66817647709587
1403.0566268461753,882.8726918891379,56.63183195055729,125.25498278632402
1402.2380172729868,883.4814452594496,57.051487172183684,124.5777505715391
1400.6605889488178,881.0808404997044,57.298453947556396,125.70752234348
1398.030542313078,882.2038632090315,58.794217638543806,124.49704522768806
1394.0079292128087,880.2091466798212,61.27409720163898,122.76849030877666
1390.9319138191713,878.9855312518905,62.65207809929555,123.80148622249051
1389.2979384270652,877.8114825157664,64.48726338445724,125.12033898287477
1383.9517944831885,874.4865306224398,65.3352795922883,126.69029823456837
1383.5612828773005,874.1823126696606,67.5263212271415,126.50771313006635
1378.6103878884196,874.1080652475823,67.58531749492278,127.6095918302823
1378.702011476843,873.9267835647471,68.4410293178222,125.16848114716831
1375.7304306727758,872.1111503944895,67.7774660801808,125.35009385918724
1375.7431854338447,869.1171402445075,66.78066841715395,123.05726138766312
1374.4810992911027,867.6218501737069,65.81734474281319,121.19717693514717
1373.8950115371651,867.9263470890444,65.10272133723544,118.65809621926894
1374.3238520833138,867.6362136765001,63.861237411809206,117.50584556373457
1372.5766996040015,866.5435866588018,63.33662166359944,119.16610534353023
1370.4514647295334,865.7148587129916,63.431675890952434,120.35685843851886
1370.3082606662263,863.0079008120484,63.148134656007784,121.5087087962805
1370.3799617391649,864.8280739933791,61.483073551360356,121.64470663186731
1372.3141249991138,863.261749583802,58.970918666033405,120.79018821941807
1374.0317422609596,860.7783986364959,57.82526897501622,121.29038881572512
1374.5753467238044,859.69413519597,55.824983988368174,121.85485664584918
1378.1182723036513,860.1970339971775,52.80222381753772,120.46855251884412
1379.3559261238188,857.1790464447637,48.862661714088276,121.20476194732183
1375.0361468757187,858.9651703065631,47.44519810038785,120.41377794681554
1377.5613938045383,856.7155304113195,46.39627087590773,119.75886109812157
1372.5529675056728,856.6697584452461,45.98089316609697,118.44245350071935
1376.27829315367,854.0807714913234,45.61716604190522,117.85725823831834
1375.7371018033894,849.7535779714825,45.45251885675744,117.76428128367512
1377.1104414636136,853.6223621259137,45.43988770468507,117.7504631123993
1375.8814582173877,849.8834513541588,44.978754575293074,117.26160412514159
1375.369542578152,848.4557768153027,44.70444582749165,116.70302484498367
1374.4856204072653,847.5830678291416,44.60811956050237,116.40524861416715
1373.1046510149572,846.0385949542317,44.55842379689031,115.61418441924872
1374.7595793803991,848.164725162788,45.25586265289459,114.37393647802949
1371.2948352380165,846.6370678194052,45.068661128553266,114.31957933322532
1369.549674192484,843.7774294178074,44.46791119852956,114.87458781830395
1368.1361063197505,843.5620249211983,44.0972971694394,114.90785026872989
1366.7167601275282,842.3126095521478,43.91393972576817,115.08711787613241
1365.222735680601,841.3872842782747,42.512099942639544,115.27156551516836
1363.1784892225182,839.1251077317238,42.237099576431675,115.4218185289991
1359.3399012720358,839.2018962252678,42.54149486548031,115.73051405208099
1358.6725793250778,835.9250268502383,42.492587798144655,114.93733302984482
1359.473444825343,836.1840921788063,41.3164370891774,114.20403364541184
1357.3639788345322,834.4188886816687,40.66555241774108,113.37591271685014
1354.899423163709,838.2533384415884,40.38526155717393,111.56931582338159
1354.7123914913846,835.1605415787869,39.47229075093037,110.80701798084823
1354.7175387182442,834.0943893629068,38.2534282404917,109.78474806780399
1352.71247294974,833.1766200780546,37.79771645261758,109.69703807679889
1346.4360209390738,834.0209485739987,39.17328878904321,109.87440699757525
1345.6333025127278,833.6901719806355,39.76401562578737,110.26472223580598
1345.3412905133034,832.1806772395483,39.71529832433049,110.2962492470972
1345.1321022044094,831.8164078078264,39.30619830983031,110.70310550772626
1338.547106616202,831.8046302106785,41.314365838748806,111.69840543138794
1335.0335540540298,831.1896777069555,44.639862527318826,110.50744825221489
1335.0538690653227,829.8069221262085,45.17656447419045,109.24293398536727
1333.073868285719,831.1082897575359,45.85555820794461,106.53317505999925
1333.9532135533827,828.1763663972667,45.63655525049577,106.69600696833643
1335.4080486902583,827.0955126443852,44.236110466853056,106.49705722180633
1330.0957122991956,826.9297418003085,44.977884170015976,106.32595352775905
1331.5061718149782,825.9308960997997,44.76397735733441,105.9233686929588
1334.8664346881476,830.5015697818835,43.16650403886266,104.90845126082215
1331.3927298545666,828.6740974889757,43.21031991305303,103.79660073963774
1327.9190828239186,829.2046279634164,43.63844381382617,102.77985470157799
1335.433253481848,826.3732323630096,40.96193208833913,103.48047988809039
1332.8345123368692,828.2329725695997,40.43812908643533,102.77333767675952
1335.4011155616522,825.9020644430111,39.75451113485653,101.75388798442111
1338.8207112613527,826.561595370006,39.541987762083096,101.36087201710711
1338.33533649244,823.928459019071,38.89824147412024,101.49664007420274
1339.4511079933695,822.6711153286908,39.17202582255332,101.40727252851956
1342.7993494249138,823.6112482506876,39.31690543163496,100.69029019259689
1341.548540254828,824.7049188708294,40.657846478783085,97.53039439480108
1341.7819990879661,824.2904125860679,42.06055597969723,97.2268486887543
1342.5814406630814,823.0982032104359,44.05291222374795,98.57289863142071
1341.7460042402604,821.575058656362,45.27348489272529,99.47319632753069
1340.5777738564104,821.7081732135634,46.79167805099456,99.01183947827582
1338.7841877550486,821.0021718641385,48.67924110237129,97.93275645078492
1336.7716953209597,820.7467901573739,49.656779550060875,96.31483677388425
1337.6727980071196,820.0044827141326,49.974404772555744,95.3602828800744
1337.4879499152198,821.2783840191977,50.04271618776352,94.05974964254273
1337.273816025932,821.0567510619552,50.03818894821356,94.86298188883694
1340.6888827670036,822.3191808397318,49.274193520984895,95.19697083365187
1340.5511620454893,822.6674865844295,49.32402266494876,96.30332122406627
1343.0384879969856,821.583010996423,49.199549844003386,97.56074434527982
1342.111583463434,820.4251791703568,48.124363207938075,99.1297710267473
1346.6510918254344,817.9555169911251,46.68294753957238,101.29271180777792
1345.9456945562092,817.7673240270046,46.972740293647696,101.81052966233264
1348.254120879436,819.2315608562612,46.13373510702445,100.71501103755747
1349.4991844249348,818.5101445064208,45.1441227229146,101.44004195152675
1347.2827922117674,817.0513229836366,46.06866422319274,101.82638288102956
1347.9431448384669,818.0829180460469,46.3902183038859,99.33235617939462
1347.7740308231707,817.947411862229,46.77665386365398,99.15393663931485
1345.8751660808673,820.6082125484623,48.28697777436948,98.5828580479812
1343.6385069578191,819.8019699918854,50.33641077376616,97.84790850935046
1343.2146566970578,821.4320716059749,52.01925860882834,98.0910012898295
1340.65801026501,822.1161931419762,54.0636985237982,98.29512732147177
1339.8711505337692,821.8704575193549,55.21312597761747,98.49243249399937
1337.6408580862037,822.4446036725572,56.275688834813735,98.70137255949547
1340.0485537941877,824.8587921679028,56.521770932676304,98.7733642118783
1340.6798247975928,825.2156478463259,56.005690080515166,98.45755042937722
1341.4521235733541,824.3795839142189,54.750633418868595,98.13760719178481
1343.3508773827507,824.6195357524947,53.0081970203008,99.41405178943629
1345.4099529121213,823.675908190464,51.13366387754138,100.8294680923845
1348.3809763808881,824.4869762118658,47.986600987323754,102.15265373314708
1350.4425020789172,820.8107393007593,45.30625151779232,104.57510345192586
1351.3409166417055,821.2041918524421,43.55873006089066,104.77610372640399
1351.221758972665,820.4588425977441,42.35805188026696,105.20270085762714
1351.4620678379688,820.7643821844352,42.20500675602197,105.20141228893466
1350.612477121887,821.1484802437437,40.889410357162724,105.18514884681068
1350.5540772626368,822.2895096653168,40.70629742257209,106.91420345548859
1349.0542889346275,821.168191481052,40.42581097225657,107.85091171850794
1346.0384685084268,822.4505416423244,41.20550872799836,107.88509640685999
1343.1511834403743,824.1625270621811,42.17113784235114,109.40485024803803
1344.878300779305,825.1278607327376,42.16113085744017,108.06686972321307
1341.9384311062474,828.2398463621339,41.61627531996594,106.9547514508453
1338.1470923651773,827.7106867292031,42.73374164308252,106.92462009364012
1340.4683231506785,825.0364473752218,42.208978359578275,107.59865047692941
1337.7408920776088,826.0322701612362,41.99974695618856,109.47465803385947
1337.8686377228046,821.3407058864975,41.49583400877694,113.74220418530795
1337.4066529077154,816.8016015695372,41.02123600992381,117.48949668446512
1336.1042279714327,811.152077071027,41.844228976199204,121.11200100306348
1332.0746538024373,808.6717040337588,43.26824116011706,124.2985901381725
1336.23732334118,806.2430347217226,43.62988675148442,125.82883864679717
1338.4851907131945,809.0375536590545,42.43211427526355,128.72274914119328
1335.557468878454,812.5608215640161,43.044486972924446,129.1367293969056
1339.2560319053955,808.9838074235986,43.174478005313006,129.53830199119386
1336.4547421066168,813.0679665123583,43.48931065649922,129.50021150724092
1340.361588287247,810.9462643700923,43.59840533101497,129.3665635408331
1336.1132980097525,813.3281081138036,45.632426425620636,128.69270212005648
1339.605266139615,814.3596684830758,46.15018787082349,128.70466462882035
1341.224343176616,813.6769142411256,45.53628239390778,129.47581468685073
1341.3958693715927,820.228946111482,45.36262848146038,126.85585961687369
1341.4347682475684,823.9162534650786,46.38512656231562,124.17662318686959
1337.307151709336,831.7734520107183,48.72902302961854,121.55585477946615
1336.1128418594442,832.5709333552528,50.88959344443278,117.44299894323912
1332.229518849301,832.5487754299777,52.54266718115039,117.55657585407184
1330.5902127569548,830.9898550059066,52.69378655476516,116.41877168930523
1326.770028263945,830.6263669999023,54.02600777558433,115.44402175353278
1323.4649425493246,830.2728364148664,54.70806486079269,114.1945794400568
1319.2240217782078,827.5186807180535,54.25531093875278,114.71968332572251
1306.385683952479,830.0274023391653,54.868471851854586,115.18521717755017
1302.5077871953613,825.1015257651106,55.864534001974654,114.51656051293324
1290.1955107922136,824.2731320062435,56.13965076830934,114.81929993353398
1278.364464911827,823.620999608526,56.43257955582139,115.63281560493634
1265.3131996075954,819.6366697051075,57.763702624690865,115.99740439787482
1245.363626165234,820.5804271373772,59.663591143217445,115.06405373865083
1235.672086327799,818.367868923518,60.76117651652696,114.9010674111085
1224.455859928418,815.4058678214354,60.1738835961969,115.5323066561254
1202.9886911687693,813.944273198907,60.842580507231965,116.00092649395707
1191.8478147385874,810.2356429291686,60.89791259035704,115.16454053793808
1177.2761509257443,807.2126278701224,59.2861272474367,116.23401006956527
1160.7064765442467,804.7678546717023,56.552089424928326,116.38076027686867
1141.325381145246,801.3360498729887,53.417358258628155,117.36908874772413
1122.626308745308,799.5265564704496,50.99486565986939,115.83936257273086
1109.6089637844818,795.3735537370129,48.93772130807464,118.21198327382928
1094.2802521407789,795.0500264868516,47.3751431100728,119.06412556374829
1087.5643301237258,795.8067084497449,47.72810030993947,122.01544438241237
1081.9527344921946,792.1441285628705,46.514230512278665,123.88532175453122
1076.1463095918016,792.1337650943694,46.234120881305614,123.25004502417931
1069.736563237137,794.0444671937895,46.56611459425778,123.4157230770474
1063.135330000952,794.0878362673523,47.2908642424685,124.79726056224888
1063.9785879351912,793.1343976982479,47.49843693844859,122.08910609284627
1064.3460647590512,791.795399529408,47.107197322007934,120.59413412653272
1061.4769015782076,793.3823379178649,46.9155175134415,120.49049963938656
1063.0394576445256,789.9251004299094,46.092162348729815,119.89098767051067
1060.3255394354142,792.4427737250746,46.631338662293096,120.53469409794602
1063.8880446039313,788.2378507896022,44.63317478925778,118.44945897835692
1066.1594271083288,787.5734148937236,42.5949203391931,116.22061163380906
1065.4394511207252,787.2392738167231,41.503381155604146,115.9979987486413
1065.192706173024,785.5395011141047,41.61076668531164,114.35461336712649
1063.325629332661,785.9822104613771,41.38698440215404,113.00452293607187
1063.7122677258621,785.6915544630198,40.99606208957215,112.10502304449578
1066.5995543675558,786.4554317646189,39.17322344319223,112.3818980779402
1066.1052167110417,786.355164390161,40.67128147754692,111.58642628109646
1067.6542848822778,785.3017575873092,43.30629855044357,108.67654496014549
1066.1241936932086,787.4570651209002,45.3572825780282,106.0119078843565
1065.20247746495,788.9228337994925,47.019094558646856,104.45465922625078
1063.537060911621,789.4225086476105,46.60093372316223,104.4206299539403
1061.805016519838,790.701990117417,46.335932292919736,107.56970748906397
1060.7879435793268,791.8578816135096,44.74777656949756,110.73010105342127
1059.9779900053409,791.4525671908995,47.53701878035585,112.87372522891305
1057.471091236566,790.0164301571432,49.30740202943731,113.38238337272381
1054.6537089358815,791.254408240156,50.21099051269859,117.63579775975771
1053.1237475949172,792.6675472362635,52.3480183903675,117.65579138128663
1058.00230239245,791.6630624819729,51.510188576191425,115.9940593397643
1057.6327832584211,792.6208751624162,48.76238936550192,115.86501775011774
1056.0497577065391,796.7304813512985,47.27173474445827,117.44271969133624
1057.6795273205164,791.5016723383234,44.70158182857236,117.62324283906428
1058.9793619332816,791.8737986185689,43.22316254693858,116.28978470518204
1057.5193370357556,793.0401404215631,42.052223134859815,117.18592277671969
1056.7943832676995,792.804185557823,41.38093925217058,116.66166307350662
1056.876989616293,792.6269335864137,40.36026830112821,116.57565002879059
1055.2308241209175,794.9197940713718,39.49345534310004,118.63816934882232
1050.9533713483293,794.6352075657626,39.93854533022777,119.99078480760494
1051.3344732893595,792.4300383604204,40.12173987991596,120.66224349299989
1047.2675329432682,792.2874656190568,40.19032175771776,120.33418799126095
1040.8525609529088,795.7241719084344,41.77186317390628,121.05301309950801
1037.702135922817,793.3106676616237,40.878292991949195,121.5432894851996
1032.2574303157835,794.5499372576444,41.260078342059266,121.94780943392011
1022.8875489105637,793.670464488112,43.32903784080365,121.4471052503703
1014.6197002437251,794.380315565599,41.7933093547893,123.51260128849752
1006.6142241607159,792.8732671610375,41.47754998611103,124.04882283602231
995.3408626928864,792.2349103586002,40.00178446443281,124.23877851661847
984.8610928535595,792.1806212845606,38.20819871970018,123.9945726671854
971.6669524686556,790.8978437885819,35.946589469725225,124.77137254539569
957.4157527706146,790.7579359358233,34.438278907100596,123.33787499597568
940.7683498854899,793.6267845189697,34.26893153400371,124.80899110575481
923.9407067753448,791.6264295654796,35.855763126365424,123.68945271603835
905.2400949103192,795.1572811849439,37.93852232847113,123.59628399633884
886.6493652761999,786.604747454759,43.611656712272875,119.77951469913694
867.5696961957772,791.7508782785521,46.9124130376339,117.9906536420389
847.5802438114071,794.4357410341574,49.61533972113744,115.87825707756082
829.896195652698,795.9859158523245,51.20140976706137,114.11384394612887
809.9105208697597,800.0033153658837,51.903701290933846,117.47195971469155
791.2074297280658,801.9835489994878,52.21349108066616,119.4691949130111
769.4061242258603,805.5907609825576,52.10020741024364,122.6251436632374
745.9775750337848,810.89694741218,50.9412721888831,126.04110668966683
725.8704331848083,809.119348564046,51.50718049305532,128.7646957175521
701.9967566094989,807.8134679910338,53.22245754721561,129.03365665455692
684.9580055056078,814.236100378157,51.603207524525146,129.85777109654197
669.7633635170293,824.0957086434983,46.66958062308014,137.46408081757096
657.4535091524942,821.5184812029205,43.99088107183815,140.5615095936564
649.3987694990514,828.9273510068217,42.556343497080206,142.57818136209488
640.8192506659461,827.9475347964216,41.80715837925585,139.43324006416785
632.9294127846663,833.2795057005533,41.088785308323565,137.86073906231746
629.0802244892485,834.8454197890909,39.1300199919383,137.41218348492794
625.86366532136,835.0987136091557,37.995238154731865,137.5824851643277
623.681801756847,837.5640174933274,38.03498399493846,136.47412790269055
619.7017844799211,839.419334658684,38.5140458907986,137.01760660714862
619.6830883953337,841.294183114476,38.857820683475495,136.41374109594457
618.5309500237568,844.7526559868439,38.444847418719306,134.19271643252048
618.094844016846,844.368591546094,38.22350697864212,133.8335413488128
617.124728646374,847.0006621007994,38.472705788849744,132.85475856783387
617.3538915244801,847.3312691747367,37.91227944947569,133.11955122071558
614.4200393912301,846.2080236312158,38.745405118592195,130.6297841540692
613.9238773134628,848.4115909158437,38.472244310263136,131.34598050518161
613.1426040172288,850.267325433189,37.89344853181437,130.76588870584126
610.3120752138076,853.4107986320325,38.436842805487885,129.97454947653125
609.0688814712348,853.5752252483205,40.57761628421247,126.65521707136762
605.8726148899739,857.3071084382474,41.35046959310502,126.52530875375743
603.8037289032267,857.3504096588567,45.072646888527544,124.43216432443202
600.6744760101461,860.413692688382,48.66220135892408,124.76923239517342
598.0154354168717,863.771788825033,52.01963476367537,124.51264043365981
597.6192011460946,864.7554803259528,56.399118816433166,123.65397277960282
595.352137996941,866.2006112889906,57.90160217864316,123.58566460197795
594.4208469359539,867.9827772113995,60.24863417416846,122.44405392204908
591.48464719775,871.3054924609527,61.82972383538524,123.1986490075813
590.0614095237479,873.7651871385733,62.17936918020477,124.71646951217417
588.6027356764737,876.0470295155432,61.56955655047609,125.8786977898071
589.4441436537384,879.7910431194505,62.362845860956256,125.65139438919782
590.6216156487104,880.742164164166,61.42411993964082,127.06266731083232
591.2444217053499,881.9067419417954,59.77196099844598,128.7117298515663
590.0821218066263,879.0204272449737,56.07921521935387,129.5110412998946
593.612692736256,882.620632974528,52.073481341296635,129.28057976212335
595.4517424237367,883.8752460999967,47.76405239150395,129.24662977837704
596.8631079272453,887.2936835990931,43.714507586433896,129.57852504944793
598.554911157113,889.478764805053,40.85173781012675,130.46129891723413
599.3035756635791,890.1757905692259,38.996814521084076,132.19769412045673
597.2587375038011,893.2273468699893,38.073766030355884,132.4778022449068
597.0033391995306,894.9850591612659,37.56918264068155,133.67998211371378
595.7981404149431,897.385511742074,37.743293630837265,133.12690455001547
592.8324385251406,900.3145367417543,37.44171873924347,134.7831100138385
591.9363534243113,903.1672625468043,38.7666660111587,132.80243579000586
591.0591830467438,906.1475197223177,39.46804024527924,130.6970553566054
588.7892500279239,910.5566603150335,40.72530729284976,127.57499859736583
588.2171272370522,916.1112053746178,40.72817453735928,127.45515944678112
589.4728055939295,922.1589937104669,39.74771135807182,129.94067332743106
588.4057779625514,926.6930978252724,40.48075961038161,130.7309759240189
588.8468515246374,929.3418124145886,40.87803436383758,129.99266236334674
589.0112392043143,933.4407865666014,40.482145311790134,131.88066087660818
587.4367450042222,935.1032321809721,40.597884773789644,132.75090907455257
588.057615331758,937.6037511687219,40.38293758697873,134.5189688145253
587.3773403385612,938.7106757678227,41.41207216324899,133.48581017891564
587.5423328948982,939.9916724026564,42.27552781008186,132.25902005642033
586.5329978936021,939.1732417487116,43.76290221451581,131.9493322941856
587.4524387338788,936.7058970676682,44.348475617464786,131.31579147780027
589.4357390696002,939.5093557156736,43.01441397709724,130.9741516202347
588.9094904985267,941.7461090874597,43.52967875298337,131.60067763487967
587.701321073715,941.7378382664615,44.50209929092112,130.8420615495951
586.7976961094809,942.742919089967,45.452475817046036,130.51700428703603
585.9347518062399,943.8633637656894,46.89267570815573,131.9031235098699
584.7821689308267,943.8689416946588,49.19756498335619,132.833038517421
585.232163657002,944.0005849887443,49.86104487273882,134.9473447418053
585.565749845909,944.5033848535277,50.54579901797006,136.233425337888
584.9847080025023,943.8307597193209,52.222400299658545,134.88357694184197
584.71147744573,942.7225687234613,53.49721270023646,133.9312416647274
585.6410702864492,943.0508659431714,54.378868422666564,135.1403196058801
588.8546670739025,940.3705521282023,54.908485778604515,134.87182067697697
591.4893588529013,938.8568244133512,54.62343620723422,135.4595392870938
592.097957542664,935.0431570172998,55.446587942929014,132.77890242368215
596.9918193458241,934.6492605211678,54.8243431917263,131.65016197007415
600.4415830615245,930.0083515638603,54.016508120165525,131.40538595453827
600.0208578046801,927.5637053648175,54.00480641561484,134.04352125996286
602.8559688741254,923.5164575842657,54.275710359721295,134.14697946438523
602.6273685330251,917.9142392186351,55.71689928343438,138.4029167060372
609.3772295903602,916.7094129903242,56.80934143529298,139.29594221185454
614.8247001052762,909.4888990574165,55.72196590002454,140.64914024560306
616.4330546172173,903.3437159102418,55.318029624663225,143.08014855277128
620.4580870144837,896.1482149024838,53.55601748630508,142.30595872211165
625.4698009909916,888.337863489659,54.95401976152676,141.48946552780012
628.9758123294162,880.5223667969146,55.83849399794941,142.1920063475561
631.7824437232554,879.062838954131,55.887450544117115,141.15552945580947
636.781729787209,876.1039176373994,58.0845795103202,140.59884656476052
634.7410960332126,873.4593301847113,60.47247692491901,139.77959129204507
640.7242189347769,865.4598605200323,58.42879487884936,145.15408067397038
647.1174012600002,862.5336983723745,63.17964252620659,148.10843977010634
649.0030108022621,860.3581770056297,66.89922815688934,147.83982612426502
650.0031415484565,856.1011960113295,67.99238384152945,151.99562495832802
652.945191478655,855.3816306935113,67.52886178650823,153.25987407899675
653.0046556679492,853.8179232048649,66.5956841811113,154.10695143992245
661.2053506413898,849.8745234647479,61.778486041098404,154.01871964556392
664.5512633082105,851.1806780147826,56.37100895207831,155.0861083724855
660.0404685044716,849.2450894738798,56.705026600742165,154.72039207244225
662.4031388363836,848.6014525885497,54.473103008932,153.22320874815478
665.1393500806748,848.1672396390709,52.99755916891486,153.8818712498968
666.4897911413084,847.449415359919,55.418755350832804,152.79615606697752
667.4644623625516,846.2738499271628,57.95842672466722,152.35415304875852
669.6491469199052,845.0122160156494,58.875962422186674,149.24226974284448
666.8796006408379,844.9153310729632,60.38364927653841,148.71561443016424
670.9505066958831,844.1604539068073,58.48647907488895,148.28101553253188
672.0712885413755,843.4094696650467,57.93118794051921,146.7371222499765
675.5238084841785,841.7117728207663,55.76454133574486,146.95020641541288
679.4699038720746,839.4822823867225,53.87053491579269,146.05769008138176
684.3271770404981,831.2212467587208,51.570792763833154,149.71805571639106
688.9891587335379,833.3548145859711,48.64660735066373,145.94111170446809
689.0853940738119,828.0504237544657,49.36549883013786,146.18193772232644
695.681317540366,830.9785673213014,48.69868974647369,143.09297863835775
696.5068070329141,829.7557259405908,48.675648667307016,142.85063538909532
700.1165414806936,828.3537311714531,48.09780675805403,140.36069874613568
702.1956497580546,828.2148166427851,48.000209861922755,139.49632407427117
704.8072528382982,828.873002403342,48.661397723685354,140.3815909834306
706.4386903818545,829.2100378448926,47.93958670564531,140.3717107350481
706.6688880921097,824.2960974371068,48.27118974708789,143.86460730089303
707.4759611205734,825.1520834674354,48.63858158554632,142.3261077399373
706.9800729144971,821.6878256618289,50.06098818936833,141.97338587085304
704.9764698776033,823.1905026445579,52.05591648079467,143.38170089091568
706.8661037928932,820.0945249688183,54.11707220586176,141.4387770081771
706.1298540770791,816.1048237120281,54.51013439645509,144.10880741729883
708.840656618164,815.7783655153422,55.04279903253415,144.70434019176528
706.2347782257406,813.0738465040935,54.4233146929027,147.08951553153574
707.6828032138433,812.6607887347834,53.0538202598981,148.8899185586476
706.9686105583191,808.9098837400312,51.685216588187785,150.8922404775408
709.229384511481,811.1460757282072,50.23799988140507,150.09224013180966
709.3038834880192,809.4796170044347,49.35849668935326,149.5370335965241
713.2784650013479,811.6492882945882,47.84662305778788,147.94321001025827
716.1115508936829,814.338402471471,45.806886942398904,145.2060571140176
716.2661007602794,811.3646256524227,45.168722027612176,145.5449259578975
718.845196920732,816.1232268293982,44.06041889096756,142.04320570496833
717.4258556427073,809.8211729715553,44.51964636301524,143.70076169272687
717.6897303481271,810.0005761189815,44.514059160127275,142.9660782338978
719.1971161318703,812.4788356645172,44.221776233124416,142.39022652371443
722.5328144590126,812.0444293421381,43.52261990514714,141.27472192412918
721.9004343882667,810.296936332556,43.499678964820674,141.2556169500688
723.0871890786865,809.5303657682706,43.49136960900939,141.24073808069983
723.7335302840164,804.3335169473802,43.47045769965804,141.1770929933905
723.6754657683986,799.5386237668899,43.4081114990477,140.83273780277486
726.2502225209536,798.4519052751336,43.425153906125345,140.2268861814718
726.2296755880792,798.37237589084,43.451880174509895,139.28927156457738
727.4229296076763,796.6756219457656,43.65373629126643,137.5935138980905
727.591588391831,796.3793249936977,43.7294401140735,137.37033941939052
724.4815410243447,795.323605946238,44.01043602546243,137.27829633206557
725.4634953228333,794.3253653602883,45.11274836332399,137.33320654112504
723.8186579100459,793.5422903444272,46.31906459456382,136.45809817876156
724.4116240746117,792.9156540200179,48.478328585125205,136.65391633059704
723.9373491611497,794.9783692008707,49.73181747550084,135.84735650581806
724.4093426640726,791.7591345412634,50.60763964617476,135.2919989880598
724.8683956137291,792.8204063561317,51.59418314321237,135.14002136471868
724.7494783697571,791.5517310455889,52.35122310252504,133.98684170638862
725.1419909917245,790.2438378585584,52.63272869246094,133.22375315244255
727.5093665918125,788.606616331492,52.67077838208873,133.114590776147
728.7238921295941,785.5694641588533,52.413480493967086,132.41357674058162
727.7102220307297,785.8462902021712,51.9625093612455,132.52752098302196
729.018353122465,785.5201302468349,51.52434528954538,131.78898836262385
731.1639068861631,785.5979597394218,51.43649372399396,131.63692365115813
730.5589024315327,784.4346364378707,50.72425425475011,131.5953360001663
733.0531788629011,784.6207171108038,50.707195362892676,131.561300142134
733.2073304013519,782.3748828115308,50.34043645829175,131.49938254683678
733.015379431271,779.9002643720814,50.12838431396735,131.36872892621716
733.9237398434603,779.395532279597,49.8737903487005,131.16842030074085
734.9736503237837,779.343045267381,49.405468292711554,130.29887365379454
735.8310285267753,777.0131093830496,49.24377973496054,129.98145802759723
738.7874854087764,776.9090135255865,49.280552814802924,129.88576204683824
739.6087693625287,775.3432926659128,49.2532809203844,128.80629810146806
740.8774779568815,776.2775200831884,49.31148262379321,128.62673259059773
742.1385198710143,774.4253317064226,49.39786235125334,128.4960929872761
746.6491191980097,774.0082887368515,49.39755448230541,127.72268683704145
749.093444210375,772.5835898696322,49.31319984718624,127.49716201930057
752.3275867404873,773.2596845893447,49.21050665862198,127.28815825341246
756.1706202806776,772.8436774482954,49.15262691628953,127.23084466127563
755.6910782898528,772.3918055510152,48.797724433336576,127.02357693833001
757.9822515739086,773.9709222293475,48.73384444886163,126.98751389840096
759.3325014977315,772.8168817580852,48.705716517619244,126.97119382004136
761.9947511212843,772.2325478594391,48.68718549971086,126.96015740698626
764.9762844105632,772.361389780911,48.64814124793269,126.93781493896068
768.5078268879467,771.5685915555772,48.6303937372199,126.90603899190887
771.1959681004811,770.5549408110061,48.62697043662393,126.8721537180011
771.9243678321235,770.1766775229573,48.80918841197059,126.45230782947145
775.3628339793279,768.7340605862,49.03772061679455,125.57867025003175
779.9260795911854,767.3075214907356,49.07203183906874,125.45953522248257
782.6086126399176,765.018624161112,49.17788088599677,125.11097032425562
785.2320193228645,764.9824684794753,49.50818049107541,124.46264798689637
787.831031653899,765.8034441987439,50.09165697429218,123.7324413106776
789.8721156000624,765.3041245951032,50.442651370340364,123.24762180163611
791.454583613279,763.940551491897,50.53501053766219,122.8503352513105
793.2871031406579,762.9422188399315,50.555721467277735,122.72704712510935
793.7435638555294,762.563714859352,50.63182173687048,122.77593760280787
799.3640104879967,764.3341545147034,50.63098090102828,122.76936831838204
800.2001718428872,762.9112884395272,50.62652273835337,122.75010801990572
802.116424160779,762.7004511417639,50.55706719185557,122.60194248909785
805.2925799424237,761.2556634721736,50.53158119308472,122.53993420802966
807.7184712695604,761.2131257120774,50.32768006790711,122.17877148730676
809.3449357091821,761.8709093971181,50.06887915439391,121.88666430272991
812.5252675066965,761.7257135710706,49.995170213254866,121.75052663390635
814.3991294516148,760.7822972840859,49.953656441681815,121.6938948326286
818.4290722678107,760.1257894658197,49.809051034648924,121.52197335430542
821.0684253731184,760.1826654052287,48.64609260532006,120.44171688457335
823.6306152390058,759.740500438234,48.20393152102802,120.02255061434406
827.1941672241279,760.7589082803668,48.16873654167727,119.9852374520188
830.9921111043963,762.166071104832,47.62417147146658,119.65074983464591
834.6144391373778,761.3124804628883,47.263918067357494,119.38206955780961
835.4939745805452,760.9571420439285,47.17764753577287,119.29217982757078
836.7272680163665,760.9366309785237,46.723474270998295,119.1789938321243
840.4182214794073,759.3976105431639,46.268377288859114,118.6117250805005
843.732981300727,759.6800146804062,46.08412092125106,118.25114961323376
847.640499857165,758.6454322948697,45.7738929650524,117.60501973738461
851.7000764580171,760.6393111513221,44.67813393926329,116.32074517599546
854.8652169142457,758.3163087497951,44.30325269769679,115.34006654845561
858.1477252194627,757.0660951095358,43.86140222728962,114.4436688228961
861.2784246579415,755.2834081342609,43.665056167630034,113.55875131587374
864.0584066591422,756.2229567824195,43.49815218610016,113.2992071602182
867.781852780315,757.1641127527784,43.377133162563794,113.17986992357277
872.0060251764689,758.7154567038997,41.65568152428976,112.6598466525611
876.2330069430742,758.9357072798507,41.48832016050763,112.61175247661429
880.1040788577991,760.8618343134023,40.581807436376856,112.90179130135576
884.8257241267235,760.968632176688,38.7358865770176,113.86424600208093
889.8294108129443,763.3786349162227,37.45849781647442,114.17525781378328
894.8735053982265,763.6997176106445,37.29880819028727,114.20456966120156
898.7607353896015,763.0671888908581,37.02098765782829,114.08111856525481
901.5199579682376,763.1371965145069,36.50312967967086,113.50544096491907
903.7680853810066,760.3243340833318,36.4572310644505,113.33709078232609
905.6008239208138,758.4660623180936,36.37359043938075,113.13489109288983
908.6615361673588,757.4877794667577,36.36094091794237,113.10996314792895
909.9426025545287,753.330145133695,36.31771677093042,112.98911786605942
909.2682687863266,754.3897280501506,36.17669896980519,112.00965566498195
912.0217007577535,753.4140417320993,36.12345684627073,111.75672988139382
912.9246572293439,756.3898221975684,35.84110538978646,111.45899509858629
911.9559436982232,755.1986362787982,35.946701741875586,111.00061209029626
912.2606598507637,755.481829633075,35.93594925878632,111.0015337592874
909.7957278372189,754.6659478222882,36.414857592235016,111.94330410165344
908.1165494920103,754.7683546990401,36.755178640597805,112.53369927153852
906.5557780214182,753.2906543104757,38.11645486330534,113.14496354953678
905.395230820287,752.9982965283963,38.87723228065225,113.63256905329133
905.4645300345984,752.0175660580331,40.3192525432237,113.59912938380353
906.2092724689174,752.9116032512685,41.34082525065488,113.12330353932913
907.8061610835164,752.0122416549947,40.93236598226753,114.34673158362196
909.0674217211366,750.4383450898914,40.05728991450349,116.04758643870491
908.8081179843414,747.9339929210495,39.394010072402715,117.7639258869138
909.0261631722442,747.4415464754446,39.35524155812953,118.08404117991161
910.1762740061396,747.0853903131145,39.43969471839187,117.69820144613712
909.0831384048784,747.7713326053198,41.20182501089262,116.78176184305175
909.9729375065122,747.7290243167654,40.764093708373764,114.9049953472051
910.2399856457564,748.2551512539598,40.783429311255716,113.38649829617427
908.1172426831904,749.683651929107,41.37528667986416,112.01256923000292
908.2842964365506,750.197567740715,42.43610218479131,110.75792581430213
905.652060386682,748.6706284642228,44.51177358878917,110.84516539683875
900.7465401552323,749.2216900510487,47.78281851439145,109.82666107751825
895.8666273982764,750.741354544985,52.30086661620912,109.2494325738964
894.1890974526186,754.0667642089355,55.201357516331115,108.0072140281524
892.5701656429408,754.0342215342394,56.67903617939979,108.79733326436417
893.1543660878348,754.4742424066351,57.0265626681686,109.21572314599825
892.5621839040416,755.1990140478434,58.537615444303896,108.69918854466798
892.173471512105,755.9933696986287,59.64279547122077,108.63640266982915
892.909011195281,755.7599318650157,59.377010908634816,108.76076653131287
893.5702516406698,756.9504079273963,58.35871187900996,110.04295032169091
894.2637596831124,757.0993380171694,57.976984687567146,109.82233989092148
895.7730745264724,756.597013314892,56.87589716370035,111.04304259911758
898.1234938107781,756.5111179641721,55.02549746350673,112.87858858870896
900.0793684898882,756.6165761575685,52.50029342564948,113.98745606520839
903.082992856037,755.5564852290552,50.194397053512766,114.92232345379159
906.2630638330776,754.9855047752574,47.67108411713458,115.44285305162214
910.6943303872647,755.3784603667983,44.849675131304906,114.53601117005583
912.1981345379098,755.8231722143627,43.0525791580762,115.38587782771609
915.0281670859484,757.1236992324992,42.76678579696105,115.17668333044963
913.4152153103342,760.2907536495765,42.614112161992615,115.10519233650633
915.7622894554432,761.1703676991087,42.57626818722275,115.09085711837047
914.8335125139486,757.9461966995983,41.984550052143625,115.18199059268713
913.7688288443414,760.0271161766877,41.6345942463441,114.58523244405355
912.4145516991667,762.5941807986771,41.48507744085554,114.39939736009762
910.7835425144636,765.8892656320843,41.26218669924729,114.62118983590793
909.6161149420743,767.5288969648985,40.98040077064788,115.24217281222762
907.9901279105555,772.0302683524665,41.068546349754875,115.57382675562418
909.1165638503034,769.5366562289264,40.7214498836786,116.26362369118768
909.4655188582634,769.0682619870478,39.742068891822036,118.26937394129439
907.2081897141782,769.3809279308474,40.541826104818355,120.17392270847819
908.7921633672534,767.422533075724,39.92271632885077,121.35744611790828
908.8170447399623,764.1174576463272,39.126370401498384,123.82470319983537
908.8722768445725,755.5633748725396,38.72283077006236,130.3424614506671
909.7595053436993,747.8479798714889,37.62705946269699,138.36012789503854
909.6479814153352,746.7172453479255,36.5090168163539,145.59376981009729
910.7755416092839,750.3019593630676,36.250103713748615,149.51562343674598
911.3751451277575,753.1079760113532,36.34528227116952,151.75595693925175
911.7917546369455,748.5843940918804,36.713752458059204,153.5151319552752
912.2295757294409,748.6730810217756,37.18094656505906,153.1997260727437
913.1471801473734,747.2258057950271,37.5164926566529,153.36565473356572
912.9241876560427,747.912175656431,38.004485244872214,151.1213934329894
912.4902619846696,751.146616389417,38.5407976624588,152.4940589918565
911.3025352454314,751.8908093125319,39.62694772369663,154.67058699207604
911.7048734390892,755.943200085862,40.329200450926436,155.24294483812886
914.6235190809886,764.5365427511846,41.18350042865055,148.80557397713355
911.0468123797525,771.8666339638297,42.66629843236581,142.85601645321876
912.9845021612057,774.5676710223419,44.14043698836224,136.9452894352867
910.6053239436478,777.541982997051,44.93117276126327,134.84080470951807
911.4213191003771,774.6614032726904,45.02500043578778,133.10385848069689
911.5993128975988,774.7117390157874,44.69057197819112,129.3498762927815
910.465961993488,774.0359223963961,44.68047662612756,128.12434974463
913.2974549889778,774.4656379115156,44.05629633793697,127.28237688200682
912.9975633932431,776.2245776894023,44.83231642490868,123.89235282306954
916.507737835115,777.0250037162489,43.72823721265083,124.59047329609754
917.133400152639,776.2919771234215,41.91512334324634,123.57789487868598
917.7666421749252,773.8824065333415,41.10176070423918,123.87891525480777
918.2483698088696,777.5710910005231,40.88205079613551,123.90640636494342
917.7942318155214,776.2030845696054,40.59811260396265,123.99553300585976
918.7613678612553,777.5298617606152,40.216225322559346,123.99411252040404
919.7991122567223,775.4392092580277,39.82171366215075,124.23712416045947
921.629179762587,775.813261623379,39.77824984166241,124.46554934218719
921.9307325162142,773.5158178440489,39.93616842880714,124.13213892044624
923.0202889994015,772.6753612195632,40.15481659278139,124.47419874585854
921.4375393873813,770.4084551573467,40.47649150407797,123.98700148249549
921.0859508639895,770.5463295523131,40.9435862907592,123.33573048029453
918.8112190110297,768.4159930096154,41.75888399192444,121.8283778730831
918.3501114242231,767.7183930422302,42.15225554361304,121.98462515751939
916.3960324105963,768.4654180156942,41.908295547149734,121.7911577367303
917.81999351671,768.6820499686414,41.650430209492434,122.12576384998442
916.3653791180681,766.044476371276,41.54606631470501,121.4323122093458
917.4729674552665,767.5694241941405,41.086308513292195,121.6855278207851
915.2309009492651,770.4652460602216,40.49373397872847,123.84198439254115
913.8682237799297,770.264388931024,40.34775159218541,125.37663790870198
915.0292949948245,764.566219224022,40.52449954172108,125.85014375497023
913.061289111114,765.0257750564688,40.396544002136835,126.59398330844051
911.8257785198387,763.8846527669152,40.44280090520359,126.3258006718209
913.1864876278762,759.179105546824,40.24168176766544,126.38474748041206
914.5495447577727,758.9785530378356,39.28159615605452,126.05614235696807
911.9513753554045,758.1312914708946,38.7876594558202,125.86489471522016
913.9063971189854,755.249010196658,38.43309152418054,125.14106901318945
911.4826925125218,754.800990289809,38.280964445430094,124.32366566068693
911.4270691122153,754.4250212860222,38.09631303558274,123.75118339980791
913.5358192874392,750.270567014302,38.0552986978931,123.60015810376187
910.7009840273961,749.5827036106676,37.98173220544886,123.54501579285687
911.358848876687,748.3036383579831,37.813026310052436,122.28348656360106
909.4908577767212,746.560935872859,38.3152970027561,119.80391361980384
910.5944456536773,748.3933972523885,38.48128081802117,115.7719229863009
908.7112513506897,746.576602607395,38.35160742628469,111.81682088291012
909.3824048136768,745.1549967664907,38.08381099014916,110.46022564135518
907.4755597766878,745.1940645555417,38.0752302595554,110.5661770124216
907.9637321744189,743.0988915394759,38.2492757400923,109.4511559226946
906.8963901384273,742.4374689748396,37.743083935241714,109.17983856872746
908.6899681805404,738.5224204130453,36.309531741492805,111.07628006940882
910.7114297672151,739.1201488835999,34.81372990020803,110.64592892285742
909.1222336689967,737.0727866025279,34.59137632759193,112.9710738114851
909.9825619990669,738.7754287078856,34.80938688201335,112.09620071210578
911.5691441359501,739.2167489149537,34.72366212556908,111.40409979466804
911.3443281881611,738.3960547315311,34.33617651700493,111.64319756374185
911.2426260298487,736.0009400057533,33.68830356919974,113.56865749595157
911.8093916756359,735.5544850543644,33.28890298661711,113.06009322485971
912.0778241983544,735.6988218064078,33.197375468548984,112.66566586990957
912.2758573929617,734.4480069113599,33.37034062374741,112.42361363161399
912.8905130007363,736.1127328643514,33.80660617278963,112.72742697804755
912.9627229626094,734.7075831890986,33.72320866931317,112.77282488187222
913.8560325151923,731.9594868489125,33.70314927779553,113.93178407691629
914.0992580083255,731.1946634368189,33.58695963762186,113.43965829569068
916.1544611534631,730.9608752445064,33.541461039696614,113.20711111116336
914.470330991577,731.8030295649911,33.738660696101064,112.13934162388092
913.0029939597601,731.6097600273289,34.75921642739884,110.61883392856112
916.6614900315075,729.9044806227784,34.45893572836983,110.31246056353545
914.5675712729071,730.1964880534454,34.91281039287196,109.72155484972028
918.1461667442513,729.9571046866328,34.54401498094499,109.15694052974563
916.1390806524993,729.5998383983989,34.941447920958375,108.8091150658433
916.3910216785022,728.896189670099,35.018803762260404,108.99664095101949
917.6084874360469,728.4859751506575,35.15202751133541,108.4322751505837
917.0725904939294,727.0913362183084,35.48155373297081,108.3545778156201
919.113904588794,727.6048220227796,35.45493899531087,107.85501944200595
918.3558940791416,727.4811946855956,35.916351604081974,107.93611957356323
918.3545908475927,724.6875018898618,36.42440207975363,107.69265240100955
918.3970672416723,722.5511632828913,36.79193809024317,107.62232049484652
918.7005085346623,721.4921969564112,37.04698242759944,107.38496759583369
916.6564920853552,719.5629817420509,38.272034333474636,107.71927435266264
917.5766536580361,716.7235010468083,38.65687006871743,107.27593101621525
917.3475155764279,716.2096264670773,39.30794519959919,107.2372817223609
916.5812953694059,714.4796652215366,39.89548359023068,107.65139733904823
917.5924452183411,713.7916594301788,40.1323015995581,107.2016039810772
917.133541472791,712.503520174732,40.6012730473372,108.11901412389855
919.0875696436104,710.097468276389,40.48841123562773,108.12688829682997
918.6796213639423,709.60530059135,41.36484402404945,108.6218393409591
918.9184548943633,706.5840996311889,41.12367518416826,109.93580032851327
918.7032661976224,705.4846756204616,41.099327264901206,108.29218124057365
915.174646718247,705.9156301860526,42.46999851818288,108.62613854297354
916.1736766820412,704.4264654667822,43.98314014174333,108.10481564884722
914.8839256976433,704.470452159695,45.30472978279731,108.58804250070887
915.3674182635021,704.4339399567166,46.055441392115654,108.53125444297763
915.0506787333456,704.2018173657925,46.5261598676728,107.97271049129893
915.6583855930431,701.3520387671999,46.95296022898133,108.37806529412629
915.3022035850813,701.2036308665929,47.325002942772365,107.66011208353135
916.4771816709502,701.0803598574555,47.36359006809475,106.6044387091746
915.2086622630567,698.5582748194682,47.46688102028453,107.21868691213518
915.8085248088378,697.0104600896939,47.19666429501547,107.70172010490626
915.3212739224091,694.4459840461963,47.120607856044494,108.90851214972079
915.375220446612,693.2466495884403,46.989894821397016,109.12726713847042
916.0988819868057,693.2338247062024,46.900797130047444,108.7510824409732
916.841169897438,692.4346256429129,46.729464598791395,107.9034465210869
917.7647386464655,691.143230298369,46.25326127834976,107.36819172845904
918.3357927532359,691.9104145672835,45.41466400084815,107.19528795352838
919.7426657974398,689.3497477447366,44.86556030285162,106.95053411387966
920.9626296610063,689.9167140190198,44.05756911660474,107.02175655369335
922.1659306488385,688.4986107052318,43.9358124252364,107.00593354518439
922.5817133553285,687.0113961360181,43.85929490312527,107.00561297054239
921.7275490186653,686.1699917292663,43.489470431840694,106.98228937743248
922.0313625699099,685.5980941484847,43.07088214536265,106.95282319134331
920.8629211238984,684.6458255823545,42.93633126570857,106.95066128125188
920.8365805447932,684.2600353323189,42.75861044323957,106.9253346409245
920.3311911854825,684.8475611122641,41.443180068587786,107.16740927551635
920.8273762857021,683.0788651893033,41.17892064979405,107.12297990267723
921.3113467298358,681.0114863626545,40.80095393268236,106.66225533727186
919.3526278101634,683.282683346063,40.739985377461466,106.61555100463254
916.6643254258025,683.3814043590887,40.641098545927306,106.63405258406428
914.5371559289057,684.6956587665154,40.5969501031842,106.49346807011895
913.9896935479472,683.6346738953453,40.54031145470819,106.36948451676301
913.1149350140533,682.5822926335546,40.39296152112742,106.47328308913022
912.2320916962213,681.3965205791819,40.27515726169108,106.58793322969686
913.1949139146806,678.2756949772152,39.70751892013229,107.6019115978886
913.4108209222097,671.5779775552251,38.73052718838475,111.40590511529614
914.565424626727,669.5826214832804,38.433603832031324,113.62663462510385
914.5879376010922,664.6593195879233,37.59371491230524,118.11771196823997
912.4432751183816,662.6398944771586,38.13327237053558,122.07940748375574
914.075879502699,664.3380046997038,38.401163700156076,126.27237325894887
915.5403899236308,664.1763666867286,38.448859666366296,128.43127210951891
916.6093545550577,661.3982198917366,38.36040629137543,128.50692276623093
917.0994473855936,656.7806915348015,38.19057753388349,128.623455542378
918.3790250604159,658.9773097960539,37.8630039015515,128.9904025832635
919.339913104824,658.5028437491692,37.65473044083451,129.01172368799175
918.7894032122158,657.5385066330126,38.026241414497676,130.26789362588983
919.4543177363341,659.5950651542229,38.645693463738525,130.19915277565536
918.6782807559175,665.0201978534608,39.58870462310623,130.45504988027176
918.2679235506132,666.809031791325,40.27696534970075,130.76032098667488
918.6610404223909,672.1123266544246,40.48117750228222,128.6777986766582
916.230345569028,671.9867950254179,42.35543407903877,127.90144934688868
916.7178930726445,675.8370036918808,43.45523103110688,121.63930585109989
917.5285822335377,676.3036307126906,43.40350193619044,116.79598743105969
917.8249007766265,677.0407370734256,42.22911398228629,114.23036388846597
914.7875014334451,676.6253344878688,42.77995934632933,111.9602906516157
916.8669755548325,675.3267682088482,42.3628060371613,112.80747048302553
918.8081013743476,674.1856357645149,41.18135536258894,113.56254501394574
921.526997810679,674.9898237918829,39.415883396415474,114.60020881857328
922.8257737122967,675.0036994427774,37.84431942646745,115.01069797842322
923.6547354339984,673.2300345571189,36.78755949688483,115.56459623616993
924.9423756847655,673.5478771873825,35.70738335408474,115.03327288412468
925.8256473393833,673.1343211130005,35.00693745102074,114.92897385170002
925.8813518018338,672.621068691339,34.770681727726384,114.63633288394679
926.713541483905,671.4130549264058,34.45000165254853,114.90589075144186
926.5482368878822,670.6983168080858,34.30048255367395,115.17069666747588
926.4135640369619,670.7586037619278,34.35942592573749,115.10517973797404
925.7058124219451,671.4818529610651,35.70899464949162,114.70444363059754
922.6326400385735,670.4261079345565,38.9746820524622,112.9068686935151
922.2291780301117,671.8131296210802,40.96369028417148,110.48028006900347
921.3658182505825,671.6629036990677,41.89711871259716,110.04196532431449
919.6268801268095,671.1251354897593,43.545224564542664,109.87078858896737
919.8350786070112,673.5211455136068,43.61965498317536,109.20366758120713
920.9783301650606,672.9223227359925,42.86259165794708,109.20951834736258
920.5881612248315,673.9258020307805,42.248794182107865,110.31038204606014
921.3810400384938,675.125508565649,41.880219551538715,111.12594448022686
921.8693644272442,674.4231485617532,41.359661442530616,112.63577585548822
921.4244229394171,672.5532860559318,40.63227837179229,114.34037587035671
922.733455332401,672.9747919423829,40.56557856685942,115.43491580608783
922.734217965565,672.9647553170716,40.252375878829234,115.16915605827835
923.8536570492266,672.6368491459141,39.72385380067027,114.69596130269746
923.3922186946617,672.8137082555891,39.419436149318635,114.40219077614053
922.4927704310711,673.5181521230298,39.27430800864789,113.91111488093698
923.4212594397144,674.5716830590166,38.798188372015346,113.64652290920641
923.9927125198752,672.8424847743471,37.904833529988764,112.30004093585512
925.4127567991775,673.894356195914,38.044418541186474,111.34070846926772
925.9268304059532,672.4843690310026,38.13134124321557,108.5745083554932
925.7288151284755,675.6969108574351,39.73141705938878,106.17968184249708
925.7903233299292,676.2738823088034,40.13471949572084,104.87625771488996
927.6626487841863,679.9579721373813,40.178812081781274,103.33946657053599
926.8353384397134,679.1887372120502,40.24112429408966,102.86853334618974
925.9989043947631,682.0407265826261,40.291274759870966,102.35773084365682
924.6497323637248,680.0042895389059,40.33044489433389,102.04819539575372
923.3631270746498,683.4531167567081,40.61409830727548,100.97110319248496
923.3381414351387,682.5230053910935,40.88587105313976,100.2206161646972
920.9588307745844,682.08440758139,41.3267396421222,99.53580720866343
918.5319357106292,683.3446751273161,41.60514707509989,99.33721710507568
916.6707788191555,685.5540784316315,42.14366507743981,98.32517698416126
912.2631792502359,688.5106553108552,44.311345701631325,95.9986439235223
907.3289670274665,690.1839817296756,45.46362599126118,95.00109884664553
902.8400772491271,693.5632834670553,46.64650846669556,93.13275248528842
899.0518467979953,694.4600824560516,47.225650205043976,90.221204702202
894.4276343640807,693.8529841853758,46.05176023053468,88.63904377553456
892.4639728286892,695.8107524485574,47.12507822719001,87.46990363843793
888.148803072895,696.1398596316891,49.07738024276067,87.14476893039178
885.7067442489952,697.5334860344095,50.23549692912753,86.65706659462293
884.4286071269414,699.5530732606289,50.48758760326375,86.18464261012485
881.4785530204792,699.6814606396359,50.28138793158621,88.71393702660652
877.9007570958274,699.4732112836532,49.348514858458216,89.00644222397923
865.7342827683398,697.5136705628668,48.5431444167227,89.04374523858195
863.1403154658831,699.661321542747,49.194070132081364,89.17444077709364
859.5599850272183,699.9976173537934,47.272411931505594,88.65801581484313
855.017619203527,700.7659773754928,45.48107066888696,89.51509577297426
855.8386675919511,702.383247417067,43.115854039409044,89.48030807996076
851.662326219065,697.8765447255234,43.35937782981863,91.09747345835251
850.069003413578,697.5710201114156,44.62636243439843,93.81030666735953
845.9021289215932,698.5006773053325,46.60833925709242,97.47322502375798
834.6237784198464,695.556787698806,48.11087605905719,100.87016724822844
833.5395190722315,697.5970618887769,50.44271909210181,101.72928657862252
830.950683088422,698.3453337937092,50.205937184900705,102.08362416079717
824.9401295311212,700.1620967398183,49.461184260720906,100.40565884642429
821.0530428901557,701.290257863277,49.55636538394998,99.21358506816209
812.6903715829826,704.734580639653,50.4284698880502,96.91882562609702
812.5541146308782,704.1062866032291,49.21198769905798,97.47173235214433
810.2007655151137,704.6989823471847,48.14789340960533,95.18432593012028
801.7050230607886,705.0249446829854,51.104605106630274,95.4688592955833
794.9823817089555,706.0267572255128,52.94184146658389,95.14350277266908
794.3495025759652,708.1788646581376,55.356772861499024,93.68519176003946
785.7179092057993,710.1517362286846,56.675412904228985,94.49918436388766
781.264261637864,707.7247138558888,56.63208432815995,95.97404570038272
775.573068388943,713.6407111819289,57.355651297844375,97.12618197859749
778.1493838057288,712.2046904812394,56.94855067794706,99.44700643456476
776.4577875140084,707.8272333849725,56.34072668601007,103.36453928936444
781.4222631254087,705.8464002184486,58.00623133245355,102.4464548851717
782.9510187536699,711.79612809999,56.22566868769124,104.0434010938156
785.3944629181283,705.6203217508154,56.62253618474514,105.68274177184286
789.1314362284642,712.8057907441097,57.73399895263057,106.86934106773612
771.9387025147412,706.3764244383864,57.64966643551304,108.11713014335136
796.5945484530959,706.4749621470361,59.38723156744807,107.03057428927893
811.3783339232027,719.7005896037401,63.38723134163398,104.84907686559146
815.2314490527742,708.5818894101953,64.16922567081963,108.55486864709522
820.9533714119283,730.2494371472733,64.65836803264641,108.98475581282052
832.9105772566606,719.9327208515016,63.353414515690986,114.67267351387335
841.3173795317061,702.5582606105838,61.77297108151188,123.35480925799553
857.6912317840855,680.4593916988559,58.34745694444837,130.68961573929116
871.6947478317028,683.4526312434422,56.90162993216772,134.6075090281475
875.9884496855243,682.6180814494852,56.25758348947637,136.19052920845166
881.9118886409271,687.7425939210239,56.07244131636776,136.4828732442011
911.2135822495818,704.8231654545261,56.37156229769634,137.1441497050279
917.3394229646726,708.2922728245687,56.84442650701208,137.65492824287895
925.4232953143659,719.2981367967682,56.94906505876619,139.12893181048642
934.6732665754741,728.5141970912309,57.07605005106092,140.86391484944897
935.5159634177336,761.1493644135977,58.16209291185319,140.8039215890294
947.9519985041082,824.9568623555466,61.76040838503998,138.12643778018295
950.0122950454479,823.4371090361429,62.312359870833774,140.4340442433376
952.1732297422873,822.5725769120174,62.794596066982635,140.88314548453434
953.422895657511,824.4212630461304,63.26315174320007,141.38497212270582
967.6022375486605,829.2670487089235,63.05624184462992,143.28665274082758
967.0395236507377,830.2407140997354,64.8321116291343,143.15648493653435
968.6505175819195,830.0839922058212,64.97583254674386,143.83854373107263
984.393675704314,830.8128688339157,65.51058031317834,143.60593302376523
977.3401434047804,829.8881675695858,65.97990364362873,143.1159037048385
981.3639368442599,834.1118138845917,66.18697888809949,143.12653566006273
987.796379213122,830.8171932698389,67.01342657012299,145.6365121443519
981.2738757055672,830.1298096397704,67.5749048770765,145.75935319763266
985.8708330278512,825.9331137376543,68.49531976357565,145.7792716468578
976.0401079649465,820.8443370199627,68.6236672801669,146.09016895841313
981.2992861545199,825.5189713516743,69.36119554940986,145.23039120151057
982.7117050385388,848.3271591741574,70.71106113893512,144.7997682196022
985.0316282015399,846.4701180131711,70.69883150733132,145.9537995652708
973.657638298371,849.2501403596112,70.71523564833369,146.5028622275589
976.1780063024768,829.1676361452935,70.85982033386496,146.7537510143788
981.153013212913,830.835804536172,71.58527578288471,147.4851040513091
971.5825598984552,830.0460125282412,71.47299437823482,147.9912331588387
987.981358757255,827.9820156605657,73.19332632164638,147.65795067395175
988.7728389010589,827.1045282059482,74.55369350816699,146.57702010845315
981.7994981970563,825.9184352590956,75.66356313607139,145.68055114894585
975.9049577877503,818.4628608585751,75.63631303100043,146.25374087537142
966.1254938019531,813.1515741161461,74.87215460828766,147.01928628834625
969.2777521983774,821.5075999494717,74.34835835208669,147.77826836332966
960.4312256744391,809.5913311393342,73.97294660003746,148.31984599327149
980.4754369743534,817.7796756953587,73.84505670696014,148.31951032070765
967.8553861620513,810.3765905910525,72.82440529873966,148.7796562078534
969.433734018467,814.4746671586088,70.98279309843322,149.48835155916208
987.6503716417855,814.4454183884407,71.05877676193971,148.9138767881671
976.576100102414,808.1073466666678,70.02569867974218,149.45258422276095
981.4387637841927,814.5321288293108,70.12241110131502,149.198701880594
971.2656847656928,807.1748232091167,69.53271413745756,149.68021568968814
973.7417069423584,805.7583742583927,68.7652720345636,149.72842380203042
980.5030200441267,815.2666716181885,69.03093475941299,149.08754865649553
970.4440056670159,804.5483445532525,68.95800454280977,148.96900950021504
974.1191501178531,805.2895572248393,68.93942729564861,148.71146761001634
980.6532212432828,815.2317719248113,69.07478127395383,148.44967929411573
969.1741360265587,807.5569203029844,69.0468532983224,148.37031485351844
989.8493642378985,822.8398792563902,69.81234958544883,147.82119938105942
980.0364569854754,809.7874211543078,69.70304224537863,147.78361719309123
985.7815129581633,818.1251188498586,69.82159063767627,147.3661410791735
978.4507187870701,823.7293514787395,69.87331815874064,147.2526045755515
984.287289601192,840.2493257338078,69.85126244742251,149.9168017412897
990.1713354812503,839.6254331917839,69.84745024423546,151.22225043977824
992.8753704610428,839.5972894403318,69.7673946213372,152.96687972903229
998.1292717000226,844.6482919558491,68.7080433428296,155.4459598182761
999.4001593368093,831.3490949976103,68.69037129183477,155.56944481375925
988.9674893444741,831.8103927371641,68.78125377847229,156.62506069921162
994.8569778082381,848.1948871144724,68.54078764641544,158.15530554100775
988.4944831466605,844.7587232069004,68.83766732241072,158.57805181820615
990.0814118844445,863.3741351362199,69.00906094455449,158.51034663829265
990.6768237504812,857.4521780072149,69.12401076075095,158.4518392102052
992.792604566675,852.7542434841495,69.12698317176591,158.44203780198708
998.1734698572704,868.8484174513393,69.04862267031334,158.46389628919164
990.6122869449835,865.1884583218002,69.13262461576147,158.414959426842
995.8514719615505,855.158601484207,69.17549577585396,158.39826722637352
988.6253485065922,852.7195928723278,69.21489695134959,158.95914110692974
978.1981515762492,839.593690649642,69.28197569493523,159.40934147395117
984.3032426265497,850.9837448658081,71.2323902519876,161.76603727466482
990.8295174113488,849.7907372867932,71.67330268993618,163.1055180991497
995.8191283912498,848.212265618063,71.42757633890436,164.25228649179334
989.5478834911728,856.1951635688501,71.41327122734846,164.55422159031184
991.862649551631,848.1470598789984,71.78518516870601,165.86592250199337
995.9281385403858,849.0590800609132,71.86656921645738,165.92218133104657
996.0056346299363,857.114520170928,71.86572644043176,165.94215361878247
998.75497197009,847.265841515415,71.86371793699234,165.97284308576073
1000.6235820217116,854.3545384350341,71.79043501834795,166.1213855860569
997.1682570601123,831.1434461573058,72.51938656088728,164.640423657824
997.8292509029061,828.1840026955002,72.5778001605441,164.5252391238217
995.2816653533464,829.6222273353483,72.67673637996863,164.37541954774275
993.1463886249591,826.2347831461585,72.7033921949471,164.41927284061424
984.8701303653461,831.3822519593936,72.86003507428553,163.7065085439105
987.0871098597653,835.032477317423,72.81604486623415,163.98622767969886
991.7206815527951,832.6038523867861,72.87336882009427,163.90845791905076
993.098144778385,836.362801020385,72.85595970461424,163.96742799324022
995.4882148130941,832.6309684403892,72.85473170573539,163.9265877041448
984.62334399479,829.4181890445335,72.92265892483827,164.4976111131006
997.3156886967465,828.2678556589897,72.95613478726271,164.49255471390077
995.3118206744134,836.6528911044479,72.96744816709078,164.4596102800855
995.0143945767292,846.0792429596936,72.96982098207747,164.44880685897374
992.9472796324872,845.1649163419897,72.94746563604848,164.36778170991076
983.1487692476709,835.4946351393489,73.47348971049816,163.8813716464503
987.4251594004238,833.400631088503,73.52086878226062,163.82339833406348
988.6961277230669,838.5679385475133,73.56946982464615,163.74110013923567
988.8351005294506,884.4413108548695,73.63147908560057,163.66859653507242
989.2276000048389,883.1583543972301,73.92136532939496,163.20583881652976
985.342242456901,892.6532067027063,74.32617106585532,162.84539870207706
986.2749145193393,883.0705229981262,74.33771295454326,162.86246038491396
987.8634867364455,880.6004826745692,74.33308957875094,162.67897002503807
1007.8430842784031,881.736861356589,74.43467637292339,162.38140113301975
1075.1467020028117,902.7161512232236,75.40149037718493,158.84391769619862
1078.323093278944,897.0925054674344,75.71547779743341,157.95660924177298
1079.4164213534057,899.2831017631604,75.91633151541006,157.22570336692021
1083.9997775630693,904.8335427647736,76.22299751445392,156.89037171238002
1080.703577181603,899.30845707079,76.47643445174099,156.17493576666047
1079.1841174351898,898.5353310781254,76.64238545824985,155.84273245414914
1079.5295368263794,901.1468337330974,76.91720281605737,155.1496535434216
1080.2248057515214,895.7240669352908,76.93542032066543,155.0901447057749
1079.1821714225575,900.2375148621505,76.96094557695267,155.00830694283218
1080.8658299184153,894.6255828748165,76.96828846160845,154.98130368210948
1080.6316723618884,901.1741976781082,77.10871552491416,154.43455105513647
1079.7983060559554,899.4931280019731,77.29143632869135,154.08537858731702
1079.707703886356,898.0993378840789,77.29788335641385,154.06758276549317
1079.36931470836,899.4675169940239,77.3083136052969,154.03494699016747
1080.4482090867175,895.2324352502618,77.31907166940465,154.0016020155446
1079.1944621006414,892.5597421530337,77.32674962840319,153.97835861377922
1078.7764509630126,893.5153728922859,77.33537769407887,153.95658272775253
1079.7919129585391,894.9591835383314,77.34242492843732,153.93427749847285
1084.102866830934,900.1385483391365,77.47613345548812,153.70679191902062
1082.5647468084567,896.151297838606,77.53337084230222,153.56533896460783
1078.5696232834139,892.2913825072787,77.86060037675855,153.01029550556524
1078.7495523805471,888.4842503095631,77.86832256083838,152.98980819117216
1075.273259591606,883.121316997529,77.87898627041434,152.96746088554323
1075.3798239071436,884.2299209992332,77.892667362838,152.94304448611157
1074.751924896455,881.4713817419308,77.90370020421881,152.92502226473982
1074.070111734421,882.8653935318,77.91126975747913,152.90610659119307
1072.717516287509,881.7877852158188,77.93645323659074,152.86594305446158
1073.4313785983443,883.7471164271268,77.96282823271726,152.8290569786752
1078.7260241791034,887.6425444481288,77.99964000702326,152.67555209754872
1088.3371900785962,887.1487485162315,78.09219485836326,152.4052777626774
1081.6664113864463,886.2154233650007,78.18520438813644,151.96973916552324
1076.3300262160835,883.6297801074718,78.38032850173768,151.12186694634522
1071.7579049990277,883.5480336948815,78.4218137489487,150.39007489314753
1082.2119473319756,892.0564370008556,77.95863237500109,149.2608307644897
1077.3864041672573,885.0639525109148,77.90654354247079,149.26837384412767
1087.9517566061857,890.4115418040768,77.8836166070896,148.99186703538126
1083.4947260635927,886.739308393492,77.86226348275248,148.75679696796013
1076.481613807709,886.1399985418831,77.8374630248174,148.59555537099473
1083.196021172309,890.8654905869166,77.76679774857932,148.35218134696257
1073.5564834571696,880.4526940832953,77.77822733439321,148.24878432277595
1080.2216455791809,883.805089083211,77.66229859465737,148.22560540365126
1089.1399700880447,890.4373095386698,77.5231532518678,148.02303564180744
1083.1901368849935,886.2859551706173,77.4273419962851,148.0775277364665
1075.9119007425313,879.3498241987562,77.37186938418411,148.06744632544022
1080.2322441976348,874.7615275984363,77.5286287616916,147.6040054794842
1070.350944442714,877.1293139541875,77.55944626598125,147.4569154227328
1067.648905844106,877.0417794343829,77.5536313748709,147.40933342437083
1068.0829989862357,876.1041559311161,77.55361718486932,147.37643485231672
1067.3672928607286,879.453056485327,77.56911374616799,147.3211760453323
1068.5938880933422,873.7530570923071,77.91387926465106,146.56872886270534
1059.225291237256,873.7622188727195,77.92862438059255,146.53058145360092
1074.34626820508,871.7176791537083,78.61931714730233,145.56649846744028
1074.0472490317707,868.8230414988354,79.01653540207005,145.07424408463365
1072.9784786836053,866.6793085088433,79.5234650709327,144.56987593267544
1072.085343195641,871.9255108233912,79.76947251264046,144.26162703379964
1063.3202608599047,878.4017335369742,79.77636894346729,144.20585362368016
1056.6781056294112,877.1133905548737,79.79577933342988,144.1541261946134
1055.4406254134415,877.8672648790257,79.8541078464107,144.0367800946951
1058.101657846545,876.7940759138155,79.89834672853702,143.92712715863993
1057.2876934846934,877.5965584408281,79.91074789617569,143.9073710923938
1059.2093566793615,876.7310175132288,79.93732966454556,143.83734595666112
1060.2594653023568,875.2398644741846,80.17354098730071,143.4451400751346
1063.5493413103175,885.431236198956,80.17398468794714,143.23842484950572
1064.1718209195474,878.6844568593717,80.35317082059318,142.71510555803542
1065.7643619210803,880.4487640739135,81.02515490336096,141.2998435735334
1055.6947554756937,882.5523781218396,81.04812953157645,141.22053948473592
1056.8164234665096,886.1144524973179,81.08102808915973,140.90668857012648
1056.0908494954406,886.3456526940205,81.08093883544862,140.8931895395572
1055.4202823313756,883.847236844292,81.08105979614527,140.88240944540908
1056.1763213831048,887.041141260494,80.86390759756341,140.138492352045
1057.5409324393972,885.3956654576837,80.87677105762954,140.08236012901875
1038.8843814152876,883.8581504245848,81.12549188324653,139.8392102495045
1047.1473484151018,888.0849525862575,81.31099848365984,139.55481892933437
1040.8096656396685,888.2625067432996,81.50071542481201,139.1535521106683
1050.375105508341,884.0109109232868,81.5248067734733,139.05079351543935
1055.0514658989187,882.6153997362111,81.54829901055716,139.0042281271918
1052.3170611658643,881.5889807410956,81.55066843302205,139.00130162435505
1053.235036160719,883.4667098654559,81.56794119588476,138.98518943533952
1054.4058749532564,886.1141431973625,81.57959258913368,138.97146516665245
1054.6322728604368,884.1013069933504,81.58014610161143,138.96990847197588
1056.7265041351175,890.6284929399744,81.5809344814661,138.96649988589996
1057.8507589684405,888.2621765760778,81.5879914880559,138.94465110288704
1055.3416898303283,889.0133687143351,81.59394148085038,138.9313908746253
1056.617994545315,893.7479809806339,81.59597519918987,138.92450721418737
1057.7161884575971,893.866515641945,81.59825705818365,138.9145971665286
1056.5674732707416,892.3526984623572,81.61038140439962,138.88306629853324
1057.9270534842028,888.697743061669,81.61206714328051,138.87666461214707
1056.4842458502917,892.3643619619743,81.61399432585743,138.87224867839643
1057.450775988752,890.0597042803694,81.62007340955569,138.85108574204102
1055.6826049877875,897.7242815469119,81.62406618342183,138.84237114217464
1055.9669187195952,893.3686825058647,81.63062070906848,138.8129146627263
1056.066331984362,894.5842308775254,81.63495798158088,138.79512340821603
1054.251716816982,895.3099218046312,81.64276655984101,138.77705543397408
1053.7305016362188,898.7526445031699,81.65180173719858,138.75856869692603
1054.3891643104057,897.8616042674329,81.65534479448293,138.7428407137776
1056.5746992079924,901.8830225219162,81.6559178302665,138.73917210638237
1056.1194508771378,903.083832355883,81.65524293596265,138.7333557134681
1055.2358890004152,904.9217448324532,81.65525295316242,138.7286847680069
1054.5036779101376,903.6772213716092,81.65623165664822,138.7068015923772
1055.9462432206542,905.0111156010834,81.6562025749471,138.70431788402655
1054.8313331287154,905.5729383520771,81.65704756268227,138.70140494098942
1055.6348047692127,910.7825133323258,81.63627817005545,138.62517512539637
1059.245294862169,921.7166208711861,81.56815253674881,138.55934417265394
1053.3207658060608,913.9585443657337,81.5694549842829,138.55048784032442
1054.6396561740585,915.672907288055,81.58319039819236,138.46344459040094
1051.295218816022,915.8863141587323,81.6744910081264,138.31100516898763
1059.4998457229656,925.8936647198902,80.65255902170931,140.29149533949837
1055.1685557124115,918.9743115971015,80.68967778370384,139.8868469702092
1052.5189452237023,919.6952642726502,80.69826399689393,139.8692027587394
1055.2913561696926,918.9802190205492,80.80858199300334,139.58692200082308
1050.2277622480638,925.0488990053453,80.86611035214406,139.37122132033042
1052.4120753041273,922.9253519826207,80.86971622488326,139.35731044380486
1055.5679062480053,924.2758799741725,80.8787811048052,139.3275121923191
1050.8794470323708,926.7039082134094,80.85087234581947,139.19458080188534
1054.856466582168,927.9310534986553,80.83138536621117,138.73127375261006
1054.8065292351487,932.1676352727549,80.85693284426418,138.49609833277515
1054.8913090093151,930.1149397362321,80.86821342119082,138.46792058320722
1053.5288421919886,929.7299580372982,80.87509533829736,138.4347934108359
1053.3949436896485,928.8223236206319,80.89158466108417,138.37123488098388
1049.320413319633,929.6773862764048,80.91876484557335,138.3240182511562
1050.4063700634465,929.1473060843286,80.92965510807008,138.30206385608184
1050.9462484320723,931.9610164789458,80.94843964687963,138.267404380278
1048.6579057285155,928.9500720997069,80.98094278732086,138.21053812025775
1048.1807402729503,931.3790640673558,81.00400723138347,138.15366664085553
1048.6357746864423,932.932216326179,81.02460810540374,138.11088277389828
1047.2162864169009,936.4654671009371,81.05819280933808,137.9974715964941
1047.5264704426806,935.6667185632334,81.08050064145795,137.95940388949978
1048.317343353102,938.062443420213,81.09586435957351,137.92483814587575
1048.2144325509971,939.4366505808824,81.11089764004947,137.88707528740278
1032.5034877196256,932.3805692476104,81.50587193386711,137.36724270163668
1044.0418128951494,936.2110458036246,81.5315240304797,137.31398181104265
1045.2216283732953,945.0795466713914,81.67454279926339,136.8454428005424
