742.5,721.5,26,73
742.0243561639232,718.4201510040976,26.657571732552835,71.96655204550594
741.3777761561274,720.5480092103055,27.86363874430176,71.35766758351437
739.5599213173014,719.3238188493701,28.828588907346663,71.97627340495123
739.0458054112718,720.6144077215656,28.009488606018724,73.77285395628127
736.8547428176821,717.6767003772857,27.312033108692706,73.3086526467342
736.1332337132002,722.112897017862,26.87774461960926,75.03509017573396
735.9099454829814,719.9070420982497,27.198754585507736,77.9974572773624
737.0050091080902,718.6472420434288,26.19501776513801,77.70149940280432
739.0391634467506,719.7354867942913,26.274113308803315,78.88215274206586
742.6479887907308,717.7011962609139,26.967224749796877,78.75088469589922
750.4285256632116,717.4114695722908,27.027444947302467,77.71337531613314
755.4691460486684,717.6450467180243,28.41964469518403,76.80532238647112
766.0677403280382,715.5282071473166,27.68257966318138,73.62044952508433
775.4281393503796,716.2345839434847,26.83194097206748,72.54245434623421
783.8929521953465,716.5120653652539,26.42418758089356,71.86516949264363
788.6187092340971,717.9811044723957,25.962279029382596,74.01282334936789
792.7815695744819,715.7252922724313,25.985721335224913,74.81418442891652
796.8420337573717,715.8846294165767,25.542025402443265,77.50968852381536
800.365778051628,714.7733899475803,25.231292102059385,78.55670777831885
801.378069613155,715.1997839412629,25.216838010143416,77.10596481964976
801.6250782207878,714.4028372235222,25.10971305937337,76.40189349386691
803.011879884976,714.649964333959,24.779251521496647,75.14988018546825
801.7644152783223,715.5653698825766,24.40676138480826,74.62276037427517
802.1542197636076,717.0457959700688,24.51550606353218,75.03416744667652
801.8777874968953,714.8394791745019,24.641158408576192,75.2576943614497
799.1445051352327,718.0838220136212,24.502076239853004,77.98702140417909
799.5336267893181,715.8180946070572,25.207836603758203,77.66015294750991
796.7282071497996,717.2662144602083,25.754940292564523,77.63758876826529
795.1890765629656,717.9107866791802,26.07889150485446,77.05916931469315
793.952770180812,718.2984926448503,25.920396175923006,77.66274845645646
791.6663264181321,718.2527234167517,25.331182973284598,77.72145731666473
789.618989486504,718.0418764574589,25.618693482428235,77.53790208249777
787.5822614941114,716.7578774688383,25.13748225624493,77.46870494577303
787.5820878012802,717.9155274898629,26.584284133157958,77.42833655248842
782.908632528042,716.5829465229338,26.524558985735034,77.11978107529495
780.1625765245257,716.3097648319201,25.20358306428635,76.80989410497605
779.4314421471394,718.7276385680509,25.614370408384826,77.31221133863482
778.119390051584,719.6899139820298,26.17116832981148,77.57126737930277
776.1810632476175,719.8187696182619,25.642996922156648,78.11301185511347
775.5768443655118,720.061206745582,28.002592192090713,77.36655900150231
773.2740966500771,719.6817572305376,29.228867505062688,77.50889018283817
772.914728841102,722.1386193072589,32.892996768664624,76.14510729812363
769.4177669251116,722.301483133759,32.87800441051412,78.25203817212247
766.6857516360731,720.2799031873648,32.67671697047109,79.35382183882402
766.7786615909469,723.6126882792202,35.51272063596906,77.33831280436205
764.3203209388907,720.5221452569567,33.583038536990514,78.56601825626112
767.4871239106077,720.2603701969758,32.854534324452544,79.28027593792982
771.7661305752702,719.9139199549821,31.75157055777118,79.01636904857313
780.455951163449,719.5822486493535,32.11742692468148,77.5085947850544
787.9964319431895,716.6284005147959,30.650794917375126,77.21481031562081
800.9240752359705,718.750479245883,31.36289761861962,76.29191818157256
810.0947860576376,718.4070516338408,30.83865720755902,76.46419691814336
820.19611474664,716.608792701997,30.37221932783261,76.72707624373501
828.8923343179556,716.411157807868,29.670806846479373,75.44941421661395
837.840996060917,715.7303511443741,29.031601893896774,75.59548402420185
843.5926320519711,717.0509980810941,28.617875097076258,75.25966110111369
848.0521736415154,716.1308519637178,28.321215009096342,74.0449692508257
850.3439180223215,718.0654234242575,28.12113878768735,73.74229593411854
853.4093606535357,717.6192775255497,28.055329273031447,72.74695668843253
856.1172573587455,717.541922434628,28.308393590219538,71.71532847571764
856.2385730796034,718.5227378403158,28.461396798546083,72.19704301351052
856.4604418483316,715.5657134751659,28.867124804336022,71.91959757965446
857.1614021622592,719.3317846821067,29.13927946625985,72.78229879837853
856.2517806088331,716.915946170877,28.755464177742056,72.78380744131248
857.8510821040833,717.5162368922691,29.011211065431393,73.07176675737682
861.9616564538575,717.0893735555378,29.183675701735392,73.13264331408445
864.5173666264112,717.4406844267863,28.866877937717888,73.74534327072612
868.121858429808,720.8119379001743,29.375179764589223,74.37288805660924
871.6176670313314,717.0133110669542,29.03339500637439,74.79549946957887
875.3598041783162,720.9915038173672,29.114110598621355,75.31278130299422
876.2717266078982,715.6847357633962,29.366338574756654,75.76121283304497
878.0134907453663,718.7146773548029,29.75005817567726,73.53131098161782
876.5451110372887,718.5849902897929,29.798134607819513,73.10847434154316
876.0351892134364,717.1753152314892,29.75796754103424,72.79432485986463
877.0671959469727,718.5512207566337,30.047087262912093,72.2586934316723
877.1111856260219,718.960907168337,29.863360667529662,71.72190771083731
875.6702246459168,721.1746102505974,30.128891126128963,71.06166041645591
875.3586947244511,718.2807342039695,28.710550654318062,71.40219368169718
876.2984297911413,720.1785432421957,29.11546993143265,70.885685602901
875.932223654216,721.1577569228834,29.35949282946383,69.9839838551811
875.928079514992,721.7879296184099,29.548940657144048,70.64777773084927
878.6288887309441,717.8682361387631,29.281135592382206,71.04876312207163
883.0366538046987,722.5365719766118,29.540214421124915,71.98617079784208
884.6366863842231,717.0751518942238,29.75100620371192,72.42050848126698
889.2490457553432,722.0425170614659,29.529261418101985,72.17030864001276
891.2918205097196,719.30193805208,29.00741996196362,72.31230842158988
895.326616175248,722.4588471447075,28.910002048862033,72.81762096705899
896.8511746396648,718.5234344435715,28.362772466160987,73.4830257304067
899.0577509745199,722.0923348646793,28.24441294276339,74.5495455680965
900.4105752295065,718.2945049079314,28.534025841965935,73.2699305767881
899.9499708983491,719.3930944637259,29.690787900419146,72.04648811477098
899.5600811271048,722.5066065583046,30.206428833048435,72.04030001193851
897.1093542348804,718.227456883629,30.26100241771687,71.08810487639849
898.0409868026209,721.1877860961092,30.311777891130763,70.47718482252225
895.5045354113264,719.8987672765797,30.20801959565205,68.8723047536336
898.4145436971841,720.4960930048875,30.930742609915022,67.73129637803764
901.7951772092848,720.986380667244,31.39076005646588,67.4828073236107
906.3901380489222,720.5249594453024,31.58326155004719,66.41496593184391
911.5573446770692,721.6959255743301,31.0994966580324,66.82778368015715
917.5643860319229,721.8134162088328,31.032842281451046,67.73087493702184
925.2259745564122,719.3465678324702,30.752430756784648,68.76951722549379
929.8035687816612,720.5550630789368,30.36952657852858,67.3762534994866
933.2821893407468,717.7978298611474,28.98132982359064,68.47417531473963
937.6023615260868,715.3667676455276,28.56170960750245,69.23215880030827
938.553143690437,717.5964741574098,29.619587820519484,69.51508517763074
939.2107543963776,717.9329108504661,29.697904942161962,70.74110228421631
939.1766148276527,719.5457358662487,29.889254531801242,70.80949538132778
937.304041461381,719.6713818896577,30.454777733902194,69.79205047031135
936.6017646488103,720.8932310876514,31.39220846438614,68.68545770078747
935.6996644566526,722.8780025785371,32.03761140073,67.26673900792056
932.7447618904499,721.5186729156904,32.433407574794316,68.16134094683824
930.7797491646248,723.7871720446242,32.63518634348905,67.71537731017774
931.460875878972,722.9065978798182,33.180889947190146,66.69958867477031
932.8728383967596,722.2858455485921,33.068355680430074,65.68572191527299
936.3279516411228,722.5160428698425,32.94098012867517,65.71297193141076
941.1204362022066,720.8879344092078,32.894571130949515,65.45591675771877
951.5624339975608,720.5924290224343,31.534814230446365,66.9381264424739
956.7720092368749,718.8217461244694,30.058916866194856,68.16595553561646
961.6135094108025,716.6058718265847,29.374135615205113,67.91842053510096
970.9926955277107,714.1094626707846,26.286936580073025,70.4721728261188
973.8339736521438,713.202250172259,23.974231855638806,73.50754461857855
975.846738593503,713.6037669955299,22.666165667431095,73.72850157622078
975.4645868011756,712.0960448489657,21.768671827584775,73.7009889713597
978.4403795997465,713.5471095860797,22.495682174749398,71.39795344068254
977.1203941185098,715.5566478883901,23.00879428758914,69.41957737003685
971.8383130203227,710.9853532374549,23.78889922888494,68.1647465298161
967.5530487328391,712.8522544361555,23.9907165689511,68.68743529734964
962.7239339925695,712.2865214033127,25.729009317159107,66.55244272829677
956.7083368705457,712.1750795320305,27.981881787398297,67.39548379702586
950.630424440311,714.0159356267296,29.871013501606512,67.22179637474723
945.7538856024777,716.2279110136575,31.811796189347184,67.27444143347861
944.8993471263514,716.6978919967416,32.25255675091365,67.46133399989145
942.938975704456,715.5375948976845,31.585721621934493,68.50018956749196
941.8408804162985,715.8979762518737,29.66741346486123,68.63381000680432
939.7236196618627,714.7669114582449,28.196741099885394,70.98188558787635
938.7501386205034,714.6353621164621,27.35970334974061,71.63732527272695
936.4243774942321,713.6529384367758,26.99471076705727,69.22860055851233
933.8287365380593,715.7487082102766,26.64256268761738,67.3688971345677
929.2661514590221,716.6600445556579,27.330106436521056,65.19675260699836
929.9437408318702,717.3478461545029,26.586195334109902,63.923309366799
927.6883869474084,718.9810639578711,26.2500803834659,62.15051101714838
925.2236188832455,718.9708247173099,26.21340258653268,60.81282474303491
922.2464750303449,721.4307982435257,28.848024785640078,57.044963961192906
918.3879972062294,720.8874219205734,30.156908697321118,53.8886255038407
913.4759571217207,722.5302530738157,32.713695181848095,50.08740571416951
907.9618076496336,723.5109652493477,32.89777350160989,47.42683374076749
906.0663826552307,725.7012506308578,30.884243654709817,47.31159827302298
902.953413607744,727.7938233489103,29.645023221644315,46.975899637981556
900.974647621634,730.8186216833893,27.070196277507137,49.03455834958876
899.5351209997199,730.0899776471081,25.452975672547858,49.8285464152449
897.6752019720909,728.1100506519603,25.659351418834937,47.45145351206996
898.2581753060034,730.0975002657375,25.836623708016063,46.91532892647109
896.9265830097481,729.2496432716885,25.524654768981286,47.3674723023391
895.4878085671924,731.9451366076214,24.454253587115495,49.40257986123663
894.1567076081305,731.192860652754,24.743974368386837,50.82710126286413
891.4146110519952,731.3109692444926,24.589698077232644,52.40017536155075
892.3492311031503,734.1191251490307,24.47750560039482,53.978318678263086
890.7905356377764,734.7943237792032,24.581980045714225,53.60439172035987
889.480296697125,734.9536529657437,25.3010426562053,52.823288114760174
889.9828094855856,736.9871945645651,24.991478870686173,52.450917436102316
890.634392448954,739.1587133512373,24.042978490390105,52.29113576236942
890.1974355973389,739.2156889648486,22.86524852921734,52.61479614230356
890.7351722242518,739.5931060787001,21.728334501560305,52.93087002365138
890.2017227239833,739.9389938345389,20.747688785718722,53.61123521808959
889.9001108014779,741.161983932901,20.77503925262704,53.20720633166036
890.5805067282296,741.788117352528,21.398040461760907,54.1337590107121
890.3392985496666,740.5898337904881,23.240704753675036,54.763554759466416
890.18206042955,738.8961501276838,24.502964903130852,56.68313625508151
890.0592946801889,736.1922252300875,24.882855124678784,60.036580179999646
889.7939930188428,734.9287007023312,24.999504580788834,60.347359847190916
891.1266917240584,732.0003303072011,24.69660643326131,62.631118577271636
892.7216543606152,728.2089701881778,24.416352247572334,66.64163048254017
892.3354345308036,723.7883464885772,24.860473098221185,70.21679067699446
892.5658734172719,720.9869868040736,24.735409001796647,74.38572305568462
896.3115385305719,717.5360400355953,24.145351030693895,75.81897852031685
897.3043477290184,714.1143966001662,24.372613959377382,76.8514311879454
899.3025842637708,713.1429529570378,24.153445443893613,78.61205355185496
901.2310373589474,706.7758155115162,24.168645312264047,82.04726506804488
902.6135139809088,709.3945568883195,24.129692238014773,82.59313285171082
904.8205236419739,710.704437361235,24.054740229229353,81.80966440116262
904.8305343702023,711.9026102050108,24.41797426276616,80.51477413841738
905.8312643595559,711.1000667394903,24.48700162103129,79.73008726956061
907.2718965902209,713.4767265671886,24.610546399610023,78.82387484676903
909.1798088068656,714.1423183027754,25.476587185994894,74.82611405414059
909.962082289138,715.1135179450297,25.800525849208952,70.42151471527694
912.4243092645454,717.2304326126555,26.84617265211827,67.2392514463313
913.0730464889238,719.5109467022119,28.447395361882677,63.73383111750233
913.8548089639669,722.0521056144365,29.47884762346878,61.07385673361273
914.1701146460529,726.2144583537315,29.5960648915134,59.193111726683355
915.2233400804354,730.9897297527906,29.169443315577347,57.55290448061501
916.4668576945069,731.7281068336878,30.65462045220179,53.335488740161665
913.6714812151358,734.6206618756823,30.285194088814816,52.249211718388
912.0186078231397,734.4976679520636,26.52351659667655,53.13017262894895
910.3139737106128,731.9485952214524,23.899205575703505,51.37550609174967
908.6256908233137,731.2528024632086,23.15656970543987,49.5715096963404
907.4285897480223,731.1170757249665,23.44999453260248,48.7091085474397
906.480873490385,729.8135113155947,23.812298014457845,48.22103178173747
907.93492409558,729.339941490582,23.355464524622867,50.172999634508955
904.9938037435113,727.4326945293423,23.946552635143956,51.47948534706115
903.3799202475338,726.5398007538145,24.340792596625477,51.955054803532036
902.1980061621322,726.6248248474293,24.643512968125123,52.24263013609773
901.9910199762988,726.4720587225893,24.49962628781445,52.76868238586765
901.9429852534137,727.3264745466432,23.496967101153125,55.53699250925143
901.7746793203196,725.4776909262004,22.324264207632055,56.515235124493465
902.3854794466811,725.9200730795676,22.11088270109205,57.19585203988518
901.3989656734617,724.9009839207251,21.885493661287633,56.34613921271753
900.3284842876035,726.6089211782262,20.96620225156846,58.07342757211512
900.332320587557,723.2066619908695,21.074787348721102,59.159315296954
900.3373930464869,725.3473922840418,21.301889314952266,61.60381680934597
896.4980824867182,720.7999280946086,22.998719281185814,61.4729298964029
894.0277074392143,721.3826605005263,24.201277280369155,63.516943298281944
891.6214419186589,720.9964074758873,25.032483099394852,65.23359523058994
890.0834330961289,723.1861609373257,24.84455058531711,67.57828248048982
887.07086835509,722.6985828431075,25.386922213216888,68.7699993343555
885.9444074487086,720.5287568075025,26.401086197020327,70.9693332955352
883.5651914959531,720.9607785066535,25.71477327798418,75.93055977436123
881.010925327376,717.7629107446644,25.824977105897965,77.13376658749357
878.822078447129,714.8115380768209,25.612209843396386,75.95057351846674
876.1615104102852,715.7305217490889,24.400688760308626,76.49465753714134
873.3169591160083,713.4031716317722,23.16045694737576,77.37267224442701
870.3128177120058,712.1202665996873,23.596047407868973,75.74813773938544
867.1951453503333,714.6192037928005,22.33690146995628,76.77392918071794
865.083841695486,711.7769679054975,22.59411624188258,73.82142453830936
862.9322900542817,712.910297823231,23.27195133279032,69.94687234996802
860.8265725703561,716.644096932834,23.85816685440209,69.01781362087628
858.8823707622348,718.0686255643787,25.213067600730053,67.24755212166747
857.6669095141616,717.8333075807079,26.221476687092682,65.67177046080323
855.347206638863,719.3076279358505,26.645530989468003,66.09934847807334
853.9607048265456,717.3467243451805,26.890089190431972,66.5221402077847
853.3810590823565,716.9109501933922,26.511807525520872,67.42029102909106
852.6756485399137,717.960785516998,26.8350035833052,68.82134080817822
851.6776316529341,717.6292476155156,27.1637462880005,69.92405341272615
850.5110291156649,717.1822493822426,26.55515987033592,71.88977779586223
851.0388064943845,715.4822338343103,25.97118736065587,72.3312550002866
850.4742870782137,717.7108540966155,25.031601581416755,73.85310888704049
851.501186142781,714.7708863677918,24.877559216870406,73.50718820400408
850.0032612984368,716.7088045567497,24.80916447208057,73.2723316923414
852.7336639766353,717.7509557095913,24.125773012308688,72.66811638763294
853.0761254911781,718.0573542390038,23.08220048461358,73.7725673103736
854.306708509897,719.8376912004685,21.731519715120406,74.96407106712688
854.8481503142177,722.121781509139,22.117263398321168,73.09970905817931
855.2011114431939,723.2387093156685,22.69818923802572,70.41727777415423
854.6116375391404,723.6216012922596,22.7633038736124,66.18831107348915
855.1673738417741,725.3753505503105,22.42606170779362,64.58944075318871
855.7694230387258,725.7033174599895,22.584062684877786,61.33723755009476
855.6534361298452,728.3515468513982,22.62503532265997,60.65678940978781
855.9796945469203,729.6204195405757,23.47357706920041,59.8043775105274
856.5221736840642,729.6268407950126,22.737991292582223,59.585396537413274
855.9328341641578,729.8286416535923,22.815550522324685,58.71698971371971
855.3300695407588,730.4770960116987,22.70813116572291,60.19710236206285
855.5096199685431,729.7281884552265,23.53811688997985,58.61787906670715
855.6231240858608,729.0208449986915,24.0112225855939,57.949265093408854
854.6793399977178,730.1503088841633,23.16908816595798,58.881779122232075
854.1020634646042,728.529709210294,22.760924733958547,57.86871102151454
853.646238726488,731.4600314727273,22.270121699667357,60.36212935555395
853.6378695400937,729.2171747086231,22.06652676690754,61.653835949608364
853.2993436786752,732.0080607675583,21.735163697434018,63.2945276979362
853.0849844988405,728.8328305761651,21.626153801848965,64.71609556493974
852.0391176442334,726.814604556007,22.393375960990518,62.31209057254179
852.9098579722097,730.8898958845341,21.86760345575221,66.11136360446021
851.0090785202626,732.7614121460559,21.578332068727086,69.13563022659173
851.0474836009223,731.4897884752294,22.04490490540206,71.41928570130634
852.6842980921227,731.3003534723292,22.315296291435992,72.29633096078359
854.3718900678367,730.4696325624427,23.3492366227576,67.80919370515387
855.7677992942791,739.8307936752595,22.603911033162127,70.51846630171866
854.5828195865638,735.0612934115478,24.899676735737007,70.59765356399025
856.8750591153097,737.4654337204952,24.065872952436095,73.1375952611387
856.5587765499096,734.9900640295366,24.171997337523315,75.22660828101365
855.3140085521615,735.5555976182416,25.430968797309873,76.52386496989757
857.4110199987997,737.2061121762019,24.63736032227463,80.63257435483763
859.7018419556242,736.6999328860936,24.32999713426112,83.30027884155717
861.0962875540731,734.9777530602175,24.309232050104058,84.18519032007033
862.1678855829953,734.1806991121473,25.12359065650853,80.22324517643614
865.1284344932452,736.3777802708098,23.728242378486364,80.53128544795393
865.9436873861746,739.7195983176246,23.415303732544192,79.58262655318663
866.4388348608123,736.3828198648692,24.71045361073555,78.02995634124504
865.2216581781828,739.570471926807,24.76421357374219,74.72155427473726
866.115878714505,738.1187251435548,24.259846686153914,71.95645332980325
865.4652677233438,744.3172201413738,23.392836233857395,73.1504375482119
865.6961205260036,742.4884781472746,24.14154437424166,72.38997706982795
868.3713193069501,745.3307438457972,24.55464358787215,74.52986502516985
870.0867620540429,746.7480426860374,25.01222049377352,72.86115446324075
872.0488194050318,749.0591043446266,24.931071959838857,71.59096497964623
872.8963846225662,754.1910975654687,25.423840841655377,74.23477639646502
873.2858676399574,748.6115796805658,25.460807500536895,71.12038612139665
872.7961978343563,747.2687159994077,25.848944121675657,69.25079544916065
874.3125218964584,752.4619760972231,25.090952968494076,71.71220003859304
875.5069537640579,751.3034141395556,25.048017753363713,73.40034274562305
878.361799273966,748.6361278261663,25.297798150385162,73.08327462934764
880.2788651452055,748.8820671161378,26.532270927877867,68.20502674671052
884.4180143686888,758.0604973646521,25.03167773787805,68.58784421157006
885.3713585506299,764.4350676263009,23.740611732388405,73.75116447695416
888.2197825122445,756.9362768200344,24.12001029890488,69.97740629609373
885.3526373641726,760.1164650048831,23.276913614048873,72.93809546742082
886.1266310708365,762.4681123561093,22.422214171859395,79.2586023287281
886.3400691654821,756.5446795435964,23.248160248932116,77.98092760034918
889.6894707266788,761.4076158248992,23.898219906966254,76.49462701231315
891.4019244177133,758.5982812851602,24.183245503787035,73.13261021978104
894.5266920723004,767.4317279606666,23.76804972805106,78.20182727350613
896.0470205912093,764.5647566226384,24.39559431521524,79.0041445686136
897.4621099800402,765.1786318857917,24.38367126103513,81.30246445725157
898.8927723520881,761.785700932716,23.595403924706357,84.49630263927236
899.8225381480881,764.0607965779086,23.65193097362011,87.18609802004612
901.6370912490548,762.0699321502741,25.07975037812624,86.00929108288221
905.013184539765,766.2091015787606,25.073290990999514,88.6363184729125
907.8302125921786,767.7798908119005,26.099249643641286,88.42801273895395
906.242120049723,765.8780553400504,28.13469643252899,84.24802673697708
911.0829913831975,772.7079152099537,28.818822294083155,88.55491680904552
908.7693740979951,769.3097972509352,29.609889229411493,90.25675361143385
905.9666285916161,768.5313731091301,30.110397060926843,89.88553232697834
906.4067973998357,769.4559419963967,30.394667008438667,89.43986554369444
912.3887869616458,773.9298516845764,30.585839470235243,91.9630054447131
917.4647559448408,774.5195309449114,29.336662189180885,96.0263023412505
918.2694376774173,775.0679712120817,29.903883365554872,97.99483689095558
914.8857732525934,772.2204166184921,29.654375080449515,99.95511070282583
917.8569749295029,773.8469632462206,28.967577919992053,104.2792178850417
918.950658918289,777.0259436929236,28.532098685460333,110.45193796892084
919.8820129052801,772.0332697888482,28.40624117034855,115.10276241425322
918.4670330346235,766.3209751148187,29.477018289914746,118.672971422909
918.3678791238242,770.2621121964349,29.116923238929672,122.13859686092906
921.7294517787278,776.1790742215226,28.806405904093086,124.25057551964008
920.7123129902067,776.8988370322259,28.742168056633496,128.93859660346044
920.7335785040495,781.6767009253776,28.903860456839766,130.47927560457208
922.1085552490748,778.8792760256514,30.20707534516984,130.1432114397002
923.5437020366348,780.7561985401023,31.400623698335693,129.3667939952221
925.0302903255096,782.6959754555966,33.43511910051964,129.50393422179786
923.6775116191174,779.7065932839807,35.20565315282078,127.86201908105002
923.0470752435363,778.3358157622191,37.97171904711038,122.92272207101529
922.4735699643238,775.5489191383916,39.05172757497823,123.47759057056685
921.8938293273078,774.8170785518939,39.794558676366776,124.112586753948
922.4299366126506,775.7582703875765,39.76357684933731,122.53121370242584
921.4053799733443,773.7598911590837,41.06575489491297,120.29170956532793
921.6949607013722,778.1872288778407,41.46846559613008,116.92223404062561
929.7756020984808,777.5656196187812,38.60232466618852,111.45445626303197
930.8050636260624,781.8655079897457,36.264161315896196,107.51945448375417
937.4376233120066,783.6320341362609,33.78150991993111,103.25246595938151
938.7356033621663,786.2471973125639,32.10620271563437,101.60143114770986
941.2653308747841,786.9498469508296,31.384359877882005,101.31097042873898
944.7567167402308,790.6878940495131,30.139077108768227,104.16626799609503
945.2300711706853,787.5894709884525,31.954373381033975,102.79829676296387
948.0030342915855,792.5232879727389,32.45955370990108,102.38724737280484
948.7553256257796,789.9997751271272,33.60219075547394,99.45851610004028
948.8116595015695,792.7706132902882,34.23350762084071,97.44171828975465
950.1499575154936,795.90826830408,35.17879308747191,96.94274709290616
952.0886799309467,795.941794383441,35.66683734759315,96.47396045383874
953.2787409359254,797.4594781862579,36.18622002568272,94.89095053116756
954.158816389087,798.914236074173,35.37269519443623,94.80208679982789
957.4639392520464,799.2708235461797,34.13082463629955,94.09135583836293
960.261575139551,799.6949696463573,32.455434010919035,93.33723412477286
962.7602972519512,800.6140560559373,31.233895127758835,91.8049375632011
964.6385798511117,799.4201724087927,29.396590806315736,90.00765778768543
966.035600504748,802.580099354426,28.16273684425544,89.63329447072245
967.9421739635247,802.5682919113779,26.399088146580528,90.31283855112487
970.2105046753296,803.4143626627236,25.12860795546373,91.33424887632364
971.8842486790302,804.6554843341628,25.31146888441195,90.9679934336246
973.8693841939385,806.524290682216,24.909060264775803,92.24514828152772
976.1617887242455,808.5053141395257,26.439425428674134,93.45967382726093
976.6288003101564,810.2030740975036,29.086102472544365,93.79292186851707
976.47674142452,811.4907385839856,30.732008505903572,94.08404254666254
977.4979204570271,813.4973114897797,31.675877669615538,94.55824321751835
977.8055628188592,812.651902577654,32.13652333249661,94.52370412905469
979.2848740682587,815.7545052196929,31.72139842311242,95.63675937531464
980.0918789420216,815.3333024776604,31.193904407152097,95.40528768202788
982.571186404731,816.5714978838773,30.047563121461945,95.84960219020337
984.0493848450011,815.8634847668277,29.869454386757397,94.35545643944988
985.9268751989969,818.3449897672584,29.365110987253153,93.28006541102687
988.4160986861959,819.9126771316205,28.007079616782583,93.98971653476556
991.8093097402522,818.0058213602724,27.455195769950045,93.54192074461218
992.4267515649473,818.671443020695,27.810611770552605,91.40023549118004
994.2145571880011,815.7255286574344,28.31799062652621,90.32338204919998
993.9485411705531,818.6738041239009,29.720371109640467,89.68953216149214
994.597005879613,824.2908889752623,31.393297246191786,91.71859993845362
994.5654159301707,822.6725471652226,33.70753581646647,94.41312845689254
994.374106018331,824.8708386849016,35.01638825244163,95.92561673562673
994.2600672076034,828.0045620931455,35.71711708272814,97.89325110172365
994.532459097586,825.99007880727,37.04988892364188,99.26342625654478
995.1930229949268,829.5704727992427,36.577464952060254,100.89914119368642
997.3285575190645,828.8168288334332,35.38017296559961,101.05854031621209
1000.028418384104,830.7588637579437,34.05352415394468,100.6118463328869
1002.7395673568067,830.4455480965305,32.90979605768493,100.26065299133947
1005.7619291109629,833.7584274050754,32.738176025594974,100.44385912566233
1007.8710537464307,834.5163638920209,31.948431670585734,99.68637146664422
1009.0481298457338,835.8056654488785,31.241846860200727,99.27394958672353
1009.9894183236636,838.3966493340544,30.536430962084495,100.18799088856613
1011.6768421806639,837.9167260116303,30.327080830066343,101.44770789453666
1013.0316873350278,840.2818911905697,30.21214730233039,101.2942784635544
1008.6923622894132,842.4392896358693,32.644710438281166,101.94847315998432
1016.384915606242,846.584684422637,31.09447804838791,107.02801741235807
1017.2620498727165,845.5505157479613,32.578825729552705,105.45955165877494
1020.1688870838545,847.9177884985388,33.79270461432718,104.89368043470363
1019.054732955033,849.566557451355,35.02485452425375,104.91982849923339
1020.3091190644814,848.6458822765835,35.33339470279809,104.13419948996187
1021.5532948043493,850.3687364197732,36.13754248219006,105.13765707409729
1020.0608679947295,853.9250562218807,36.34856626040436,104.84756313434647
1024.4993725142408,854.0082835449091,35.39458417923916,105.33580709216594
1025.8839007446334,853.2687736636876,34.58531986893049,105.26431544042568
1025.076412739607,853.0598612214086,33.04947248805332,107.8748838760006
1029.51873675393,855.9678414381272,30.880265606160993,108.02655934582194
1029.8267146318535,853.9152111653976,29.921016582425402,109.12407195815685
1032.4147789905594,853.8741469271895,28.82604392731212,109.1304097825346
1034.8778472407928,857.2650671711959,28.829836362526834,104.5327252125291
1034.90077482941,855.6714222894343,28.348293632341722,103.3647642219332
1034.35166296154,856.9643839409503,29.367108102141017,101.77330983145987
1034.4346488866815,863.9921010827726,31.345256973764755,100.38123072651359
1034.3742294431504,866.9594537667007,31.86403866595463,101.01929630999257
1035.4763242451818,868.2798108200565,33.006964658544824,100.13511341932926
1036.6693983284138,870.3779326807646,34.03286068262014,101.22297993154041
1037.1208061335906,872.0614451956757,33.886055800053654,102.71682049592135
1038.4822506144396,869.134002538919,34.15636808420109,101.0001755121541
1038.9007412517549,872.4042877686982,34.146466649830785,99.08731775672452
1041.8234995312362,872.9560351925487,33.60687851288351,98.48617636854121
1044.2451462759086,873.902299680659,33.69819310140612,98.30426639757935
1045.851612852295,877.2823435916964,32.558639802223595,96.86357297007956
1048.2684981058485,873.8079836167402,31.373582814598144,97.27100191298769
1051.4652753608702,877.7086178613279,30.839984840739476,96.66623280788207
1052.4101897108392,875.817952536288,29.277921909888963,95.05743438258081
1054.5443879444992,880.6210197411023,29.084535774738555,96.56108720016636
1055.8821941050248,880.7572711736143,28.84527602546662,96.21894800879141
1055.8260623413053,880.189954558747,28.702571319565543,98.14296609424171
1057.3188436659932,885.4050651495138,29.136691636207765,99.99630599804726
1057.665751251119,882.5797456609163,29.16020420762751,102.85387728037773
1058.9382950222075,886.3493718118035,30.405700978812295,102.52121323972895
1060.0895287279106,887.044293339737,31.61657730108894,102.68671770194452
1060.4911237489514,888.3847642200078,31.80911197654051,105.09354281496061
1061.5455087531702,890.7644802685315,31.87036547227719,108.22715441225819
1063.3460907000697,890.6511650941334,32.09216421142973,111.15311351740141
1061.9309960760336,891.095694627267,32.757128115088506,110.86241028463866
1065.8561605297207,888.8921849603778,31.65990075644943,112.2653071079215
1062.1375675774548,891.6392803547171,33.212960412964236,109.25181997151881
1065.362688598116,894.9365020973958,32.01790669053722,108.25089715451165
1067.574725972201,889.4873258978239,31.668172504360285,108.18266138297228
1067.7169175660101,893.4808406865136,31.43161023687641,103.20402849707509
1070.606186023298,900.3936731090253,30.777842081475697,105.62379207156347
1071.0795981032186,894.0027455737463,31.217387107701228,105.24446507316915
1074.0702899729467,894.8405452165592,30.812924132332824,104.33468917838309
1072.551430025599,896.8847516995811,32.11843587581728,102.5268927059481
1072.4545212821042,901.7125405911854,33.850969113279554,100.83971885659585
1072.939847525448,906.3314275589117,35.50931235973981,101.62102417004213
1073.228506162179,906.3274989718727,36.82059342431232,101.69709102771537
1074.5561057557363,907.5546964656861,38.45331495722385,99.55522569652193
1074.7684649924356,910.4647425604907,39.178410696178005,100.30055182028869
1077.2292152083492,915.671708843582,38.31582395015103,102.94855693597472
1076.4952233936115,912.7796747629641,38.418446917751666,101.88029033447765
1081.2965892734585,918.4836339319918,36.853078582572195,102.13361369492068
1081.8512112977662,916.2010403989567,35.85748046465012,102.03149583429489
1085.5322557914067,916.2673130414428,33.53181713230876,103.07687772846062
1088.0098440874924,918.2137171652136,32.33879394519538,103.01813583589907
1090.0909130652774,917.587696396154,30.821338407755032,102.87902884652411
1091.467174345352,921.7275308932428,30.165402713853368,103.90207904193998
1091.6523147779656,918.8279067559868,29.69692531075235,104.35466569515611
1093.9368995709083,925.1993083541574,29.748479599296616,104.5201491019984
1095.6523878863122,927.2282916380668,30.259772548923678,104.39077370201018
1097.1812628460975,925.4562606601756,29.828528065519695,107.16227670733116
1097.5310312108409,929.9732838826077,30.05938487898478,107.58996014002176
1099.6115710109038,930.9233834175533,30.84600971840158,111.11462345960385
1101.8439096432674,932.7962529162866,31.766835704530983,114.61117029274163
1101.9024309241254,929.4920210680945,32.7790213963889,112.64654059432064
1103.262388382153,934.0634811796803,33.837411627660515,112.75035645674498
1102.1615365971907,934.7988395198041,34.16176340622996,114.60476882601971
1104.1947150228173,936.4867809544796,33.884039761799585,117.81883791611037
1106.3248093074747,937.6213578051816,33.98460776419585,116.54966330273449
1109.5374612948244,938.5421453507478,33.278009387348646,116.04105097737087
1107.6992011081943,938.3539237387031,33.10106864495962,116.479192139123
1112.5255752892447,937.931799561469,31.66268024979057,114.99203699663047
1115.2690709206156,943.4620154395818,31.164399657299768,111.73969580993646
1117.2574087547496,944.5586035206614,31.39064912474627,108.42759861140559
1118.6953391052489,943.1985757425659,31.002988544666792,106.65961261363664
1117.904976703125,942.1196298202591,31.44203417006396,105.60153885765891
1118.1099697359405,946.2138618840588,32.41964058551751,103.81733705050243
1118.5412901090594,950.840006886543,33.684188293908434,103.43138563355589
1119.193757306204,952.7169336676484,35.15956527687692,105.08649021669135
1117.4606937886374,951.4472789219082,38.39803033943055,105.89959034835253
1118.9450279381106,952.0838597480698,39.218514348087716,107.94741179213582
1119.7772560569063,956.4882918255257,40.50522939316832,106.14398048220403
1122.1396193303874,957.9349702642157,40.620686712692546,108.18778815626023
1124.0224817905405,958.3718053220406,40.61881850386616,109.39567490093474
1126.4709896364952,959.4991077942876,39.526938537615266,110.29525385271518
1128.3739694792835,958.708065345304,37.820458155333434,112.31340865445247
1132.610090446312,961.0365690076026,35.89622289769799,112.32179121327322
1136.0956763786432,961.9716587887983,35.03209080231655,109.20169344366121
1137.109600626666,963.1233962090782,33.50039103653498,108.89957287277389
1139.4982959679137,964.6822307909829,32.86431097520447,109.49347560358649
1141.2790625270572,966.0031914372723,32.03050682836681,110.25382641686762
1143.288741532168,967.7127294458598,31.56232388309872,109.98368231726334
1144.8079690066425,967.9819414005659,31.521041617953628,109.18766025182305
1146.2811285198059,970.8856813797562,30.963460741779173,108.79985035876675
1148.235589022589,969.8791192557568,30.366448965115495,108.27385303480273
1149.7898815528472,975.518640888444,30.95473667649398,104.73263118401657
1151.4395653348638,978.773375933095,30.923258183175285,102.09156940865495
1152.325272040531,980.2431137386542,32.01151627052508,100.65936807970795
1150.0523505451797,981.5849963738577,34.685295178561134,99.0660143182429
1151.634446236565,984.1931558898651,35.476598568760195,98.13139704579065
1152.764935207544,984.1859906235584,36.17318636646665,96.86379773649568
1154.3663951697172,985.9049765358146,36.79606419124316,94.60884035943647
1156.1498565291006,984.3674617173713,36.03396728323512,95.30550215125106
1159.3085557525085,983.79568479837,35.396989143466904,96.15992838132865
1163.0745228948476,985.6036759063576,34.559876330699645,94.75343540021753
1166.735102957386,987.8004468272547,33.06390520060787,92.4993802653845
1169.761586349178,988.0173589576501,32.20632503695768,90.79589666270672
1171.7870878084207,988.6429334191274,31.58916989661701,90.09781641991427
1173.5641514627878,988.870802370519,31.10076713340335,90.27641370044296
1173.4849083220774,988.9167661183614,31.84627271624019,89.9372649125942
1175.1493477485926,989.7126756932306,34.41234467823378,90.42219295034755
1176.1098551048256,991.5926937885747,36.36058549966841,89.77302964374887
1176.61163445348,991.775350246106,38.0751212954774,89.13668078968428
1178.057403325201,992.1145554699849,39.28476319287087,88.06632654642624
1180.1392087917104,992.9731846347911,39.93176327059353,88.08007437047118
1182.007674572805,992.2252772355786,41.21795944446398,87.93962992446023
1182.424803134978,992.719113720783,40.90389499484173,86.52149766833796
1186.0696278031337,995.0736477406547,40.85952308026155,86.39551953815902
1187.4506112506758,990.487771611532,38.948987654246,88.8948223559182
1190.6775751151147,991.161231837008,38.291118231472055,88.18733114725963
1193.3626648390077,989.9793104761472,36.69469877327507,88.29772717615685
1196.7994968720645,986.8176140440386,34.92365359948266,87.78539046078208
1200.2170667562311,987.618470899751,33.24136184802271,88.13002693763525
1201.6515086558477,984.7311477675685,32.01578271769769,88.40000948521407
1204.4043862893627,985.2486698854485,30.297531882158946,90.1554975896158
1206.5132839220248,982.772100936309,29.73146948399262,89.99296843601638
1208.4352084369054,981.7479240125992,29.644103055231888,91.72113808109592
1208.7489255134476,979.5316967760388,29.261167445455897,95.7773826640425
1208.7543988214281,977.0263354500279,29.59994021138865,99.01848241329185
1210.0886604316254,976.3429749200775,29.99969848745813,101.22934060647599
1210.4686561048397,976.6373801466375,31.852945891094787,99.85056169244987
1213.5457603858747,972.3396682513155,32.386237507153574,101.43603612681977
1212.9958547288657,973.3355616237379,33.978835515859544,100.93508729070716
1214.5549975198348,972.5832644327979,34.668827577866004,101.43196454777907
1213.9511976263013,968.9868223002886,36.262695341550526,102.96749963851812
1213.8317505865862,967.5827496286686,37.4331260364556,103.2882246679803
1214.8793023593796,962.195154378853,37.413456963917845,106.23272080248093
1217.5845711796496,959.1159059037536,36.00147248738951,108.81031458330008
1219.897019952763,955.5860054486258,35.49445341654024,107.53382744890106
1223.6630446268086,954.1071320406912,34.21648987916114,107.3241296866583
1226.7209488597916,950.9785187209266,32.96581496755035,105.96362176142387
1227.3524574578792,949.7956804862166,32.79870846929642,103.29799493082693
1230.8784550821135,945.7155413216508,32.376376774645045,101.8260964711655
1230.5233949462488,943.5830520412937,32.324938260482035,98.85411623783796
1233.9069036142648,941.9469107916073,31.091420863543796,98.67020620952819
1234.1118186335505,940.9581563495294,31.478196339968456,99.14094634838412
1234.9969262886852,940.0651677863444,32.405283759989516,100.5767831850005
1234.4261755398932,933.3857731865228,33.74906558503443,100.71172883973692
1236.6595260081388,934.334284672697,35.3382033832015,101.14477803704484
1236.2771058211952,930.6619798126991,36.70563403434967,100.96821508246366
1237.3299956188446,929.3098299892769,36.705818523638975,101.50282213744396
1239.8738280154732,923.1963087148112,35.77449636960831,103.59363335839461
1240.5643159003844,919.9127554235571,35.2312609155251,104.07620906309234
1242.8754713435858,915.3609440006851,34.32959794573222,105.77963169758782
1244.5018351955703,911.7352697023398,33.826344709709154,105.5901090532292
1247.9098294509554,911.5134630516122,32.38955367649423,103.44961386584079
1248.10052966862,907.0737488445568,32.090115141799785,101.53493297908463
1251.241397242894,903.8846343580389,31.19518912077909,101.12879906012932
1253.5192510158204,898.8926444282508,30.70216033425242,98.30894189548107
1254.2365866886155,893.1217196053677,29.166835391378967,96.58541798835586
1255.3354686829948,889.4568574330785,29.093162962070103,91.1852307721057
1256.1658802416675,886.1492183977798,28.1521703138948,89.26960347935672
1254.7621476329946,888.5754531233847,29.554977469819846,87.45919310214543
1258.082074134114,883.3744177249156,29.337327409150532,85.62391198012551
1261.2945795040073,878.0236122884892,28.05824068861748,88.28483536141141
1261.863372214262,873.581973808849,27.985481180927202,89.08216074523473
1259.775864248869,868.6848700877481,28.67692430544094,89.16717618892372
1262.1212470993144,866.3290545285461,29.29816574047923,89.37160194551713
1262.1951030343125,856.3032658939098,30.080952697218244,88.6416996571722
1262.462388682381,857.4823787829154,30.070146091018696,89.79247543198075
1266.865531872328,848.7219573993302,28.879513606110294,92.59725772687486
1267.843193356309,845.0123847191758,28.588153933817836,93.32117372088086
1265.4549428512332,840.1622382858377,29.359147546849595,95.05430256633588
1265.6998628760452,836.5415088388738,29.530312345852074,94.62097858421188
1264.3637755267725,833.4208583575794,30.382691798634617,93.74649483893029
1262.6139170391248,831.8029652538671,31.253625472630503,91.55891609821657
1264.2980275735254,828.2213210020399,31.97809536530217,89.57670547588539
1262.351548035513,826.5538572346098,33.698957041862386,87.68362161844581
1260.2480838012411,823.215070077474,35.20648507239849,87.85560724987542
1263.0401097863767,822.9452736451633,35.504734901615464,87.24555882040227
1263.2234974429116,820.0197885492037,35.65310535292919,87.46055797740365
1264.9570670370933,820.7620861553456,34.579576346832354,87.36016533323405
1265.273252674415,818.6183578011978,34.890737671923205,86.4384698832306
1265.675173897005,818.8284924526131,34.707211176104366,85.96051648191037
1265.925965036593,815.7636269084528,33.88495475546186,84.92750798633267
1267.329463579683,816.8373565144747,32.709039781233585,85.58811978283913
1267.915410078401,817.0216866049429,32.2562275941385,84.34744002065088
1268.7740953595767,819.6130468644983,30.514930498636897,88.22966476366207
1271.5276387647978,815.6972574792295,30.213898039340776,89.08780226003037
1272.4044420477137,815.4781075449807,29.439827982486257,89.42346402543194
1273.397390888533,816.5255827600076,28.8754585297875,90.15794097672362
1275.2479327520498,816.9084424086525,28.678344182205613,89.88212168428265
1275.793897306531,815.9463417169384,27.95306867912454,90.38110163400785
1275.5795269546563,814.0165810046985,26.962105251650854,87.5324115830665
1277.2646249337793,816.8155599795922,25.80880353344981,87.9256445772607
1277.5363918681683,814.7466687714797,25.29750262556218,87.21906405226883
1278.9403736913362,818.876940006527,25.342191727079957,82.60550599596118
1280.7679361751882,819.8895708145067,25.866383215022154,78.96674996946649
1280.9500310265255,824.2430939159335,25.78380053782354,75.34430298352996
1280.9055857161363,826.2969096209719,26.105915740488584,74.3479759629551
1282.1536138126487,822.7670405848515,25.481924405012865,73.68633702188276
1282.085158855543,827.2129361153134,25.321942685464215,71.49409094507519
1282.5150196346299,826.4391290421552,25.54306153802645,68.78599376121493
1282.0722723979472,827.0946912379736,25.946281658315208,65.94180734859326
1281.8708742524168,828.4782082551588,25.712982833398183,65.9711236864151
1282.7218842028178,827.1259548401249,25.27437444780096,65.91858216033535
1279.9403168582614,825.5360813201255,26.169543040624664,66.62018569755175
1278.6325782237923,825.0436613101874,27.34995194721015,70.48038777172829
1278.3662509864753,821.6091700393978,28.277980661375764,73.65592316046063
1276.2952413388123,816.1877142042882,28.819929631120328,73.67560669622466
1275.216295247378,817.0833417815913,28.857977722871368,72.99602958084941
1275.1363191196604,818.2625693155228,28.519088304179057,73.24548839854468
1274.6778811465954,814.5497114730122,28.379329127929488,71.99824674072896
1272.946795236251,815.2509671383883,28.332407468759413,72.65540263943724
1272.5694403586717,814.83976042293,28.08696925832261,73.88049967837796
1271.6951354284363,812.9483677252186,28.59997504071829,74.82515268321627
1271.2122535483065,812.209357642579,28.252727881145738,75.3971453212828
1270.7290764315378,811.7130777876548,27.868892503738305,75.65424203090583
1270.3714914930513,812.057586972885,27.74019831931016,78.40749060770256
1269.345925973102,810.238037701625,27.650075647219737,80.52066970727257
1268.7699969795028,810.7734019106608,27.944221000224978,81.32684447903657
1268.3630635934715,810.7024008334214,27.821843673961837,81.86534407722698
1268.0158274518765,810.0738933939474,27.975493688236327,81.19014083732162
1267.165961967962,810.2905567096377,28.0806548598553,81.22687716293791
1267.1715555037865,809.4382445531282,28.26921506038869,81.67086065871209
1265.3623875265414,809.0678387505175,28.506219461959166,81.19716506079575
1264.4461267446825,807.8889314238828,28.4293607131045,81.17833171384595
1263.4936488151568,806.386472054386,28.320315359539748,81.38891421439618
1263.3846700003,803.6847934164962,27.269327620111945,81.01663085691303
1261.7611137766426,805.7137302120491,27.152091845100394,80.17288025662779
1261.4096497038784,803.4724829638642,26.668374255645215,81.23894449383234
1260.8098943783828,801.4592337004191,26.3485415043644,80.84211540471793
1261.3093935385687,800.6702169462097,26.023402646217612,80.13259873247304
1259.7805146411752,798.8722171729017,26.146334396560704,79.57958220701244
1258.4172734143601,798.5654389185705,26.306219237591826,78.25466117358414
1257.0895389949735,796.8639931671621,25.91683114337824,78.12231600020522
1255.5417061352516,797.8133366522628,26.40436367766754,78.14475875841256
1255.871076036185,795.3231543798269,26.16497312220392,77.09793585557341
1255.380361836861,797.6501207875853,25.685346031614355,76.9230608367804
1255.2529137030544,796.5958640327553,26.204472424991636,76.3774696399492
1254.60356889185,796.6785419982292,26.59593809207214,75.77655861123489
1254.8144516424059,793.5402504386713,26.670344686649095,75.64185637863471
1252.9750072452782,794.5255867831594,27.151278020443847,75.92998028736434
1253.1361895257917,795.0460937595578,26.893845396028127,76.08033981791277
1253.1108193154485,792.4664253204714,26.23862038891894,77.5916082209468
1253.3120685792358,790.3022637866127,26.101870623682764,77.01815900655224
1253.0567714014578,787.1331929929933,26.191287566701057,74.32256653717421
1252.769983359344,789.9168663182683,26.14155351370661,72.63964757640406
1253.9468797709733,789.1395726824433,26.30299945188505,73.19028686435001
1253.1282024295106,790.1275767578863,26.184728088244007,74.88453131785079
1252.8954174448556,787.8185111515127,26.376628168447283,75.20934552725065
1252.6223720234175,787.1366662346255,26.376118639946476,75.18040834794732
1253.3957572657753,787.9185103986438,26.49888416663056,74.88990016477402
1252.2523375567453,785.225005724933,26.442412237114993,74.25670694314246
1252.11102689947,784.6427036491519,26.71080963198296,75.66747510854171
1252.1161039281078,784.6187608202679,26.884631467842382,77.12221469290711
1251.941832181173,783.23760021709,27.082608791408333,76.51901547564722
1251.7689550162486,779.1806413592944,26.567075496495683,76.7833218487027
1252.0215775407048,781.206441319794,26.59885020379466,77.046872444312
1251.3543039066537,780.9105386779297,26.28462578876276,77.39219953820844
1252.048483430436,777.1383112529763,25.75108240838652,78.6736016549917
1250.9392241119494,777.1874905531589,26.059192993111864,80.62576572069085
1250.9870700681815,773.8739243766123,25.599975602071666,81.75463271570948
1251.135508122473,773.9304886923608,25.567223023782958,81.6017030919557
1252.039355678461,770.6407724289236,25.649407569354892,81.78124174081029
1251.835704661355,770.855536650331,25.225365502529215,81.42463457150967
1251.3775621293726,767.7871037024713,25.261164412339273,80.63188884879138
1250.3440484205855,769.590505405876,25.715038421123264,77.94501859028503
1250.771273445324,769.7322843464193,26.364799643558804,77.86540363359606
1250.5577659887686,765.5822420773336,26.0152238695768,76.92193941496039
1251.1327266833625,767.7967408882016,26.15155614851963,76.22817856143305
1251.69979667095,764.1630572193826,25.843637516438484,76.2865146942683
1251.799042980018,763.8991729837204,25.29936274199445,75.90018497269647
1253.0072729682693,766.6910368807282,26.30208152530892,76.58347163195687
1250.4774499998043,763.035523274931,26.02500306074499,78.67493150505956
1251.5506210887258,765.4571538018719,26.469364546177765,76.84925836204616
1250.4774919837712,763.6332981525958,27.046442483896836,77.90079403889895
1251.4121861406588,758.7472536026894,25.731477353290597,78.49089491491088
1251.7590369954767,761.4542945779136,25.700851751435543,78.12993087756367
1252.389266286803,758.3994705162588,25.61745856906129,80.19373878268436
1251.934097261067,760.2002393007459,26.587419624222548,79.5299035121447
1252.9679500414888,756.4995515294133,26.96021761537522,76.63044782446012
1253.8212636649162,757.2750456970072,26.345226367888916,75.47414007103112
1254.1207013167207,755.6619335040723,26.259260039854333,72.83708733299204
1253.818458508733,755.6111577388996,26.111619209242512,72.69372751648027
1253.6680440591704,755.5587288073494,25.942257541216968,72.94781285494884
1253.671785775978,755.6179562898403,25.93484912410227,74.23710887824988
1253.2626790572072,753.9381966908368,26.31310193916289,74.91595950285789
1254.5720958503625,753.2459005433024,26.7272252701717,74.41101245695174
1253.2380939508923,752.7822118405506,26.384103841134745,74.3893821271257
1254.0875370445121,752.6114189634714,26.097674692400204,74.46091042881196
1252.993773628995,753.0603133349757,25.301954738203857,72.68472378034423
1253.3851229286583,749.3963739489751,24.62061278056101,72.4260185465877
1253.5295839061025,748.9830075958758,25.07141949394505,72.47852281029633
1252.8620537144398,747.7111549276984,24.56644497346422,73.61868061211362
1252.4501564516258,745.1639536283452,24.954455085426154,76.32162621511836
1252.005379177961,742.8938453989138,24.72105851578395,76.74545282820227
1251.9006047456799,742.3751410797861,24.94762581416702,76.39179819419024
1250.532845778589,740.045049061273,25.819754173706997,75.14313423692626
1248.2071753498026,739.9017818667512,26.67986416372063,74.64228350679934
1248.217511471379,739.1123678499762,26.842628614960415,73.92885365507968
1247.8626703212005,738.8713453564544,26.91427798808182,72.21619239687041
1247.5046872952105,740.8577311170916,26.52179495426501,73.18524780746682
1246.7455691765524,738.1878520297747,26.249257833775438,73.65557835593788
1245.8033889785306,737.9985772635883,25.556777868863875,74.01498405437015
1246.838915957615,736.4575395879951,25.735220439785188,73.81910223236557
1246.2277507653616,737.751762339547,25.62315106189303,71.36097385631345
1244.9700962352151,740.7043804664546,26.049197757839963,71.02206384537678
1246.0510716869157,735.7285165695241,26.01145089878516,71.11710831049469
1244.8546638907837,736.1659556593487,25.45567655347412,71.38475285531928
1243.7076514521727,735.4365248773279,26.251572374703734,70.6940297476841
1243.2330613238187,734.37536318312,25.683121342860076,72.85586787532458
1242.890245391578,733.4379954026477,25.530231787412383,74.37578424578646
1242.6121769445663,729.0482630183917,25.34379775773246,74.2115401398205
1242.4156669087452,729.655296041711,24.818442301958132,71.58833691903256
1242.7361710132448,731.4613631021916,24.35945763931288,69.98297211847216
1243.1546883557871,729.9575761195879,24.394706586228065,68.92639119996295
1241.3776701183206,732.080177951762,24.181978822113877,68.85543488271978
1241.3249370576982,731.8058870013069,23.834634455323318,69.47791966992818
1239.8417661537023,732.1227154528402,23.778094845910715,69.2535715102518
1239.6216356069467,730.5740265598382,24.159889960606527,70.55346931428272
1239.1703964323597,731.7929552071175,24.29793846362641,70.68828301133055
1238.85961098608,729.8927367292266,23.475547748551776,71.58654119909448
1237.8984408452131,732.041676456588,23.469627554147152,72.35028135371641
1238.901968676611,729.8294094705094,22.947301447567,73.32490607175943
1237.8176588518004,731.5532071334436,23.69774444686489,73.31906694218054
1237.3865457619295,730.6696286767068,23.618830703519578,73.62080354786801
1237.3126739946451,732.7345298616566,23.652801688466027,73.16121044073589
1235.3735280477126,730.560902994483,24.216705619410213,72.68158948424693
1235.133166774095,731.7535232862294,24.88641224924853,71.24682650876645
1234.9771506998388,732.5941426394559,24.94780481534068,73.10694555520529
1235.591378160667,730.3255248049153,25.101456136872144,72.10063003939072
1234.4236919191324,732.2573628185136,25.650966507610235,70.68936034761447
1233.2404713115527,730.6386123047517,26.66465843549159,69.72720716855434
1232.0561978583712,732.3720130780188,27.286132410316547,68.98062335578716
1232.7731268229256,733.4036907212782,27.876353814539563,67.18584035972455
1232.4951956612192,734.298154204476,28.438521482431707,66.72443564720817
1232.0781330527236,734.1534681337798,29.018075486991915,66.88407920145862
1230.745313708495,733.1823983536817,29.51908329396973,67.0346515045858
1230.7348972324614,736.257151006056,29.990180072748906,67.24195456978957
1230.8056422917994,737.4102260497434,30.794439915518165,67.20597703144858
1229.4723744278779,736.7286157852543,31.14039851209747,68.1803206042362
1228.0539594203633,737.5954180809922,31.145090202507077,68.65049640285596
1227.3771749125194,737.6292430773742,30.55081015253065,69.67550377381022
1227.441455170331,737.6562851934164,30.36602778362807,70.12577605426294
1225.610610711023,738.6616412595056,29.14906905019751,70.61509898391164
1225.9580655978907,736.9075264432486,28.220075912467195,70.64032163729263
1226.7522741303403,735.6244674774921,28.289285050640835,70.44670592636501
1225.0206194818163,738.8093073642677,26.83818311961172,72.1436335279352
1225.7031291427709,737.7678156347959,26.066453455833006,70.98520149135769
1224.5125507787218,736.7172950230581,24.094069357684596,71.37787749314538
1224.7610068883212,738.0449612612416,23.532487033571066,69.32991680669585
1224.375407585583,739.4266400704748,23.460184398070943,69.66227775465629
1223.4429353505436,743.0702986046454,24.81188067682232,71.00497922439862
1223.1675957430418,740.6618297390016,25.57290205275983,69.85476133436748
1222.7445337319007,743.5491307608639,25.085073569774565,69.94199389463841
1222.4684622636728,742.6927644205167,25.300543774361515,70.92096469184551
1218.0016116132065,744.3829468458397,26.86693566247352,70.23017067838168
1216.6150595267757,745.6951842056408,28.157651569261464,68.90184257173189
1216.415088595389,747.3074098872479,28.516691144382545,68.89385680776448
1215.177593454578,746.3494548055654,28.321744023475972,68.32898203833757
1215.7305980347335,748.8897197389075,27.482382066918525,69.42729290534507
1215.8518773394583,748.9252878770188,27.16966138723747,70.37195426354319
1216.7480851067942,750.8741987367297,26.564613259941513,69.63662948504425
1215.8129086995282,751.5296396462675,25.446986888154278,71.03115544081572
1216.5276909454462,750.3571608575908,25.219933765389683,71.95033991782087
1216.4480288419359,753.597244057611,24.46457596611853,71.2862908444402
1216.8974726349863,752.1685190619964,23.5278711487141,71.54249650344892
1215.9846885550664,754.0711165668515,22.91375769152114,70.32236188008349
1216.705528480962,755.3171619318389,22.06282490548189,71.30764343312025
1215.5875835494282,752.3175964349617,21.834920307008773,73.66017874879459
1215.4965408980083,752.0995146706063,22.085031550116753,71.96765164857099
1215.5655127815398,751.1767679521466,21.19483628566641,74.5746075032799
1217.101178362119,757.2236982765758,21.39523908771819,75.00142629289412
1216.1009159399414,755.0695770273393,20.96533743377609,76.62441658061775
1217.140290682684,761.3762010411026,21.11309267810118,78.55579193955924
1215.5653019514677,760.7091559254712,20.794270226090855,79.65651374926169
1214.5247800637903,761.1244728882897,21.17255413687349,78.70497955032485
1212.4918827869071,765.2984197899385,22.822597756623807,76.12376302156287
1210.5215278222188,769.4755859859871,24.167967834570828,74.4711169368008
1209.9848903169914,769.8100440268075,24.099718303213045,72.22429716240691
1209.2816097342034,771.0068803620458,24.13857040080812,70.90053812929153
1207.6147473166297,773.0075342546911,24.42336003795458,72.15610614364533
1207.3753350740276,770.2631056869463,24.33387217336775,72.06977599311674
1206.5646875138461,768.2664116568071,23.749125845518257,72.50821604861605
1206.290691547713,768.5499045727875,23.82207174532285,71.69780096721314
1205.0529616658869,771.0897752233058,24.259514607024755,70.02098066347666
1203.2939366373525,773.2236295136515,25.164742414517175,71.89881911185415
1201.772258912325,770.368612147209,25.318381922486843,73.02648744554924
1200.3995358172335,772.2237517940582,25.934327048627303,71.66923215280207
1199.5783332668132,772.0165668042424,25.912330100903986,71.6695996635496
1198.4305114790975,772.9981928583683,25.391930973267485,73.54705751513671
1200.018925454925,769.3889596666982,24.200536184056837,75.17751962241931
1197.729571879591,765.6715955997571,24.601246657371362,72.85596599074255
1195.517627833165,763.6279856559103,24.29832389356013,72.61933372702256
1194.8465509963107,766.9489756403428,24.37800451977853,71.0064712045486
1193.340211377465,765.426159890955,24.292608946483604,68.11587917523445
1192.5298500885817,768.1651905274988,23.850961987366087,69.6317536234509
1192.0141594588808,766.0139322488212,23.40333928887241,69.98126462065963
1191.7200372363513,762.1001449717089,23.237994180604638,70.41488592821241
1189.5347732289697,764.2724172650426,24.27558061511962,70.06307132746406
1191.4745378116238,763.5280381041747,23.323587642333422,69.82642776111575
1190.3919366866573,764.0682386307424,23.325693551974375,68.55941823407983
1190.024912825545,763.8111074276887,23.319159688003452,68.53295916563857
1188.4508517104189,764.3391085097415,23.282646188303694,68.48608960584177
1188.9583892059034,764.3893268543661,22.940998706519764,70.13960092066154
1190.5088077834469,763.6723733864125,22.61198185541793,70.03736868234033
1188.8408446574708,762.7246561523068,22.638130086761596,70.73743261089763
1187.0518995729865,761.9320421855952,23.889778707574333,69.86430176871353
1187.782160572705,761.4805201648604,24.30075216217991,69.99869372207917
1189.0185707245528,761.7189503201291,23.635823211575143,69.96358224271594
1189.7292049512428,762.6963951531554,22.59342012293552,70.67024799938655
1188.7276565308853,759.346366168942,22.08607995807293,71.84129614458585
1190.477532482145,759.0115600032808,21.602394038467892,73.18157006721347
1190.9943302845095,759.7302583854926,21.772779617597408,72.86033550453266
1188.6841874301592,759.4288847261514,22.751225386450574,71.03955958208573
1190.3215264360183,759.4757781466099,22.675938406366882,71.18787311849076
1190.7799858577675,760.1881273398584,23.07396702356862,71.00448431780768
1190.894817993002,757.9756189419953,23.8097762235006,72.14650246376496
1191.4159352436552,759.9541939586118,24.478587689894958,73.67597785692999
1190.7812300093856,758.7874806457941,24.602686586859534,74.95122535546648
1191.5832418778787,761.4549817493215,25.141016669940626,75.00529208915688
1192.8660326964643,760.9705368851,25.565305694748844,75.23598034565043
1192.3311848209407,758.750757255541,25.977500998395804,74.42067421502725
1193.780515267822,763.0852213129749,26.069394154432395,74.83820705457336
1193.327193098541,759.9255876106338,25.913644087807462,74.5418204603066
1193.8665874423652,761.3513741286695,26.432337436396324,74.44624361880011
1195.207999356745,760.3240435341118,26.640342357602645,73.13878427871589
1193.8397541126133,761.1712862463199,27.033260349723125,73.5503353246823
1195.1004121332294,760.9896901425078,27.36485433549535,72.35195593153175
1196.2364437243111,761.2772141530776,26.907763164241324,73.35495045843368
1197.3679729952933,762.2464468020769,26.818887827399756,71.69829773664205
1198.1259676585928,761.4154042991074,26.71737970379284,70.82167272657523
1200.8162575449426,761.4374133233684,26.363015205793285,70.59653921351175
1199.8536968685112,761.2826782147421,26.649210030902637,71.1142866435051
1200.66469672394,760.7235276531451,27.076548588263925,72.1274924700179
1200.1590728804194,762.5868134998127,27.691482964839267,71.12004492154152
1202.0919727139835,762.2642653839011,27.085654096813705,71.50188988652037
1202.6020924011614,765.3524186739489,26.540890882177305,70.81289333584027
1203.7162032589351,764.3413225114573,26.15809341708983,72.97629628171057
1204.3256245131624,763.9105910754923,25.958099287681367,73.98908577437275
1205.2942578498494,765.2164054131281,26.00564211951499,74.46869296092312
1204.3536263655599,761.3675599462582,25.811852399461493,74.4516882392304
1206.4782719759644,763.202745583182,25.391509477780403,74.96556164117897
1206.0200406251433,761.9086763348942,25.21606468854973,73.91646557664478
1205.4487763035895,762.0264093436718,24.469110598399972,73.56150192513688
1206.4869424767778,764.7798979310729,24.289726382529537,73.00943047390174
1206.9373999259765,765.3632052080288,24.02021242120118,74.3662862272032
1206.9613919081492,765.3058781642394,23.713922006344696,75.03110425715542
1207.5184796666329,766.3273414094557,23.52320473977789,74.80095108976452
1208.0558263968414,767.9658129042996,23.50050872447968,75.58886544641183
1208.9921548760824,768.726408145747,23.476838907299893,76.83937091390001
1209.1782063584365,765.2508004772288,23.401719668332724,77.85526001791374
1209.468477368533,764.9438743227346,23.277352599784113,79.18829919925926
1209.1723403650199,764.7551222288947,23.645738877458783,78.70977587230632
1210.0798679592963,766.9414891593202,24.16653906579443,77.07487450248428
1209.6068456229812,767.6212726761582,24.676005102360243,75.80201440699724
1210.373331781416,767.0864526136158,24.96176295229416,77.6853784120643
1211.5475249426124,766.3712055653955,24.46188378985306,79.03000665398471
1212.7550974902,765.7968797238551,24.21474627763939,80.89104429551011
1210.8489219755625,766.5217771088303,24.61893891616871,80.39885697074735
1212.2673818434153,766.3825948633148,24.995893363006168,80.04795691087895
1211.7250925824974,768.1591254976495,25.968159059888993,78.08458266334011
1213.1324010014746,768.2906354723825,25.788986214808737,78.59359261925749
1213.215976120686,767.593174825505,26.452168959865805,79.08858446435951
1213.9581087943716,768.2967944394212,26.901529125838564,78.2743825276404
1213.2131089991904,769.9484011364095,27.310944865671047,76.76347556336663
1213.6139747563948,769.7006635722372,27.194284171309917,76.7165608899721
1215.534763573976,768.607060397,26.451854874052476,77.17183936534889
1216.8496226488562,767.50314045247,26.54341677172691,75.77909663525243
1218.136034555359,768.4837029525265,26.20136439912971,75.44202795531817
1217.3575886001017,769.5444361503021,26.091684972170896,73.86152887387424
1218.587717861125,771.1144235218214,25.93636581700676,72.7756321545379
1218.6250131523416,768.5826966088566,25.609467723409352,73.24507936607887
1220.3009658203825,771.5550585634159,25.620067974686243,72.96468580342953
1220.395081460777,768.1286454309407,25.164373909470672,72.72383676281962
1221.3885208071888,771.3957530040057,25.393918904690285,74.60235443722857
1221.841843374206,769.1665256348041,25.24706915974763,74.13770158029169
1223.103117424966,773.2968927456249,26.210412790579223,74.09004845832013
1221.4480409631562,772.0762793061381,25.498384416199105,75.11237901711463
1223.8696583065114,772.548734376502,26.698361321475247,73.89940981197421
1224.2098957128956,774.2451962184579,27.3299433672059,74.44491109931045
1224.3548927814475,775.5073006663533,27.21341613104446,76.13811474568273
1226.942170881252,773.7745755602568,28.04718772744453,77.44628205802769
1225.561402793979,773.933383526365,28.662447395074267,80.00553407684541
1228.0304673511184,770.8937667772761,30.18722618529703,78.51311283776869
1228.2610334527037,773.1006031193913,31.230078161769974,77.28769389486763
1227.6806242839837,772.2818243259703,30.631792126018688,79.18541772325185
1228.3354877711868,776.0657782834255,30.72613964799953,82.09097861431847
1230.0130612810697,769.5184620677345,29.61757787908821,84.50611172683483
1229.6476697751307,774.0299689555741,29.719713723502743,85.37279987893476
1230.352179305789,769.559737576144,29.165190500517603,83.75859106723857
1231.1101326902597,773.2059454778405,29.091438204791316,82.4118454244435
1231.1814121148038,772.485299843437,28.81801078056879,83.48068573331128
1231.3287995537821,773.1955835422737,28.537390859366294,83.36987306518145
1232.42931226906,774.0060845256339,27.808471385817242,84.1159623168293
1232.3990639449637,773.2968363965579,27.93702889212879,83.3116545601304
1232.296696028687,773.6402317228575,28.193586478376332,82.89397648818414
1233.3437349016685,773.8437053573739,28.10525630842563,83.50103815732885
1236.5272899319716,772.64132113569,26.81891264782887,83.78573472059912
1235.2369386412468,774.5389824024354,28.035167891538755,81.96014487445359
1237.1724394160588,775.2726797621283,28.203222771362405,82.21156286119745
1238.9752475872215,775.5970071364235,27.402846477566385,82.8181126059437
1240.7876980229692,774.2641998061214,26.662046856709154,81.43249214397161
1242.3796406091333,777.9581592427353,26.063849353603914,83.40476897796759
1243.9617973779973,774.8088996950188,25.34273883491791,82.4689471708965
1245.0583076033893,776.0091735101106,24.777710438179334,81.52702848571973
1246.9801942475938,776.8222352849684,24.966564354437324,80.15858267352365
1246.3343537052451,776.7965657947701,26.728422489401257,79.73354110508697
1246.3176764896093,776.4355350395083,28.333048583102986,80.89997530815477
1247.81194238637,776.9475490655709,29.19058522514174,81.03159982677829
1249.0919874867056,778.2764887403818,29.40953762921949,80.97948033456264
1251.214801058814,778.570223935966,28.803467401350773,81.63913870196254
1252.6387938128228,780.5685843808027,28.757759344972463,83.28610055799996
1250.7132833533897,778.1530828670404,29.575530368739305,83.2723112898386
1253.8247792586203,780.869309208699,30.016890165096978,81.99655424065622
1254.9978921799259,782.5195142893053,30.545212475899838,80.58036805472616
1254.1999361133435,783.0167047607657,31.689632707679003,79.61130216550836
1256.1997284398124,785.4094669949639,31.74032233828142,80.37790668067662
1258.884759289367,782.9107947761543,30.973358315246863,81.95194391923275
1262.1250322437716,781.545046296986,30.152416607395537,82.5447347995981
1261.942177014752,782.9862928923159,30.07928485614253,80.78628029864745
1264.6392814524188,783.151316157969,29.092511279867168,78.5962877104829
1269.3606423435995,782.7747060786892,27.10636806012832,78.63314493695441
1272.7064404080068,784.6689344306743,25.053033874812947,79.36788337621721
1274.9162911855988,779.6544989445799,23.825360063027652,81.3944349399087
1276.8797158567934,784.3197393979717,23.26353723331459,80.28035937624419
1278.8139873485743,784.4705126388062,23.12505176979544,79.72503263290625
1280.9906365516122,788.3334444500986,23.088494516084282,79.9428942798352
1281.9309384794499,788.1182529593455,23.0756296533796,79.55445776682444
1282.5649038894562,785.5177152929524,23.708870492644458,79.20678867197057
1283.0199353720122,786.2874347730486,24.815929099246063,78.2079465625181
1284.135091110243,791.5789554017613,28.05966403259709,76.17927117270499
1282.9778843534307,793.1263485848499,29.908308949435956,75.7135446116756
1284.0509217786296,786.997069320876,29.284565421221163,76.74886170711241
1285.7024372373403,787.6133309662143,29.558686309619,77.9278100516943
1287.166403598077,787.3751561929474,30.060453756643085,77.46823502568105
1289.3934164691088,786.4344359786197,29.510351956076136,77.92387481243122
1291.1212079744905,785.5039768989027,29.555592434242584,78.62821502181512
1293.0219764582293,785.4897496998575,28.979503619681658,79.46218347988773
1294.3361027409649,782.0945546601802,29.153084906337753,79.35948026404299
1298.2359407614242,783.1666713234088,30.01742024542471,77.88648813052538
1300.3010255229137,784.7977555524187,30.316882934317313,78.20163028186133
1301.5611432227663,783.311882994962,30.008100756742664,78.35026229345598
1300.3582343352653,784.4705254884019,29.552385580925552,77.63863922079011
1302.0914662000978,785.6664512101087,28.376273990510608,76.9264444525368
1306.6047536616402,787.2007219105509,29.777713877602775,77.80831362342563
1307.133211980993,786.6506152474559,29.510939301395638,79.56193285816204
1307.407224590198,787.0457952251012,28.95960886970453,80.96384928335902
1308.2860286138532,786.483502334671,28.49854748737807,81.63303099712718
1306.4835981172703,784.9736398314569,29.074996584718065,82.39146610990508
1308.4753933534066,785.1220776142674,29.051937885068106,83.09153180094148
1310.6247992653834,785.4254187716627,30.04589143443412,81.74243630112716
1311.848018800171,784.6149474550571,30.702538061750843,82.03772559024412
1312.8839552572758,785.5969332294512,31.61269703145467,81.92775611019681
1314.2146943093194,783.4114550674261,32.819496977390145,82.3299467590079
1314.0728201479967,787.0923391415528,33.31538897782676,84.05118361024675
1316.11404202392,785.1206715856845,34.05768197233536,84.98678405228847
1317.2460906743297,785.5271571511735,33.89827169679334,85.48976931431913
1319.2728944705266,783.1961648307496,34.45935345927836,84.83912134728943
1320.456924765943,783.0385223170184,34.7503653620345,84.5059676929915
1322.905759720641,784.2579280561192,34.756686489588105,83.79689282696255
1324.7745091439222,786.5124280575101,34.050708945682466,84.78930852284282
1327.8342140748173,783.3727503345613,33.02058110660799,84.66276124399042
1328.3995817769896,786.9515373859625,32.77425193647222,85.40510802169965
1330.820998797216,784.4087756377082,32.42140324684637,83.69006074193959
1331.9204806746864,788.4759157867036,31.416261896493666,84.5274241351922
1331.6370871217152,782.5943417708675,31.467589352469897,84.37754612202177
1333.3150448566737,787.0793021427157,31.335706679961472,85.02361767386263
1332.7086336183195,782.3444870501266,31.422563659341,84.74315890681662
1334.2665268635376,781.9543237168534,32.19767932738702,84.63508432080226
1332.9325887757348,783.478847248934,32.82026903569474,82.98115365171608
1334.4983377205451,782.4646652395162,32.59546544360399,82.76314707324944
1333.9468097403667,781.5604000306439,31.872722186509044,83.9311246280293
1333.4507252925087,785.7443290061781,31.79708485692821,86.56394152134506
1333.0652595273107,779.7034441894788,30.932714279019727,85.52780056000661
1333.7093979565093,785.0916677495775,30.8485268957865,87.53164946464842
1332.9244874004182,779.35307771372,31.10996857208293,85.76644686925249
1333.009566952564,780.1975254969058,31.52087247080655,86.04999797140019
1333.2647973834703,777.5055094797796,31.44192331860804,84.79935518970021
1333.5582895704736,778.4472945766332,31.209166026923267,85.25644216732442
1332.253822020973,776.9433179090895,30.629713689423234,84.47295919581381
1333.0701881191637,776.3854256383805,30.074548102097708,82.60613165505077
1336.228908428129,778.4955817087922,29.355821600395508,82.00929257790443
1341.0416221998419,777.2000772752192,29.34637610136076,83.04491603734519
1347.6311712157344,774.170972592952,28.40963908860686,81.92394449971381
1358.3894622807154,777.9271285142688,28.382796954241293,80.27840543481798
1371.6998419930326,777.0203061674118,28.07578644622162,81.1039577211538
1385.4242883838974,780.2806339535605,28.21858882755555,80.66825451225152
1406.1904987097678,781.6382117555374,27.821906220126408,80.85524218124755
1428.620847311102,787.9870347406193,27.78057514333886,80.0641696403016
1452.0758281921155,790.0828431081374,27.73562116074063,78.32555653497593
1476.904950862141,793.2678412237155,28.128202104619433,77.79977061025352
1495.8551114061754,802.0810072790819,29.484437425995083,79.36037446787839
1520.599819120375,803.0698849163439,28.84960964070293,81.58056182535947
1539.7137286121495,807.8977217900095,28.907634480172675,83.04797167336888
1552.2117941939873,808.8513856494993,29.09337600885422,83.20777783509038
1567.0089096807417,808.9396558658965,29.106070377032687,82.33194313592934
1575.591213645923,813.9154794562226,29.794916457483218,82.61884793611762
1582.7247869490475,811.9674729671528,30.048092803242376,83.33424001462268
1586.8205804569866,812.3988019150606,30.74631717051016,82.20920095201419
1590.4546330279377,814.7208462072847,30.999465965417016,82.42147571471669
1593.577832169635,813.5921439305182,31.446162828065468,83.52985953198024
1594.7618092337777,814.0247463543534,31.882823714562235,82.31541007515303
1595.3774700145668,813.2041310303325,32.423224870721285,82.7952229009927
1594.1628337524603,813.3029580375573,34.54978261016197,82.15704064374529
1593.6495110239805,813.5132230212223,35.94214980409181,80.20561854928312
1591.4092729938393,813.6322823814653,38.30940975538438,78.15051590965007
1589.9459633121228,813.5302994393783,39.604852395573566,79.16337006046999
1587.1659728385316,813.314209174045,41.342329419962155,80.54270526071187
1584.7648414917674,812.9827240200041,42.82025076747598,78.23764018667349
1584.3821633327286,813.0201571114111,42.39899435243123,78.41631550902297
1585.7750399685478,810.9417880073149,40.18124136584053,79.97605242972
1586.1379223047354,811.3145947680805,40.37410712233665,79.00914796170407
1587.279340601227,812.3194193029035,39.377006243962356,78.18429794810072
1592.3082578131423,810.6218387271953,36.93547204573737,79.3854127429382
