424.5,500.5,125,121
416.98766398939097,505.125517179345,127.20188056969762,118.07434242619863
411.3959789505762,504.651089026858,129.09340083845416,118.10895732313708
405.6221688357338,511.1819165243344,131.3621733846999,116.19673067812363
399.3491124833841,513.9433481310195,130.45672065138695,115.36168967005665
394.98942950077276,515.0788818041478,132.1883710821733,112.24285929994522
389.4907228083024,521.0006602883382,131.11204877812384,109.06992330274863
385.0630525383584,517.6883487844988,129.45307121727907,109.02828332756675
380.61998549599855,521.8415916730303,130.64166248035698,107.75426914553876
376.0168750153604,516.065869963446,130.73272033033393,110.78261774650363
368.9786860631568,521.4143549646949,130.92275208628269,111.05112761747395
362.4899662206926,518.34728471357,130.6872072065823,112.85250124754414
356.3028705626854,516.5264792021053,131.43466546704224,115.00534175797364
350.34848952264724,516.6738523773813,130.87227171801746,117.25270255523196
344.51076126200076,515.9576306289615,132.88025259016035,118.39818609106865
340.31625421605906,515.9248070536697,131.31565544270148,120.45996792284078
334.3765748987529,517.2462570906395,130.3580780418298,119.21050869386588
326.4804442085055,518.6033547081022,130.4290805026384,119.30701265982884
321.7985915267574,517.6002335996294,130.43596881403965,123.76881794315841
314.5931091100704,516.6527910006741,131.0192179638404,125.60624296542397
309.2093861893646,518.9471703865603,130.2925405635308,125.08613763142358
303.03349282691505,523.0429173493325,130.676390158221,125.41012666055511
295.463204804965,525.5399145166182,132.40567143756584,125.09131976467464
288.8111506954983,527.3418985636604,133.39914124351668,126.02842538687312
281.8838986031041,527.6438159227193,135.3448895324076,129.81559049465233
272.3289151154519,528.3295741700533,135.97369757154402,128.54149593942572
265.6779287377268,532.680706558939,138.53288412306193,130.11751301719377
261.22803323685076,534.0219693521688,139.55959838204967,136.0856739640814
253.50496382615094,535.9468649172738,139.21256692057722,138.97918428941182
246.4146683753039,537.3065411135373,139.880603764558,135.32708880944932
240.09517370203673,540.0035167154571,139.67982658689553,138.91637572619737
231.6477504282227,535.537424680396,138.52046171654854,137.11344109992964
226.81390457684432,542.8749100255151,138.22175767943426,139.89837287723282
219.45990938453264,543.6934925376133,138.25978139602452,141.00418282815042
211.48484589320645,548.6916681820214,139.74794673709906,147.05309779559735
206.20336192921755,547.9047773907673,140.46650302232428,143.87940518435408
197.34117258878194,550.4127315520226,141.92642529427246,148.9665948517
195.01340354299862,552.5568878045844,144.61179019971144,149.9116127542559
184.76522125218793,555.9956740886167,145.63580384820546,157.42914184425757
176.8899186593029,555.1736778321698,143.77071472946196,165.83062174525458
169.80139616937095,554.5015476881874,145.17630713410017,171.2933168027153
163.79892393800827,555.5974057325227,144.93534263385072,167.16171492314407
154.8186031044269,556.8582885818977,144.74161992852822,165.23707931855395
146.40005585878578,554.6795955364647,147.14519600905888,158.73735092741146
139.53057496017584,560.3040067398908,149.01427745261293,161.41398229935822
135.1417706696889,560.6397810490425,147.60144326441872,165.3162889626434
127.47520747271555,557.4927987059787,147.15953627186596,175.50299647634768
117.82777363179412,554.645243734526,149.86420052929748,181.1373102687837
110.04002923114254,555.6425516231394,153.44285406090916,178.90428639460612
110.10962759833234,552.4870766501031,150.3268393497964,186.6275606121713
96.80618298020475,547.064254100948,151.71157352204037,187.5214632866523
90.93904586434086,546.9052327247962,151.58357426216756,182.04254126304414
85.23371433526,550.2332071999965,149.44251390003006,183.7496518286652
80.99091628681593,545.8926522624276,148.21574175274142,185.99504921238497
68.81334762074123,539.4807605958465,153.6973051666545,177.81556838885604
53.002901218575744,543.8751100168041,158.77930005103815,167.5503017956469
50.733995341799854,541.0899053744362,159.6981196449382,162.6439084073495
38.88321833921002,539.865462544066,162.53984095040843,153.96810119478096
35.800137594775805,545.3068717503043,163.71596047954077,158.50105812104903
29.1090617201274,540.9630320013475,164.0085102593893,153.62670832495996
24.916576617228074,543.793664957504,163.32017534671127,154.35035517629757
16.79034965108535,544.1798642246481,163.8940255778705,152.89274248179447
9.66820724725477,541.8915703590234,161.6354251075423,151.22522936171123
7.052321228745868,547.2224730187568,156.21360430913413,158.5656147298672
3.6428946823362907,540.3136202635592,150.2202158917525,154.35570295210695
-2.290584938294927,549.9874798498838,141.86168163932373,163.34251291564576
-5.625241506577524,549.9985719028009,133.33948513296065,165.23924525313254
-11.339949155013784,551.8687851888525,120.63633950403292,163.69337051705568
-16.509443590200355,569.0279244272278,105.23906169201929,158.15269857660587
-19.59128026067988,583.8319395070552,91.69599600597815,157.43951669699806
-13.856316581319724,580.8934606687201,80.55044405762663,149.4349218181129
-9.361466103597305,591.442958653615,71.81727717210914,146.10716832709943
-3.873030584111511,551.6563860129062,68.29680659513105,145.16678473354955
1.0268588889835186,511.94295355624024,68.33434394641404,139.43449891732888
3.700275068329667,472.07797161765643,72.4857182015594,134.99894976839363
3.641594030343498,442.1084367835089,76.6441092136266,130.49605485054454
5.636549656177756,442.3982322257092,86.59325679405507,116.47706947207926
-0.2342217012951906,446.30865823326246,86.87465385538643,112.57937635209444
-5.1173164323700036,451.03153402138105,86.77600149937216,111.69633306220497
-12.454921301640475,466.3534807335334,72.24488050100881,119.38400154854028
-3.5915225703936677,483.5967273322532,68.64116183741433,114.69558722169319
1.7109829125969256,496.47350723385097,71.57179408333002,104.86786929769126
3.299889622332614,512.1104703792616,79.31886751926078,94.40311713991355
11.434195053110315,514.8001556018073,85.84615473365923,89.27417410349162
24.778373141227206,515.552659106236,88.586722481952,87.45921290968882
35.90717926091014,519.724260482714,91.020915187101,84.19690811635165
59.1287213161083,526.0304986465856,90.61511621802467,82.25485594722736
70.68770651042651,529.2989887788762,92.02928226916796,79.99524404291176
99.51538565502862,522.2103618253824,91.07785659049702,81.41331438064077
122.0102064809097,530.5981057572308,88.99942163780517,80.30590735812171
154.52869862752667,529.9895963519136,88.57093064139524,79.55030580927694
84.60513276429809,547.9692999114183,93.43217139726701,78.55839079090713
109.48105263055552,561.1923514378205,88.50482747006572,88.15840666536079
133.49409148190605,542.7809527142388,90.40960029764284,87.46758223266988
106.30591142959152,548.4985821211418,93.74942811084227,87.76075655938214
30.528534125750127,584.0523966964713,99.46076093193017,87.40403076706065
44.486404502578566,585.1408612355874,105.12644211407104,88.66045962897317
85.81137439400185,571.4986018989623,109.28030019747544,88.19431303929004
126.7627771080864,571.1613942521225,116.25056538502866,91.56805772937466
155.09100447790297,563.1648048833024,112.15645589348335,93.78546674809526
198.5009271494905,561.2582460322022,110.82972439312198,97.99271454686293
231.51261934127893,566.2421712748478,114.1279450600517,98.13049438713244
271.1384439069327,558.8443475976339,110.27992185677037,101.38810522889742
312.3540405565625,557.8115176411708,110.1027720670339,102.29197141713051
346.8574886042685,540.2235858094872,108.06368741647131,103.28216002653349
405.57891347657994,532.6345954710029,104.92090329042693,106.18846721059734
434.2070934500179,523.0608809053222,102.01184694520279,110.15557139851133
462.8912955747836,521.9219144574735,98.7078575751861,110.01379535414682
492.0792999212484,517.9156364394299,97.52564022481252,109.06752208414066
508.4599397842261,514.075492108234,93.5899610479932,110.85631166043657
528.7436622629077,513.792297617225,92.65829365167949,111.14848797421237
545.3180576882332,516.9303176839796,99.82551871649265,113.4132222346539
568.1363067642338,510.0258008727873,99.76031535666547,113.3630652479464
575.2236493267042,507.09097409451283,97.54773422394283,115.48757533744764
588.371263433143,507.3446347566568,95.512567649897,117.17573282408485
596.7099761195459,503.5863968339879,92.80842671492638,115.09212551823047
598.9573377841691,505.496623240619,97.76144194802258,113.89902971123183
616.3239474406904,502.42640039196135,97.07416608776512,113.9130599069385
618.0393523431387,500.33761079518854,99.81845484325952,118.11570263096087
622.273875362122,502.44218389633454,102.40734490930294,117.51374286591289
624.7449872345229,502.5118150315204,102.33106871952518,119.48716467236274
631.4285813166805,501.92968718067516,100.39222450626303,121.16216433902304
633.5169801570647,499.2823843422795,100.37942136513578,120.64595422122542
639.6555304394282,502.72922658478484,98.47325310159367,118.71425888953183
645.6860398919837,495.5157524760321,94.05932046203407,122.20419045162828
650.4726761744743,489.3218944950738,90.87631036428348,127.53414912604745
648.9456460695268,494.675204970218,91.45770791104093,128.43355333142438
651.5641584202127,484.84017976924383,88.78497431196125,129.9350409918679
652.7068504698323,489.29831900656006,89.62811861841078,128.9103503733059
652.0944391239399,484.1806556404923,89.26958580461854,131.8327876062611
651.8093499894496,488.2671907801855,89.95605446744557,132.88024595160363
650.636122978304,486.8361342818808,86.60549266623084,131.6620392982246
651.1510776633843,485.1527825524123,82.54163924838737,129.78725857725775
649.0596355843644,484.16490264753617,79.10850749369999,126.82109907281765
648.9905841937705,485.24432941223426,80.48276071273517,124.09650063773873
650.1789764411265,485.58181212072765,76.07232724888866,123.89682092500296
650.8851182112911,482.4353421826448,75.71684263947162,117.29235920531292
649.005854075906,482.9037917045733,78.90162711464373,113.22640388073668
652.3391426532384,483.6926997467799,78.08809523597196,111.49614261892457
650.1157694108251,483.53235541875335,78.61351406785063,110.33809531883838
646.2664623698975,482.2259979106584,79.84472727098965,109.62608740934233
644.4732402440786,479.5385930776568,80.91063803519438,108.40428452275651
643.915959256456,479.5968592503587,79.96526836530256,108.31906418870912
644.3641299995844,477.7146029042214,80.81241321302468,106.93541704117806
644.1392037753066,481.46142730593056,80.11969973171372,108.2698771951341
645.0216464424162,477.4243240305361,77.68996937075225,106.75211381681538
650.1649578011117,477.0698413675888,76.56216636704951,105.64132301126244
654.346866111677,474.95551277232653,76.36714020416426,102.06464424969681
658.0443349906388,476.7144330491521,75.28161525497049,99.76742700879969
661.1536313001033,477.53380709483184,76.45264977143006,100.51769819457725
656.6784219178321,478.1140008173052,81.1811790894042,98.36446437988403
662.5946629467907,476.5746177054389,79.28569978146996,100.31704335099252
666.1093491080687,476.9568092075184,80.63199157855405,99.33373020046537
668.8962265121077,477.1877038502114,79.3094320382462,98.86832943494554
666.9957511329501,475.0952281520422,78.2220507413303,99.2327125937357
668.691242282929,474.6340362005923,77.21996867479535,99.95645291007511
666.4213802178053,474.18760361217727,80.41145432392656,97.67271636610475
663.2727532431327,474.4051324529795,82.12496403648521,96.9670338477352
664.491085717555,471.9039601995062,79.7570503767744,97.86039304898028
662.9841960539059,470.8520225682486,77.90360848635274,99.40042106834673
654.3313443620568,466.9323155085086,81.99106882099491,97.62976961095274
657.3201717797153,471.8203985739184,81.76359255195152,97.35978150424174
652.0299826693265,470.8062461156267,82.76300790464461,96.6322514007885
652.1651737378418,467.85087062577315,80.61756101621015,96.66660126969232
650.9559526862018,468.00695047873603,80.45012051284995,99.04657568370635
648.7083483733645,466.7480974835738,79.58603274224774,98.77750203709387
650.0090579930343,462.35406536764833,78.14318088067407,99.23355883649776
652.8460595283528,460.2186358120016,74.3512350863206,100.91085458606884
647.1213727392962,466.1637970497891,74.33101124890592,95.98549003298376
644.3116257546644,470.5216786720464,75.59647815861973,95.73197917592327
641.2637462480468,481.3732450402527,79.5047886282689,91.28585672520045
631.6667647728087,470.7587590480897,76.46605641894052,92.24524296999583
636.9211313079214,462.99189666058624,73.40162277249655,95.97484394622239
637.3399888407614,467.3508483815001,72.50827707557994,94.99084192767144
630.4710709352421,470.98951627211704,71.30180105994023,93.24393831707862
630.0318549275908,473.15987988907426,72.99798255697158,91.4167318317433
626.1202704719738,476.17628020823537,69.5807382006447,93.62891201937275
628.046486856053,477.57141164833314,67.81373202795521,94.55287425893027
620.0420415739779,494.23801634047675,70.5501846707019,91.97870425915268
618.9683257923512,482.16935413185706,71.83542778368457,91.61673890373115
608.5625797610649,480.6797582129607,76.73674395406502,91.47657735375402
608.3505884281504,481.56564257839113,77.06638633237361,92.93408885507299
612.5944512675394,482.4646788631029,77.33605146758609,94.5794225148939
604.0722435543406,481.78146216760064,80.29223339968979,95.83789246637357
597.2645890082107,477.3375634103828,84.68743120897511,95.18501158230089
599.9990498342312,480.19716509341447,86.96789348487819,97.79012937169188
594.098476862141,480.4780258602898,90.69028419676084,97.28927719318926
610.5880975477328,501.24262190614303,87.67024625020625,99.85254118494247
616.0225801263898,513.0213632456537,81.87128221085459,103.84406338640602
617.8764614418999,509.57582459513765,79.72525839165536,106.88058354384358
618.4151598959553,499.487016317606,79.20339241732731,103.18370821180125
620.9968127996046,501.7739486772864,75.84233414348216,102.74389011569545
628.0705150275548,509.76774926899327,68.16480403156817,117.4219138297676
633.2612044416258,508.8890781214128,63.510211112313584,126.11180912364193
618.6728989758019,492.1914309893941,70.6836237728494,116.03413444609578
628.765701430781,489.08240229267506,68.5080457741078,111.15606467727773
544.8460946933632,469.41892785742385,78.24135667184152,104.95708922604862
544.1212489298456,463.9449368638759,81.19616290082945,103.44387079509258
524.1238884913821,455.1079817732915,82.44216676351974,110.04700367850671
521.7796605153353,454.76029368556794,80.43917713875241,116.10214173599883
519.6630431917499,446.85380909158397,77.54841954014441,123.8039838616642
519.1680809985373,431.43136473455166,71.43051605233809,133.39125755329778
507.7986823429459,436.7075885473192,72.02476229455532,136.21501079988934
511.741016186767,462.83847906712066,77.65498226977104,126.89380671286365
500.3120685367103,468.55815184285336,81.72860436808926,119.43697398244532
498.35161235198245,462.2409893634285,81.14595506452926,119.22551131880806
498.7513608549214,449.3430670545341,76.40944663830113,122.19574977546159
498.1186389630852,441.6296798959082,76.80571813951597,122.02716364449248
489.72615534621707,441.44549741293775,74.94492632360611,127.53564514838669
490.9626707957565,450.14634592784074,76.23950050881312,123.60257313075454
491.53686100306936,457.63536509046946,76.44678274077452,123.7206622308799
479.41512026592534,458.3683597163031,84.71312354689258,117.01352062006276
469.30520925371275,461.93629252271035,93.10345709000927,112.39700496342948
459.95521397046195,466.53789921372123,98.08969100914959,111.61697517853472
454.40171883977644,467.48160712401955,103.81483251607386,112.98065438143334
455.6974421383338,466.4561567106388,105.11622794033372,116.81994371891133
438.54330619504344,470.324535425562,115.98386416275616,114.47088096615295
425.73479231192505,464.94517603548854,114.59674362068856,115.52939923863369
423.0313162951477,464.4433394862185,115.86946001830654,118.00337684793206
415.7288826664344,465.7011216793767,108.41588935921335,118.42566631959929
408.72425825180943,463.21976568352744,103.63507317692054,114.02693226352736
405.91315168096173,466.382556933551,98.66038907307231,111.40193246294304
400.181783199321,464.3974914029245,93.23981858799043,113.61006221186219
402.4900757132552,465.48905195385487,93.3606990781336,112.39977606557568
395.17697538753083,466.85772088755294,90.75904998059352,110.68088167447459
396.48862852548285,468.50543480068563,92.10662805775955,109.72279427103973
388.43167245731007,467.6600390776849,92.3847761941589,112.26497012939768
378.4134158084204,468.96473449371484,93.41364620432657,112.55297234707892
364.79150663347195,468.88827054941265,93.65720996800886,110.58940218647999
365.83448946248586,471.7570629978123,93.54169434082792,109.10032308799842
358.08599232293136,469.2070840743236,89.75681425975364,111.88416518607795
353.6162034976026,465.2979515650895,91.7666641718213,110.81617957436754
349.0315163850626,475.9232851943892,94.10554250678389,106.23717924346099
339.05489321110684,476.5723501908686,96.3855571258645,105.4380781442575
330.9095775414639,476.5351053722834,96.02803700579999,105.05730394506845
330.1040853970178,473.0195210478351,97.40000335084999,108.21008679334531
324.9705476844649,475.03271430893085,95.29213322742865,108.76288661289706
321.45742092711356,472.16257634768783,94.6617901080624,109.293561335335
319.66588023046745,468.1017110042743,94.16482490224979,112.66369454065742
315.4843521601996,478.61179887739786,97.27205014379018,109.21865864673347
308.3158227593067,478.2798004419194,98.80042038845937,109.58430432521044
303.9980230679367,478.18350104950946,100.57802628209014,108.43232217512032
292.71982440691556,487.79337143297437,103.70286028371959,104.93275448646315
283.6466839519728,488.5768942648555,109.62428830676814,104.10444677628686
275.1624791411648,487.71407131949985,114.84383468910784,104.09230069475628
266.2354944741583,488.26690945213346,117.4441042194576,105.47123447352678
269.6972438979618,487.8748420021454,120.12239771226785,105.78436924440041
260.12701459903417,488.29309458500376,121.81524964257399,105.94011841232336
254.724990508482,488.81471449404756,120.13537315490046,105.62794799236997
247.6804423672033,484.47612608403244,115.52554870365412,104.28552471100076
247.02764631407467,482.17904085073985,113.4889350447171,103.94769732310098
237.34534608008204,484.07846819850477,116.17039203384351,101.02181335529355
236.3266514183237,485.6406807982361,112.1873530510384,100.20129759986077
226.56069205985793,488.5337019882732,111.5175418195136,100.36696547818757
221.30249766192608,483.2980701536397,109.86776905807783,101.66147239500388
224.4783419207879,482.63162609685264,108.8963033002594,101.23702562435237
224.08012901166154,484.4958435315778,106.08529545682043,101.34519203475375
220.53208977057682,477.97344464776114,105.45356768126021,101.0579029928416
231.69493617016542,481.21188243289475,106.57296689795237,99.91976211067254
235.17455333474956,477.18668185629105,106.23885207624672,96.3381828033604
240.7837701344625,473.49770466154183,102.58113888710253,93.1628307112552
252.2552445337642,473.9638330107109,97.95356381990987,92.9505292332769
266.6136876354853,471.7032072894096,94.40171984736047,90.84093006515657
285.4405800467407,467.93213090082406,88.62265948266979,90.18536277032416
295.01408413260265,468.33226524853086,86.2435179932009,89.43109768667196
305.6844358755226,466.27976182619193,82.61272720402658,87.37516723004948
311.1249410986362,466.6470814917152,82.38538688168029,86.17906147089596
316.1929833533788,464.9017510123301,82.16392463987245,84.21342084782344
318.2444560331848,464.9697038213291,80.97646283547058,84.14277100823556
321.8786978966103,466.4788210247676,80.85243780236354,85.04548515134735
324.3560019999423,466.05898178671856,82.73513694176322,86.499502630367
319.1397715404297,463.37676770615235,80.6494074497445,86.41266663464533
318.35839456469853,462.2099411055524,80.63546651001255,85.09948664655208
314.7060938378344,465.2651470569724,83.90171764404812,84.01794545982682
311.445935927995,465.1524015786918,85.80126171541612,85.49419802108135
305.39480093951767,463.7329846973546,85.04080080216173,87.38632062242105
299.7583569795342,462.77108494081824,90.42065137467651,87.52944666377297
297.68293130663113,462.89554606592,95.03700681829204,86.66065936430896
292.08362190735755,465.1848129004372,101.30934789101605,86.10857232974747
285.1445799010316,466.1268791281209,100.77292798990047,85.71944322919555
283.19342651778885,466.57101293322745,101.65174036840025,85.98249445760052
278.07217315853677,465.77603788909687,100.11561844334909,85.58255755123905
272.1492512978168,464.26895021552724,98.23307702842925,85.98042612957478
268.3485546926363,464.1470038190246,103.09595824278296,87.6314730916285
263.66503469165707,465.97787450385783,102.59810544523981,89.09859434143243
257.1635552379832,467.88854964521545,101.0067054315565,88.41760982581607
257.90306497274423,473.0615885658706,105.29105398694597,85.59186684701169
257.1518066485996,473.8488558801962,108.98219650859393,84.71510873839321
251.06612350017718,476.4027635465184,110.30208794593338,84.78741795292558
243.31721341467733,478.3275211894848,111.21937639109458,83.77403819811988
237.26453044884283,481.3423802505024,113.665477729007,83.76525707676552
235.0826414594111,476.50012544718754,111.95730625823967,86.83349554734241
234.7114416420912,477.63121447493097,115.93908405155437,87.37628903144419
234.36952519566842,474.3092374350182,118.68760077129014,89.2766295365418
242.73073616944697,470.5514253740446,112.99991497141488,92.25540696592947
248.4114853816066,478.89115234645567,113.92352373572817,89.93042136017655
253.88251306542733,477.26395525967854,117.64505100436662,84.7128112448053
261.4513681734812,479.18647657406206,119.640745574562,83.62138895830451
280.4421617312155,477.86633003931274,117.42374112892963,83.22898819822669
291.9300219108075,472.49023344504405,113.12494829566052,83.83999105100267
310.13529287568304,471.629973677439,108.08503118526977,85.23248708276876
325.03191580161837,474.5775110318216,107.09181399408929,84.62527095216882
327.00311860158,474.49939351142655,109.78988120576955,82.35268754406798
344.04381294357995,473.760504862582,104.19897054223816,82.99861961746245
349.2136805453806,474.8842434914739,102.38460453170643,81.2416142225035
350.295401665396,474.4999111734525,102.44059508251812,81.22626230619028
351.74789978727136,469.3317490131149,100.89989523672023,82.00382361629076
352.05461645008813,473.84606266157635,103.69997979125787,81.81400160024498
344.2268728017617,473.52154538161903,108.04817547042767,81.88483398350519
345.45272677337294,467.4577854520153,104.66137650355903,85.55627034359412
350.9094302511348,470.1711236546396,101.35364285993397,86.267198842102
344.04601014941653,472.46325676573656,107.67697435527735,83.89753772803235
336.11053283487996,476.059924174827,113.52626037697155,80.34481788606956
339.3636984450078,470.8617214233665,112.73723721026656,81.73528816655406
329.2961238441334,472.5491010885778,117.93045574998183,82.66801986291665
332.07346412942866,474.9740824941652,117.36040379762049,82.54925190027883
341.46960107365436,469.2077306779263,115.39724430144894,86.73489331692073
342.5065291312816,470.6938350196086,112.23115954470407,86.34526788638959
362.3798450420537,470.04653768143964,106.85633168621735,86.66332839752957
374.61289229363075,468.31523029396425,103.42011165332619,88.15519441454595
388.4399883226644,463.3330189786027,100.67066121717372,88.89037815394664
416.17484576479967,460.0832523103494,98.05614146843578,90.25930864975055
435.38484928864636,454.9110651704542,95.32282634289625,89.95726578226217
448.1934914796438,463.49573695858226,96.56468421379836,88.70853830321772
462.66378433223844,461.23774484479003,100.25679961361823,88.28705208209746
471.41861277988346,467.51115120184664,102.19521231980437,82.5955585167886
475.2231655513134,464.4389616440874,96.33683336005521,82.72885602389798
494.158513825713,456.841370225506,92.70287507720614,85.00986961751262
501.0486109856454,462.8781323016349,92.15131520259962,84.73502054210132
492.8861150528486,463.51445293081196,98.99558125589942,84.33320155372351
493.7859056717739,462.1910583689808,96.77577748644359,84.33714128117256
494.21346270653095,465.9638718804256,100.76538915500157,82.58596197494631
487.646866562367,463.83204548602106,97.1738452038471,85.23957623430904
489.48149313461334,461.73741783152616,95.18456129447563,86.37884969831651
478.591938188192,465.87357685275583,99.22412621847496,83.73033040607052
487.51366089933447,465.7300608578131,98.44619269321134,83.03863089312296
476.420067244448,460.0490243049571,95.11281835815151,86.79098546443127
474.3730241023528,459.1816484467179,93.22932387478596,89.071910146282
471.5580264359022,465.5341734757715,98.08788128899545,87.71134114655108
476.9035781861988,458.37287772181776,94.71478266749516,91.55723323218768
456.51630189399026,464.34214268611527,104.9578944183751,89.41738761796086
453.02467497434526,469.78183534577715,112.27306121533714,84.48863954491861
443.8583616219833,470.6096986599908,116.62355802226497,85.39187302025503
440.63709251847047,468.1494337885164,114.36752487190586,88.53465111356655
438.36161553217227,468.9587969426469,113.38072528129874,89.88212971977696
438.5051834109205,464.64500599260157,114.03777793496059,87.96573696888544
435.9944207021904,464.353662234051,110.82836889791935,91.33959242476487
433.43633138186937,474.24209005821535,107.18425754082492,87.10487645574261
429.0585427541097,474.4295964915044,105.79541438882192,87.38767419138054
424.3919166501398,474.0881709518535,107.67549317187736,85.06618125240928
421.59593730223116,474.04439451349447,108.38135727927326,86.1899047893314
415.61877322453176,469.9382850161809,106.38404738612817,88.51417407675243
414.78541272742757,468.4777067901239,104.15865232079534,93.1598414573771
411.79691137400016,472.06126251609066,100.47496443150177,92.2107146433969
412.43401292256567,474.8290089862599,102.76239698385774,90.09827677705417
407.1001868183788,471.93683733981584,102.04605881065578,91.15873516560487
408.1753313545616,470.37539556361065,97.45564307666231,94.12226853892717
400.6376620196823,474.5935978358563,99.0653097558619,93.75289161933519
402.1881983646652,471.8925748334024,96.6998522186241,94.38522842056307
398.00920047275224,474.0602788187718,96.51872144971455,93.06313453502216
396.9952029787215,478.69328061334727,98.33983363257775,89.83910876464421
388.8655381078588,480.1887474120036,99.8403705837537,88.96474854812331
400.0431566594837,477.13834741875274,94.84977582426441,90.89121176362285
385.56716398637303,477.3166763322645,98.3692873261488,91.30412191050254
388.4453974556009,476.149306015389,98.76312472389259,93.9696881558618
372.9644683012212,477.7054981770322,99.49981192815285,95.94621206023851
377.39782249149766,473.92596976438745,96.75462534863749,95.54546515357427
380.3225767807465,474.51706276380537,98.41954268410663,95.19275407747799
375.864257062823,479.916599232435,99.39447363163643,94.49233258059476
372.7634610586484,486.0959159230542,102.63205909781001,90.51043159647303
374.3382150325094,482.2007992844663,104.72556389672364,90.50225225189243
363.59946600228403,482.9597460884315,100.51382027714286,89.95677655657587
363.01054894239974,481.6816849032982,99.15330879239602,89.377890810038
358.13630443473403,476.1300027751746,89.60217552477877,95.91175355077758
361.65001868115826,478.74228558339854,86.17988321682901,99.11245383015796
360.9354708661754,474.52472270543547,80.44573733104929,98.84290694545501
358.37162068883964,474.99938097741244,77.03433554322017,98.03238017963946
356.640806474841,482.73012328540045,73.82704468012774,94.09904023909903
357.78627426587224,483.57004034932334,69.49253294519438,95.88420858789001
360.5470365561166,477.7369076507139,65.22030196588629,98.22485094367295
363.4600388567296,487.20321752983193,65.44811951781588,91.09927047399337
359.9544322759394,492.16673888713564,66.50482726784853,86.60576435555927
360.36112089017587,495.75576371441986,63.17632519118345,86.10444637371882
360.2912300458916,493.942972579458,62.90603165851571,86.68198389591973
360.0654388856233,485.1835514409781,59.27735581710914,88.31881241406185
362.03776671087377,479.128342441899,55.41603535463079,89.26801531050228
359.6569121548683,484.3482728167408,56.69096011614249,86.42444902847555
364.5719972862566,481.2727623987588,54.44208096921623,89.96853144697462
364.404129472641,478.1297164582205,52.73514964465953,90.99070023559312
366.44689571401807,475.81082209212195,53.057242492095625,93.03483744458661
364.55538606844806,480.02342151771444,52.822809416402976,90.69887214747848
368.1581446746191,480.5207518802134,55.60771977090939,89.66982019386367
364.2283704770102,479.09336943671883,54.6638227248499,88.94701644667224
366.2730450141026,475.88091095129164,54.628728754106206,89.81863046967827
367.18675015656925,480.07743853129534,51.85014310741339,89.87013335732601
369.40721105362013,480.5604482505818,50.711539816443235,90.54319911291432
371.7705445068111,479.2109256749021,51.58097947894436,88.82806550508278
378.0233071419574,471.4796297631948,50.23719622235575,93.41678698040735
379.176024217494,489.8309832504469,49.50033355833654,90.9521654516642
381.7797256227279,484.4042610897908,47.567403618062755,94.7217262422891
385.17127490937725,484.1114528563245,47.285329589081684,95.3128009469344
388.232388030881,495.35974680027056,50.65447673438837,93.57938028555338
386.96450300017864,501.9609762607457,58.260517153720706,82.56992905126525
397.1117569359903,505.7611528175236,59.20558660476763,83.48422388473601
406.26583765650906,501.57607269423505,59.546783431276864,85.01277836592007
415.62462450951574,508.24240070336117,58.78779339037419,85.03556859790646
418.6216459571397,508.36858500261303,59.22339303511707,83.76532593103292
429.866797039295,508.4422066575678,57.885612255533715,81.39919953352819
437.3258049569885,519.4077580195875,56.22170878753374,78.38412425185885
447.417168944661,524.3522654384037,60.17743900642547,73.69247544603759
451.0647459267572,528.8758733303944,62.62341533483785,71.44542140352263
456.0907691780857,536.186747330568,66.89984441047346,66.57682747007372
466.6248041016168,545.2096828953602,69.83312227347747,64.57676491712039
479.8332170441302,533.1512244554565,69.60305254561094,64.82658691041604
480.90614093666295,534.3436668300855,67.39893954404897,68.45122108080497
484.1649330465868,525.4267457086727,62.69893395201972,74.21424598038404
489.51677219479797,535.785818506067,65.48036812614707,70.7471283651046
489.89403359633604,540.2879614896262,66.07458447657592,69.36189626986013
498.50450418855877,551.952816146519,68.05367472630913,66.15796722066088
498.8770493390808,551.316218706111,66.51118233082211,64.59759244671376
491.35596702619586,559.2639690022513,63.67591473627551,62.16814629022447
499.2910317794801,560.764467363295,61.93034136280822,61.883783047405544
513.9345139026086,562.6978581393139,63.800558422156854,60.472443539001304
528.8498097394784,560.0546741800866,66.88362998596307,60.52983683882128
531.6282376341934,569.4316199611187,66.58946650009943,59.92856351254595
525.407451277515,586.8835044793929,62.60725710207827,63.692366130959186
527.8616751124175,588.2983775131393,61.13231893813777,63.374788923630625
527.2886777936469,588.9228775303276,61.09868247634591,62.87447015285312
530.0464721101272,593.8293153171417,61.096166835557504,61.938444829883906
543.7589097213411,590.9429378190282,61.095466457435585,61.4652587065457
551.1899182738786,589.4933952673977,64.383879304769,57.95289065254146
550.7260004003801,578.5551236768165,65.97597579208853,59.568662094945566
565.2178002662137,571.3844968534229,64.1618192319638,62.188708254094585
563.4690514158742,582.6404663983188,62.674256551481164,65.99031080923018
558.6795158587531,594.7060473893107,66.74243528958834,62.408337486658425
545.4839833860422,596.6894870131363,75.24734822794827,56.33581270314886
540.3456355498789,602.882270755113,77.22718058696486,55.55811267114308
569.7793360556913,595.458703253098,77.72276856523119,55.206581003163535
575.8556163368728,617.6826536322477,75.08557599105579,55.193182007040534
578.1918293180048,606.2303026196481,76.70691968504049,54.74205579734236
603.2926593646752,620.0757796619483,77.5499678087705,55.548713216166036
642.2130067269377,610.2952050909487,77.51466099721173,52.02687069113434
643.8603732773765,617.4672902536843,76.97738012868135,49.68959533719334
649.3420290298402,620.7820500749395,77.31722925904666,48.675733059709366
657.2130957359657,624.1422678323662,74.73936531041242,49.79037404759576
672.8648612170443,626.1588067825053,68.93467951639595,51.4615261398962
679.9715113860304,624.4055944129768,65.58345193681419,53.935567778565826
677.4470460132012,625.8441866089807,70.01454765811386,51.380446172203406
683.6346447747246,631.6255219209477,69.90106762585276,51.0231594352703
682.9108663053482,635.7220800064085,72.35565726120646,50.25721357562653
694.2791268537383,644.1018550005417,70.59762543191538,51.25960155257485
700.7527114247287,643.1671392207713,68.76381311879234,54.191484100115254
703.557723754135,648.1909987572341,70.42539778488711,53.82813666508993
710.0151735910989,646.5173563920544,71.73658419392459,54.7277505957078
712.8175191268078,655.0495465529214,72.73419055627613,54.481181277299626
722.0683222520844,653.3910775576096,73.09290752340543,55.054035218819195
726.4521854072866,658.227166113946,72.24012161118128,57.74483738475851
734.4679073094289,660.8657739329069,73.59610963104207,57.768227671374774
740.4925188083251,661.1733592516678,71.92506880293556,60.2262298227007
741.1612115112853,664.7163399701731,73.96197414816187,60.760149606001605
743.6493092558669,661.2011072141942,76.13084051645723,62.55687967865831
746.503968406563,656.4635281176058,75.7656318384732,66.45635643363957
750.3735306665241,655.9611531197601,78.9726639029507,69.81333604984954
754.2968214512133,663.0178832052279,81.30318768888324,70.55104865055705
757.3061422028254,664.3067356159099,84.4501851958108,70.96925529193743
754.003787743839,663.7451334806642,91.14236162914642,73.33219056347468
755.774827625652,666.8506632402286,94.98080108421911,74.81769748139115
754.8762327011967,666.2537340659112,99.58456615386817,75.6309985547999
760.720564677228,672.7882209923607,97.03072061493216,79.59059973470488
767.5767563270881,668.7313863146021,98.4600895721087,82.09252460563044
780.4819644861473,673.8042355611715,96.59011457206158,84.95429189740511
789.0889711312209,676.5527163325435,91.74396576449328,85.36544880883682
786.5799140645138,674.2287639196004,90.63503545773817,87.2354840651515
797.7273625333053,677.5253649797528,90.03744838771833,90.07906346839619
804.772986777837,680.171373659193,92.53565156968963,89.51101411075919
809.172937859666,677.0778958099997,93.98465957716928,93.49247985263094
818.174740236442,678.9515980769901,93.62002667031854,96.7604980873503
820.0339763768712,680.9244489854619,96.0415790050244,97.74280079444492
826.9823308920128,680.8688344034729,95.23092910008683,100.37872208580173
828.9496801737507,682.6269809631157,97.57599668445886,102.90583441820749
837.7716968498761,682.4935262812583,94.9732776739701,101.34944651051433
837.3959905458809,685.2677590749138,97.81374885501845,102.18615070450346
843.9105766641969,688.6925865357729,96.05087952208868,100.99201743423654
850.054786035201,689.8032882227366,95.36497376420769,99.77175106494559
853.0631743968522,692.6370105065681,95.30098645989779,99.05802156811812
857.2707467391143,695.2512688718407,95.28204862846223,97.50944210361524
859.1340394379351,695.0337191718017,96.22355185710003,97.67509077757141
856.9572489709819,695.6160444386,101.0249587255725,97.54011898611293
857.2387039615356,692.5798265399932,103.69320126499902,98.72523456325294
858.0405271230107,693.8052485308583,105.78839085600069,101.17579820856494
865.8370108015253,694.24401144063,105.22814619383993,100.10034875513576
869.2268081221613,691.585117995741,103.58106030926857,102.71291480144825
871.0781569376574,696.2751977046853,103.56216222937664,102.55315379152279
871.2690844208937,696.7538062761654,105.31831086500455,102.64601546131499
876.5105204118554,694.1492901709256,104.30848555366725,103.51717081579108
875.2247490968787,698.9924257644965,107.2569969576856,103.24906068731315
877.1903136255953,700.9487414119199,108.61496448053724,102.67392613939444
879.3211241830496,700.255785100402,108.8613525764003,103.35641668023815
880.9869717577315,704.8008232959378,109.32076051254985,102.47255236340567
884.1956954927348,703.4393338327595,107.72037020251994,104.55190405930821
877.9959406443237,705.2216769035717,110.03296976848777,105.46650502482629
876.0836037007363,706.8778890735662,109.08302005952422,106.16099020806257
873.0470102263191,709.1229196144455,108.61570403663816,105.74918316900734
854.2158044653597,706.8198975413436,114.13849627410485,107.14804054174218
841.0559950076115,708.1672112810517,115.36394936184377,107.40416236210692
817.1236859161426,716.9210063533129,124.67678692559183,103.52661369036346
804.5837339426455,717.3471049008834,125.64627559937927,102.68459492616509
788.7410739231542,721.3196081805386,126.71544456549853,102.87768815457935
777.6964531523308,720.9886139199393,119.70441165285267,104.03362515033903
754.6123950361997,722.3970786427556,121.57690641329297,104.47185507154785
740.8583167664425,722.4961807733653,115.45683680706586,107.12361306806731
722.2228890213897,720.4762652273178,112.35305564479629,110.06894837041744
705.095827865673,723.8005621336189,114.0777280807381,112.78902887635894
682.612753731866,729.0453953749233,115.79509412340565,115.444066946271
660.2023841459982,735.0243200681522,119.04744414923805,112.40768596284036
647.5914046509819,742.1372687464617,120.7254254872866,108.88880425082084
633.1424035543789,746.0278729958615,123.52032427719715,108.17446891177534
624.0085207132748,749.5511501426967,121.43210677932883,107.90058895625864
622.2468757576657,750.3852743558416,122.43875247145066,109.31268052720742
616.3487242686156,753.7940872578077,123.14845031273694,110.56492427250697
607.7535666481407,758.545190558125,126.26617049396441,108.93352240384876
610.7117959250944,760.729356651158,125.54653414734177,108.27370941620336
611.9693698995029,765.9662143747142,125.1014327296754,107.3356673188699
609.2295262501299,772.4197879716323,127.99349545459509,104.1152777174415
620.1391397047195,771.5876203793094,123.70143596565003,105.27579084275166
624.8717248005435,772.3380898619467,120.79772074132634,106.11302736529882
629.4118052926366,775.4276447639576,121.00537241537444,107.34148937270169
635.3562853535719,778.7329366262156,118.7295301579794,105.64651434718627
638.0745753151078,781.9345893235545,119.4951409153391,103.43954600264072
638.4667218033063,784.1255953304358,121.8186800579378,103.92297488110137
653.1074323223327,775.0920549585301,116.5248121292683,110.29044436784443
652.769009762001,781.1705543064326,118.1980850438942,111.7455563143245
658.264161453396,784.6932238529397,118.46992193382593,109.80110516591648
669.414973682335,780.4168686110572,115.69882171333539,110.15462626241285
673.3537653411922,785.5272159837102,116.19409656825647,109.8861590525313
675.6513014347133,788.6100132481733,118.15956969662304,107.42812683946141
675.9915878507234,785.4729025931803,120.42010297109692,110.04629446298166
682.1211146591265,788.0964632751263,121.68703275523052,110.54857932311324
681.685830186711,789.9766753708021,124.32793992507877,110.73592896734407
693.9466087338147,789.274623803201,121.79852388013614,112.7618188958622
696.7281553297926,788.2019627959761,121.45078901577176,114.42449493054431
704.1553715682109,789.3520105113267,119.49883249781243,116.73833333009817
702.1178921361889,792.3039834984281,124.1136629903815,114.37185781389863
701.97649662962,794.1026429086829,128.08136922230244,113.0058801799311
701.0231834569964,792.7431256541495,130.3965803350183,114.24297158509312
701.3254050871645,790.6245372552211,129.96499819281513,116.82789147849053
701.8451818680076,790.6561624000894,132.03183018672195,117.74093559158152
702.6617200986828,790.7785249492449,133.49996764275525,117.09739503293876
703.8606826287823,794.0076189014748,136.16963393190784,120.18705316183713
709.9068979204591,797.2929095979136,136.52725741655394,122.15214715719969
706.8999630128915,799.6118986519778,140.30934857093908,125.046968628196
712.0705801519235,799.0599400092002,142.111779672666,125.98941053700733
712.9436840167509,800.5633466867014,143.63583787131194,127.29825124729092
713.057254734058,803.1180736191563,145.16350214374881,128.1631149506972
714.785519424191,806.2610920211687,145.98933935322862,128.591216665214
715.9523585052901,808.419821898409,146.9504704098092,128.90457508318116
722.2200680565011,810.0990021572183,143.48781963076857,129.05041488408145
722.9199023993708,810.1390768945969,144.65495849405204,128.25596897836397
725.2344214469035,811.3344341508083,144.8454344071631,128.03183821360727
728.8449817125144,813.0990640377017,144.33617126801482,127.72704381152195
729.8644032346925,815.6496952252547,145.4590970017573,129.0727356720322
730.7208435331529,816.5349142743618,144.84812291776632,129.65543468759597
735.6108436011237,818.012614244591,144.45279843387476,130.05940421785886
738.6670759243249,819.0665461143354,143.68730188468635,132.14945764594918
739.0755709127583,821.0537807400041,142.87456962309733,134.28779601744097
739.5013361100033,821.3336138285853,144.49421338869405,133.57353006028083
753.3006644377489,822.2431037409052,137.42369775072947,133.7561937130177
754.380416531648,826.4329525971713,133.22263791201988,135.79173352966546
754.380409177917,827.1748690733859,135.66079090620818,136.8635585854506
758.1030549658882,827.7656214136481,133.9767690045158,136.83351218096576
756.9014724755356,830.8698592295432,134.65071448446218,137.4098190234243
755.3709700780649,831.5170416166166,135.44159243794996,136.77820959293155
756.6800367166152,833.3617902374535,135.22085346234937,134.34648775452393
760.4415172119312,832.6027692813171,134.0099943637287,132.26627228486717
758.3070514509608,830.9265881055114,131.31235831740702,132.23410531492493
761.6434939102616,830.98374258644,124.53126782569657,129.48429521589784
764.7612250916994,832.172085724512,121.4185900742075,127.26169049434219
765.6419362203551,833.2783445757344,116.06062138971998,125.87172507726396
768.2367473605751,834.7606937480319,112.65886752432262,128.15170424285904
765.8780230416022,835.307620155967,111.1590858632712,126.89275901108314
768.6938970406769,837.6512789140204,112.65978535433752,126.33071808534848
770.0599165487997,838.9430202288705,110.49365142893049,128.20932157353312
772.8495111947665,838.6470630903374,112.0444910537463,129.54052561975234
773.489658418206,841.5695691221669,114.5935289683755,132.22683658126476
772.7614997961397,843.2858590262829,119.18819849917523,135.74569975308216
763.8140879701705,841.3622735677571,121.06476209863398,131.82508701664716
763.2693554931164,844.420089665278,125.42507448180949,131.28489273333255
762.0084837656968,846.16941453135,127.05331465604178,135.4462557355434
758.4422072529313,842.4986988307442,126.96777544416021,139.58564037342796
752.9813938082017,840.4775064628791,121.65606303343995,142.32891645245746
750.1814625170206,840.6574612257631,120.04649316103949,142.56135571236717
749.7679518728161,843.8902514012323,116.60070277547085,148.10111943049412
759.4920747797274,845.4195528037657,122.11742923967897,143.66335416880293
756.7989032396525,845.5510802465877,134.57294901653012,136.40904690077147
757.7129798043712,844.401569167252,138.2439126654972,135.2641272627292
743.2519250492859,878.6677015711489,138.4801290333832,131.55828475780106
735.6718583586426,879.3642731354719,146.58266586071537,128.05043287216375
747.3734675461533,859.85089198905,146.60370131442647,126.80250178844287
732.9355944570603,880.9537326540853,139.5956595877994,130.71267460248322
710.8252485725432,909.280377502439,132.14219737716087,137.63594254726797
725.7908111666568,900.5105937757565,126.20110799335257,145.58660030355662
738.5131564944131,879.1749245964734,117.62186930717135,152.0859898717913
769.7516613340832,843.2745078566024,119.79900350263806,148.17775682705238
754.5552461069371,812.49380345857,114.73127262127139,153.68562754814258
756.2944934323283,808.0991892806317,104.66992165325635,168.76566457827977
776.0328701216705,843.6831232858685,121.14828229569952,152.72630705351253
742.8072068903273,810.0846887930401,115.84525307442475,154.30611910436284
717.7672575554222,793.4885913736096,114.25366575087764,160.23154269545753
705.6945047813891,764.5459815051325,118.84099985766306,156.05444618664973
707.2951002075401,750.1353271555009,117.59839946842214,157.6776945228169
694.3971141570646,755.4120070668976,119.44578149779278,156.84322771952986
687.1588408370889,761.6418289514762,121.59868154768859,154.01211076251894
692.7181436812467,767.0936016621466,123.38011681924746,153.42992203272567
672.4612920198817,751.0971840385665,120.87935542866114,156.04981403740408
649.019645316045,751.7502109110147,127.22527485901497,148.55731452200615
643.5689828127196,770.8339593953716,126.03127260441242,147.11131895907744
633.7147563241022,767.3911231568742,122.03201019335066,149.1391395058788
625.6651994928214,766.0001102660515,122.74209365119273,145.4092246452192
618.7032321680707,768.3485452882157,119.6444878387023,142.10296943301972
591.8817868930564,766.0663494537544,122.74817062803211,136.18289363184513
582.486441018245,767.0817693471773,122.25434105517735,138.28660102865686
575.0523285413591,776.2094159121779,119.17819515211932,140.4414190678267
549.6540464147555,779.9716699821058,123.07591766526684,135.12245417338238
546.5637809861944,782.1569829306432,118.38379936249031,136.22749743591973
526.1920574220212,781.0075684187736,118.80925236651166,131.91508011691928
507.5599613829803,797.0332182183103,120.23037486424056,132.1485900048609
515.955095522961,777.6457305838198,114.84175427886812,130.33332282517932
504.034243839886,777.4413618262579,114.25422991133331,127.86073611872395
479.68755264515676,790.7484509680942,115.17071195938749,127.00449546112398
468.073543745166,778.1707288034368,117.93003328062025,125.40681737596515
450.1761640713149,791.360502691738,121.25262439617381,124.19609861117806
443.161778781184,799.853659943363,120.13154010115997,124.31455813788088
433.3074222559781,799.3087614576032,115.83130970648786,124.84419270906776
410.28519152714136,806.1868053119092,118.3171027466228,122.42676379583652
405.8565065713932,843.6519975557184,110.95161856039333,127.68797970631584
392.33936317687125,812.1787419028173,108.07338033766453,134.24186846153037
382.5169989142387,809.674229188405,110.12074122121172,129.41673006482333
364.6438620098996,807.8331416682289,112.82964321550256,129.68433430959206
355.14673865886925,802.77947307943,116.23045080076128,129.7788466726823
336.13832292992896,811.6153497590875,116.35860949908047,130.23306356510776
330.6885092170231,797.2472428092062,120.04612647385326,128.04038800247963
325.25743957609325,810.1506425250639,116.74290899770017,131.78916210489487
311.89942911626014,805.9025401057668,119.47215777486795,131.31897111962957
305.96859718234066,798.261868681158,115.46706397346952,133.7994794269937
301.1846936132217,803.199853939919,115.62393652732027,134.75340365769546
284.10485022801987,805.1707693072283,124.30761439084631,130.5210883449132
280.43745105584395,805.7333406400152,127.05081754955688,128.7362794297497
277.69128121864753,813.7117115772776,128.9120795461881,128.3870674008031
278.1594587261395,821.5749350663472,119.08297581094945,142.02676092081677
286.76754739310434,820.7250031645867,118.66986487902547,141.9818117814157
279.8939452799016,833.2834637733574,117.31361089234807,143.29046161964908
275.9645800237717,819.6779909765397,118.44466612913227,143.47086348559418
268.8787160964793,819.963047234542,120.68730726524201,143.341185667282
263.6494935739659,806.7004436003186,123.69096299990062,142.81161828188323
272.06955586546405,824.3078071289194,117.45284548580477,152.49657959633947
282.4369010584708,807.8307317467792,116.08739843979843,152.32701420395665
278.6608785273029,810.5749511740038,122.60921226406387,144.64434972475937
273.7269992557575,812.1801401688109,118.40380774429826,147.63369889970883
281.25897753351285,813.4188213408594,116.41455579784375,147.48990882857598
286.7536259066659,812.9018601399705,119.03911504119766,144.49339795490167
281.9647214222538,825.0684381990208,114.24220902644976,151.090802469623
276.7710075259723,824.3443550103143,114.2612031890011,152.6664959395415
274.19792531654025,821.9988364342425,114.95927535162011,149.52613177992603
284.36772468233335,807.8167503729898,117.89011313849281,140.19487492322514
279.5633256738579,815.1398902629769,117.63853065639512,139.48495300541975
272.96228261622434,808.474109246465,117.5748917929491,137.46975040811506
272.28663027224894,813.5607860274547,122.81774388127954,133.70167073057144
272.09976486643933,827.3533638862143,112.9018244022404,145.51124479559707
280.42531424175047,808.6873232081512,114.15544543765583,142.04155258888105
277.77613077244575,832.4109875290198,107.66376954518114,150.073810621753
282.62806170597713,816.0570835641812,104.73781803616681,152.85700654263752
288.42199307861614,799.4127318700199,108.00414245852308,147.5723688286776
281.63614994985346,804.4263230834371,118.45208054072197,139.06525208197536
277.6999227152477,798.5656280950002,111.99861857933847,147.78835179676082
282.9287227913622,802.5030194670209,106.77752176840795,152.7792681583608
277.14053567261385,788.6808291167031,107.35330353348644,153.06411566640986
283.91975055837355,796.267682471241,102.51842524259368,157.6333459669835
275.1080311865718,792.9955757421676,99.57356049821442,159.85235707028357
285.03476444418743,788.881530367612,104.00999418004767,154.44640320901527
275.9085445588316,779.8243308996132,104.61691358877462,154.15813267568703
268.77120201787193,774.9764000438191,97.73766976401961,158.54885315227233
269.02298564558083,760.9453411287541,95.62889352077983,156.06733039166113
271.86231269159447,770.65532723794,86.99385722450384,163.79848952955513
277.09176010198803,780.7719372064747,79.303567950119,165.17825746718464
269.0427304642046,753.5925642924473,77.12075193652714,166.84223387975857
275.24684157151256,767.3872706105085,77.98157364396499,161.32691922123354
279.2844194856165,771.4118862303669,74.36753972966153,162.39419522798477
280.86051365846004,766.052407305345,73.26566008690348,163.54306596407915
283.51244298572425,756.4890911232513,73.99066007814656,159.69300804485738
277.2072727932292,734.4508704870243,74.94044878970587,156.44939427746027
278.3567875076356,730.0666200672457,74.89876108593486,155.77453610873454
268.28524910058724,728.7926984452167,79.04056217483269,146.12401619497138
271.90939765729195,727.5087706588124,76.78041690591166,144.00935254946586
274.1378589625092,725.4441307852885,78.6315035299575,137.75882922596918
268.52145325859107,724.0067602425704,80.27967528773931,128.24082324148912
273.14408442800965,723.5177028559742,74.69101607396422,130.38931531552373
281.03178075176277,731.3623796615752,74.70852372256826,124.7028714657095
275.51790004736347,739.3377911604745,73.80186449259219,117.36921875066471
281.5001587166355,733.3450346919981,66.80929906880766,124.03361735315505
273.4160495741075,730.6755748306821,72.56859006077187,112.88763056528623
275.1956151109468,725.0134675896336,71.10960582874586,108.97746098848717
279.45298750151903,720.7530251551543,64.9136213681928,113.32697321741608
283.08801139073876,714.6769453995848,65.54924816389752,109.34650243018022
280.1444368615525,697.0298618865362,62.51358243142785,109.63865547986958
284.78886798547404,705.3705292916168,62.32599620039033,106.34155763893827
284.8800511854197,693.8363625281603,59.560586233019094,105.69209448109382
283.3215753384782,688.2106217334858,59.36650102109233,101.81569071075933
284.6790676822132,674.8706720530053,53.64424639310345,110.83999132628023
279.64571075364364,673.0736163033927,56.650395440246385,102.22417323641895
282.6118710643887,672.0129205274797,56.17070861723482,102.3690130482494
282.14719102819447,661.3330680741767,53.82888815374858,101.8857882449382
281.9619424043233,655.5162510528534,53.75771402186406,98.97384922963747
282.47715764906616,645.2912970311327,54.52374950916615,96.9225892128116
279.4343819792834,637.6207745186738,55.32161769695219,94.48207317851296
282.0166444144022,626.2281976774426,52.19724016749862,97.57096065672567
276.4071851031565,626.4921030045111,53.637810807535075,92.20590315051989
273.5377708804004,621.2536949402925,54.12038303505876,92.9932702081343
274.60066339757105,614.2229385493993,51.466551070954765,95.94193678953215
274.0025692386698,609.2046374149564,49.94166218662252,98.78655594480051
271.2212656872637,607.925608766484,52.27715028915013,96.01833335755795
269.9463898539584,595.9368576036893,51.396656349338016,99.02184142459828
265.26693899061615,593.9982466041861,52.0242375696701,97.73968437630862
265.1370860409393,591.0672656248339,49.339025078954904,103.28445069862275
263.56706965825896,584.5569801440354,49.158504863493334,103.06048653221875
259.8048650221049,575.1653392617383,49.70546320224829,104.86721249330405
256.47625147173113,576.9394617382293,51.264827989172076,102.3123407525419
258.601572489241,562.9946893664148,47.99095196773709,107.91570307860667
255.6442711008804,572.0172712795624,50.55169480233821,102.72626743910243
248.10559016659846,580.1892319519073,53.97441545861682,96.66985466982678
249.26168970246906,577.8279686797049,53.6535592562911,98.64452675334331
248.17490835177838,583.2129256349215,53.9846175080625,99.7930077510042
242.94503345883317,574.8085618918258,53.470372569769324,104.71231413190594
240.11957586167307,567.0195027083607,53.03385835677159,107.59201731207096
231.7020951080691,558.9323080648926,51.57710755858048,111.6548176163054
219.27061811506434,547.3261888181885,52.969614538187386,114.76713141521756
209.03883887129857,531.0417634505894,51.22139076743148,121.40018702169141
195.53209891317655,541.6704860377503,53.20979821914288,120.28616148297145
171.87790355633325,550.0008729929039,55.20384090631079,119.66930919332151
154.28447946127375,565.6951378011124,58.28168003950523,117.20267470325891
137.97503916442213,580.247512229213,59.047005579177096,117.39054652909661
111.48173813840519,575.7586121284938,58.25721896331592,121.33352694622832
80.7920349812758,578.8618459297206,63.50957910110144,114.23894154216829
54.63720761467804,582.4581358450783,60.88912721339024,119.26803096962209
16.218245134773994,591.1187114622509,62.40430007763105,120.80742034829774
-0.9730829215759655,604.6860971409375,60.65711501162346,124.50400601059805
1.404953256322731,604.7827883986007,59.827813427557835,125.46539317340597
3.197351053302441,615.9708908399881,62.03186046552541,121.9418120279143
3.192798238212646,617.7740914288225,67.05347191846924,116.21069297404978
1.693188745115819,618.455082621143,68.57732010344637,114.1384896087369
3.3708000772135094,604.6616777427681,73.02068308940775,108.3016715715205
-1.8003114505964888,599.7951690523931,71.08596091530688,110.81116226514828
1.641933721588785,610.6384198370939,76.33939977173037,104.52541324008418
-2.484596925317639,634.4841158714778,73.20050206517132,111.82224412716252
1.5716328547099394,634.8612105750908,80.64223785864691,108.67245067125907
-5.6736886590944025,641.5722946268776,70.87617944205894,120.46248066851618
-1.9799666464665187,598.7769771935914,67.09616232308329,123.83841130040402
7.960400840015517,574.4238968105059,77.65617773982004,110.65205904387537
-1.9975198258273466,582.9237145497659,77.63034421628642,110.18320342852955
113.30229383109383,601.4285022344659,85.1118395246184,114.51773290575773
107.31093656616972,603.4346279815546,85.60922392171904,120.51967237888175
77.1064129762796,595.7593595082299,84.4187005427465,129.96881424327705
60.00215852450361,600.2434797845978,78.82275074261432,136.3227797261054
44.4376175123498,588.7477635235689,74.95839639058462,148.0505239045889
21.073738290327363,588.5094186532335,81.35555630205911,152.68174856374782
11.63098612286528,589.871031387318,85.3344119597497,160.92105071855502
6.8763016868278015,591.1871184450054,85.33554774238246,164.55618114096117
1.8791216533514756,587.3558718086111,85.84521658976942,169.20034127976447
1.3809072159642568,578.8244477926585,85.3655422633081,173.49866948598373
-2.0772792762404464,577.6998257844325,85.31219303468549,180.4639890309317
-2.797327213749824,574.9815809566663,83.38403983420184,183.6131244302165
-2.723070106320911,576.2279975335138,79.72943451566955,183.82333174081
-3.475079897920793,580.6238843923113,76.5891157872689,185.9979621280769
-3.3683045719532743,579.2058623358174,72.2086089541539,183.6021744794254
-0.864120510127961,584.1163887909352,71.99409528680977,185.97221943390525
-0.31156216684455273,575.253248168015,71.29895803369976,188.28927884173189
0.15122309302117998,578.8381487105357,70.21409214999902,189.3458309884382
-1.3407872378990362,578.3149251780658,68.76214947995189,190.79558228449062
-2.5425936821329245,573.1396395067474,69.25079075386995,189.1257684431519
-0.4420337785259605,569.7185174580659,71.3583001494313,185.69995792705447
-0.6969819906215449,579.6906771545216,73.11144363760356,189.4145392626353
-1.6321861368506134,572.43331888748,73.71950366559689,187.35117191366305
-3.2521599127793124,578.2245269334193,73.23966498529757,182.8325024672354
-4.143324779419338,583.0913903597566,70.34140028508486,182.7355134453311
-4.953427985284176,581.095769141993,65.56012079571354,186.2615563174832
-5.5531147240209044,585.2588430346213,63.09495922455082,187.26085117197988
-6.640805143706107,584.5370163404649,60.1068935300564,186.8603882829065
-4.505927286396453,579.522014733479,58.0921275030194,184.64717013936672
-7.121386931069285,581.7217156195147,55.20523784112321,190.29289448043585
3.2135524762395207,603.7922545273186,61.655905916595785,179.75434061888558
1.5117697627546605,595.7625937727928,70.72624077077367,171.49140942938965
-2.6003935522734523,604.7748273785706,76.82837029530415,167.24960239376077
-8.059490295856683,612.9395463049792,72.97352334454551,175.5761271768241
-4.05527213280191,615.6941023907826,65.36381721840961,191.92976432963536
-4.844334882278098,627.517679846108,60.443881381901065,207.8971918591565
-7.865799386291911,596.9952090760465,57.51541050589104,207.82080098953864
-10.02360882287553,585.9318117303483,53.59536657220671,207.57607610223073
-0.7104684924337761,580.3439392826853,55.488350795348666,206.49470996378614
-3.0387945926671485,561.7049218254422,54.390989792504655,201.2574377951713
-6.036252679408804,558.5778414555048,53.519472472491714,194.79450975793054
-6.784806567862443,568.9027149278296,49.09846387775842,195.99906084359776
-7.922783199663321,571.4101442523197,48.11541434400107,191.9028447800964
-8.674057017677152,576.2295375228913,46.912353902396134,187.3856177498291
-8.97882801858959,572.6686552792904,46.79844310562926,183.45086359830037
-8.964285447461101,592.2126301858256,48.29122226934012,172.9443641527233
-2.7507233513266875,622.5164686475763,51.97785078332855,162.5922753405484
-3.987548594242625,628.8575050261163,51.196511688479205,161.76091839359088
-3.1142285903491214,641.787361195205,51.03238637264902,159.82387362264507
9.833410727521809,642.5782236895172,61.840128675521186,142.74642098208807
94.21011425708403,608.9067776903769,70.42168917287148,133.0679262528198
88.31646816016577,606.6690728020568,75.50459126205408,126.14879983130047
67.9846214287579,602.8057442218674,78.36104993073323,124.53280312010136
52.136380380077526,600.4861655751686,80.1492544594673,123.25538246787528
33.6765922394715,579.1657636224822,84.83599498033709,119.45718479564789
19.39352065276826,555.9390793480621,79.62491768274955,121.29281056598707
-5.0409736631788284,524.4935283438779,73.37366258507973,129.23796741051115
-2.4581775520974496,536.9136802640767,68.2631638424697,130.65619844541976
1.083433743936851,547.2312036012594,67.23390902446586,128.87956806234
4.378452303586329,531.4133237898919,66.44132796335441,127.89757897573665
10.437777002191531,469.51025026931364,78.6827109545562,121.6999148963165
-0.3078994294909094,431.4313323957269,74.67390198715543,128.69961789435013
-3.029285634143122,392.9745206497777,68.60511520670087,148.08898036548203
0.33082042239271203,425.1583457596787,65.76577834269732,150.17807557883276
8.28994462211503,435.21355821633273,74.11202288388718,141.99812445029988
3.0013065686717937,443.6616418211124,72.7235772258473,141.70176222067585
3.823370461796543,454.5580889094924,75.23030808423968,140.0401981010728
0.9963734457202236,447.62575661680074,70.49466749581998,145.37988414043582
3.9603224487128728,454.9318135016788,72.72567560006206,141.3585485357501
5.618076594425553,449.47000940130073,77.91887462401783,135.01809892575022
1.4730959450262873,438.6646965270861,73.30497242752321,137.51395354917992
5.2821314857794945,449.999246917582,79.15553137034891,127.73724937444584
3.102107341204672,450.81685932165135,78.6771742470377,126.01627219693596
1.182578373706761,447.63491493506416,75.83912964062043,124.52979932687288
26.54193039284705,439.11393880485673,96.93954181246156,109.2378167102624
19.53490555679437,437.6273283738791,109.77300433788855,102.4266350656282
7.364092932737208,413.71703824715496,114.49982714162076,103.3135154074223
-2.3988449562207776,398.0003844101343,108.73614887099666,107.83412705543134
-8.574167646364792,347.0251186310934,93.6129025057982,122.82554301562493
-4.637911299707639,338.35105968427933,85.86139893282883,130.4792451086344
-2.5017363695003567,332.6333940502666,80.04761479107208,134.5459478387591
-1.5461438139797252,296.3163219967837,77.73554343187898,135.57846355085115
-0.16268830315335947,279.81015458645936,77.69639899074078,132.96713619186897
-0.3979782388979132,286.30618125727125,75.9444370095587,132.71513145935168
-0.2962582206068376,283.10835543106964,76.62079359758323,131.62631963733853
0.44913685460872443,286.8540929737677,75.77163168634482,132.43855549770132
0.3534880506009799,280.5495777478791,74.69838518545359,130.558786317836
0.8782666367642733,281.6143259966758,73.12849996120805,133.160931900147
-0.22526575784055325,273.45111171386577,74.2563869633003,131.33023925572434
-0.03290755795175215,281.2401568586637,74.51796376219846,129.17917797571573
1.0239490599002323,285.0125204643679,72.84324199658961,129.21282344476515
-0.19129953094413565,276.2064882358647,73.1665700447796,126.16875759728154
-0.7408939270793766,282.4061253832337,72.81343808928504,122.92679959129774
0.15974918262847382,277.98890046576616,71.25871891936261,123.62521902884929
0.4475080497171575,274.8643428000592,70.86713120817974,123.13851685039637
-1.2626424321346974,282.4867226311627,68.28742706721789,125.94969875139395
1.9220890225253697,281.34275268420186,66.22863642827252,128.703631695474
1.2910187024024253,269.48970863788503,67.28731230198693,125.66203681183272
2.1740356614234457,257.4685019853257,69.25644243019374,124.56835409527532
1.6387214055279529,238.94656111792935,72.56608715093985,123.49050130253812
0.6005717666211368,245.4883576491295,78.2796451407429,116.91956659187181
0.258816182490051,248.3415501803272,80.21343179304381,114.1349883475846
2.210047066535921,250.61153940162802,85.11281227226048,109.54275881914592
-2.46158504661706,249.27128465454552,79.72368386353246,116.57310844846187
-0.5589481030287118,262.27206896730524,80.1376363401722,116.02103056916455
1.4576239681528378,263.8243645947093,84.305494115807,111.33188222268495
0.056522753525150904,256.0266944812603,88.8378906227884,106.25367838803996
0.9044268769809136,268.78271094050837,89.43756286056988,104.26715701617125
0.2990114869899898,289.29818526406166,85.1540369632738,107.19399206433711
0.899070740840699,275.6045431176134,85.34932593508961,106.62489997270231
0.3877458266960758,302.69533753881643,82.96818113665117,108.63652197162568
-4.92208093250736,286.11378934872283,73.38629402058595,118.72365337609962
6.076227430209059,281.16205107504106,75.70723607425563,117.89779897488353
5.5690175662505155,285.67024020430006,76.44989409983614,117.7664941881871
4.433855041124538,269.2201823029786,80.91712789362397,113.48066979808469
-1.3849237173984719,278.2576524101391,75.36084554417474,120.17850944484633
1.6465440527473376,261.1047673377886,74.91461295201151,121.27515837424616
-4.879321997902075,239.28927387207716,70.80069570371222,127.1983322505587
5.960187810296937,264.9243854447596,77.6531388939181,119.21291239128823
-1.1872120577883933,227.858612436293,76.9066915148256,121.78686097218218
1.1583266936689753,239.39491129027812,75.11699186135394,126.57398630950948
3.8366787299724123,284.1217876820619,77.27696802328236,124.76009103420203
5.620143901056721,370.64267851448494,85.79645096543469,115.14793959063121
3.6747191869329825,390.1096583691826,90.37083712317295,111.51370591797539
-2.8403385089359574,388.4832735236118,83.65911713295128,119.70628470654094
0.05403325898231515,380.5051783656267,83.97684268004781,119.09553741422528
-8.268064300756208,380.1502001980214,79.46638492235178,123.79919070432587
-5.4437567046520705,391.11545295767723,74.67751155768224,128.49972229557517
6.094276555446548,408.44522814022,78.40375658250592,122.08085080437544
-0.7693673273203601,418.72110860670944,74.45104159713198,122.7166986103577
2.5956475844122693,433.3742063425767,75.7433800701999,117.88914189710425
2.5875330491835626,449.41116229451984,76.97446042641442,116.09642336701623
-4.1229079267071995,456.6099560037545,70.06639796245761,119.96373332600318
-0.8438910455345763,500.3001194780559,69.38460216138998,114.48049480965395
3.587975245370181,523.2592159705555,74.52459841775877,110.0643820706857
1.8991939346126898,537.5175831038066,79.46538428917057,102.21053125266488
1.2487763646923682,555.2327576079235,82.46360077563169,98.71122593794041
-0.6057267541045448,548.203474767472,83.16737134954053,96.76717123331628
3.5901125061124333,557.7774457468238,79.52395190928178,100.79060202163328
-3.3225600723428457,531.6476583591738,70.97572207179492,111.09264126938173
7.8557421659362205,549.2645583611154,76.04684091198656,106.53209059345883
-0.30407933881777893,543.7782337921973,72.26683526656574,108.45289788552606
-0.21208125985835835,536.4324935095514,72.00105172062491,107.32686071765696
0.3241855447323516,524.5992421664752,71.53095178147395,104.01719322272083
1.7027892140838077,542.6450714636684,72.98896650795868,102.79156518562431
4.063056623590249,555.3203746980762,72.6372373790804,98.62751262826426
4.499508429815734,553.9006974612543,70.51166131176537,99.83624675005585
-2.9118633265602796,529.4652744726781,65.42424426301542,102.78475599655448
-1.3264216374327162,517.0625698286427,63.818804859858076,103.19437659831856
9.719915925775027,529.8054839023703,71.32114769349819,94.52721645791233
0.5982629954061167,539.4976803260887,70.44253083596936,94.42298873494744
1.5352375936809466,550.752045469827,70.0322467647765,92.55680577847477
-3.032775444210266,556.1219400966756,63.94535057022705,95.02152444490582
-0.7588040677811065,537.5686592417272,59.98750198728514,96.52744625496679
0.5371084464769957,524.1433220960803,57.695117904893706,98.178035237404
0.7398257532697627,531.1855157909727,56.922524885297875,100.35583198687243
1.66162357733905,539.7087427518409,57.140340692638446,102.09448062535219
2.2714884812180465,547.9053532888979,55.434310041877254,102.07528273906775
2.5135095418389852,548.4654332139097,54.02781353012631,99.47051824520716
1.9666717523436645,541.0579100764053,55.58583088249067,95.51650461519816
