1253.5,855.5,175,219
1246.6187716923507,863.0583378040512,176.53003376159614,212.23076471676012
1238.244202676667,864.7273730516308,179.96285189989203,207.80939950822778
1232.5563045363965,862.1959179782808,178.69028742619574,205.9622939351297
1228.1630210610515,857.9921555647718,178.10285188146395,204.66356451693852
1223.2661556251323,856.7010086991761,176.90677769463503,202.0939964591466
1216.653423057822,852.3189870786176,176.22732963111082,201.27916498239614
1211.9563738041604,854.3336265227051,174.1378263073759,198.7599515188832
1209.5401678480807,852.3038601096225,172.2076132907459,198.16584738871632
1205.638142909157,847.0401284522025,171.2638770629669,198.04823713880535
1204.1070059976525,843.9274199129408,167.0314764349258,197.30894643168213
1203.1426662033286,838.9801583416506,163.22836878055705,197.4545584183564
1202.6353008164215,836.1849091446627,159.65002231578927,196.04029343279507
1204.9185725262546,833.5581407547395,155.52189348697658,197.4500602430105
1203.0223773189316,826.9947142990726,150.11731462739147,199.92053779894235
1202.262443140388,827.4850593264393,146.35755234740964,197.66226740595005
1204.2697010320871,824.5463862937897,141.15023325046474,195.8240190015654
1203.8540577283447,822.0611878217533,137.4122026377186,195.7444604376251
1207.9397420085577,820.2604707844433,133.3535050374503,194.89875206621372
1210.0263820770597,817.2290208021651,130.41204622058294,195.86075589760594
1211.6370352909398,815.4313005923975,129.76170314576586,194.46216050797318
1213.3565080774833,811.9207425183416,129.47976132152235,193.847131242552
1212.186292340851,810.2995199394551,130.950180051638,193.29346990457506
1218.332195663269,807.0074113948434,128.277638210595,193.3336813842305
1224.209868157509,804.411130035511,126.92548011514592,191.82272436033634
1228.143853491444,803.1042439682082,126.52370951265775,191.51329531561686
1231.1730276198753,799.5800044386256,126.22996957050286,191.80368751222443
1237.8103484357412,795.5051893196605,124.01161750813615,192.56620033193184
1246.696391101297,791.9152729854785,119.70985062365588,191.52704742962163
1245.4574179305587,792.0218144183156,122.9846866909937,187.43873545477635
1250.378883429229,789.022454430868,124.27088225764012,186.81259532703552
1251.0654028986264,789.1941250983718,125.73019334780855,185.21076230558566
1257.8331590637117,784.7752621543976,125.58239927258394,184.5753827939388
1265.1975213460191,784.6775468019853,126.00631016183527,182.24905138954512
1268.7392857170234,781.4491292194821,126.89324944698754,182.57229402354017
1275.0815202659269,780.1577325748813,127.80997691318117,181.34652490514677
1279.0540405448642,778.847252221617,128.54120307085623,181.6892067068018
1288.3710726498593,775.1867568159715,126.1403364230249,181.51986716412722
1294.6024417335889,772.3688195371948,126.0094132091426,182.6407377099726
1295.4542915211464,769.222107046636,127.5660709609692,182.10596365600162
1306.6373284004083,766.501347458757,125.80004762943575,182.28962931608004
1310.8985789136389,763.2467130529883,127.24209865079604,181.58476285530332
1314.0703952430124,760.5173896218594,126.87474893252859,182.18843175419408
1325.0601319788157,760.0059218330323,123.70245919366938,182.44475613639096
1325.7845732948388,758.3357821190764,124.38916572980625,181.23899210198306
1329.76186073164,757.5423555230204,125.92129617626469,178.9799753284793
1332.3456367051244,755.0735800421817,127.98921018985399,178.36668415869303
1337.4391133382962,752.163056323021,126.72577954308605,179.2570692452481
1338.9572998558992,748.9021457878182,127.57098445544624,178.4463274799433
1343.9521942419888,745.7117243889222,123.1950825546518,179.43750252504788
1346.6340251237145,744.1442485086635,119.21547996121552,178.60123477013622
1353.8444810402525,740.7706021573863,113.23272116110186,179.41945717216242
1355.3302803395204,738.8818481351918,110.26397421553801,176.70694367889968
1354.8239264415752,733.2583361073982,106.79539999293112,175.6664337948664
1355.063679987258,729.8161715930223,104.26808262227999,174.9138351496226
1355.6675864926997,723.8968331982579,101.5515710309223,174.10698273431194
1351.9769324493857,722.3326929581638,101.5146035674953,171.93116332342538
1349.5001520648684,719.1692906255988,100.36244114629076,170.85995255223224
1344.4802503984795,718.349686621687,99.33462588233141,170.7030473555287
1338.5492804731666,713.7542887048763,99.97346445722891,168.71393673974111
1334.3885494586882,714.5420815001738,99.70352119007774,164.1069789289317
1322.466551100531,711.7315123001654,102.55386839181463,162.67831456045184
1318.595746510981,707.1042228829517,100.49006788027403,162.14331853569928
1313.6815434857485,702.4926183320661,96.51248008997842,161.42004938814142
1305.5687028926648,699.0885987766512,95.0316401657059,159.32019433009253
1296.3948920960518,696.0590515496043,91.5479313352405,158.23205242415708
1288.2794753236858,691.1888535468153,89.04696504163132,157.69949434907033
1272.6130706823417,689.0452012154467,89.09609590422943,157.01390955619502
1265.0778644352301,682.6377263441419,87.37153917700849,157.31734710410336
1253.1701147899876,681.956808530959,86.99570853813913,158.47148084754355
1234.2429908831703,680.6221202924269,93.22299503775363,153.81495056668382
1223.3861825447448,681.1909573903722,94.43664686154438,149.985262227789
1211.5362359327219,678.1679051748287,94.24654397524753,148.50591060549309
1204.328211123416,675.5860829860349,91.77262581012869,147.77360956287896
1190.2277334726357,667.0256601577006,88.88614406034928,150.24782155889156
1181.8440038246472,668.393254249774,89.05687325902892,147.55065861976362
1166.586232626082,663.9047627264176,90.89934680756079,146.89881492518393
1155.2059052019622,662.6956694695185,89.73310684111496,146.86609607485352
1136.7795845404153,667.3216509140178,96.49730110524797,139.73557026088042
1127.0138896855303,666.5368359379645,97.3129334153677,136.64436735213258
1118.6733594960715,667.9717211988625,96.72727665323603,134.07615958295233
1118.3134515529796,660.6122438385822,98.63786006502687,134.8173405524755
1105.7551150666213,657.0579343512993,94.2219956679262,136.45175335420265
1086.0897749101932,659.1314699786193,95.4473974072676,134.15781929984203
1076.6688864415742,658.3108626079795,96.1811266859855,132.46846347921866
1067.2291649517178,647.4177547086476,93.681649134266,137.27548804998213
1054.4873944533865,652.2510747960212,94.02281852453618,134.28857252954748
1033.929248480802,656.3976796774947,100.16906481033844,128.75785471435523
1020.3102469166381,650.9458324242211,102.32419090115525,125.17099759331046
1007.6893689862584,648.6175135322642,103.3156394090039,125.68340101060457
1005.415695106887,650.0438924198528,99.35423787760948,123.63160935639716
991.6644532161223,654.0172240539931,105.29357218977768,117.92040052544166
986.5972607760884,652.2237353359035,102.8543620268814,118.06782819781081
979.3148631431555,646.4177905436775,101.14429377926143,118.63541556405869
960.9200531258892,639.1886544865825,100.5745107266458,123.26033205827443
966.611936553069,624.9355683431644,92.20466418762129,131.31733148275254
948.6550947663146,648.6255931202097,99.78056227600342,123.18273796313035
936.7067642139324,623.6139849519316,97.61721045070576,129.4832232875932
928.7057997845197,629.0824246769242,99.53701529737786,126.2307624134775
933.5472215513406,617.3502928868585,93.02902734666264,131.49949551684267
928.2862809195625,622.1421481112632,94.5093027804383,129.18523201604728
921.9400564423092,620.1077387474108,95.46287568331417,129.53808541173655
919.8449843385995,616.2326826671372,95.92070454457577,128.12607326131325
911.4450195075177,619.3420896767991,99.14881118536883,123.98404728050917
901.7040480962169,624.6676298877152,101.9805697777687,118.28353871102769
905.2031909364432,627.2404486641965,102.13717797654864,114.24303293494697
905.5450168773369,616.4829648808005,97.48017604646799,117.09683794762395
898.5031783779206,614.6969064902512,98.04110535819268,116.41044055772639
913.3381243150354,610.5578765389723,93.06471186997643,118.76724405384027
912.7635132413269,614.3641523977968,89.34740165257385,116.71574317758414
915.0136355163346,609.7984645631742,88.97981558338817,116.3811234288415
912.9647843977614,606.8432348163561,87.88211469874699,116.67996642597409
916.7670735858292,607.9059332614246,87.49326374555528,116.2765587462824
937.8710181832055,603.8626235857746,84.93054853220326,113.7972525163359
933.6109586157027,607.7375509627049,83.17930971024073,111.51567347373685
934.4950976654679,607.4883034624038,82.95544297266133,113.15860137029213
934.1940480145279,605.1494577706948,84.33731906147483,111.49624331819786
952.5676143669668,607.1245648213124,81.50253387558051,110.7902151778583
957.4051502416542,597.67937428469,81.18484022733176,111.58240588241354
964.0530445278943,598.3350943155343,81.07523265853767,111.59365903897182
980.6174573922882,596.6078718187307,76.3430352305015,110.60477466889176
980.5616774695056,608.6730110998678,78.71789824444755,103.22280926547984
991.304358242336,610.4604679742482,78.91136261025909,102.25712886393927
1003.4474913399985,590.3375921298712,70.72580843890759,107.08103769012884
1012.7531183955555,603.313413336756,68.95896162083584,103.76556371039831
1012.2643316681146,600.3081452706203,69.34965245869144,103.26634782720784
1025.847952288511,598.6567190081219,68.49546680011494,102.12117387584209
1037.2929539756926,597.3389763646484,67.2595720638242,103.12234052904833
1044.9879205853683,595.7099803725633,65.01612226826256,105.41892597898436
1052.8412282289826,587.4656657425631,64.82252755223604,106.07101775652231
1057.7024226234873,591.2373223111923,65.12905801389935,105.66267750276553
1063.419454567023,583.898589764581,63.85230272360655,105.22630791390159
1075.064933042937,588.0332012259315,63.84061147048967,105.20653139899902
1076.9554902274645,580.7567444590009,63.85262145604161,104.86034641297874
1090.9080247269083,593.1968659014635,64.95889308377507,101.34740630549999
1096.2307514983413,576.0923904676824,64.21989309282056,101.30646924772059
1104.6370921451821,584.3195794534573,63.468366894694384,102.11115557588444
1102.5393286986696,587.5036427360931,64.07204318360546,101.80018079728183
1106.6017363965602,581.3605118216122,65.49677790910042,102.64561518421932
1110.4980102496527,586.5659915599149,65.76146666240047,102.06836919246891
1119.3259247254607,579.0007136240762,64.28523806961857,104.01371630222074
1119.6580869894142,577.2969552015776,62.97966683454065,104.79067191281248
1119.860384332798,577.8715025632742,62.42541097164404,105.78036399731342
1115.3305317552176,579.3802949678706,62.84409755866257,105.48284543848914
1131.5364967863914,602.8242637920121,64.4183872200497,101.84107078217531
1121.3350330473888,596.330506603415,65.58681475448945,100.34281203481703
1118.1271287751028,576.4075076806697,65.62231269894889,100.73923679078551
1119.7274610686613,569.3938197160224,61.098414355718546,104.35833793069104
1114.1796035361021,573.4450256308788,61.19077131677419,103.97540042112145
1108.4260487033475,571.3365311659838,61.07093437952487,101.87969013524962
1107.1437298721928,564.3425698931972,62.0928988816392,101.76268536941967
1101.5417172139516,561.3867887532954,60.8636725824149,102.63489652473396
1098.7093791462978,571.6361084314082,61.6727505331351,99.20723180427994
1095.0500719001884,559.3340659756765,58.354325365457555,102.9842783690842
1088.8220989814074,571.1567867686549,58.28725144515725,103.12600278156614
1079.4108306510768,557.2287268341738,58.030253207010745,102.98962281224482
1072.0168237119017,554.5793397016131,57.611452467835186,102.7717617126825
1066.7505018070574,557.6856523945705,56.591820411028195,102.97009099026043
1058.8274082108546,551.8233443040856,55.97273926164915,102.60895667038412
1054.2019242506751,556.6197978681116,55.65570401348424,102.71233382263203
1056.2726066182413,551.0586121553213,55.430384478209106,102.46579836625826
1049.7089803524905,552.0206018687886,54.52677841385769,103.87092753004427
1056.9358367853279,539.1554546263393,55.897801748750986,102.43602537740117
1049.1255314349742,539.3755501223739,55.58037508258996,102.9221306284185
1043.6702281526568,545.4889595229713,55.5025254748579,102.9764087529353
1040.97464221803,552.1000243313468,55.48588588207508,102.99058403708666
1040.2789586134627,551.7937653149355,55.74823338748501,103.03703205100511
1036.9597774969327,544.3371781339438,55.74372210489072,103.03411074831976
1040.001404072749,555.3955237457766,55.53292043676689,104.54739050738957
1037.361815921694,548.8834241179105,55.4144999694843,105.02613610998965
1040.2587699309051,548.3009255756416,55.58773906842811,105.33343063660121
1037.3625922393958,544.7800326615452,55.36442383628777,106.02683917835641
1033.692226687041,542.3059963015725,54.88193909730667,106.71693858162335
1035.6593232419918,543.2768626557721,54.85703488307698,106.95420719137464
1032.5069048517962,536.4846373123632,54.76691012902052,106.88767128665685
1035.8913858504138,541.6973251631125,55.53115216798426,105.94743436170793
1033.3501872221198,541.7190064874558,54.0120227660728,109.23762731421336
1037.8352149629766,545.8258822079442,52.112360105264955,115.98877764726825
1031.7157678546732,535.3158389507369,53.11538174807012,113.13086736194657
1036.025095183004,534.9721894566142,53.24742249471329,113.62858184119071
1036.1800503951636,530.5991243628331,53.26923915878413,113.57631541481823
1032.9658827871376,529.8282926840732,53.27376550525299,113.5056194529655
1036.434737644144,527.8731073722831,53.26681634845652,113.34985223704659
1039.0633961969459,527.8897838241821,53.26567933162873,113.24418080571597
1040.992295837656,531.1247080166241,53.60732799789386,113.01902886295187
1037.084901312806,531.7626417081044,52.43361991092394,114.20083589442584
1041.4204943875534,535.3342039715362,53.0861360029926,114.88872579173366
1042.4186505038983,534.3837292529611,53.8102938865334,114.53664348760825
1037.5177920770125,531.5202691475939,53.32324180247364,115.07470246241934
1041.7197739645903,535.7282456307719,53.40907249017028,116.11311872996875
1036.179285733439,528.838260711069,53.54891424468421,115.80654451968351
1032.3021353504564,529.7436801481437,53.62366160011024,116.5355515843689
1037.7492693247973,538.8983417076571,53.22512764401375,119.08474826310196
1042.4549355195081,532.9301669896533,53.4061932233872,119.25834713399931
1034.8351611016026,525.4146302787344,56.570178298136966,114.04279861206186
1032.7866859261253,540.4689766911782,55.34562261184385,122.86509319676568
1038.8453837948482,535.3040933455256,55.124556450628255,123.97034550379135
1042.0448698920816,532.4608917474304,55.849882290485304,123.59894859631157
1037.7251764035282,528.3418028254808,54.87960811906854,123.86416098726554
1040.2598271298564,527.4481459179694,54.8839034942542,123.99070741385661
1036.941489905623,525.6266946393567,55.2420924226964,123.24592021696144
1041.6580289745586,531.6564564335054,56.1938216384288,125.18510193106647
1038.2507779347427,520.4900060976871,55.828091547462,122.32089095196463
1035.6210856880384,521.412412787981,55.15508091008921,122.62361959657152
1039.0044378605169,520.5194228307998,57.01266793469418,121.82466250036582
1037.5152562217593,522.6377232731467,57.024620676351724,123.96994253850566
1035.3473785264032,519.981516319133,56.35527462946038,125.74805606364151
1040.1324561501508,516.2082285583336,57.49293737734928,122.69176845544884
1034.3950652443034,507.29019850687905,57.542603932794826,120.51078616252465
1033.1189701198855,510.90353245737913,57.50140362576226,118.12427595082619
1035.5939073531172,509.51712635316807,57.256914912207755,117.78212305582394
1043.364422232006,519.5192720416359,60.699767010719036,111.8687916719719
1040.1482037523924,507.266343911464,59.51510194156923,111.03201185004906
1039.806412455785,510.59794783068264,58.342088809623384,112.76457498133271
1047.8310185467046,524.08221776254,58.230121996523444,113.20916089055032
1044.9678460174432,520.4021238423512,56.77646629124389,114.7319856054636
1043.3374786820045,506.4353387560717,57.69534597647625,108.27096747052472
1051.975493350323,515.7966552229665,59.84986028190162,104.30574007650881
1043.5864978289453,516.5141286665825,58.964403635153744,102.79299435343495
1049.0515942672978,526.8901362756513,57.856667468354175,102.66333779470442
1047.0347313299526,513.6711452219755,54.99738230674292,103.63803315390197
1051.6130408151616,528.9556351769708,55.096109565328696,105.0634192775252
1055.4096764863766,523.8811460520598,56.42067992466788,105.70077337873096
1044.8671090136393,508.71848052709635,56.55253149371689,102.61124115249086
1051.524097884428,517.222129725038,56.0594432947166,101.59466646472424
1049.7068576576946,518.4500475745705,53.7043129781268,104.46455312266514
1050.9188148278156,517.5313161913783,54.428040525725606,101.73007896026886
1050.6036617491654,521.5307251955333,53.23465894494552,102.38933428862326
1049.9102625027042,513.1587759804794,54.3843522906468,99.11713726635558
1054.7913670029302,510.7972928384649,55.21831197434932,96.54854027836916
1056.3153114163417,502.10562502584014,55.25211181207622,95.74460222836682
1055.0434170063781,517.6835948109992,55.629741358743686,93.58224167262695
1057.3227153453638,511.33450746206563,55.608609941244445,93.52603716092362
1055.1021609760753,521.8586932161895,54.530852315808424,94.93484740963308
1058.742481305596,527.8687820208143,54.97443622976881,93.45894194326718
1058.4944947182757,526.6023037963624,55.73024820610763,92.03721420878539
1059.7219555072877,528.6047317390722,57.16665077956365,90.78988490082287
1059.1586207121095,534.6528673879276,58.07937502378218,90.01914625794797
1065.1021921307088,522.0506612225773,59.83935624218299,86.65284143372652
1063.9511345173526,522.6365020717758,60.03774500998345,86.7650820487307
1061.40425785841,532.0984075386501,60.63539488906737,85.47620632538657
1072.590567011665,532.9985304517432,61.07900010839146,85.61714162285853
1064.1819835775334,542.3503563713575,63.07464038188401,83.2344925645433
1060.9147131732293,530.8374724432093,63.82578326596978,78.90960531565135
1064.7158947147493,542.533479340089,61.19647791330979,82.81593174366198
1067.0122300235425,534.2391591995839,58.93644656942005,85.20835293893015
1063.0626924671246,533.1625070360135,59.19695982141715,84.65537087535694
1066.8233473934552,526.7715068974944,59.452195072435146,83.5441903578784
1064.4578023158817,541.3199889317284,58.063672628472126,87.19540643742505
1071.6205854389484,541.6308613210773,58.3728016648975,86.40467357104018
1069.167527096427,545.9724938085357,57.96672613046984,88.63771203826786
1064.4585467248419,532.5716461910931,58.55512592389792,87.04421300275467
1072.248996405582,526.9210278853186,59.25543356864681,84.24995391577531
1070.6224386454107,526.7011459609133,59.22297953949536,84.37317868813173
1072.5068332093613,530.022422417588,60.279622668931765,83.69495585959122
1069.1914635118292,533.1711725577189,60.36386744427674,83.09220572146049
1073.7140151561737,529.8307007870987,60.362857129746516,81.90621485005863
1072.175942162549,537.2507227887979,60.47658075920763,81.81119211875951
1085.5439482931438,553.8384992778643,61.54831494495651,80.51321620264464
1084.4513994886966,548.7216381182521,62.50807567655924,80.32932706063951
1084.2650667184275,539.4399097850478,65.02331134867966,77.61254146195762
1077.0884434148466,555.0202542320003,66.1879451962871,77.38378586276474
1070.150597194352,559.5812086003341,64.24286488783447,81.65087456500937
1081.7941297435564,538.1206731954454,63.834524181324916,82.32120136353474
1075.9076293744063,535.1114541405659,63.70943948131968,82.22252721190031
1079.8492064419697,535.6092856298176,63.44777661220435,82.54577613786499
1081.4693791948011,536.4682763345058,63.49428823216132,82.56081922144116
1080.402977910008,548.2882172104951,62.73139984985422,84.3154235713057
1072.8242873513516,553.5178077444074,64.6983264365486,82.95363416234002
1071.2663492773804,541.444327766362,64.26343783840944,83.45817856356352
1084.0340328957905,548.9862169778536,63.01946552660017,84.51123271382004
1069.6771550982612,557.2241796467018,62.854739174237636,84.09028035181274
1086.4933902971904,542.4794131957434,63.30428938962817,83.11905999253236
1085.538577961039,534.4075665852204,63.03620599146519,83.2754764493969
1094.0952312700686,515.7087006955946,61.65642434798849,83.86227682504375
1097.2412081570355,517.1136819028974,60.84377630093698,84.45542506190307
1099.5060392090495,524.9818925182419,60.118923850484144,84.22103508559408
1094.4847359319892,523.7252832976569,59.785290380426865,83.97579905804062
1099.449026949725,521.047886492455,59.32225821300055,84.50372754279638
1099.308326115547,521.9086066984323,59.06968419463868,84.44045250911618
1092.2374464640873,538.282101438289,61.84106108545713,80.6754474798553
1093.1463445429151,533.3036088361557,61.61505950410752,80.71645534316377
1105.0337311531666,522.0364891785796,59.83683845571554,79.514698984137
1095.0118695861847,527.6489247247216,59.41607520957284,80.43730400729191
1094.2476414049916,531.2016887942218,59.07712060780102,82.8210865075917
1099.136885355107,521.8698834979492,58.989470215127994,82.34525554072182
1108.8006241398296,503.55563213496924,58.83204492813847,82.65728215910907
1102.566519457075,501.4366063275439,59.00454311765102,81.45577562403179
1100.5353172282068,507.2756443233974,59.145194596206196,80.22060138776527
1102.4142549907865,510.1282323551555,59.29098155952896,79.41089597016082
1106.4481251319403,504.7277809299842,57.82643076757074,77.70937123490015
1108.8002147366637,503.08230524780396,56.99590315674479,78.29888470718478
1104.4517083055296,514.9768507189995,57.29605891919985,76.90664824243288
1112.484056274234,511.0790982392343,56.36246143960528,76.86219835720411
1109.4377357616675,509.2085559363981,57.488029074364896,74.49368865298372
1111.0725968094712,507.71680927362326,56.62434022423972,74.24665251153063
1110.3186156949732,510.2341103864224,55.57257410547034,73.80562665799229
1110.5325395485895,509.13091101742197,55.606702955618815,73.04491205677813
1120.9514557616449,516.728596967135,55.39321846690748,72.54028011075252
1113.9865515343433,514.3521212767977,55.347367735803076,72.8909584873238
1115.7956898139544,512.0327697347443,55.536325340536116,73.31205681752601
1118.3688950480862,508.19643250888606,54.69140708390536,73.38806979986873
1116.7476300463409,503.72659761675794,56.13678813440643,71.64977248706772
1122.857476550632,515.8475048154676,54.60996422019365,73.58206390030122
1113.6277329832171,515.1967789616633,55.07780570196212,72.4144230309593
1120.4550851214792,513.8147850161195,55.71147397218431,70.46958379332686
1118.6294930176923,521.9050265975561,53.975853700371886,73.10434048927536
1115.6566224503495,514.4927869249501,52.98724522311652,73.60627499576948
1118.1650518987822,511.4558610920775,52.72192402072163,73.90190518689627
1124.587421346439,511.5390238504181,52.906767485376335,73.1122679982947
1123.3936623911156,514.081279122129,52.71447093740076,73.90236022335637
1125.9565863641603,513.7150247084342,52.945494134246,73.75988687018413
1130.581245374642,514.3989610293849,53.70953175889529,72.57506762361672
1122.0068625588533,505.9652677656876,52.652529471284424,72.78914408677201
1121.5744891828701,505.2878661557352,51.7803771214718,73.27132513574183
1129.223392548734,508.38242077253506,52.60495414442887,70.94907992492634
1127.9292063284167,520.7778425603078,54.292924124901674,68.70202276723903
1133.1752402336701,511.60665999195203,54.908856629980995,68.1478867386611
1127.329452949793,518.921435066556,55.06383027396465,67.02423676653395
1128.1093219198642,514.3964951675678,53.86452763451308,66.97411737100026
1130.6572401790106,514.0254780183185,53.137079673218786,67.69065120145574
1138.0785681052228,493.6632823372118,50.6390491286127,70.32750593694698
1129.870011123577,500.5432507393725,49.64609638347711,71.54992335863932
1134.3840108004283,507.19410686129635,49.74544084053166,69.79876968012839
1140.9344800687134,506.12571164956057,49.522859878335495,70.94282829369675
1139.4357012000569,513.5831457715735,51.50003268052669,68.6408477770671
1137.297972773749,510.8112301810075,51.72493052050136,67.87044532755239
1135.6247433312376,510.8040787861346,51.075430223968965,68.11714061101821
1143.5565885538635,510.15658854722545,49.269331780368,68.85387337957641
1145.7866655798048,540.9511747697265,50.54214542245334,69.29721028365392
1173.677292739302,538.5176376775826,50.76984314126747,69.872165034261
1173.4235957358358,557.9961120463697,50.49982912877712,70.18247705649208
1171.5681448512175,560.5627538343692,50.850643003054756,69.93869706783883
1170.9889744127454,559.3260779210684,50.990508028248634,70.20586691167982
1151.981129811785,532.4628533381656,50.011725429395646,72.55211759355406
1153.7859413248057,521.8861257449978,50.573936419540416,71.49624036274098
1146.7272676184314,513.9626051011319,49.40992845515383,72.82790389927361
1148.8161779857585,513.5614837286662,48.49811862343229,73.69796826181768
1151.4230193773085,514.85089577045,46.63548701930195,73.04441720008191
1151.8209401096099,515.8695521044874,45.88052283681985,71.52051261972976
1154.825599839827,513.2256187512244,46.21685857704719,71.70784536195914
1158.2503414600815,518.4044344875606,47.15102895799129,72.42408433794833
1153.617500416799,524.7367577877118,45.95021986516308,73.85495747890202
1158.108049934924,513.4235422569917,46.309296630690774,73.89837710151522
1151.3978043034128,515.5853273678733,47.431068206466776,73.52611219952229
1161.3649341904245,523.6657306161103,47.53599331844528,73.14509295862388
1156.761823929987,525.6235842294436,48.85893380774024,71.61064808792135
1164.261763917311,518.5370542518872,48.15378173373159,72.50732443662434
1165.25674818692,518.6122648534554,46.824116894368466,75.06159802524107
1162.9930274280446,532.6431657074379,46.71841357328052,78.15198888362144
1159.546250594315,529.4401946457282,47.07306150297653,77.76172485924637
1161.8636609637003,527.128437219065,47.32356601300924,78.31620092958568
1164.711791088443,534.2516879546434,48.16414024227763,78.18426442131782
1166.4100310531132,540.6099652269088,47.98223146248672,79.09363587802571
1168.708970779798,522.178402137038,48.79139290837132,78.25747419565549
1169.6067742561993,535.4266986092845,48.727852123827645,79.09965499918073
1170.1984064652179,535.8908422711846,49.56670844687177,78.1094244147213
1172.407978961855,535.4968910290412,48.079665209753806,80.6805383944795
1175.8214844684512,522.7424221185852,48.69253547322034,80.84026315953254
1171.2319238521177,524.8901846343814,48.930889464625324,82.6119053881154
1172.3607174438991,526.6913807309629,47.45436870626739,85.04924400156926
1172.2047946460493,542.220901399039,47.88183629871024,84.95726992695049
1179.3301325135576,564.0163438982441,49.81861716439853,82.76518502906245
1176.4410779167322,568.9408308080792,50.90798249049354,81.740950943304
1182.2000788610321,571.1238416903756,51.71761806183953,82.32714344990178
1180.8678435544234,584.3097218843033,52.098865458647666,82.42845646292636
1178.4124645912752,567.3439155357559,53.75543184840208,80.49420295396081
1187.6853325439972,579.7780529936772,54.64025972440463,80.17340861235226
1178.3929495126652,574.8852285951816,53.497980801453714,81.77321292455983
1185.8697971087336,590.6238045013318,54.58774346141246,80.06412175266317
1188.3145328117114,596.3629887460863,54.93000803229276,80.07168460043049
1193.2407671157032,592.4077623819804,54.51897904024488,80.29250852968022
1178.2147692493984,550.8395951884447,54.37153544146731,81.88566125742307
1172.6343727402534,549.0270631239455,54.79200046665494,82.67720388166936
1174.4811106214736,543.5530688675052,54.963268499278044,81.44157233015203
1176.206275068604,543.7467252125263,56.114981008366144,79.1333085021638
1173.0138471528169,575.3753663252675,56.64634866873956,79.14318103607656
1175.2244182529764,570.2348665597075,56.49535855397899,77.3512785931742
1181.7798579232965,562.1259562638888,59.26134117412946,75.37450432379461
1174.0478435435598,549.1864185153588,56.831552042955835,78.23763377627405
1177.606340121842,560.2194717363833,56.380433165619685,78.08149987213505
1188.7857575261066,590.6484743155205,56.1134021177856,78.79833039867368
1183.5894322292395,578.6782551417161,56.121315170920184,80.11146471830844
1178.02993882325,579.6134322097554,56.948160459636384,81.89963658662984
1180.9488351397792,575.0653935057761,56.64566114321392,82.88419001539675
1182.4137195033816,568.6322590012713,54.11940342054578,88.63876820005271
1182.0957548847994,563.7091726798595,54.177401059929245,88.4956893899691
1183.0205488713784,572.2007739633821,55.48478649203075,90.09165983283367
1183.6936598131585,574.7151589455239,56.091174012833804,92.71986649554276
1184.8101687505343,573.402734539897,56.08475786777402,98.07208734215729
1183.1912934275006,582.3534455599929,58.4128463334105,97.2808686319574
1182.7011362142748,582.060340045171,61.32607372245424,94.08256965238775
1178.2775325860443,569.3371581633806,60.89549842853789,97.702328232544
1181.9705095187232,574.243096742618,63.142472417705896,96.72112564914903
1179.6736841701663,579.9558319663493,64.2348672356975,97.02894632338798
1182.40696072514,571.3998654807016,64.7254810034367,97.87092735221141
1177.1639239382957,566.3136916137183,63.11411514004177,101.67709923680592
1175.4523599623533,567.8978225385549,63.43646632417491,100.4643063319183
1179.999547721384,572.6999488318296,62.46347466634267,101.41937722342217
1183.2776422697316,568.8403318040853,62.48027046879099,102.26361082415684
1179.9189740813288,572.1433114653001,62.74566475073466,103.17560619228703
1175.8246127755524,567.2678685172506,63.53862450586541,101.01330203056821
1171.7737721148394,570.0439248419982,62.277772511021915,101.66512963918638
1177.0316987946844,569.5194281938831,62.31636371376383,102.15532096857716
1173.605116743204,571.6359097061785,66.20710116020987,98.61702517272639
1170.2987617078127,577.4945396251882,66.11906053461111,98.23251861128996
1171.1899098921592,578.5225317029859,66.03773179060649,97.66948523190585
1167.226288162217,581.458318740461,65.80199667941754,97.76400136586955
1169.289596981718,573.9469540600899,65.57954864945815,97.84907019760324
1170.2633779290202,574.5292690778912,65.23419694051569,97.39831277470103
1164.6302626982647,575.0742903765217,63.95821854239709,97.27432570358667
1174.086968505801,575.6478915683612,65.309953846763,95.7003254776147
1166.1499359533923,578.4081828976324,65.72017704933828,92.48465937157735
1169.5198824444838,575.9190550437258,63.67693885117231,94.09612740948747
1157.619268351254,580.6572606713933,63.58108013385933,93.31064054555858
1159.622788193315,578.8175479112447,62.15321617232554,93.53505655248577
1160.1735265400735,579.1140934854409,60.49839696676793,94.59420449501104
1156.2982248007252,580.202857546235,61.24866645345888,93.6989181519076
1157.6385140640498,583.5523348685903,60.17667401628242,93.1485166961828
1156.8808074484532,580.7702905511289,59.48520476614336,94.28752175442725
1156.3154478965077,581.2208906712295,58.37318849139372,94.8064541842785
1152.2521531869406,584.3858291956578,62.804593023062075,93.23113360369825
1152.957498435867,580.0135423340669,61.7765558713093,94.79379822575882
1148.772355245982,586.0955835285812,63.655086889269036,92.96985576058067
1143.9542974887447,585.5653167410542,64.50639961163995,93.83180153713369
1143.5538673354354,585.3891613478457,63.891583752874254,92.49624765960719
1142.7857193062205,584.9411122039096,64.04704794059889,92.24877106297194
1140.1417279376728,588.9910000423592,63.96703987457954,93.89461507171124
1133.3772781341963,593.3811158507358,64.31312433135625,93.93811543249522
1137.3654043515967,590.0737947853521,64.2520644375493,95.21852865035984
1134.3036201282794,594.8193343578771,64.49939413414202,95.92869606680269
1129.039967728508,595.2978166934454,65.07232325459705,96.67385851800731
1122.5897609730769,595.7774062098961,66.121807982794,96.40265568413402
1119.9227459693407,592.1224928531572,66.5925708167625,96.0654178022971
1118.1532185925337,600.9461370941784,67.53575272976423,96.89926711922628
1117.2703239352422,597.3699869711431,68.0714667957669,97.30015535647208
1117.4328639122587,596.3396577577514,66.88320068359954,98.14419171528075
1118.879950790392,599.7031302057599,64.33856979307308,104.15436589973659
1114.7518019027652,598.0065076796732,64.10247633935,106.34419304059168
1108.1948899429578,602.2253038810757,69.10231926324056,105.92316791581732
1112.1882519283333,602.317820382523,69.16140154245291,106.15144548127805
1110.1791841967324,601.2470064112174,68.19301403763572,106.28457812865133
1110.2302716190818,601.9737911770958,66.87502848743866,104.52416597048511
1102.9113504167758,604.3607371785549,69.27341750170459,103.48708270011022
1102.5929713622472,608.9574139451514,69.52975278387281,105.22931373820145
1099.368469781466,610.86320540292,72.74994232195678,104.3926222073651
1094.791313285581,615.0598349372899,76.27553526485607,103.07541004771474
1089.4320632884198,615.7812757895442,81.02847651160961,103.4365725262584
1094.5092508357027,614.6346734875556,81.2208264813726,105.81581581023858
1084.3698122668843,617.4799184839497,86.81920449044054,105.73728011181035
1084.8963664169928,619.4172385852447,89.3792890898701,106.00973645229095
1082.9921702694892,618.1853743278524,92.64229804092733,108.71303327314135
1080.4604570236659,617.4553457681309,96.1717654114668,113.4232500744166
1078.6693966251837,615.4694131508079,99.82335593920101,115.86313287610308
1077.174122955098,619.3729786481865,101.03755486662234,115.18617188240069
1078.6504422336307,619.3040233621808,100.71067487224634,116.17355105284159
1077.5023100116214,620.7062034406932,102.49982410653485,115.74991689037302
1077.932736096161,621.1783222334275,104.36730033861063,116.70945529078163
1082.1768159578485,622.5865905986742,102.0277701284557,116.97840322954819
1082.0449533680098,623.7787424210546,101.93399960323816,118.04041432579868
1082.4346379029325,625.37117550117,104.73421259964363,119.01789573609273
1085.428548410753,627.6642352633598,105.09202413339513,119.59558042758056
1087.9202298510756,628.1941927565836,104.4908722013187,122.49333973348212
1084.9556607661577,633.6092715797115,105.1501896509521,121.85177237777978
1085.177926271229,633.0829842807997,105.10880967813537,122.60496049375938
1083.5239514081595,633.9776527575086,103.37764582125274,123.13072966335997
1081.7216017976646,636.3009453635686,103.95355854879443,123.04497641118893
1079.1047636787273,636.7651608784035,105.043300176381,122.54600769567615
1075.0036721904737,637.6726816591524,104.60714657401387,123.96019740122021
1075.0717011835427,637.3133257032248,105.12463077767265,125.82473110443152
1068.6844934726805,636.6259547126995,105.12492773715097,128.06820375828983
1065.2466183598503,637.3865982307941,104.60914028965834,128.4749343672046
1061.3949875894632,636.3973622279342,104.3701516068248,129.61306341695953
1053.445696857631,641.8338580019802,105.3079805609644,127.98517560133048
1053.0154230147884,643.9837933725178,105.0035490535971,128.29583568635596
1048.1074946282183,645.5637679814866,105.52316579926114,129.57619592351358
1040.588364450574,647.9180870116862,106.83514288463036,128.91903821508294
1035.944446890123,649.1068458757071,108.11381447083598,129.29391170078256
1032.7871098629266,647.5203599864147,106.6699151636825,130.37579373102457
1027.5259792605077,651.2692051025049,107.20712485525249,129.61273886952955
1023.5902605913079,653.4461618527375,107.95575183450217,129.82779104932217
1016.7809011782637,656.1669995789906,108.07023527465819,128.69934616006543
1016.486033486175,655.6341551453554,108.54212203264765,129.32779470496723
1012.0323064092985,655.9409243338733,107.66539859909088,130.43491729105133
1006.5553605632999,656.8829820343019,108.11007698320459,130.47258278309772
1002.0154463428771,660.7449952304188,108.6174386751949,129.60795002243677
1000.856663824173,660.7508862711039,109.83289302616191,130.50180581416367
997.7164531981679,660.5781603621642,109.58401836824375,132.1907705444652
993.6463233451835,662.6623544142233,110.66272744570443,132.33429849863796
991.7364405331554,665.1350807301342,111.77886674897653,133.45570007473387
989.452144101921,667.3985694230498,113.9134008762862,133.51447143435547
984.7548944687147,665.6841702386778,114.53278011958294,134.8517600221362
981.0551791458705,668.3016488235394,114.78283442866964,134.64171451126484
983.2033196107616,671.6235391645035,113.73522165392475,134.97072990750425
980.0613840648547,672.6836867701584,114.0289836358191,135.93953765118172
977.6353126603033,674.5795168571158,116.05011130060393,135.35687238153622
974.7623840318986,677.7950962330514,117.36718135033118,134.95605852978088
972.929912691218,678.5912027523186,120.68737787225909,136.085465101899
969.8163643230143,680.6834862957315,123.60976172194118,135.00559918303156
968.7519634158771,681.7384470068376,123.10930562896456,135.55888923403182
971.6687242288605,682.0916303461556,121.22795420964881,137.2217702118814
973.3103826674796,681.567973341706,119.98801133061852,138.95663102878575
976.4179634211013,682.7441653294436,116.03152974033745,140.22892031593756
980.8265182308378,684.2679371283291,113.35286942037882,140.48781339162787
987.9561486469479,685.028585104298,108.34302575377706,140.5668965357841
995.5357573764674,686.2912143103782,102.60026389579406,140.89324725091365
1003.9348267150649,685.5337579327031,95.8800359177326,143.43329785218094
1007.6876115103341,687.6583336642746,91.4251080537866,145.57956256598038
1012.313169630813,692.1787063092397,90.55888895923144,143.75849040137274
1019.5981466783759,695.4958897479987,87.88404722575129,143.18061883356054
1026.1683205112213,695.325504715147,86.21862765792036,142.8753311050353
1034.5176661609614,700.1888063839402,85.78719796135749,144.192901301958
1040.7952493674707,701.958079821351,86.68271027554769,144.13004085799173
1048.7429507624781,703.0124073160305,85.90172413143307,145.69699381622996
1057.741899294172,706.1752562451909,86.29651219390408,149.47525728463845
1066.5931878674207,708.9459602767265,86.77697421184428,149.61433349299963
1076.9457331048977,711.8096211686048,87.57972129564297,148.8467729673029
1088.0185622462386,715.7367372702766,87.80901081529231,149.93946943068676
1097.2615754256906,714.4715873240898,88.43030084129676,150.6646606628335
1108.3291243815017,717.9740276194946,88.82314973412228,152.2240592820906
1118.7423597185964,720.6953599916462,90.68377430627044,151.62899915971994
1129.7943239655715,725.3086388339634,91.46336208455628,150.11254410569302
1136.8153147061846,729.5828971369375,95.03178435694561,151.82567739354593
1149.97125299618,730.4894279471602,96.95482897081084,151.89149992901812
1160.6406260211393,733.6510676587914,97.34054125807505,153.1665695379988
1172.1507898789189,735.3354421251163,99.17448211765,153.83136191729
1184.9763720290175,741.3961853635788,100.51096910052178,152.8826985285911
1193.7576524840822,743.1224058071039,103.89938960348091,155.27821956209806
1206.7069084162135,747.2771130403042,105.7553452455479,153.78619673826987
1215.7520778887804,750.5178648026751,107.95967857666244,151.87888185097484
1225.2715849002057,749.0021431078881,110.6304042831559,153.97342537878097
1233.0963988001288,751.2449217728479,117.60400468156149,155.32675086132068
1238.3175416052081,753.8683698991882,123.7503193821511,155.2836920860266
1240.7244597831368,753.7259377717742,134.57793518733848,156.41079053665203
1247.4027796746393,760.8181527934123,143.38018638614233,153.49137432088156
1256.8792381821372,765.7036164689573,149.0235943592578,151.77521193053863
1271.0429413191437,764.3847976497107,152.55516655049325,155.0288103619272
1285.7858133716154,767.6565511320086,153.20681231130678,156.42312750055555
1297.054252919234,766.9064583208358,154.07693437671082,158.63090212875625
1312.318366081751,772.2051317353763,154.9305439594248,157.66228302652434
1325.36884557852,779.6923611358343,158.01568612203533,154.64122138670285
1339.2302711665902,783.0986954014331,161.68958576753795,153.25712164036935
1353.0501089495945,784.823408101276,161.60504395499822,151.57889874897143
1367.333302193157,784.478634690779,166.39254527454338,154.3420836432729
1377.8482117849094,781.7522384879601,169.92498465668112,158.8787477224355
1395.588380099162,774.4137108068307,175.7989855540406,163.89472432984164
1397.9063532305818,778.3872863346294,175.2670586708516,166.292380901939
1409.1842519563224,780.6831058614176,170.9450867257686,168.41539649468876
1418.1528144644135,783.1222371743535,169.32401288895818,169.1494858656299
1428.0170083165342,785.4135145449145,169.4981048183176,170.6813308179518
1436.3001569234152,785.0356501707188,171.64903748259758,174.2054393080877
1446.958694156869,792.0295621763366,172.7973577962809,172.9207350280154
1460.4397629786797,797.5715971358256,173.77144962398103,171.31989438704053
1474.8090740541104,807.3903667249463,172.1320228309374,170.4521950736582
1484.8104167730285,818.6236473271608,173.73228151588404,164.37811099960697
1493.8137553709669,820.7247383211677,175.41827172741387,163.97169348884233
1499.5614733276846,827.4651783767698,178.90939435097977,164.0231240613268
1509.8149005981734,829.5581059018524,181.36922623150167,167.1688127017478
1517.4252193214581,829.3339807699435,185.7959417793209,170.46114427712934
1526.4912946621926,837.4045165077779,187.27805919448605,170.33112155296007
1532.1289297347867,845.9857543420015,191.02439576280472,170.58772167745687
1538.3075359218665,846.7044504714586,194.91708604792234,171.95658752210767
1550.566231783843,852.8040619097143,196.25337540409336,175.1085121748076
1558.8902645056735,858.7991561240256,198.09778011636615,173.62998591263107
1567.279757163894,866.8893945807749,200.83321962401146,171.9625713557543
1578.815330201986,872.0439955794516,202.82041946829358,171.78110244237166
1584.2426979858737,879.5899244988341,206.9997967054303,169.93582998727965
1596.101083107245,879.8956204048388,208.62017872308476,173.90364555428786
1607.2023698546234,884.7070281179933,210.5527106529895,172.1854947395218
1615.5652432253933,889.8313302410024,211.63506464887135,172.49669863504607
1625.6594944962812,890.3451594111102,213.0592799456749,176.40408343010915
1635.0691638390072,888.7298825745524,215.90288918871033,179.77614079495703
1643.1969007474586,891.1802874826853,218.5070161518147,181.1932597225314
1657.4644294936081,889.0931687416171,220.5839696701958,185.37899221311676
1672.4288984591226,886.5742195867273,222.5068995040299,187.3165032456546
1682.1919660292187,894.2909858939959,226.50361899272866,185.31208811434487
1686.8854029042152,904.0073553799458,227.086072356592,176.30525747043083
