1025.5,719.5,94,150
1025.3219132219865,721.2036636906826,91.19351973392429,153.43410650537584
1025.0148675266619,722.2609811009729,91.27122320422336,153.03552384129557
1026.9207393517931,722.1590716926969,91.49567053427695,152.44872254517588
1028.1774492582679,722.0902594490666,91.29734703525457,151.70466245095776
1028.7624379258693,722.7271187087288,92.05488184556549,152.7070133344929
1030.4024593801666,721.1436962855148,92.23594413258576,152.51909600271756
1029.8722479181963,721.1555378310238,93.21911608012243,152.10271224060244
1031.6585247688183,721.2444807838106,92.56989354238127,153.46460833042062
1032.323884509363,718.18647276508,93.41957413013856,152.3589903266358
1032.8188148199645,717.9306348875663,93.59372034622493,150.1502697171643
1033.6106598317394,716.0115590506032,94.09402851469767,149.87639679207723
1034.1504806520459,714.5472072550418,94.90716691436926,148.82513274631947
1035.5371931207767,712.4387943070145,94.91969162476035,148.49988408692502
1036.197962909962,711.478434909849,94.20808962403439,147.94515621021833
1037.69695584593,709.4297460305672,94.05946426886645,145.50288341002735
1039.000144667685,708.0756942794809,93.59856482629178,144.92019986686938
1039.8474399462195,708.1669045872261,94.2665580743182,143.79045361142323
1041.546618240365,706.961554936008,94.07264987430617,142.83592614687205
1042.6023754597197,707.1339824971508,94.30615085327133,142.38525850305004
1044.428712597227,704.7630708550649,93.97934783071327,141.68981944582737
1046.80148422164,702.584218332589,93.35799766154577,142.71333392843974
1047.4535660877646,701.3701779475664,94.21384361924274,142.72780371546162
1048.389906854275,699.9087079734787,93.93214719154238,143.81373825415926
1049.8323399140538,698.226138272025,93.45489354599935,142.81678802276022
1050.6975295396353,697.9125648691071,93.50104987530506,141.81326117391262
1051.4708955762926,697.699068685469,92.3733073175988,143.59602229555622
1052.576030111273,696.23535495483,92.21891901600753,142.66352405817008
1053.7820322373202,695.9434410655277,90.4910118642984,144.79793358577953
1055.9052095152952,694.4284735655757,89.9952745408698,144.26485434683514
1057.2853481501168,692.8369931583595,89.82437318276754,144.03937559133806
1059.6872822918333,691.6615424673323,88.52137408830393,144.15791752283948
1061.2338750044535,690.2006419755595,87.40566885833545,143.12991368561464
1063.5102940598892,689.4138578167142,86.52851795792536,142.24803116726747
1064.2464986311995,689.0836466178101,84.91806980277025,142.98292785802545
1065.9376600998005,687.3626733125834,83.98469520143206,141.43427141440054
1067.9050915119265,686.9853643253202,83.05521598458944,141.51392039936957
1069.8721880307303,687.2226235085376,82.03258663198062,143.85690235055944
1071.0287535154098,684.8416780801333,80.57828822941283,145.77441841117053
1072.474941931248,684.6289178751416,79.80139742388357,147.08732521653275
1075.6354483078107,683.8227940175684,78.0655013092576,147.59122658051234
1075.4547018224202,682.4937731372814,77.88963276778424,147.48079924250763
1077.2558420919052,681.3935664434753,77.08969798077808,146.3305851111699
1078.512852498157,679.0145141798656,76.42034314877027,144.55737551873807
1080.8086296947547,680.1423711639212,74.94668603121396,145.9729713533149
1082.04871464351,678.6999715158508,73.58548519969091,146.99261480650733
1083.8198227354223,678.1824321523575,73.2051687028704,147.89322203523164
1082.3849452555755,675.0049161077357,72.68514338090431,146.53827255404383
1086.1860964297205,677.0751467866761,71.63335701040043,146.97112300163104
1086.1918871533264,677.2262582333974,69.88441543007892,147.78312975993228
1087.7582348011358,675.6342230963276,69.10106532753603,146.29132591285102
1089.473102703321,674.892872122017,68.85812714946084,146.78247744628732
1090.7700256871547,672.4452712021537,68.00063341376134,148.4081711780426
1091.2105915890313,672.0576948809015,67.2004837936069,149.7794520752854
1091.7060042199034,671.1078183351302,66.80747090562876,148.68201421421261
1093.4770561079847,669.1344399896371,66.19442629793593,146.51750979795102
1094.1525868254703,671.2216211802768,65.00201079260339,148.2770134042753
1094.8002953356868,668.104807577593,64.95647572611408,147.69185978891625
1096.1256660113827,669.3312430434753,63.384936549657596,149.91023744659157
1096.8424635828133,666.7261997357754,62.783891660063375,149.77444898247066
1097.7105201197749,664.2301705500636,62.376118842081866,146.80415896885359
1097.5126714340936,665.0057743159178,62.16658910288662,146.53258132806621
1099.280443598313,665.0808632526929,61.37543237045004,145.15308671616575
1100.025546339171,665.0171434116514,59.85416768044374,145.09817428135437
1100.3933407637624,663.1681975005724,58.28382501096678,144.38396064320784
1101.4177112532755,662.3035872082813,57.91552975672561,144.7862612041668
1101.9636733270986,661.0983513119088,57.343277281215066,145.35016259505647
1101.6670253670525,660.1575105969524,57.739054306369255,145.39950340291443
1102.6236575226885,659.1118282949542,57.04082391243521,147.53772725990746
1104.1296330810776,657.3144206102128,57.29473572876549,147.68093792002054
1102.7679095633275,656.016642416623,56.72687201263531,145.80260596513955
1104.6530252892112,657.178789308151,55.080437608587836,145.6472378140441
1103.2109838887905,650.5857773271475,54.56440649050358,144.74470293448718
1102.2777202843906,648.8405972344315,54.02914197112804,147.61733957179592
1103.0662100811328,651.0192475595666,54.04580387205604,147.76139361188336
1104.243179880319,651.7647817529157,53.73494575302085,147.73035560368754
1101.9817408079798,648.4488116771025,54.70329799095556,144.50431697194963
1103.2364047575031,648.9395432918802,53.36942894954126,141.5817759812454
1103.9120742427226,647.4478938016139,52.83653883744636,142.6989540693049
1103.3552122688038,647.8321353434222,51.64038683228093,144.13768229203063
1104.561936124689,643.9946716917939,50.69914885731664,146.28274473268914
1104.4679360942018,646.6165648605074,49.33314423230041,150.73386816382276
1104.666876417571,645.7536417701862,50.26000059580771,152.77986142301776
1104.2398314358204,642.3912720401435,50.83270905068009,152.42998551800156
1102.7437868263685,638.7630460466141,51.06047103024868,148.53338331782925
1102.2128924703425,638.8213031443089,50.340733646151946,143.70328063469304
1101.4122050321096,642.2072682547928,49.31410892993925,143.61954645350448
1102.797235257186,642.761556387883,49.76558422182255,149.75325058113077
1101.056518898668,635.1304629278818,49.90196149289114,147.53625670744384
1098.3942892875443,633.9687280236108,50.745899966148045,146.51671604197088
1100.0778202030576,636.6236316724045,50.188494784857134,149.20588343063673
1097.559284070746,633.7829923437798,49.92286864348532,146.7115632251396
1096.8324673079999,634.7031213226404,50.19184639098176,144.9743028839145
1095.4802670511758,630.2514660279164,49.705684248737406,143.5547615653245
1093.075888234032,626.5094971210658,50.10192182258276,138.65483373959538
1091.983858207508,630.4607689060913,49.10944980622603,136.28158941572468
1093.5846482973213,630.7618345594046,48.26693323183845,137.9781425418187
1089.3577361863177,628.9431966824081,49.35483740122201,134.53083281390593
1091.12115771525,629.8414691386902,47.53305733569466,135.3654723449489
1090.2380932626,629.9293234673117,47.690006117314,138.04044542228408
1086.1137665239733,627.1707020934143,49.207076731833155,139.34773446530113
1087.6475187000678,627.8428858986324,48.92960144958559,139.24052128718947
1084.596264126332,624.0782434932555,49.50677872359839,137.9986022055759
1084.7253225119728,625.1081988450247,49.067189425303425,136.74440598788098
1084.5503309242413,627.9217069028452,48.38735202419616,136.25497018469676
1079.4132934401548,623.1285730607159,50.83469055465682,133.9411946635807
1080.0166886275013,621.1680668687611,50.600216583600556,132.0306286348861
1080.682888321224,621.8778558811493,50.01765527394889,132.2361979986921
1077.4339920118778,619.7726286995098,49.95766291457637,131.9797975890321
1079.5383215819045,623.118294772688,48.15184844310578,133.3618514507847
1075.372121995257,620.3190653983551,49.7817104331255,132.44808116751233
1078.3924082201336,620.0172403558315,47.71065986404158,131.77921176314354
1074.855490455593,619.2267600581534,48.37743289298297,128.73232209768068
1075.940713647093,618.025118106609,48.25530343867261,129.14635421344505
1075.4889134976017,618.1301251195803,48.559084552984686,128.52081634943372
1075.044077573807,619.5219416553725,48.12438763364437,131.6124745566815
1071.4780685138337,615.1300676058551,49.12910405654067,129.6765979892641
1072.748191077432,617.998354204852,48.4616041127521,129.79825377160657
1073.8219926407965,614.7777023017452,49.096204265486676,127.41197417676187
1071.0444650381828,613.8585085886211,50.02286721828066,126.31856935009921
1069.6533519323932,612.749115499549,49.99520440071157,124.05819410522939
1069.8455174508813,614.0283896896249,49.63514309473135,124.37231652194316
1069.2823688883807,613.9294061068756,50.24018770847797,123.49839082895605
1067.9661710886674,612.4285420045178,51.36615593912926,126.29629208293514
1067.7036395982423,612.8507033035328,50.61496971800933,126.66237677046408
1065.6627883540693,611.8313258193006,50.79808137904239,127.22584054466024
1066.0343227620156,610.854876698726,51.244443545805865,126.44550922419864
1064.5906387317973,609.9477200856214,52.29138507544522,124.30726241289196
1063.0163310083642,609.9380981858994,53.374872661854795,123.4314206559739
1062.581553338029,609.2966915485013,53.77480950048535,122.94576173142767
1061.0992267713036,606.0558692927611,54.45272012310523,120.54123727434705
1060.584902728768,605.2771709230359,54.689362914762086,120.9171092046374
1059.2012631939601,605.4355990568755,56.46191480355783,119.13462709915966
1058.4755870337422,605.2851230576392,56.78760013717022,119.35855319472421
1056.704351076562,604.5101318095191,58.11923745775131,119.34815269311599
1054.633187615475,601.5302204534196,59.323129014447304,117.21438184713153
1054.0200292176376,601.1830124661502,59.9356974951704,118.31738273604452
1054.1289893075866,601.7220617646815,60.439628775221124,118.7962522160684
1053.1293003375808,598.6718018078941,61.57106802665376,116.97614603074197
1052.5737824299938,598.0872495713461,61.63850235591197,117.83240449786351
1050.9214116504643,596.7028740910409,62.10913845019558,117.40915630796141
1051.965483686949,598.2253770069276,61.637531722649456,117.48414699101903
1050.7595097852745,594.7671809536963,62.200419418689144,114.46699243032896
1050.797230677026,595.1431597267596,62.0546625454432,113.17493438295777
1050.051456661863,595.0389717485448,62.15426871373002,112.30463382785169
1050.258574525335,593.7116932202332,61.854699008316665,111.9065901905386
1049.176409320962,593.5960139600504,62.353169101183894,111.28253079705567
1049.4338033883946,593.9870803233529,61.842870599167,113.91202334237991
1049.5678390144235,590.7823880752841,62.0014649389436,112.56412643291847
1048.6692610114944,590.9050567636427,62.1155426290815,110.92908736611884
1048.6435249514502,589.3288191179106,61.69846063544446,111.79055348666697
1049.6344557375885,589.809950639515,61.72124918738777,112.233667944617
1048.9256558240602,586.6993245378914,61.647003168565135,110.60436920790721
1049.4156674995409,586.1791208201504,60.8637312499871,111.68931234862764
1048.9387918720774,584.5683624872643,61.964622043088575,111.17641092581499
1048.7632421873393,585.662748609916,62.70786398738291,110.61965622346577
1047.8024457466993,584.9178424979964,63.49264873946109,109.97968120022637
1046.4882264461232,583.9601031269179,64.20466342355132,109.34297801976426
1047.6120385427246,583.9055165911684,63.93593106412717,108.21613158064261
1046.110700967986,583.0003118419684,65.00421400738682,107.15579633160016
1045.5652305500162,583.1088850409064,65.0040927350162,108.13452587677676
1045.534031875399,582.3177280904074,65.2865513443802,108.0543031964179
1045.614151998118,580.5672716095404,66.59877503826178,105.81727144185194
1047.6654447143264,580.0225792898221,66.3326410516491,104.63751109460682
1048.7140921796265,579.2511698834318,65.95756982098004,104.41697773850119
1054.775963251288,579.0621500283057,65.54134265261355,104.10520333704258
1060.874015655379,576.8528660729567,66.1051000617166,105.02847221744155
1070.7872642243426,578.1688254097714,65.97761651536149,105.57910159370076
1086.184864581824,578.1120598791024,65.53749478424925,105.03863821853177
1097.0849581207478,577.1210504405943,66.26088635356149,103.13482508320936
1109.678371524373,578.5989955891508,66.17213065175919,104.59033233360901
1119.8393773224393,577.2179471623824,66.75962815202043,104.54314925838337
1128.3451257710299,577.836896667499,68.27195024659112,104.17125043130801
1137.7315923098793,577.4217686605193,68.8129317419675,104.51752466317627
1142.601904892133,578.5755878010235,68.75268992508232,105.36591821919055
1147.9490131155274,578.2410999609883,69.2119252126797,103.36882949601815
1151.1552768975446,578.4648072212303,69.70822011273233,103.25942689823518
1153.1196007569952,577.4886388251331,70.25224398645922,102.54474081702327
1155.7360266062492,576.7956749723912,70.95920124740411,101.8813254082154
1157.6508113125408,577.3642940570114,71.37104941809551,102.22833829740385
1159.8173043575682,576.9264143063273,71.39114461916053,101.9322175504375
1163.9323523198937,576.6773119367423,71.92595344186896,100.91348381969483
1170.5001017216364,576.497540643139,72.90599401398046,101.26260222730588
1182.7089895631862,578.4790985529162,73.98217129708672,101.91228192043741
1194.4701467294958,577.1507853160608,74.51060529655236,103.07507786999722
1210.128058057211,575.4636019888574,76.58339734352464,102.06610294254176
1230.9764589189022,580.3505369937272,77.73298212235494,103.72084343874249
1251.0166206411757,579.7671331625505,76.22092481046403,106.46676462551275
1266.8803313676988,578.3422057108097,78.53783310764587,106.94822160690181
1284.747805064126,576.9978220717135,78.35429568563958,106.23468590593714
1289.924911527634,577.9105080041292,81.32010014497835,110.4118665520794
1299.4312956564197,577.0400383511227,84.32870363294336,112.51713005466813
1313.2909107299656,577.1988303079994,83.55289928071885,112.74679102492274
1311.5992168344987,575.1522230244889,86.1924704388251,113.47916285414104
1314.5877360201844,573.9078744217045,87.2996917857716,115.88972131151354
1313.4350681230007,572.9284121540604,89.61731940316523,117.23554018574421
1302.1621335330121,572.1732141559679,94.25706296226417,117.36534135634487
1291.5664588186814,572.105216139003,96.04458806161352,119.30316061085175
1275.8806507105166,570.1956405731405,98.51446948124695,119.51601025377059
1249.5704159740744,571.0392390419399,98.94160523059371,121.88228984233928
1225.4533384967258,567.5484713241527,99.52765148093867,122.38931776293695
1194.2105273866196,562.1507114707161,97.28725879214078,122.20995832159072
1153.1884624703162,567.0151805672629,97.37594967902703,122.51531176969313
1119.3565357288396,568.1419093138202,96.69236422529578,123.47302830887297
1075.904510357216,560.123619600377,96.20319866470936,124.26296827729308
1035.1653812755192,561.5002797198582,95.59002595050602,125.73906154614573
986.6815695155487,554.6260066105914,95.07642390658393,126.74108940893166
949.1892041474171,559.2751030227722,94.6534319926401,127.05909778296599
922.1591321950403,562.2505584448094,94.59412169365926,127.16849552850438
865.5755787551326,559.600331922553,93.81750513427285,128.2112385737234
808.3123465021804,566.8618474605331,93.48387297625008,132.06626791776822
763.2071954725551,553.600858941382,93.64576291052504,133.5906761929744
732.4033732603036,576.9527628556974,94.81447786431065,137.07554834935482
687.2147567774861,560.2118357387094,96.9090229457704,138.7364698237095
650.2180437113307,545.4973997377738,100.01652482259851,137.66258856572446
631.8917088502362,547.2149364316743,100.55341296179418,136.90339560184887
625.0828342499069,557.4830198117018,100.80490344358503,137.53855321657852
617.5644856837298,568.1811470998107,102.7088765821685,141.511827491218
609.601031380985,583.9380255677247,105.96263601676588,143.036677122481
587.3005158110642,559.5378589704516,107.53398189108322,143.3612656618472
575.394471058421,584.7604230752215,108.79174461724149,145.8583292619454
594.7179478854431,592.5619753463236,111.42780477881243,149.23348675351104
594.7819930657606,611.3973507362231,117.27262545308659,146.3182995554449
596.3921753327414,583.5710352407211,117.71509739304788,150.71570309266957
538.8392173946175,535.2471560700559,114.00786100383968,157.4370912413739
550.7283748201498,549.7136597177948,116.63703503670648,160.5081530198127
558.3984098952693,532.4940598563403,122.03882672597601,159.25024964039724
549.569454971765,534.7978917924763,125.99842094442661,159.76740473214875
558.6460702899412,536.0151003375748,130.12937540644873,160.2106489150372
547.9755567437504,536.288930579386,132.6361010340267,160.97731570466414
559.7448760037792,536.2651021426017,133.46524639398297,165.1026604760532
549.2299672043209,526.5530891300804,134.6400211508402,166.10676895908537
573.9801932810083,542.5515350972116,138.14536347083373,170.00103855484753
607.7354955270225,579.532260413907,140.74422307590203,172.07994220504207
609.1206675449865,564.9518816940822,140.64173821403088,173.9268240174818
588.4896735279126,532.0146277598113,140.0780172545995,173.85726944020803
621.8578201556406,604.0377388523298,144.8238509006386,170.6289208099146
620.4366901692399,591.8666346951984,147.43098521041009,173.29800658406373
616.8502532892843,543.1966170553385,147.23230427628,175.7780489928753
612.3430765639833,534.1969794023689,144.88261818618162,176.43233477106335
628.7858321677598,579.2580040655612,147.37416917497785,179.0480128957354
626.6567485962308,578.0580847855955,148.00923220748794,179.7003052569225
628.4092825695795,556.5459898209666,148.02909470327126,181.04915368441388
632.6322604126775,571.3837181383342,148.38286118997803,182.4998332575184
646.2263965160271,590.4287893440643,148.74480572190092,183.33850342326397
643.4247897972166,571.6060504263794,149.5032594664132,184.72319210128288
641.3671134884304,553.5790773061318,149.91622152747286,189.33783661368707
642.2695365610484,541.9728419530489,149.26511063373445,191.897752522468
640.9416156283282,541.6593349108506,149.1736002664451,192.37296009185795
640.2795647373249,537.9683821895219,149.0780632084725,192.646279263374
652.3078874811772,543.5100805776592,149.07484300651228,192.84204299350293
655.3843652224085,553.7671415980997,149.21652882193013,193.41089605346022
658.9808021257354,547.7724302146005,149.22394447374552,195.1294171347151
665.1462761162974,559.1309410768908,149.2502712131543,195.76794252840432
663.9748703624264,578.8704924454953,151.05815150461598,195.59041011390136
671.1060778887182,577.0011975757366,152.0136465934119,195.33143961403482
673.6404295728147,557.9788072583428,152.27928271692144,195.71905225390216
673.0406258913065,550.7609969313806,152.37551328382943,196.2234193694429
675.5046723678074,542.335486151888,152.44813808724928,197.79744393967368
676.7683741894132,542.3437603994279,152.5148683476774,197.9160919383872
679.3732326329658,541.2210029838911,152.61199282866943,199.0359164880373
684.6326642406548,535.3952340648084,152.84916883725384,199.73449155246396
686.3710725445372,551.3999896998179,152.76522067668898,200.81664350196849
687.4887863981094,547.5640946534245,152.98794540735776,201.99888954311518
685.9294782017864,545.2490604353153,153.36840956681078,203.14741284688907
686.1885224194152,541.6613319393094,153.41891495578477,203.2763187776937
684.4243978741355,551.9658201468958,153.86060312706994,204.20761866422492
685.1790632632129,554.3413615877977,153.81978694272902,204.99065600199015
684.7797063071473,557.1874024546928,153.8684682861359,205.16099639868148
681.4798039704334,552.225667494121,154.0446755449252,205.2583527331629
678.7199376746587,558.1555495408786,154.81457334005538,206.5546229970038
678.8356000266277,539.0946969710786,154.94377413427677,206.44552223650768
679.1920305132167,544.5614185261571,154.98468254952883,206.37677866059926
680.4467613951368,548.4169293045039,154.96908280836493,206.39500467573046
682.2426440680925,549.9117190234557,155.00138560022404,206.36641835131033
684.7629084818999,548.3764424543751,154.99494030807546,206.35357454978367
686.9816164663376,551.1273304071874,155.01949167934126,206.32024566227233
690.6988200625365,547.212667730919,155.03757500586983,206.33230332357056
692.9005319876369,546.7184261079308,155.16821164292503,206.36889046925683
693.7281948358501,545.1768783454576,155.22902467496846,206.4708924134368
694.1072001385446,540.2443196343938,155.2121568827954,206.6811317495269
701.0527203527248,539.025515447013,155.2628863446539,206.94645553624127
704.246789990011,542.5638659089191,155.1919724440395,206.96253647190395
706.3435410613553,540.1191272338363,155.15731150257196,206.92468496181007
709.8624199052224,542.9325890658677,155.1395401981084,206.9846335854466
714.6235303206752,537.3298181294126,154.96117770593006,208.01809355596237
713.917348454951,541.3526220590359,155.17195462782422,208.32296735056897
719.3003397514105,532.2142606897721,155.5847483269085,209.2424104942762
715.7042082884655,535.2103344093942,155.7221386239696,209.89268890595122
721.4704406653822,533.3832131254871,156.03777616543593,212.44788636444014
718.6443518369139,533.9702654573341,155.9969640100244,212.49544779275163
719.1854610621477,530.4631688350255,155.81586514521194,213.31711731557627
716.8677866942593,535.6900932470911,155.69744719059597,213.65467514777814
717.3210157742728,531.894254865973,155.70967901813083,214.01754113169292
712.9323810900081,533.2617851143953,156.46707995740545,215.2263048973283
707.46336517033,498.5552697947006,156.864373092326,215.32095884977178
708.6699700019172,509.6595880808584,157.11160546318203,215.31163789577755
714.877573483323,527.3488955005731,157.59707764374673,215.67742252353506
717.7948442560516,521.8947765129483,158.935172127905,217.2857057839425
715.541627649617,516.8948475522442,159.2083772221271,217.2750997437614
713.26427088851,511.9316105391513,160.75467097135615,216.96781878416874
710.4256270741544,500.13166254348755,161.32453452913467,216.61809995355128
713.9964395479662,511.4504199818305,161.75815718324586,216.70478245038217
714.6317489248813,496.9511316973555,161.8637377496976,216.69244174541754
715.3391923052552,501.5296506842699,162.10960801246299,216.7023112164282
734.2885170465277,520.136566076368,162.23461946793063,216.7574525162087
731.0971784672416,513.6716833170406,162.7776031123339,217.01756651963848
730.3055778064446,503.08264629773663,164.23457961575292,217.0807079139271
726.3142108656364,488.10209377560307,166.14882299850774,217.1836070636216
728.9164303307435,495.34563740717897,166.85856637028587,216.94718928867607
743.7928254165519,509.57284555923763,167.17524515740325,217.33178412483878
738.0169510403601,493.9963392967028,170.63742552501282,217.66842585023136
750.1034178543032,511.90126418018474,170.27018618901263,219.49792118463262
744.730176293497,495.5650275619909,171.98646126179978,218.6736748670504
741.660208795781,504.2072029145552,172.38167397671552,219.87167041387153
736.3273472827392,492.6274907020785,173.8745002710924,218.8835992842128
753.3051217923241,509.9464948283834,173.35687489292437,219.91160246056455
752.956610379666,523.7053551180245,172.99173736504562,220.37271062952848
749.8402907402846,506.8853813017258,173.08331096716554,222.30527916269776
748.8206869891926,497.5852281726731,172.76831438825766,220.86442639607196
751.2648074696474,507.46788579983183,174.48812763920466,223.08555426280367
771.5873459174405,523.3805325964381,170.57668466551021,223.8980311727833
763.2428716867247,512.5563617382578,170.48648878216838,224.4799979343183
764.6617455237393,516.9780864953976,170.4890746017161,224.79474410681107
761.8384019854866,509.96292400099856,170.61691543362943,225.1426998255663
762.4540072686153,509.56267188115754,170.690250992498,225.12959269591838
767.591241334302,510.31740304181227,170.68271249083085,225.02513576023776
771.0749852731585,505.3263234282115,170.78421539828386,225.27924779894354
774.401809501755,502.17188340185345,170.78716016367252,225.23017241487483
779.5695882830161,508.5633245858351,170.7617333923085,225.05254635879112
784.3484853115971,511.02473502109956,170.4426795219451,225.1847499297123
788.596825300675,515.3205697598614,170.4099351105302,225.87755860173854
791.7003812352237,517.3038216850233,170.41516053820078,225.92207704853996
794.6696346496051,518.6274376472206,170.33013154992244,225.91158601132173
800.0512003776928,516.4072054795034,170.1161062174657,226.14545825705164
804.2229330625,513.4258206752032,169.76469757266818,226.34152863270722
813.1406785216068,517.6677096226833,169.71975947966814,226.31969881165296
815.703708916991,512.3910982490407,167.5720619654379,227.10276706836606
824.1203913240053,511.4291606470488,165.56171736922875,227.44797243833045
823.5966208425795,511.04775100963576,165.25464070134535,227.6236418723519
824.1108423420682,512.623742422459,163.95154597031348,227.56515687859888
828.78483712634,510.70601411345257,163.72675861007113,227.55038121384896
830.1615889483999,513.8306603715125,163.43858811337034,227.51151622681306
829.3845652308663,513.7865372744359,163.18825899107406,227.4318410406792
829.8970492112884,514.0768547468635,162.88856289059552,227.18383406283655
832.839536688752,511.96199299777777,162.40153510965962,227.7948771474168
832.4032885297056,512.5954349639104,161.97087119919263,227.80343309111848
665.9824908588872,657.3631402968525,142.43903119771662,215.33276168817383
681.9852521165262,661.4478399966084,124.15826599638643,205.36925407597136
698.7007071836753,658.0859476237436,109.15545731208084,189.52078330983426
707.6886657642251,659.9456270689672,98.4756571322174,175.94198130894418
714.3363760404147,665.8020777399504,90.77928056534252,166.6907142651529
718.7140650162812,669.207641046365,86.37380450577015,158.26089462995301
724.6049623646575,671.0267068322373,83.08152450843602,152.8158967642371
726.0492797533096,673.7068123929938,81.82575054845776,149.57080717619806
729.0391438171384,675.4714225189564,80.6922508986649,149.14317700043387
731.6199765428809,677.3204555558775,80.79960782664168,147.97882067294287
733.7847012343768,678.0129234738349,81.22854439404935,146.89140461179537
738.325737492663,679.9392482416945,82.45226410473694,146.66442232958104
740.1719587445575,679.9233459997738,82.95686023458256,145.56413019375086
742.9719059533618,680.352598981148,84.74771787626176,145.1380781627622
745.3835313324721,681.242098053556,86.13242669703165,144.50663185358547
746.2235411067043,681.9049262302251,88.01551485115152,142.94450289649797
752.6354500552033,682.6921074029954,88.50533226932698,145.599996648417
756.0177943080524,684.2019067599392,90.4831344128256,147.79134877129775
758.0068306934094,683.8870044045661,91.36030485957923,147.05642575429636
761.1191898021651,684.8888125707515,93.77032144907227,148.32456017057262
763.3774381669584,683.1558459026885,95.68444047624632,148.60274908997496
766.8820396416862,682.8049883613477,96.19693321697703,150.40118976263645
771.8490934443624,683.6203474060558,99.30235704139812,151.72042917173223
772.711957060618,692.7120772723994,103.28221722492577,148.36686548787156
776.1020362801613,691.2338602767142,104.80359788012107,147.29040008435436
777.944173620917,691.2222364666397,107.72256361174806,145.3433969480713
780.5842777000424,694.2146501086415,109.89715940110159,144.86680276809778
787.1304904186103,690.2592245017688,110.12418308544906,146.59293353758943
790.2105510892363,691.8777661767464,110.93828569711798,147.3371796569045
794.1217097692127,690.779007830277,112.73736706276677,145.18380704641822
799.3073466858065,691.176351148431,111.93682040715711,147.0814842297517
804.5724599606248,691.4659110628156,111.13900490885428,147.80936438449154
807.2707195232977,690.5379235125413,111.82321907435352,148.87397958806685
810.003176650399,695.4662604850863,113.82268721969515,145.80812304389335
812.1941804058843,694.9364018930155,114.91623736004453,145.39627384446442
806.676889046557,692.2158753045626,116.53863829955422,145.38420781133448
810.6945869843606,696.0145284113848,119.48152893631439,144.43254575918638
804.6608561757203,692.7082275235421,122.63488454674632,143.5844653004439
800.0433481686056,697.7519990003675,128.17018215695424,141.17531423101101
796.9739721003413,701.5568696570365,134.39251536477605,137.57989073043083
791.1633697892346,695.0835106240692,137.99544655378156,139.4753437761542
793.994995106843,700.836929338313,140.72289287419812,138.0085058202297
790.013180095215,701.6078344475313,143.93602991695553,136.47865522087767
797.05210752241,704.5864263945422,142.5363258164436,136.38618639001646
797.8444765129916,698.632096344009,141.72904334524878,138.1902286691848
803.6026984913575,696.5498812408397,140.43657417349573,140.9731288292341
806.3133014801386,705.1083004070624,139.79556194989638,139.55246858355477
813.4938146114491,698.0546422269183,138.4619814538989,141.16352540109656
818.1996372170154,688.8639936343274,136.40697829860173,148.20532821488095
829.0595008701691,676.8653862755261,131.28054633385065,157.6678068516547
836.5381736091346,675.1855346819659,128.99231544569056,163.60673039083656
841.4125697083911,668.7275694408836,125.62174945186302,164.90602296569273
848.5582670718296,669.2301623081676,123.05502196526908,166.76574781440644
858.1373259236151,691.2635074254289,126.56815298265062,156.8501060004007
865.0996168047308,693.184074083914,129.62271470132504,151.7649973375689
871.0993340527441,689.3448480717409,132.52164749868126,148.96021762996415
877.2151176447946,688.6525995579763,131.9833685162016,147.0695296091435
882.3624893652136,688.5860915647722,130.19612335958345,146.60753865397862
890.8240759892162,688.9558337330822,128.81508174408947,147.20927562046313
894.5956132062638,692.274565972264,129.97535339567628,143.16705435632178
901.0517863431562,694.3445565668294,129.39398627864043,140.0103350103422
904.8668898386065,690.4520798656868,131.45645237461588,141.48859628690974
910.7011592917429,692.5808940283545,129.43299481814688,140.7348431534369
917.4740621052875,691.0307462193625,129.96097215601662,142.00100827035817
922.1543973343191,689.4356568636966,131.3875001712364,142.14634808132237
928.0307879505814,692.0337327242295,128.4915945026317,142.70629945856177
933.7987322157525,688.6260057922623,128.07701991848066,144.84674339798283
940.0063136457813,688.634179181586,126.79687750230573,143.09732964624936
946.4092396682707,688.0334777123858,126.03184793764862,143.36823609296965
954.3561504139051,688.0421441605519,125.08425414150761,143.03877971451442
964.5088732806644,685.6663939214137,123.92024247024344,144.35284282122717
967.570793494396,685.1564960746878,122.81851015983975,142.09497816847608
976.5167938381142,684.6509567796599,121.52516712660338,140.08949830243236
983.8342927920185,681.59660284807,120.28554642865444,139.5587527315093
989.2950046303125,683.1337612571025,119.71396945416589,138.68574768043254
995.8611305250383,682.0702036176446,117.8164366780951,139.12549943289812
1004.1427201625443,684.2065447839933,114.70612934189094,138.3466807910524
1009.7956745078811,682.9515145299787,114.20048396494704,136.6067722915582
1015.5129571636788,684.8200656359976,112.10437764785067,138.44753120306214
1021.0652144246078,683.4297826445319,111.10884780777042,140.44880097139566
1027.848178880438,684.8845422330984,109.97875455142686,139.2441674334165
1033.0879493869281,686.6375835501028,108.63076445242658,138.22026880286955
1038.1366605289918,686.7833176896761,107.59601430505495,138.32699219188635
1042.401749488751,687.9146664002981,106.54788670973099,138.240952620187
1047.227354002643,689.9443954317383,105.54000914284354,138.87135499146467
1051.789887783508,691.3457818012239,104.25909951193591,136.96640888149594
1055.2134471217207,692.0580134023672,104.11124139596559,135.71301314730908
1059.8791781068162,694.7920739626595,103.44113565525268,135.3026111041675
1064.4130605941189,695.9990237144705,101.8260099861312,134.55772421115066
1068.8774907603438,697.4299281938223,100.0082997474064,133.20617053910772
1072.0066320368164,699.1306918306575,98.62068526828523,133.25510886557498
1075.5193746940495,699.6563004694206,97.40576973402217,132.3454596646128
1078.495184304781,700.6963277773119,97.10106802312482,131.83394163829342
1082.0640136959742,702.4217655636744,95.84594379340476,130.70347077263295
1087.3537186022743,704.2169815605271,94.0365965807998,131.2300797266205
1089.683139777175,703.2085897982873,93.62837304869467,130.2447882290078
1093.1653067184934,705.9362160169674,92.20177429236357,130.77473338976117
1096.0799755431858,705.9559783907307,90.8219108897949,130.42553395954062
1099.4565113750448,708.2764453403929,89.606479393099,130.12552997351088
1103.5627460253525,709.7150154759438,89.0766013401888,130.516270763258
1108.821735248367,711.1964982968191,86.94237724300982,130.1062412225524
1111.1260623814726,712.6927382459249,85.79377240661942,129.48529162972733
1115.008448826819,712.9435923599216,84.40927153118055,129.20315301147758
1119.4302818308681,713.944068288755,82.218273524021,128.53776992874313
1122.1806193634973,715.7347079765794,80.0198007062053,130.37867777506486
1127.2705390219508,716.1267151876697,77.43111641192903,130.04057279107414
1130.2557246928286,718.6536111623134,75.2133313410925,131.0626963661705
1133.4477282656496,718.3098314503065,73.71863888069123,130.25275750388116
1134.7020801965186,719.765672620026,72.66374255861967,130.56800208704217
1138.6581774087585,719.6119261112899,71.01012167957447,129.62468551820302
1142.2091743092776,719.2593310474557,69.808306800206,129.04914465107433
1145.0490509036317,718.4402166911505,68.18496090652856,126.56435023413323
1148.5922811805092,718.9038231634953,66.3361047390759,129.94027634646642
1149.88431337687,716.8347211225948,65.27181097970468,132.15910421009184
1154.2326148278185,715.4291810291435,63.32947226520554,135.46861745876163
1157.1386049410867,713.4373961352436,62.5205122984448,132.3734666801779
1161.0308557334715,710.4404577232162,61.047458389562465,132.27255625725476
1163.4682314900765,710.4424881264902,59.49541682718736,132.5459422752291
1166.230101851534,709.7437433772118,59.456204608513325,132.22748216531534
1168.0793402885479,710.0176434664392,58.31838717262705,132.7886604125209
1170.6622747566987,707.6278442648174,57.446769063568304,133.80365297660245
1173.2676120100105,707.6515747795873,57.15206878241304,132.47616623087634
1175.4579287913937,705.0945160101003,55.81734421666579,132.39091708960916
1177.5788607633935,703.5018656551599,54.06738437885005,132.03649665613005
1180.6481679036451,701.122961888455,54.64146284291293,130.96873680307914
1183.2768708162787,700.8772161607342,53.41947704729792,129.82129632716226
1187.4211932997023,698.1862418769592,54.02305753134179,129.3591134942057
1186.140635866108,699.4209038767398,52.505786730979054,128.78058861849354
1187.727985187797,697.4180008267793,51.70597824074703,132.0153690398215
1187.33677965763,695.6473954713384,51.30834124694736,132.97739967368443
1184.666047935688,691.8115745855237,50.81255787327173,133.43283674683707
1182.3766346832153,690.1796204191505,50.74163474336095,133.72610615881047
1178.6160403653548,689.3479041711429,50.06251895569555,134.9132664661634
1175.4088291254875,688.521318838835,50.22441510426335,135.25682969143793
1173.0796932779572,687.7553621035433,49.55973585877728,135.74821301357142
1171.430737540951,690.0611469275519,49.38846464309951,136.61666365913143
1168.4090484957253,684.4706626642811,48.62906617755334,138.13073383229033
1167.237756792049,681.785060828585,48.43029155415287,143.9405261763725
1167.4101330318506,684.817410019439,48.662448272324944,145.1878389837753
1169.3690385808156,682.9164407601232,48.04461288720534,143.8734832785789
1168.7567546038704,679.2660578823879,47.757902770476576,141.6710684036189
1167.25632486339,678.3533020507917,49.66611307451515,141.44012601444655
1170.7195314393803,674.5435755966189,48.912031582252,135.34295076787015
1171.0007286326284,673.0855125147536,49.19258645743631,129.80164014555163
1174.580481298518,671.2396184116611,49.172436832603594,123.78170206335267
1174.4338080160628,671.0610586590839,48.97538902602149,118.66550854327149
1178.8202813681344,674.8408492517459,47.58506852946563,119.07769666567887
1179.8240165506113,673.2429193451687,47.793554710370515,117.40874261473746
1185.4406795475575,674.1970374399378,45.10927124532263,119.73987465356132
1186.263066502125,674.639901331888,46.49104841601522,123.64332621360802
1187.672219488621,671.621292441758,46.64309242186032,121.14518518570067
1189.8042196523706,669.7495273777412,47.476650543962265,120.90883219663738
1190.5897532023214,669.3809719088586,47.76756629311825,120.01785208085789
1191.8599194297062,672.8391810338082,48.492709774304444,121.62528164489672
1191.510817831475,672.7401537326411,49.49892255628116,126.97952564903481
1196.2605618685259,668.0305533138414,49.845681795980944,127.3600762110627
1198.1855934821608,668.7102421505202,48.3641795835444,130.67839242513574
1199.7611128034043,667.5031193083896,48.85694354742722,133.12379017615012
1202.8805795609126,661.9281593181329,48.20981899861513,129.92062029188835
1203.2057920297207,662.0366391286772,49.692563781870255,129.90055462384476
1204.4685084361856,662.3265803247351,50.121950564168756,131.34261008687372
1207.4035924053462,655.782868916823,50.72206931810723,128.79458891055003
1209.010463774259,655.2753970317889,51.29513492274906,124.70328873368176
1211.9882574124892,657.2207586744917,50.09163281455856,121.62141087795885
1213.601638059952,659.104131268762,49.32677006557412,123.66316406134874
1215.0308785154587,658.8048637014415,49.5124704655105,126.47097355618824
1215.5055622873583,654.6046318508596,49.647708047896586,126.65689659712798
1221.4974191006995,650.9299716663518,49.11309143140362,126.08315230278174
1219.4953017854211,651.4232312817398,49.12908808613987,122.24365991627332
1221.859932426879,649.1418922337916,49.82531021793477,119.52322140640892
1222.930545525335,649.6583836884827,49.45346413117273,117.14378419012775
1224.4201412563432,651.3513758503503,49.56440526790358,118.13122229849085
1224.9719149855162,650.8611526800341,49.54640494121455,120.28294313548535
1228.5172826462685,647.833102481054,50.133405137170286,125.58858090446941
1227.7588401115665,642.9762421921463,51.56990201451359,126.17600953720839
1231.2462158775668,643.1452234051372,52.36017943953769,128.9438478039183
1230.5700508535554,644.6623578032026,52.91478084841838,130.72529644026244
1230.1950629829262,641.5702409504056,55.05367650945099,129.29321700992162
1229.435190535745,643.5636968817457,56.64464958608999,130.92037677739086
1231.418580408541,638.7849286103293,56.412413305591315,129.66578982903184
1232.9468520079165,637.5594199174469,56.67374008570398,128.91298732967883
1235.5300102165709,634.2176751986071,55.38904045220874,123.8424084332041
1234.687418779862,636.0220490598272,55.876824476411386,122.13538291490352
1233.5234801888969,634.2948343696363,55.07289782498917,116.84727090695696
1232.8448104558543,632.2548379180851,54.51965675023594,114.90601642709392
1232.522083517493,629.9636777088197,54.828711774781915,112.70797556331573
1232.406048060674,627.9713638346901,55.652163367127095,111.81254604017337
1229.4941995579538,626.503802701549,55.57203614867673,109.31862075147724
1227.5722444012915,625.5864786399211,57.64143666195966,106.76940314926907
1224.6482707259415,625.5289936225007,58.89211481045319,106.01012985179912
1221.4871518495077,623.9284140383636,60.4732760196829,104.4069402093462
1220.7389756292896,623.3879121473524,60.00712840709328,105.56295837456153
1216.8337655945074,622.6556540990287,61.71126286124064,101.60373440855751
1215.5875994282892,621.4646528316541,62.12253355942174,99.19426234082832
1213.5959726224748,620.4378896927944,61.65819776667726,96.95330792923022
1209.9492833613879,620.3774204073743,62.02776117935132,96.6391812806284
1207.450263941728,619.7519698229837,61.23657213125916,94.80508246647724
1206.0044695877436,617.3810240524112,61.348694358281065,94.03840913082986
1202.0225967404224,616.6540596787029,61.5962719475074,92.60470924493865
1202.0594951683515,615.9975145922476,61.089462125629176,92.54882324263947
1196.9484228406425,614.3018375600075,61.312675913271974,92.6587196790986
1194.5024249249454,613.8187018519012,61.38455300041445,92.81482914988861
1191.6906991640233,613.2704656534852,61.844625204037,93.41535671240823
1188.686390048673,612.7630335588597,62.29251743897248,92.74034208805028
1185.9609145494796,611.2937443710622,63.26406548277785,92.78718514824904
1183.219255429236,609.9553870966726,63.677586935470416,92.19834530109031
1180.1303681982629,608.588790305706,63.65039478632049,91.62482808942957
1179.0365329083306,607.3667593662003,63.202375386409685,91.46939644996249
1176.9242769304483,606.3984957797104,63.76412552715899,92.05022950782009
1174.298848679213,603.9392653169715,64.17381391564095,91.22792472498637
1172.1700060329047,602.1342079587962,64.50170758162808,90.49423935182122
1168.5193355156239,601.1157266119942,64.1819018951625,89.46312132796626
1165.6696110596642,601.2060632287026,63.74970161773944,89.87046148864191
1163.5330499768895,599.2157284504802,62.949549930637176,89.47096085524171
1162.03380796739,597.8483560529035,62.32077613141188,89.35831723664666
1159.5824320374431,596.6001465599136,62.11758786029415,88.31955963314329
1157.100111964453,595.496608395387,61.29914566571068,87.97652090628912
1154.2502550839981,595.3223939747902,60.88736162668167,86.56302263597206
1152.278186916771,593.7795201455406,60.598135946911796,86.44651811798238
1149.7653729107258,591.7002666273614,60.892003934297065,86.49094570615003
1146.8794687139382,591.3450147857644,60.84640054926248,85.6905012717018
1145.297128158932,590.4487920427797,60.82394404316457,85.63492936294855
1141.6903419068638,589.5853474179927,60.2740950360523,84.86496133079613
1139.188866839613,588.112766989299,60.30300750958931,84.47178552513718
1135.2922226714547,587.1191875071345,60.81111836340358,84.93135219898402
1132.9113648878533,586.5153311030067,61.56266344083689,84.81782310435804
1130.0206179235602,585.3917113795293,61.757455494933694,84.66761448736564
1127.8572666196937,584.6613016436307,61.67767566243944,84.48117670228395
1124.2623926638855,584.9186667069234,62.52640468729049,85.164773102413
1121.7536612822762,582.6291533786709,62.25993268508204,84.23697362007962
1118.254251262445,581.9572261515249,62.34242165367727,83.21943316522233
1116.3342795369545,581.032176330702,62.03659040966312,82.70451522453953
1113.850843852711,580.850531421935,62.46134228325451,81.99706018655075
1110.5780790712458,579.7222043108895,62.572530086441695,81.73591137422233
1108.0227760803816,579.029990668492,62.045623335138345,80.80893263969777
1104.867184846849,577.0648229129351,61.49777085293926,81.88913167882087
1102.4350961835162,576.7365545091087,61.3186209529151,81.37045666831344
1099.207352811643,574.7032030719088,61.53560320904444,81.33129923633828
1096.9099091663709,574.7937729925729,62.72765274062959,81.01237176451295
1094.044377414852,572.645262564755,62.19187191587141,81.57313724896333
1091.0305779500413,572.6288455826908,63.17118681293715,81.12140887934447
1087.8649401128755,572.1231882718843,63.65216518931781,81.67606996494963
1084.206975920754,570.5266125327363,62.88702241854672,82.00175779279512
1080.7989321518821,569.7096600937925,63.72641919245142,81.16362185947544
1077.2070673891333,569.6030738837829,64.29816841486593,80.93458344650915
1074.5427595586568,569.8333975087378,64.83054926493969,79.57172745656783
1071.8856206863245,569.0530115142121,65.07906646147049,79.71624500586813
1068.8427261380848,566.904318615769,64.69991696327922,80.30890948491165
1067.5110990550465,566.9203434486119,63.88272955692405,80.11503050190413
1065.6758238632297,566.6930049683622,61.80160826297003,79.09387845808047
1062.6944682692856,568.5664508698228,61.5464993784067,79.26259627313854
1061.301588018252,567.0445997128265,59.56961821181562,79.20894561379497
1059.1984029776818,570.6988776965574,58.74467269504012,78.99080695499373
1060.018769795864,569.66887656192,56.474285139045925,78.94994385100136
1055.6076642638104,570.9752486645982,56.252647392751534,80.18363574094133
1054.5680420899162,570.8831957265122,53.96791059388585,80.15201829747897
1052.7550534845466,572.3475265891467,52.1533898890945,80.6566890241557
1048.2066807178671,573.3130267803857,52.200726844820636,80.00890251877917
1045.4368541033803,574.9334649590858,51.84792392372759,81.71261552954914
1042.508338947959,577.3519345336902,52.28726254457157,83.04003116300703
1037.7370084600952,580.9260015840734,54.18681446302028,82.54899632057314
1030.1277561137927,587.3028074556362,57.565069738897954,81.22125734192386
1019.2285604586691,594.9214135431624,63.1582647004593,79.39249234779479
1017.7803104971565,597.9696515252357,64.91115731370155,79.09644635095742
1016.5336964676991,601.8890723320791,65.17655967264028,78.53114259840055
1010.4170611962047,608.1453878154759,67.41141806274257,76.83309015975314
1008.6081211594287,611.7421861544569,66.07999862633424,78.86975570160196
1002.4339064248911,603.9698715213137,65.41323949531659,80.2934743207453
1002.7796748401076,609.8307354297959,65.19236789238904,81.41294521751789
996.0975038868448,607.0291459744312,65.57903692627326,83.02140303454564
987.4770452714685,598.7481990678676,67.80772272177529,82.36401075427658
979.4105568500679,561.832261901713,68.68627929813204,85.09190296820331
977.756130229813,543.8744538031954,70.64839192963426,86.13548012372753
976.0396760027655,544.8892790128616,72.80390548199125,87.84709444698082
975.4297265572102,549.995802634369,71.96849403004938,95.56354105517329
976.9580432981996,543.1568401930732,72.8558414115248,104.96049990771377
977.3860681285414,539.1420395454228,75.33143242717794,109.98960300997027
976.2013727268641,542.5197429683215,78.93713732862923,115.98751731363606
977.1217749930615,529.0158968447344,81.13398125528778,123.23548348922571
974.9844130934243,536.6602790771822,82.68938346650202,125.14294933286061
975.3790466915309,534.7734179413259,83.8318522191593,127.17440932556266
974.7451420520637,535.98463848496,83.77513514357227,125.80230661090084
973.2316938614183,537.2375208819014,83.09507007441027,125.36838333124112
972.3946635044393,538.0433887178128,83.45700967304649,125.226486436095
971.7431622712687,540.2738271739396,83.01586959105101,126.79975006235682
969.4081991395066,534.5584896264946,84.1016155863644,129.60363458482942
968.0607724634286,537.8576096940953,85.7337466584975,129.30839225996436
972.3411398042924,527.3749125271644,87.87083282516895,123.27552552854644
924.1263335312415,599.6093212496825,85.73039915661127,116.82858858690702
923.3442562774862,600.6670586758215,82.50480537027208,113.63300135197264
920.9938591791615,603.8439394680632,79.94684083782458,110.90957640017376
917.6502536262775,604.0982826122472,80.18330900034674,105.79216727122616
908.9904036533115,606.1804319728348,82.60102546847864,102.16487751593357
906.3043833693363,605.6696211523504,84.35612261411202,98.73183945209644
905.9520188243838,607.059432767136,84.14233662954265,96.65993379228465
902.9830161868337,606.4950805517782,85.85981985939154,91.56353944389363
897.0158966592523,607.2207948464924,88.09952750649572,88.93705093554334
895.022092838302,609.5599552597312,87.37679408183979,86.40750745314098
880.8446229555794,608.5245635205746,77.48562528726293,86.50709157109276
879.4632154283693,607.0999771133137,70.29149616930205,85.11144118929067
880.2995040969654,607.1187817861702,66.16367667998598,81.43018629127462
878.034585556482,610.9384946504872,62.55794312879729,79.23169372595478
876.9663629803978,611.2282712803672,60.349694736099835,77.98094162655605
874.8999941568757,612.1692283345944,59.14610776875304,77.12538301981124
871.5095389875416,612.5752866247315,58.47214126994007,76.11064178385188
869.5766358961497,613.6947580689064,58.94446997418504,75.32554302915048
866.4860660844456,614.5326525154024,59.2887809679727,75.86556100500881
863.9587023870862,613.8192745503375,59.46082003012959,76.93669419035174
860.3961058111524,615.0555972609019,60.689348327383115,75.66007367353487
858.3214904856353,615.8243820894276,63.82647725622264,75.54297226465684
853.5182488430346,616.777618046268,65.53128183897873,75.09208644684836
851.1465052501293,617.3437746216681,68.9347042613293,74.4153406899207
847.074456136364,618.6526485709019,69.9854009190876,74.84987103767929
843.6533034252194,619.3498480067885,71.4869372719377,74.43115441721564
840.132308912207,619.9293833093022,72.2882007166231,73.5929929011624
836.4855240900703,620.8996897228558,72.62794573516977,73.3601817921431
832.5501364807016,620.5720955633354,73.29276453413591,73.49055661317813
829.4347755297999,622.8608154783916,73.49197205732267,73.62778148037087
825.5404455965405,621.7488398042075,74.02998330102636,73.47117956584637
821.3059439521825,623.6592300673357,73.58001999634429,72.99467562616218
817.6258773943698,622.6275004274409,74.1897122131264,72.64405440825797
813.495984514951,623.8498550611151,74.09168593360039,73.02249288631558
809.9921510274276,623.7664684983115,73.69846750111915,73.75450380789546
805.341301423125,622.2327099900423,74.92175207792066,74.77978918678929
801.6706144037274,623.4717176235935,74.8695166810992,74.58024405666256
797.7064043090238,625.6141070498088,75.09977322165099,75.53447728208222
794.2850922292552,625.7886826694934,75.30368199442532,74.36759386791317
790.1118163445049,625.3608813496503,75.39086445777309,74.8545035842651
787.0716701084248,625.9547931576608,74.67352850725521,75.45857410535135
784.8752984874374,625.5923967998293,73.95230427026829,75.96459742311039
781.2248982518408,627.2761666456029,73.51088923164741,75.63872875629113
776.793824944875,633.0667055513462,75.15852072664748,72.43351062240198
771.2714175468851,630.173018797441,76.11059195859347,73.87378307896553
769.0586193752665,631.2666165248156,76.3466086947603,74.5480101204602
765.1712989828097,627.0584264970719,76.33848445585684,76.7543286940803
762.7967792317335,628.9693989196023,76.2447041323535,76.46949891991389
758.6620576026278,625.5232404811742,75.33083833357809,78.6551392612905
755.8625487248896,623.2807065521049,74.62981500901779,81.2243033223142
751.8838398321516,623.9171562921091,74.80035879178419,82.34346491035834
748.2740511174909,623.5466808421543,75.50185823029295,81.98187584905484
743.9173840219354,623.8486210251668,76.07559448585748,81.42849532804391
741.549659871962,623.7576416720956,75.84461447589801,82.16205497715421
738.9293394144116,621.7080698399683,76.4260601410982,82.18629787034803
734.3200964659233,623.2356498389751,78.49679617628469,80.32953896767599
730.6119903220668,628.8478045281395,76.48050512721186,78.49147971873967
728.0318611777766,627.8363153325469,75.36041140888622,77.63467706853784
725.5272621919952,626.0277973673032,73.81241624879786,79.00195063412085
723.2514882254238,622.9012345014486,72.99866678262698,79.03090089490769
720.7182059503644,627.034306257613,71.75978883616717,78.07230590365694
717.3788988547659,621.734826718987,73.094920270569,77.91985754338887
713.0921338137582,625.3193997050175,71.3120564670192,76.55010528670518
710.1840364326789,626.0592576175667,71.09097656953307,75.02717318257098
706.7603388513685,625.1517029085499,70.36712991224263,74.21469270852722
704.2665602764974,620.9627765858747,70.44104810800937,74.81204001132096
700.1122073306574,622.3392840751072,70.48287991531365,74.34054290791569
696.7938754893651,619.9812907267996,71.17260278191567,74.65737002680079
693.6324888107312,617.3707499147349,71.78316578687401,75.86691535392974
690.6050097506707,615.7158992160332,71.51153510381235,76.95556884001874
689.2067588507192,612.9395318546955,71.23391942489562,79.03337300925394
686.312435496537,606.9039614607516,69.75528114717449,82.05532749703868
683.3804683157504,607.6392865455189,69.43012364357816,83.78013375325253
679.6113904657451,606.3142628640783,68.6463368959049,85.75687867236263
678.1174657429481,606.2453786035347,67.1304540017297,87.10709416187842
675.2927801518533,605.9255755996741,66.73942460518313,86.77265788098184
673.7324625798998,604.2143678740138,65.78086263498179,88.69701466293057
669.4988713361329,603.8113103418873,65.09349436855115,89.74364588327884
667.3858446075235,605.9265612598723,64.08773011459596,89.21552018849749
666.276339709734,606.3711055383867,63.31092150076647,88.67748841531429
663.9377661813049,606.670055267135,62.411543155447035,89.8957260069351
661.6372284654293,606.4044892498085,61.0417381480579,89.35536926813444
658.0373138716362,608.2003128006637,60.97537230678128,90.65285634909424
654.616549178832,607.1801350923424,60.28647380068746,89.79009480452083
651.2358928739601,607.8596421548888,59.912687814831614,91.98405154127593
648.2660397027157,608.8208296206342,60.05302421984078,91.26395181371707
645.6453984095505,608.065166964524,59.77852159027768,90.22828199520808
642.3275836592463,611.7523896714982,59.53749687178836,90.66727861944892
641.3043891372489,612.5168308047685,58.09995724887825,93.54755492544933
638.773118565942,612.0078110413061,57.295035432974075,94.25109417455221
638.7030151905237,613.0860587168286,56.34636647406903,94.88412700509556
637.5725109899128,611.8740293276836,55.48324446375044,93.80407176822922
638.3312605198078,612.2694059169587,54.16740822305452,94.12359698191551
637.8901033623675,612.9840027228595,53.29483683793204,94.31654540722961
635.2944553661019,614.2389274229294,51.22896794120745,94.1790307748453
634.7374167842831,617.4267362298024,49.34808415737352,95.40566291749482
634.4976709394788,618.5161251997929,47.39220631137009,97.01823047858
631.4900925637743,619.6872368373708,46.686908090081864,98.20704721690014
632.1454670531551,618.9814413247466,46.182635810077436,98.86319591516462
632.7937624062122,620.7268314419523,45.90971816472086,100.1436457276193
630.3803020325244,621.5103566080313,44.35827428082648,100.61941430077772
631.5167383504069,626.5897799579066,41.4867759194212,104.81701625848854
628.568820826831,620.9361819891349,41.3836006615181,105.91450912754908
627.3201510392878,620.6245643667803,41.33990717987026,109.48552385688308
627.0808071825479,626.4090146180415,41.321621628520106,113.47201452706906
625.8708508662909,623.869285503628,40.892545655543444,115.53545299638586
624.0080709816024,624.9026325043022,40.80244570960207,117.51693682175038
623.9548981191464,628.3898107112838,40.97966568122969,119.42882174334682
620.8812185527721,626.2942722041172,41.831218222716494,123.0888046311961
618.73025270433,624.7754047408188,42.2567592386132,124.42164229093004
618.1987379817426,632.2795020239784,43.52243491313868,125.63222037418359
615.7587585063169,632.5932251419422,43.101352449159,128.43653452431872
613.4400583695613,632.5251747660336,43.409431674548614,131.28851033116104
611.8599670803717,632.3863516914802,45.29137135119855,134.02573032757957
609.6989040079876,636.4526766716576,46.10705022213912,134.5475723575922
606.3957619661445,636.1386067612855,47.73342170060597,135.05088382534544
603.4393897477894,635.9159963319729,47.99368783191306,135.20363071799292
600.5053240144347,636.3925208711028,49.906873416866816,135.6887350329315
598.5613829527231,639.529647424036,50.41964946304848,134.8530989856501
597.1857674091733,639.5441606324168,50.494634539806015,133.18549289725817
596.411745492144,639.416537006686,49.2342196767445,133.5436293048706
592.4707374865385,640.3137735840965,49.7881510674229,132.48189810312604
588.9881709086111,642.9375210670137,50.42197578947424,132.2126248442559
587.4604947554345,646.274773724231,48.93931263386864,131.20118758782576
584.6442175529945,646.0925459280712,49.10906422872653,129.52712690641127
581.3657260394763,648.6374683640263,49.0966592720517,128.88824928828242
580.2043363684617,649.7858237777268,48.2221218632167,128.11019195313457
576.4935810862752,651.3623297132642,47.879851524374914,125.52142474783591
575.0883104943875,655.1880020774406,47.31597837012846,125.36503566290938
570.9797693703769,655.2562118786173,47.681473297270486,125.0766784261528
567.4116857196143,657.1709624461255,48.58094024742287,123.95197003166786
565.4686795707961,655.9990545463968,49.173386080171355,124.97522072590598
564.6252955352899,659.7678733796574,49.788539677411926,124.11329447286792
564.137753258323,660.1691764105095,48.77097659619223,124.18146490060002
564.1677690317952,663.0775508305832,48.73067500827128,122.9622350690857
562.9099249068709,664.5983061067932,48.78205586647759,123.26332344624703
561.6578742818833,667.072068195594,48.8628656571685,126.5754450157923
561.9025618884256,671.0942291929615,47.67542265136174,127.90963595132831
559.8061615000373,668.9702131005985,47.59733528282491,127.6762431427068
555.8985331573735,670.3440908826133,47.454636268986604,127.5996527172507
554.3151932107241,670.2422567259841,47.838952795486215,127.60846553514062
551.2043237153489,672.3944791704836,47.552734006654454,129.38266026775236
549.3722535591709,675.7567127723003,47.90414057659979,132.49274266343488
546.1887467006005,673.63819709147,48.51774519603944,133.8112661895931
545.2398649286048,674.9306932235282,48.56471617927986,134.29093484612721
545.6073093156997,681.5601899091812,49.143990436849606,135.79091942858008
547.293994241454,680.1657813151336,49.217950595195546,136.30784673392802
554.8684374927851,678.6446188796126,50.70097589673278,141.1313835633847
564.8928677359401,675.8727944513064,50.174912074145425,141.07115500168803
576.0104671335571,678.2069269834578,49.8873567968445,140.9919946674087
586.5620925255209,677.328539369745,49.93225927376836,140.55914415146094
599.016170207895,682.7334309114043,49.69627085083514,138.31248908079033
605.2596478061116,683.6374037226537,50.12260977040859,137.6095114323793
608.9744140606723,685.209275236535,50.97882435026503,137.29598988980257
613.7393367726341,683.3047679127617,51.28290053515028,136.85488169384192
616.6774710201746,685.1663845678486,51.56799725267901,135.52970921553765
619.9707969536025,684.4007234808246,52.43961458047251,134.22153587201885
620.6662294457518,685.9764949678846,50.91987980250839,136.13002374263553
620.2119231197423,688.6771834925194,50.61048910308908,136.82130581320047
619.2699107469113,686.7131662889911,50.9194686511981,135.12352327957015
619.9538938407877,687.6841456748066,51.090669853149066,134.76891507802605
620.7689822299232,693.6527955424534,52.73593043140001,135.61185982366723
626.2994539177051,692.5826514988693,54.23990142797044,135.19131111583332
635.3295420482301,691.2849108461475,52.871976180566044,136.20662762186222
651.9049013664768,696.2421013474319,51.39367126203053,143.39063427492195
668.5240904755606,699.4035759697115,49.869383805435945,147.50264421953847
677.1850510266612,691.2512348320215,51.170027842113186,147.59424285293608
692.5855941516884,693.1743818900841,51.1361812637242,148.93096607406076
703.5617429602041,692.5087030053816,50.25397426111751,145.80078159792714
709.7304338100989,691.5321431101504,51.8122675875136,142.11369011475085
716.4046384414332,694.0566160807534,52.07300274976417,142.71366074087877
721.7557443003695,698.4411281487077,51.41633484905822,139.8177363839581
722.9491536293526,702.030667918476,51.99787777215113,138.90949742249651
724.1405091767745,702.774166875844,52.48154141679297,135.03067906593571
726.245186032245,705.541542834914,51.10448571180788,136.93432972255547
729.5592120601992,702.2020477866797,50.805217236927184,137.39754188373004
737.4774549915421,701.0492168895297,50.32973726198175,137.58883134434015
745.616990850861,700.3400033224935,49.538983531763066,136.37295052867623
759.2100736826974,706.3312858728267,49.67429205411725,134.86438506649333
773.3085950187851,707.7764311337249,50.45240428922026,132.89462414124233
790.1363338312706,706.5239247992739,50.511656320445745,129.98204741279133
808.6195101284163,710.5357482452009,48.803322659165104,130.53978907050816
819.8849638212557,705.5106654508547,49.173354159316816,129.761777859154
830.6253483618888,709.7461282001634,49.37239288728152,129.6575012350871
840.0572941404141,712.0840148353319,49.06704429339687,130.87423819040555
847.6363877832384,710.7952306197018,48.21126728198972,132.46570356611906
853.0818978237302,712.4187405770592,48.25744118836033,133.77860943795224
855.1080946148395,717.205719185358,48.27285414169869,133.78298915953218
858.658581006236,718.4576273540816,47.8918137431947,135.69283761040242
865.0991824172545,718.8464432359202,47.98461194751768,136.25906105967042
870.8300807298972,718.8771585632649,48.58075188274075,136.1366524433089
880.5669385833928,722.4323145527045,48.878893690793305,142.4372173193138
891.4587701230508,725.2329235768749,50.17831950930003,146.65803058871845
906.4338468067195,718.8563545915108,51.31459528772801,148.2990075496714
917.1293733245288,729.3796569221985,52.37116271935466,151.90511731308652
929.3315013231822,733.4733696708321,52.83268723113674,153.26947516993602
939.1037166507639,740.5970126784939,52.897809666052616,153.83690631625274
946.7249820901221,737.8430333864688,52.99127199332355,154.05362720047205
948.9400037224522,743.3234019544522,52.98633923116854,154.28445940109307
950.2699709587403,740.5344938284719,53.098080793416344,154.51999356869433
953.4691572820461,741.5309419908209,54.65267503291427,157.41967235972908
955.5225003947478,751.5418971153093,55.00219435715022,158.6100494447358
953.3225557675917,751.2746216096705,57.657948710145035,162.73377934460552
953.5968861914612,745.6741180948005,58.62874419181277,162.26264587341316
953.9948294583577,752.9133613245363,58.47312356933554,167.63878471681014
953.8720679447124,753.7306257571167,59.13518262917607,171.28517927677683
954.280080215887,748.043312085515,59.75628603938286,168.47243801250863
953.9083627838502,757.0004797320887,60.5083430459855,166.7173760305053
956.443602177393,760.7543320487819,58.89635458980378,168.02921393825906
959.6173146921286,760.9381326269402,58.02892971415967,165.8135052680416
960.2872557919092,763.5444047746968,58.17327346530185,165.39157291616678
958.1447377814347,767.8902004690549,60.07544943216525,166.4018686441809
960.1764037236727,769.453983848887,61.16040691848861,164.31466492441294
960.1756359181934,771.6375019634811,63.41900023230403,160.57334583458555
963.728609276131,775.0089423793892,62.03772289832738,157.95597291148235
965.1549146903159,776.2045630007141,63.48869133961862,158.4420822479226
966.4851296718823,783.0699652091965,62.83721018507901,162.74465532265302
970.0708939595954,783.4892566294025,64.70599726697465,163.80939837918314
971.0260855767716,783.8740668823666,65.8000353044902,160.8221945385719
973.6821090549115,788.1839475915623,68.08552119929917,161.30262677725165
976.6023775366773,787.5858784766656,69.82050453506402,160.58893306682648
978.7880845775445,792.4147799795265,70.58682540530575,159.20734834806288
981.427350903532,795.0763909083851,72.7478080746387,161.10246285832898
983.2814978181988,798.216138985521,74.87209190897205,163.37055029327792
986.8096509036143,796.7540971603098,75.80092006442742,162.08858981652537
992.2307343850339,802.2116134955203,76.87189698546342,166.52919771439815
994.8716221814918,805.90219632877,78.254596016152,169.69681671304525
998.9746311723796,803.7990001739274,81.1910576685516,171.903802037681
1002.0593320494371,805.8565564283225,83.82719995706775,169.5790754218419
1004.1852416665321,807.9537602285047,87.43441594369432,165.99456557848532
1004.5534638286938,810.3699328761493,89.77769135367,164.67940433034642
1012.1189451443876,812.7898503934775,89.43488880495465,163.97225076653655
1014.9687810344963,815.1213563658358,92.93138666220382,160.89507906477246
1020.5757153030693,816.1831324358478,94.13115432517631,158.74428162023986
1022.8749732805747,818.2994728762385,96.15083918001216,158.95463400132473
1029.8662406469775,821.6281663686688,97.50675823126231,160.49274078585677
1034.2969170752203,823.2373330351653,98.73798792543806,162.29709135775943
1038.7286905229053,822.95060255719,101.0754549931693,161.963064089608
1041.7881389899237,827.1571838801311,105.27087811943869,163.3394909433461
1042.9959821531675,828.9266944788739,107.93961524588391,163.57260564799384
1046.8207415267564,828.2569859744011,110.05943209273111,160.61988752355575
1052.9014803747011,831.5244952975502,110.16896757113034,160.19832103519826
1062.9822675911355,833.0711376597657,109.46603789504269,161.6527069080036
1070.4300511680678,834.0588996484687,110.41510242113584,159.91510396887358
1082.0416035371395,837.060933714041,111.40917536047914,160.14654721916733
1091.067520256034,836.5290192353235,111.97978434290383,160.42030345139622
1099.7123915659092,839.0512215387045,112.40659479239676,158.88477220951867
1108.422658672199,843.7714947298525,113.81631056179404,161.371239546805
1115.9149369110976,844.3272343243216,115.04674985220635,162.3909914934296
1123.5633313750825,844.7879250911861,114.87811282382944,163.20653194181924
1132.0168563450952,848.1831890309782,115.91583239088904,163.84850987624557
1136.7333938822298,848.4045002277331,117.79047310447828,160.72381861206023
1143.9615258906103,854.1282601125494,118.81720936367131,163.64696416327996
1150.4293746771375,853.6150757800652,120.61402855120349,164.0661520798689
1155.6508553344006,853.5520240356623,121.5030757721266,164.58417005021732
1162.822081677136,856.1975404231467,121.64032015357174,169.00938362260007
1171.4233927643202,856.4046783214283,124.35067570205595,170.13273292883366
1184.899544357874,860.3169937655836,126.6524004514171,171.79337633173532
1197.1271924597274,863.4095566497112,128.50658531295977,173.46280132346268
1216.965107801109,866.9455452037515,129.63427267399922,171.68712004431436
1237.4392758829592,868.4596155805,125.7700522794224,169.98757407737082
1261.5280218704538,872.9356828660173,124.23589759685228,164.26421958027947
1295.3012871102683,876.4276546929074,122.1328977240048,161.977642264793
