1403.5,547.5,385,424
1381.044687108533,555.9473902508978,370.0403853760055,429.4238890149675
1355.5248661621292,547.947275121692,358.6721345071811,422.38129491912315
1342.7709419512357,549.379769880484,356.73260935345104,418.3933656556097
1325.9399026138367,544.9435747935706,348.6827925670218,412.7304864792499
1308.0743095232242,547.1250082304189,344.50182172554184,408.9081668538323
1287.0741407237301,542.3931960041527,336.96377459027246,405.1609569795627
1268.2310807827143,539.1141180233647,336.22768025418947,398.02771597868775
1252.5938668239935,541.3617470653243,328.3952578086419,403.2839290712391
1239.43306081534,539.2430880859117,319.9854410870357,400.38534917852314
1216.163091132189,535.6865814876883,318.84725185759225,392.1204485429184
1195.200744757341,533.9483766041119,318.0252415201252,387.6018095120734
1180.589504084083,529.7561502135173,308.9252780744018,390.5773151523442
1162.4290920806136,529.8078582919643,306.3624520680156,386.698102291739
1137.7183814611308,525.7068210345795,305.1442560779915,381.2494272613581
1119.9162754381625,529.6494051764653,301.43606840009943,377.36459620794255
1097.6112668111562,534.3216902674794,296.27227281133537,375.5087117621903
1081.772166192784,532.3545148179626,297.4681796038006,369.08353861897933
1064.3476949024227,526.4305935070349,286.82197785145456,371.0434324558347
1048.365113094508,528.2345005440361,289.1255119931667,370.1694094802722
1032.5807669882718,530.2542136419934,281.97031893110733,372.16532962259447
1013.5578082065595,525.2212947311315,279.7926367716003,368.56040536884757
993.7151705139643,531.3813829107942,279.5835210114973,371.7083037027286
976.1340916879276,522.8557950277141,278.5517105502281,364.4596162931118
955.9800365355333,524.2157653290856,279.57240043963725,366.48914374072933
944.9714285603911,524.5262549675144,277.7640062988661,364.0604898059704
924.8873562190744,521.5566941180268,276.8271986664775,356.99867383921213
906.2736743260903,523.6433972797315,274.6083943528466,353.90859657423573
885.457103484672,526.0315655194332,273.7067485869594,353.86943456068843
863.2013840934198,525.4187344998592,275.0203228454609,349.543972687563
852.5360690082819,529.892538840057,269.95476280478994,349.10631722910665
837.1849309914767,530.472256085222,268.26681352419183,346.5996482637648
829.07267842529,529.9404570576185,264.8115773496878,348.64776881149874
817.5478807740028,529.283368853874,267.1062930480405,348.38498020105646
804.2141878887251,534.3837298524533,267.69560258492925,355.31126529298285
797.3875770692293,529.6078168842778,270.38583068058654,350.9893262522245
784.0260610597,527.9097322174763,274.8418641013236,351.3738616638377
794.2048033728597,522.8292752297954,272.22194727051175,353.6962602410237
793.508315977151,524.8146321402322,266.86822547583597,353.7421662376671
787.5371545728628,522.5610061154435,264.8797564808538,348.7517221163896
784.5725957609759,520.593702570915,268.12899148273425,350.80889523434064
782.7898405859139,520.6522297360933,269.8940396387701,349.4585950210554
781.4479272723479,520.8616831648494,268.9288552934245,352.5033733221401
787.9139070352484,514.9422297576864,265.7817705861867,358.5766611103452
781.7078272044507,517.0912822159132,269.4930155842549,357.14061550850954
787.0234613722924,520.342673112894,268.9473388988879,355.42269755621487
783.8885854371651,515.2427593783996,270.96458959945636,351.5668856413627
788.874082096593,518.8319659180264,268.88259129596173,349.9099284513459
783.8474424634878,518.3916183201686,269.0246088909207,344.8887405854937
790.8391918893274,518.7873534207979,264.07687253821217,348.43892496443107
789.9445708751666,515.193458646417,265.32282281680773,346.8383280555897
785.9020088221031,517.521514913865,267.07924274255566,346.5866469514508
789.0992940968906,519.3558518909997,268.6795594333074,346.6443494777918
785.6691007283006,515.9119330580835,268.8392399271707,347.6966691859816
795.0515440442095,510.9108428816894,263.9615008928091,346.65519354354404
792.8547539341204,518.7476226915624,263.78801021862836,348.6271479990179
792.3117006908665,520.6043419398825,264.2861255474812,349.03818996146595
799.1608955038,513.792868530096,260.67095658011306,348.46579743335474
793.6983097475483,516.2621898200302,261.78863613539176,348.42242870598386
791.374086805237,516.316136441163,263.76027171861523,350.0890689541246
799.766584549529,514.782483234002,262.444113346013,353.6796984059305
792.0167573781831,517.3322075556589,265.05480928128526,355.77692361255276
790.6374726880026,510.7513690453879,264.4644610668404,350.5499431110012
793.4821277263551,510.4891821263921,263.9411128108664,351.12720496980194
792.9158547427126,513.1858231419344,263.36153716442755,347.31048569691296
795.7764372015658,506.36231417954724,261.943541334139,346.95158985189903
796.1271674282168,510.2953201983386,258.1390120234611,347.29862093383423
797.9716261953488,507.84192377007275,258.6396917207727,345.038421888863
797.4854339768912,516.6704323564325,262.43869352998314,350.07567726451964
795.2102381199142,502.5828270539222,262.6429387939606,340.87796467779793
795.2348024168634,510.1351390721834,264.7648341147976,336.38299025523224
793.4427947552529,513.287650934512,265.421833826694,340.7129521398335
797.5150286060123,508.4017647148725,263.26216107928025,342.83718170793225
801.8923564260182,508.1759573401695,259.50220090041506,345.44393518858914
795.1194258818093,508.0524363518248,263.55380748456207,343.6095183054104
794.8830977744838,509.88513883508523,264.35098295189835,339.4675706556578
796.9399101330135,508.4923576993059,260.04822189280054,339.5815651255189
799.6975834144566,514.8848126088982,262.1044592997888,339.12846412826167
798.7009670701287,508.87353733336937,263.76501233042814,340.5841304990612
801.75694050587,512.3552662888526,265.2756617292804,343.9084411119468
796.8048404601789,511.85819683268016,265.28921938065514,339.4060744108356
801.3797550044524,507.97602557363837,263.3249704186725,339.74525189795037
796.8762048861763,513.0868886786841,260.7245922807825,338.9064860972382
804.1597412234265,506.21782244399986,260.87655703540804,337.02343661336965
801.26109822047,508.27626094464904,259.2519598602309,337.0212450808033
795.1615065777248,514.8331488695476,260.6796753581677,339.26064417589544
792.0896067012798,506.8119684878926,258.54282449546366,335.31890268125585
789.0664335305507,506.03392596943354,258.5156101747217,332.7304416078491
785.6568216561013,511.3662521691703,258.00194432337804,336.4051588360368
774.7074607354792,506.5049205305973,259.9679961548873,339.0543354967832
768.9581226651535,503.1140051168061,261.4437545879639,340.99821534798025
758.8626107915698,509.3152620087078,260.94654865832797,341.58015320921913
751.9761018978735,512.6493389455352,263.8333616186337,345.15691823903376
751.0045318624491,504.4015063374974,262.0372252683951,341.5467907608809
742.5344027816311,509.2929136447739,263.28176026320074,335.5944357035223
740.2642920018266,505.5080360299211,263.7805572495341,338.6013081498397
738.2118780835636,509.11476392105044,261.15152604328,334.6847949741841
735.6049638925506,508.1010075485337,262.1651059069774,339.1948033657303
729.6990499194455,509.76740545343887,265.08708277692824,340.42298869702546
735.8912042709294,509.4200334339196,259.2732516337551,337.1202681334131
731.246881592283,512.5398368398037,259.38813823798966,336.64776401921586
735.8966540481517,510.4041053850841,261.8659833711632,335.76242709536035
728.4838993184277,515.2050741460914,263.7433600549325,334.4436280933591
733.803661420117,512.510016714932,263.9823472708969,335.92864457063166
735.2539223605365,514.5189827070251,261.6156912954656,337.13344482795793
733.9465569396839,514.0700947933115,257.03187648809535,345.1002206803772
729.6294019930369,516.757162869812,259.81458695140043,348.4741316531474
736.4397824448363,508.5479988583652,258.25043865779713,342.42455091675856
734.7719007385757,515.2949145406227,260.2830298902395,339.068594957067
726.9296341801545,514.0411017366796,265.0399650917453,335.7784253534838
731.6459405280752,511.47836850406264,264.8494448095863,340.09987913212433
733.3122003535091,511.25931693877664,264.56832508381484,338.8876539389486
731.975447675873,507.20574430744585,263.2967398007887,340.37533577705915
733.096323841922,516.1014636743441,264.2248848807225,343.30994055846406
733.806629396521,512.7978293066666,263.11492421555533,346.47502501029794
729.0935294298442,510.4326879373044,264.16095682317473,346.80688444942507
740.4514297647928,511.12870272815644,260.2913105202754,348.6467023622156
737.6759382009693,510.1247736590958,261.41122639737006,350.0190842513153
730.457295842637,509.8267219199877,263.62534776642383,346.82036693651736
733.8331959606553,511.6226678413015,264.1858027515656,350.52883050452067
730.6881524808313,515.5044946558684,264.8239447460233,348.2637871325655
739.8377724071503,511.622317488005,259.3824437769415,348.0731456735314
737.620679762696,513.0095708297872,263.89889064341844,344.0542608907997
735.5270374801039,511.87655515501274,264.277884005352,344.92963817981735
733.3789177289025,510.1331802115298,266.44764191277284,346.6231902775445
737.9536960285958,507.34017478334124,261.7328571548214,348.70545519707025
737.7965706114546,509.58724107658287,263.7909777496611,350.58644225313026
741.6043536127611,508.509381347576,263.0226075838981,348.82684603899764
735.0164767372582,508.2587619461026,265.003792257884,347.37084837517295
741.697596636606,499.36268009236653,259.38530064325073,341.21279997531815
744.363638812126,511.78198225608793,257.6860910679188,336.89817610194916
742.8263086753698,511.8224055944695,259.2889116305281,340.6667741812478
742.2194058534261,505.95395315272776,260.6399897579392,339.3296032145174
741.8536291833103,507.17020903616367,260.5391967276271,340.99797955662206
746.4399833279462,505.8353922882566,258.8907350581648,340.27110030905135
741.7904900041113,511.63783604642293,260.701448216644,340.19369418727194
745.7931143368002,507.8376985975307,259.75809617957475,343.74875350366483
744.0309740436205,504.98165276526015,260.9738442976412,340.11917221080995
744.2950152624549,506.29548295051626,260.371437456948,339.07038519679884
749.3331186348637,505.2248117791886,258.32417666109325,335.0315257985873
744.7640668569218,509.65437096040966,257.12225389254627,330.290248457055
748.4347229348851,505.8615401541713,255.17320963813614,331.8304136165498
747.4385930650078,510.03525669983054,254.02313767570507,338.6466239035375
744.3432774407124,511.0774849875059,256.950267663388,337.1113253582106
741.9470471600263,515.1612147315658,260.0649316328118,341.1365030667483
748.2883909476353,504.63146251202147,257.825193852884,344.8252968066938
742.5825018850429,510.30172414769135,255.80287906992035,343.8036377982236
742.8929802519306,508.33647219903,257.95449013648016,344.5302388699956
741.9917112861742,507.53086057118844,257.2357151856507,343.85892439350755
745.578247607241,507.2829003702612,254.13415712129841,345.82621794752606
743.4611108494582,505.82446963591616,252.55491875081043,345.4343409375509
744.0116410837969,505.88566900629905,255.00447759085617,341.7948279125312
740.1176907769295,505.2716075710375,255.60998124285936,339.71732271693185
744.8739209868943,508.8825237694414,255.89255166921097,341.06332403814537
741.6551216096426,508.46709368429816,257.7406442036768,333.4126895777316
746.4875320251042,508.99997200901316,253.64545904118916,336.18575309072867
743.329701678332,517.089954084786,256.2054220781297,333.7904390347032
743.6442629931671,515.3864357013408,254.317987659414,341.46353083647125
748.063944416486,513.1880437104821,255.708246875428,338.0579338034478
748.6246992787562,504.4079747824593,247.36181878188728,334.43194750165367
752.6477707023087,509.41203825952516,243.22909976350002,329.2171437066097
747.9304525974012,512.0626423114498,244.49210040023524,334.3083976315895
747.7919680646249,516.496220753914,251.3478929353269,329.10888918010346
746.837773969323,518.8469054448631,253.80606480164252,333.9814169608454
744.8342239757623,511.5471416961295,253.37388791807598,343.2502541338014
741.2419254333915,513.5169764834511,258.3944241033598,343.822247943183
738.2767187070274,516.1159996920505,261.03148142267924,342.4632566989754
745.9720236884871,511.78640553380853,253.63801407219339,340.5999103639344
744.7529092358392,508.93011289046876,253.21075469150742,344.43191604934435
742.4754559310097,513.5255045605986,256.30502879528603,339.26610565440393
750.4257382781763,515.5837179001734,253.37332365786818,340.0647828966832
750.433772638829,511.97198155463025,253.18646669125457,340.31726144896766
752.5602048225151,508.85894594268217,253.28554783723047,342.7552205696019
756.6246694376898,507.580242058933,252.85603742662144,340.4419813439935
760.5434999455136,503.80881241536014,250.30860394615883,338.1068345796515
752.1111195940579,503.7520098079712,250.30002868022797,333.1946265931232
764.8417858568696,508.6034188113756,252.295153870342,337.4377732372198
766.7459899722082,507.292997291886,252.10312382924826,335.42622821535485
767.8199412728341,510.2151836884454,252.83139722091252,334.7690570755648
770.1553957407823,506.9449105343564,254.66452644535062,339.27362402041945
776.5485155296905,505.80440771088865,251.87405328885208,342.87923901441883
787.5664208645627,506.6318104871819,246.43327115380572,341.4839221250726
796.9378394310077,505.2418699089682,242.83934003217033,340.8688496992323
803.9266855532715,506.1762950748713,238.85659053682733,339.0558014601736
807.5249829095407,505.6210129983061,236.71299636985177,337.46240483640827
816.103717571893,502.1109851426525,236.22136785921055,335.5644281619551
818.1231942679923,500.4365899115072,231.07402487047761,334.9724565388655
827.6512978204863,500.34395086263305,232.39473084157913,332.8993651242272
828.8915627613223,498.66676508966583,230.32643486163727,331.1905379762619
837.6088329183234,500.25328692495754,223.93474766754096,328.40230549250816
842.4580266289639,498.1160167975642,221.56984473301122,326.80725701251447
845.8641708783632,499.062267489283,221.56238296966455,325.74866825778383
855.1378028524745,499.46261560594,221.15679234197566,324.22508353115666
861.2111150671377,494.63326036901816,218.64976933259103,324.1257044093128
861.8159889218468,496.733562065692,216.71563541472096,321.9429100107013
873.3416449546012,493.7763443723911,211.61493293259483,322.7147978189899
876.272878797179,495.84911340440726,208.06438898530973,322.10748493873075
879.5498658431884,494.9065736801994,204.72369373720267,322.0210200065077
890.8361174573758,490.19376842249176,199.01846273042534,320.0476663925572
892.7602434946523,489.8384437314735,197.97434921188864,322.09010699685865
900.1353175721447,495.05699802498543,196.20161208376572,321.7099058883314
905.9976141938297,490.28831721129245,193.1753767472465,320.4548283125564
914.7150895018359,490.18435399180726,188.37002601210315,317.4788912206741
922.9247204794339,491.80163382040257,187.32536965382124,314.13597866560167
926.2315899357747,489.4297429404946,185.23055257436278,313.9377551126746
933.370570321214,491.21080048551875,186.74401626711727,310.2561130552607
939.3968036170689,485.5545840151596,183.79505923622693,309.32819730378276
944.5445759090803,487.060724699661,184.52501567215998,304.34941975502034
953.7604247430858,484.5426561248265,183.73172775917485,302.287122105432
951.7246864042627,483.61078470283934,177.44108015541576,302.3256159322797
962.7478580724381,484.58037221064035,174.60983211274862,301.9678984309728
970.6793211705964,484.79030951356344,178.16610100215422,296.61023701019604
976.3475711166174,481.1402465631327,182.36144743744285,295.66693754003796
974.5741243610632,483.8069251171022,180.03532212262834,297.8220485220327
984.8077814082814,478.3939662991704,181.51966020972554,297.15621636633733
996.9200863381908,473.3545505860235,183.9995476076972,299.4167141812672
996.0332159088209,473.538062623322,178.49547651531964,298.70716769460876
1008.1250759223883,475.239417970458,185.1998386995478,292.9191231816529
1011.9361236868207,471.25666775174216,186.08612875938644,294.5391820519946
1012.3204064325749,473.3456818103145,184.02508650686815,291.9441254394111
1024.565541894302,472.5544396137243,183.26013531716603,290.4359780124662
1029.5585467318806,472.10009880845234,192.282066395029,282.9536473299188
1030.0476887706825,473.26018163677116,187.85116787208244,285.0860006352665
1045.8600154714804,469.60079322216455,186.83669222162337,287.40424504581813
1043.8686853809234,470.6873135621197,182.56840002577553,284.2042519775226
1059.4966163018116,471.1695489464322,182.4138777108567,280.4230504922378
1062.8205793020998,466.9699128491748,184.3328394816994,278.07224590820863
1069.8335253165567,464.79223684378803,175.92001011187406,280.8813948291645
1077.0298142548202,463.49904678162284,171.97656871453233,280.5763432900196
1085.1623854512213,464.7618610143084,170.7113491736311,277.8275729781677
1093.3895882100935,460.0277998295829,167.54108083480432,280.1139371576754
1100.097328917872,455.32123885526755,162.5582277099516,282.80711522290727
1108.5784703881727,452.33149300566447,162.53266141394556,287.07796178098357
1113.2986588314945,451.7357216613634,163.3441989548997,284.37538182775234
1116.2296458633211,448.9095278416219,161.0247060061078,285.0521929624564
1122.6636983565222,451.42764385711786,157.36727937266892,278.8999440917038
1132.5276344472175,451.24738471068616,157.31257237573453,277.61587058379894
1139.191932966017,455.59268976092824,158.3777078352456,272.3808731249515
1144.5650001417594,451.1679873955499,156.36466751265525,271.7627142903133
1149.9719584084064,448.90393103819605,151.6888676805886,271.9753930564399
1153.8311290081717,452.5688248694705,147.6653455020566,271.8634997787665
1162.6067529194613,448.40666455394455,148.6713476610468,267.89719833506155
1168.4739688993268,444.7313308560525,152.1412448838738,268.02317737277485
1175.0264753338577,448.3040078946395,156.4471021250848,266.7568752154881
1171.878438885806,447.34096764297936,159.81239731764265,264.79533765969165
1171.420772461486,449.1420656077329,161.64562042671707,260.6039241589196
1180.9886016654675,444.2618058528636,163.18517266984364,261.8133815060622
1186.4190090222485,443.41141954677283,162.7810284421059,262.6163604903128
1188.1852839085152,444.79849809234906,161.10063319317095,261.6997509090534
1190.3183108506742,438.06027817894847,155.0069518353298,270.93545342805015
1196.3368945433842,438.35208101381363,153.58141988266988,274.96404161530336
1202.1108544902381,437.5402465156278,155.79835930597648,268.0791661459968
1200.9305084744103,431.8482804850942,154.66855523942058,266.4701155511158
1202.0189211230327,437.8740020969474,156.50587661653762,261.5417488861422
1205.0202854179452,441.3974262326201,157.14424931940508,256.925353749793
1204.3346133628397,434.37443858467805,154.71373795309717,255.27330730568605
1210.5764177901742,436.87544223485963,155.07141563398307,252.54487584610794
1212.5036717571709,438.8516077372757,157.0214651370505,247.11644976027927
1213.2210821219917,435.34423757114604,156.58835005620273,243.30830802628716
1213.8206116306465,442.2665513916236,149.4618654424287,245.2790326522652
1211.2629542407535,435.9385306162854,146.47953884895674,247.9201514248872
1219.1272354964676,444.6438265266934,143.87208649849126,245.08379981597108
1224.1775935084854,436.5158585319225,140.94800556597198,245.9811809210437
1220.7027797460823,436.2017054795941,139.3298839915829,244.32978429444705
1222.8504163136722,445.87473714794845,139.1596749690155,237.7766092277651
1226.3235398973604,434.9764155430927,133.19251129994055,242.15169375289682
1230.3223772358544,436.20440527179306,133.32322437135522,238.65470204097042
1231.3211508649088,436.0266963804832,133.0899165987133,236.1075016509582
1234.5424239493912,422.56435196429914,126.85236049410797,241.86198502751245
1239.340562066316,425.1050035729474,122.57113911058406,244.49128931529265
1232.824070503795,433.527824091255,128.21853678882846,240.10567515867172
1232.597363568243,424.308432874347,126.67554930424811,238.641898686572
1226.7270959593013,430.7935692801851,128.98050046657448,235.01264985401173
1229.377009275481,425.94289159865536,126.07171924618596,238.24003656769395
1234.7150597041284,419.78483856240786,125.05037767065947,235.06857387723755
1229.6993176216179,421.9979286094374,124.60970205994744,228.9699517241973
1229.560853417154,428.91780099034344,125.92793605420634,228.29650282947463
1230.4874932565044,419.645093028814,125.35021816874497,231.5745104860468
1233.0733384093862,423.7499151204996,127.71274381591928,228.6814326504504
1237.5023059419436,413.72754894375726,124.9507631102301,227.63063696003172
1231.3723614763283,421.1979271906861,126.42742836054339,227.0196642994302
1238.9123813554934,418.71799735699517,126.00747860052158,224.83260438536269
1236.437117841848,419.00522140067676,120.81994897456829,227.33290612359434
1238.5557872015722,419.01319112297233,121.30402575753564,222.02342389522278
1242.6485615823522,414.05221523921114,116.56646934951486,221.13356126989675
1247.0251323962198,414.4231837815782,115.04772577609381,226.75110772621076
1247.4415637704053,409.2339870604595,114.81512520345058,225.61572838744206
1250.2598270299356,409.28558272177213,114.73180438898706,222.4653139240008
1253.6082255105578,404.07696240517373,112.48652170766114,220.65248708169537
1254.9232028047445,405.96554945369394,115.30107553950094,216.0105503315431
1257.6405460996998,408.16523803837106,115.68678279453385,212.05456982094307
1263.8087970868305,405.4975613277626,117.95697226582773,208.66027357803176
1258.6828167969888,405.5083068283216,111.86570894395015,210.76896836172125
1266.3619417897914,401.8850982475343,106.69858101376718,216.42313597372177
1270.1059843631367,394.9373655380695,109.51061183505752,210.73012159592034
1271.2874223554559,399.40348914329115,107.5391656014551,208.2806809032509
1275.7887195748149,404.62878756434134,112.44795884672527,200.21937432276218
1276.419403167211,398.45989424950886,113.40832808989873,198.14288664417347
1278.7466854015584,398.0465279859642,111.09190026277193,201.50109127066042
1278.3086616050778,399.84928287445547,103.9589432555077,206.8952254226317
1282.91010528584,389.8027008381576,101.94033391043692,206.30091932070934
1285.8002072404493,395.8513710801427,98.48810746722495,210.06270261659876
1289.7777677038548,387.9125420209176,97.65396182236634,209.1260754877946
1287.3255988875158,390.838752083745,97.51935914665839,202.75929451762528
1288.8329521036376,394.93121908031844,99.92149883538288,200.9655271343633
1293.5541063001947,395.80842152931285,98.63505559987502,196.71422044934786
1297.9575126888606,387.75096400046533,98.37678827684528,192.13699985890776
1297.851778341207,400.3292472795879,99.2927835307557,190.89799452262315
1302.0206818577055,404.4946361620023,95.95617188949345,191.26452387577993
1304.8483309774128,401.6603843557427,94.73596095151844,185.28151649627716
1304.4369742821084,410.03861821396595,94.30209522223677,187.961939209251
1309.6643364242098,402.61677532768704,92.17953331271762,194.6796957857263
1309.954848665466,399.16409333829404,89.83265973833576,193.71027416996665
1317.3897831139914,394.194853940459,90.75127603681338,191.22875178726417
1315.8744020749052,398.4649441485034,89.334920218389,189.57616138352648
1319.7198870930638,401.03170460098056,88.54155596620981,188.51518807327918
1317.5716096589852,401.7301990093499,92.11959797435958,179.6271338068932
1327.186917556905,403.7200934455567,91.26696694930536,172.55381741206287
1326.7639643282487,410.6979546786696,84.99102315228998,174.05155907097287
1333.4087770272674,409.37547295645584,84.96984295762732,171.58945009923153
1336.1213200690024,401.96638450134424,83.38189676970055,171.54868445598555
1340.111550814063,407.89973668495736,85.15815825640675,171.83231604328162
1337.8441914219225,403.3140402252585,81.17627776313387,171.88120833157217
1339.5822205774778,405.4514203420844,79.40253790061318,169.69256834166924
1344.3290268331218,408.9720257264722,80.65103026631736,169.25161279106263
1345.4127774256144,399.0231102234249,78.78336675365813,168.94343200091043
1351.9966567005438,407.88097838523004,78.6584480713285,167.71432097412202
1354.5411777712145,407.4362511528353,78.5356007665123,171.7431140792866
1353.3159127623492,403.3699224839324,78.2657568454422,170.13239098787187
1353.5174429895635,398.70386225989523,78.91694600068807,160.34922972349582
1355.341795744312,398.13912510724174,78.90390098519646,158.89092985977453
1360.4097789896557,394.55719691891136,77.97533236441839,160.345450053666
1368.8266331961852,405.9820618509149,79.69002743869297,156.95033012504263
1369.519208726095,393.32994681122193,77.48061713385718,165.37466326377722
1373.2072215444166,400.79718501533273,79.9824562486044,162.7584918381848
1377.8950512363388,409.7907874296005,82.24884511124765,158.0074086411069
1375.3722754189528,397.1512669220049,78.02353565604541,165.3871792159734
1379.2677229418318,404.7923073188946,82.15920891887731,167.08159109280754
1375.6553545906993,390.45473378245987,85.30995562303505,166.11592886567885
1380.994920839595,407.3407207214142,84.07167569474873,164.7136721238477
1386.1387156746162,406.8784601719491,89.68779268377938,163.42204392867137
1388.9891867776257,400.9185443003903,90.47952746707813,158.97624273521313
1388.9707468536617,410.4022364571976,88.10265312950656,154.04073038790048
1389.7115973294672,401.6713608619097,83.80759793656725,156.17078755649916
1392.3836482461513,403.37674909560576,81.87067563114867,162.6426737469688
1390.6234416964717,400.43868245778947,80.96745840790368,164.9528842469976
1391.8137774703341,398.6742853949741,83.72949578694362,163.7860995033749
1390.8117679679433,401.9109817283354,82.3693288388258,165.81504076687798
1379.6882027668773,397.9191564085734,85.54731320169948,168.67390768999354
1359.3093240705637,391.54701614008985,86.35411926507973,171.42152344240773
1346.9311498110671,391.855672575834,92.01567561193514,165.61913064756766
1341.5332677788708,385.7219350096702,91.8727094496792,165.82975268951122
1324.892085817337,389.1391560674694,95.53736921840945,160.28998874550086
1308.7630249708693,382.56323165162735,96.10594347684216,157.92744006462698
1278.0752365742837,388.9201882346018,99.46230670496357,155.83857052578887
1266.2299921961753,391.3788745850127,99.64652040731356,152.26248985460433
1237.0263785135787,379.7327683132521,100.60889322630791,155.36673430676893
1222.9909221803061,385.7560702317615,98.5339437622655,151.16203716983205
1200.3319632577939,391.60407415934935,101.72457492113577,146.94659116239032
1171.7395331799466,384.42997106797293,98.76753768300597,150.24458412560074
1157.8456183754477,376.22701800438756,93.84140370707439,150.29238137435567
1130.2416515917039,380.2317290039453,102.13793444010118,144.17595671731235
1106.5534272829773,384.84784910116844,104.09590373685646,143.0486288924755
1083.2970178456424,387.6042066761846,106.49500532276771,136.03891105393546
1066.2666811729953,390.44435357747324,106.36349236639298,133.0588096177349
1047.4807809504373,383.90536968330844,105.00221792361685,130.1327327897828
1039.8060005791538,381.786148177704,102.4480320059653,135.18408581862627
1027.0476327623933,388.506939856234,103.80548006680597,130.54657453686343
1025.6013079666668,390.00854326276226,99.24507400117977,131.46045336018875
1003.6021787291565,385.45813976335114,99.42864466793888,124.8950959367769
1001.1997078622381,383.67330337903775,95.6050267816548,126.67890668331091
997.2956509941195,380.997074284982,93.30801024279873,130.19852669381288
992.3994592125497,363.2082458913713,89.3585644873508,135.95674253356742
988.2839482670057,369.3100116477133,91.4152418063066,131.23815401523868
984.6661150255834,369.9525880480336,89.61224233375299,129.36734252777103
983.000600770711,368.59179242265407,89.8971830322196,127.67850350645442
985.4904327779523,387.2588942745197,94.0242521490628,121.3920514633271
981.9573732018715,381.64168805476817,94.11922312000223,118.87610050334487
975.9073466368391,386.39813911058883,94.99787799822502,115.09129238161094
972.3886258042248,366.55516875541974,89.41513953902349,122.13168238311334
971.61299571725,378.5152722143651,94.85381653895466,118.36699379931756
979.9441918651528,369.9414977332943,98.79805135458756,120.20932509627721
964.9993794528126,371.1492966572591,99.39351189933193,118.29773389583183
969.8773465742405,366.74302131999036,96.76348296665046,120.48434371262789
963.1308696593427,360.9361321254159,89.76069378207058,125.4754476626911
954.3393859879018,366.17955808806823,88.60032193561618,123.61201172990988
960.9141529872303,364.36988731708624,87.61945359320613,122.0215142726139
959.7438655887034,369.1362310796023,86.19140235679829,125.0648979905736
957.5637932133998,366.12775540295473,85.46098921419332,125.37296073442306
955.680156548239,357.52301062670665,81.35229910598113,131.1749755865664
951.7603097264717,358.90843532121477,80.67825499178568,130.30642765242692
943.0523253193835,360.21392720532447,80.06262646234822,129.313580368176
946.9692627660871,365.46113541690374,77.78520761138583,127.1076399968606
949.0257335295473,349.80519867157614,73.14061592369282,134.703194190047
940.4127957728655,358.61844911610046,71.04626371402509,129.88406414173903
940.9688616777825,360.1480737116675,69.90108927014808,129.37960251754424
939.2488810238319,370.02933523956597,70.72821566718841,123.71476175448475
931.561131086051,365.05390899848646,75.17512152013086,118.0254054929173
927.3777344068048,379.62464219472474,81.22752782756655,108.93263053084759
924.8089706212337,372.7080369890888,77.42307824082685,110.13746799417072
922.990732993558,367.21476830316095,74.40039911839604,111.44715148173182
924.7904943214713,366.4642496843098,71.96359516574348,114.025523591867
925.3761635620668,339.22335861930117,65.70933271802446,121.63896704173351
921.6056518934241,349.58918832233246,64.9950420982357,124.4674525803301
911.5864887436642,356.90331838469416,63.124655922179585,127.00631150641132
910.5308234968044,355.96566008816643,66.16530269686152,125.59476098422924
906.1411682605369,365.08763291284674,71.58431068721285,114.7981511248057
906.44618269363,355.52852924124585,70.44846947776736,120.86779913526064
903.4321433307935,356.9691272939024,69.09747840336186,120.51122686809558
901.4559565387276,353.0396051443124,67.028077619665,126.42464435676037
907.5066557506661,353.8439493579397,65.40428655536599,132.05923878150324
903.803016878539,339.20435879245224,65.88922242084803,138.77776058655894
897.181858744459,344.81820389445346,68.52526017105656,134.6460093072965
898.6647775905128,354.43915190864067,72.77795737543252,131.26333975932326
886.4485530037932,351.71950105537593,77.18988874343658,127.30992798564135
879.1142946401641,344.9590360741384,76.50602174543295,125.84357941423994
883.7557822556643,352.4755922119046,75.12036469690929,124.56248903930225
881.9929203105788,346.7323023953436,74.15309826502995,125.4561746418172
885.4728048971582,350.2806460824154,72.06811987589289,127.73660280921659
881.0886426384031,345.3611683734878,71.3143513983456,129.2209016043092
875.6476490569607,345.6128199249083,72.52648764478724,127.20550814859442
871.2420967107782,343.36379451074487,70.20092350149011,127.39998793702385
871.6008217122765,351.3148385076675,69.81713893281193,124.41333336471155
866.8578274031762,354.4889438047011,70.28770125962362,123.12823108230458
870.8883855592229,349.4642719742129,66.04465172621768,127.94571173068759
865.0284419477719,349.2447568334722,66.73985678426982,124.48022118584548
861.776571082522,350.2886107358307,65.7515503017338,123.22345887170795
861.0189109178614,355.131623442566,70.83434318630782,120.40657146434347
860.9568464329218,354.971071957663,72.46552009637537,120.44524569761215
857.5290222624479,353.16521021987785,71.76700041243001,121.0210605048068
852.2173855590842,345.19458657099045,72.37078226828876,122.8280897120809
854.056917273385,347.4735540844214,72.16859785703168,127.26400771551101
853.180680653268,350.2862572537234,73.4373147178294,125.27275313411684
849.5423083871473,358.20759341841386,76.36926548228799,121.13861230230783
848.5622812149279,355.0677370630602,74.99672623591553,122.35540171776059
849.3800871339818,358.8496775527842,74.81309460782853,121.30840626736392
839.956987861698,360.1808716065993,76.49829199037197,118.58433074740569
843.1464169194181,345.66712401931653,70.65014608015362,127.06524215136326
844.524626164554,337.51758988945585,67.90746747285466,136.70326217015878
842.5797730662871,360.9252290241153,72.67037963605691,130.36354108273653
841.9115013498558,349.52874285865613,72.3358003249602,129.63665107100212
837.2209475925125,344.5276070176815,71.9546323873937,130.14451353471605
833.9260136415912,348.6160255574376,73.54935230780504,127.77499365817559
836.8206013116617,344.52637308349085,71.63171893829553,126.4416671960125
836.9876292924852,346.4602598313905,71.80033273894739,126.95571957040356
833.6757305565875,344.7467464182135,69.580804627367,126.40255992045061
829.8086538199738,345.850087692798,68.33036704495096,124.42460807722068
828.1758161495727,353.7814685839724,72.11250470901525,117.71729548525596
834.4593372048081,347.9387149736682,69.78217058211729,120.17190651739332
830.0456013711491,344.138772790393,67.8377445765062,119.25163896255373
833.3868738015992,346.37960546293766,65.89744184353115,119.87803293858637
836.2333464715346,347.24112974022273,62.73584830258113,128.0318448444993
833.2185953864401,352.41905792839145,72.76074780314005,120.40830431017372
827.6498695828756,342.0003739717703,73.84343534062938,123.41642415905076
826.5706848396917,342.445574118407,73.60916484743706,122.72076631806786
823.8119552570829,345.0356403251452,76.12626353208225,121.72722232733213
821.6519040902605,338.32970940437207,72.72477567678962,129.36876865136537
828.7812123923292,337.54697286047553,71.79936480117642,132.27619020544745
825.5863108228102,340.83964758731963,72.01407930423426,136.31526312976865
815.7558105559897,339.82610628045774,74.78016850052958,136.82719583318647
812.9030900159578,342.15334479551143,75.11619143752867,128.75476121381726
809.7187601130702,346.5548414528127,78.15599485273475,125.36729031025513
810.497823539223,336.2848524068216,77.41543113580133,128.56681535462715
806.6496498248778,341.4083070837217,77.30304973716699,126.52364989087177
812.0012960797317,341.387132926179,75.48739138617171,125.44796017314198
810.3890645230938,343.83702606852796,73.18673738767515,125.27429460979766
815.6311655339476,349.33332803476225,79.79931081080676,119.23878617184222
808.2377794824461,356.04502330529095,81.72796655047384,114.96492361581647
805.0358276717335,341.83499761012763,77.20354645997887,117.10865987221464
805.185360586044,344.35133173927983,76.54978708305991,115.0642734372019
804.4535630641564,355.052463374351,76.87047044971453,115.1601623503901
800.6600457774844,353.1338037199553,76.57881913837593,113.77740161914208
803.0755449961842,347.3990567522571,72.35099693795209,117.43817898947353
800.0492091874889,353.7534678689127,73.77520913074719,114.61919171463825
804.62189788593,344.3906027338005,73.79506995256182,114.55340578703337
803.2220290507496,342.2172459874832,69.33593590707642,114.14151697549569
805.143404967295,344.6337040909375,66.52152308795266,113.94042428479668
806.8059183814075,343.57018663884924,64.44959664425465,114.7597313268989
800.6108914872667,355.2299813486199,69.08476492619306,106.4835769439115
799.0872776597939,348.50109691596487,69.77928634377483,105.06235578563151
798.3199398563289,362.6548349882893,74.45191219913971,97.11543250508322
799.4914311834144,347.81662491786625,66.92386943349928,105.54292351139198
795.2871967554066,353.7920369337132,67.6790532226714,105.5695746602032
797.0292578333977,351.064194883151,65.47666681626153,108.60937356757773
801.8253826591153,348.09908881460643,72.47676693648869,108.68154516909847
794.2264454877012,347.2033485612309,77.84133100229664,107.19112904953761
787.375686635848,339.5112369528049,71.85977681331632,114.99316044767357
787.6010542477404,346.89159391466524,71.41876715804099,114.1913328424402
800.2791694391831,366.7318176645535,80.38465032793769,102.45296496976289
787.4161490136412,354.29972604772564,77.13375638427985,106.81733651835103
783.7824415323769,346.92715558270453,73.05323384121706,111.00220273923784
780.8486736334764,354.0820728263472,71.60781451230253,110.78884988925167
774.545381699606,347.64953143098523,72.58625312117636,112.14302219948415
779.4847455319504,345.32321024056256,72.36287156019813,110.67254526804996
775.7063095661784,345.57484567043144,69.81599981368392,112.67756692482422
778.2422671945569,344.69687455797015,69.49446992266886,110.59501053517215
777.0513101633284,343.7175653817036,67.14158993747252,115.44159562667798
776.5571415193679,353.74894695069867,68.6488674499575,114.98707822914109
776.361734031189,343.376378243747,66.9565548038825,117.87726047691329
772.4957629140052,336.99401088664183,65.27038532417463,122.29410119889646
777.7437103669815,334.78759854294435,63.843859801800456,120.78878066363418
769.5845380007005,336.07683026289965,66.47951977435092,113.82067121774526
769.739137050908,357.66020593198857,69.51679163021764,111.67553893549011
767.9179893110356,357.7721479576035,72.04358319146382,108.10277551272578
764.5040954185669,356.4635871758944,75.0829974018166,101.92992906460353
757.6598826951624,361.0474837862027,79.86597615875385,99.11861964243212
753.2783251931147,356.3871150116421,78.94354112715351,100.64750202716891
763.9980233656279,366.108686006935,76.87926375005374,104.48242690035354
763.9398049161005,352.3808931654183,72.53016233052789,109.5085026147538
763.1121034493567,345.2487257762567,71.57869970721488,109.05404528450748
753.3383117066772,350.847244345176,69.53096723636051,112.41145111834427
751.9248552455897,366.83361959822736,76.33175378414143,107.00859748312372
751.004133154496,353.093327608472,70.89772035390838,114.05691986166923
752.1698645614904,349.5189039186513,68.06089806444419,114.56074381827608
752.8732071424653,341.3914406993583,68.38002163594362,114.39275705729409
747.837807172012,347.47621589159826,69.54581995798954,113.08135782701808
747.5547019793922,357.34511356902016,70.54016056956775,111.50776630514872
749.7507623269581,357.41430117906685,72.70505463339617,111.41418984762757
746.0682921224874,353.10209198937577,73.58286253274903,109.66347391450957
753.5424213209473,383.12813869252403,80.64878151563093,102.88566336612362
750.6379448702683,367.5831765687233,77.33350132739244,108.74668116276104
744.7688172958503,361.7272234419791,77.73425087616549,108.06008050037154
729.5975965736194,358.6029201662201,79.29611275041967,103.43953413830593
735.9238794909835,363.9922415406807,77.051404428697,106.81772408951372
734.2277924837585,359.90722523035544,81.52063269186775,103.32182779588388
732.0164882071737,359.9832807675621,77.48710668935641,105.33232991407922
729.2523383333659,374.3703882368641,79.38228547846288,101.17213433616774
722.1676510943921,366.65414668645866,76.86610993843883,101.48620617348008
729.1382787549147,382.2206145283217,82.98158741622115,98.64024153249551
734.133915519507,385.4280649178156,93.15557268552769,90.56825569843133
716.7385031650268,369.9140915366196,85.34905837201094,104.28156119514165
731.8678956630495,362.0465357441731,83.92705684930397,105.94192198595167
729.2961564846764,357.54031978565433,84.41769605577483,105.29456837549253
712.4123343001481,357.73694756893144,81.93633812787498,102.39796972664305
712.9622875190564,371.2725311141727,83.73629979147621,97.50121290799927
702.0215415843243,362.3806860328548,78.06081730418506,100.40966772079702
708.7322772842618,379.42572561289217,83.02292926256817,96.30596052098217
699.38949568008,369.40238857505,79.85110803184595,98.75474642003869
706.1412663259568,362.035224850086,78.01451233990824,101.00887680777356
706.2081640302707,352.5048325854641,72.66052548537508,107.89136290762849
708.2142366399343,342.3304855067141,66.92718325222931,115.4543713917308
708.771299843497,339.3496913570061,67.15081694072828,114.48013069107974
698.634367695001,364.0926232833017,67.35540895601004,114.33526049250598
696.3627298863203,380.9056511219818,71.32840071983347,109.89295784981644
694.2651251033224,384.5221219993153,72.10674056781471,106.6469080499996
697.923052956342,353.78309848826814,68.77084971710198,116.11275312798395
680.5186528763124,369.49992507858826,74.38989823923998,109.42310995508063
681.5420223273212,350.46401751240785,69.72989183036495,109.771451211973
675.2533495974347,350.8192067521735,68.61962897986157,110.98330626766753
675.8545813953855,352.80972062897,67.51065717009504,112.28845902894732
674.319548270009,354.4268302702038,65.38266884955745,115.70238500622477
670.8189966687561,344.86573461797985,63.429672192709596,118.57459240927561
674.266419330324,352.8663647855061,66.0148230765347,116.68786250254847
673.7077913511937,342.82230100682,65.05792328837741,118.06403102507267
666.1094868070488,344.12299126695325,63.82549012792995,115.63891193928285
661.909030457503,353.111032586816,66.46223480283487,112.81398496627838
655.1403712975258,390.69671471517427,70.69206993023865,107.99962340100143
646.658622294538,398.84125842251433,76.02224505670185,101.30140406206743
644.8184314031654,389.5562362183374,79.24214683776185,95.53269895463558
636.7470531058658,394.73091058139164,84.18183043272415,88.66373634102312
645.040999376563,389.06676308112463,80.34185066476468,93.21094280884584
635.0373108133227,384.4639793665805,78.34948758507154,95.05175693770573
635.2264746828046,369.93960847279,74.9805328202095,97.64975037773172
627.980369698559,367.7454147119715,74.96480482964945,98.886870275015
631.2739536170791,384.4887201748976,75.24125994164899,100.29733070961981
629.3348934919285,379.0258892427961,77.70592944489019,100.43180895823144
625.6182754241747,376.3776473201716,79.38373492470492,102.1684349669025
621.1079378441411,378.9816360334754,81.51658221600701,102.12331531940677
607.9770903385975,381.2326336738183,84.98418363400208,100.42877100243578
591.084169410696,372.6120930192568,87.52044653841122,96.77547798091405
595.7976885488972,362.2473048084792,78.26107861119789,106.4076330881667
597.5706219031404,355.36991193840777,76.64233636465876,106.66642780786736
587.9758800209116,349.1764634360549,75.53390448190204,108.10303271508769
589.3739280154725,385.79810040840044,76.22643575151973,107.2128164239709
598.234806285968,400.9244434540471,79.1176933294067,103.81140597572754
585.5344078116038,376.4252903912524,80.20065038735859,104.97627316260841
572.2213212847366,371.0673941613987,77.69646771100507,113.23722938874796
574.4147659607909,365.60903960319604,77.42875349216565,114.30389003301684
565.4099686883335,359.93794520189067,75.65262798604456,114.90537959556981
579.1872710988356,330.13820599847526,73.44809751861776,118.58032723986581
552.4117329179437,270.9462610320153,73.10727680273502,123.71430525830414
551.7888028878414,258.08896405529214,69.61947490323726,133.71980195799563
533.4300269794119,238.58081035559695,76.08725070346368,127.43836468128642
548.5726313783758,246.78695267251385,74.93811575370155,131.01517274880212
559.1780049824115,275.84252373272943,76.26726168804963,129.35849853288315
534.1035564411175,244.66107983623525,77.09351838691225,130.19397587382508
528.1795218841174,238.89795836984334,81.9672313259833,126.49600923396208
536.2153555552325,231.76071910830512,85.33179160894682,123.67296049480501
551.2001555533243,228.84144289245617,102.69915916830897,110.71287346062508
517.413849346394,243.18337901182116,103.48436303045445,111.65269190336198
498.5773215350399,207.04450614335238,110.1987942837,106.19293480016967
465.02819318217917,196.70310788780773,112.01182611624765,106.76458819338437
407.16395874194285,166.36152905215482,106.17501307704404,115.55438528088592
377.3805228956988,163.00995125229755,104.18233952016634,121.28265626894773
364.9835103322331,132.2809882494482,94.07791197786152,136.55571811062322
347.64421047393427,122.43842241503488,89.92531741645857,147.1607190258646
360.7283842502296,119.24335633868264,84.26648422216584,157.719584910969
353.73602048216765,111.51497748895066,89.16773172826896,152.94435439952954
347.9506205934006,117.94081196824351,94.09039228464738,150.81358305141129
349.3286384986281,104.83537008160096,92.7320336074507,163.0955469593835
345.46578677884656,115.73663065678531,98.45609610276111,160.0245979789509
359.59788212724555,113.70136582676135,94.52974757438426,170.17044852759315
341.7828622179935,100.53618598350955,95.90224238038023,174.74980074496355
345.8634000455654,99.79557157959232,93.82503094731476,184.02152534291469
362.6161232913235,117.46705911618616,95.43907339992913,187.11499970140602
385.67412758989343,136.61516837592126,100.64367533239854,179.33836092092395
352.5103214076826,107.89072488574487,95.97587358507447,191.40611599118756
350.70139867191875,105.20182120411529,95.59288972568925,197.78625237198125
316.17665415969043,84.18438595619799,104.20062684704831,189.28168714254645
353.59486950614837,115.51464408926192,103.40250031056124,189.9619373551997
349.1856484191425,129.50814119773065,104.22370370672513,191.19119269928206
357.0537427863994,138.44958964216687,110.2151348438613,185.09669362511343
370.89201301666947,142.33810126018952,115.6596807825954,180.76662170706834
380.87541934990406,147.7031687421151,119.5620756405341,175.71236920724087
394.71494578503393,167.21782978953024,132.00211733137286,161.1680043690869
378.38156908902056,148.7499086198789,128.22237619914551,167.28822204408945
373.85216504073105,133.97279851521498,123.47081271029667,178.71646655172708
354.7871639404075,123.59406733483968,118.39771135194827,191.50832895598865
368.23626191535305,122.77900685879135,117.4737925502519,197.13841185730143
362.74787919513057,130.81610802919752,121.38780154864392,193.45599028167914
359.89210552631874,117.4589535592791,119.73771173771128,200.98861149528474
363.0787752292582,106.34206726772157,120.43129071435798,207.5574664737979
339.69706929328174,98.26163641961256,127.18378725117276,201.127381997368
382.8784793010469,128.3660511721861,133.1658234083895,195.18907385458954
344.28934342714865,113.74146190405777,134.4206866743275,197.87252777488848
369.2066506747051,109.93981057244717,135.38350424439065,193.02686914416327
380.4573220488462,119.73241926283109,136.77603661499646,191.94488377771142
426.96368960192746,140.66120301437397,144.62233917657053,182.13385392362335
431.8572113277588,137.82110558969163,151.96867800304312,171.0414309591973
414.86671165403266,119.10363377377976,149.2083711909258,175.92156343292407
435.66866372116493,111.74295579951992,141.25655134397743,184.38534892870737
461.28782035625784,110.81725311419085,137.0994775348538,191.28256742319215
438.50088513913124,93.3254848021904,142.7849450227042,184.39392215531421
467.69497477201656,105.52543531759014,142.48702670925843,182.10227549793274
501.6138484242358,135.35602736368963,140.9227835394638,180.83533400263087
538.458370503396,125.44455492587967,152.6561517210249,171.9776101274231
524.3181507342631,130.23241212536396,146.9607847960079,179.18772304048838
537.2322142872076,124.53551268376745,146.28547047106636,180.54671726394037
566.4097858314037,136.87550419637307,145.31194998333768,179.862544782453
588.5390925383377,113.32380279918729,139.55040382362287,187.5501084597949
589.4322801728671,104.37792606455646,141.10455360883287,186.70798518635362
587.4142467837934,110.44070393810553,143.23614073243544,187.19014732263733
607.8509145619099,101.19540192546071,145.68490473674592,184.50606179179346
592.2027604776621,79.21544789078594,155.05813213612097,175.757557106981
619.7537991854288,93.30947608352673,159.8639189866146,169.87308127729017
580.4207765728645,99.34025908381525,162.9300645700414,165.55390866512073
583.7690592675717,129.8370164192278,155.76907879279915,172.53008880580256
567.1149526469497,147.5473770938927,150.12830839734232,176.97456442458716
591.4977612760331,134.38912269677337,146.95313971884,181.94591427036215
617.6326793785554,116.51653891718504,143.85546778130026,186.03474431527542
747.9668654577986,105.2204626773126,155.08687855071565,177.89795279449172
694.2625299613425,121.67999820575892,145.78898573829093,191.018810963671
708.0834483648795,126.1400281800932,145.0372833995932,195.60741461550094
738.7638238815027,107.64269329577273,145.7961357549349,195.16345387421327
749.5963093214853,135.705860067252,145.6751676154802,195.91563445563838
758.382304834526,122.91129933579798,144.4915998744777,195.2786054446207
863.4655143294474,108.79446307633299,148.43681990341508,189.8834975306213
939.5577773732958,89.44273675176697,157.13189370583754,181.3919702110519
968.9687216371179,113.17102984868453,152.74235658261506,185.69531829561805
1019.9554122384611,118.74126030897868,151.70359661732064,187.4400216665753
997.3024539872613,121.51960244572193,152.80675480799243,191.03267741183262
1022.5316143572804,132.70720881881337,154.0315479622583,189.36692779055227
996.45513007514,104.01055386034358,160.18651724544912,184.15379554053527
987.1679012023333,107.00262087835577,164.9035702451214,180.6320188732039
928.6441027272945,108.2893706308166,158.08273542985094,186.43552482741418
950.8264162074768,104.623437582858,155.10792787525762,190.53442801880965
1001.7294771166457,115.36147424487027,154.25816879353297,191.86305614824505
825.2748119355867,370.1747946806724,150.13018833439276,188.74448028398
834.0139437537946,381.20168409383024,150.03496440859615,175.96739357061742
852.2405083331954,408.41390082601663,152.78031241758686,153.73874174564628
863.2895942165152,405.41999002427656,151.49118344650728,148.0081716590305
872.7020784903776,416.87999854004164,150.85464132936332,137.36081932662842
880.8339471659668,428.3776986453801,155.17032789661386,125.04277306778032
901.0564960664187,438.4778431357694,162.91620745156118,115.98438947206259
911.9723705004453,432.92902116038056,159.72493933735748,116.19396642593034
918.4382052512141,437.6117335893486,154.94883531804157,114.71953061278745
956.0242077418121,444.79563332828246,165.55974324552585,109.8949841247149
946.1917687225697,450.0376517370019,166.64187675695774,108.09182317183648
958.4398047887781,435.95114046395247,161.72310589418038,109.58230641921779
980.9237110180492,444.40776528538186,159.21983037057694,108.3876927966923
994.0515007413971,452.9632169105356,160.22899233603255,104.79444261415205
1009.7928069288755,449.9006725693034,156.65134497302859,102.97912061632297
1021.3255448161183,454.5664187717521,156.63842897788928,102.83180137531863
1040.2781515261702,439.9974693546226,151.68184113603547,110.20578850273043
1047.9740677963282,447.30031390719415,156.47896360077146,105.60725269381707
1063.9011273949372,436.22666887863977,152.394038000168,107.90425190922059
1078.7596157798348,438.64285274940517,153.56970353898765,110.05229221978418
1091.5391466886913,442.5314579357187,154.4504755485131,110.62217052631847
1104.3068051683126,440.8839152337573,156.05622866589925,111.43416614527581
1118.9726475445573,444.7880934605996,160.11976611768324,109.43722604969898
1131.0476701812272,442.7054778850212,160.3624420904468,108.2200898792325
1144.5628881731718,451.01349972559433,164.8251771722737,104.72610244972512
1160.8949006860396,443.58369584837817,165.01207176616418,105.76831796798706
1174.921757576565,442.7370450382074,162.54380683891085,108.14943828662254
1187.3389643139988,442.486027020413,161.5121521607092,110.12140307538763
1200.0760036394852,451.5169145751259,164.887514346959,107.8037090167451
1209.0371436398516,447.5026405365829,163.61809393448326,109.63656939232249
1220.3284327167653,447.7731010804747,165.98343635707465,111.04278176576778
1223.9332143021325,440.3430625365485,163.96143902297052,117.28543080598837
1228.1438514600063,454.04815963351666,168.85851436073258,109.97363640423188
1227.9677221512868,450.3294797148759,167.36280522284738,111.16826057340046
1228.3192192958043,453.9322036935905,167.70246964847757,112.15588139756974
1224.7334762155965,444.125392967694,166.53118290613224,115.45779213137604
1221.7259008143155,436.1696396244387,165.47314401431515,121.21322354140821
1217.657500343102,435.64384633030625,164.4648241834048,123.85324365765034
1210.9733626746179,442.42471028029695,165.14172450890254,124.04123964302553
1204.853523283033,438.3909295348498,165.50189372417248,122.33436455045185
1197.8721002897016,435.6669975019122,167.0907485054725,124.03700097663324
1190.4779443572554,441.3589123013011,167.14886878662975,122.37256673830046
1181.10947095045,440.43943096065607,166.96042352883774,121.40022847391799
1173.7478029909273,448.4831045433854,167.6127102336026,119.3977153669855
1162.6643736519502,446.7078400099439,170.31095051043275,115.76084866269008
1155.9509216830972,445.78536726614436,170.1956225187108,115.3388917804708
1145.3925320871062,457.185127331305,171.98798344693074,112.8851444840668
1138.2122772039827,451.2004675242697,170.31482493719506,113.8113875401857
1128.452293629106,452.20893867048227,172.24487769412812,113.56700605515468
1122.2909929498423,449.6451753280378,170.8811160578351,116.46628810145117
1118.3067673040841,436.6937637388877,168.08913685831396,122.91011236977084
1107.8942915171615,448.19354176905483,169.52629124532336,120.68233840999847
1103.3020145373832,433.21842080678994,166.63707483786655,128.7078401688406
1096.4501305225176,445.9093153687263,166.97746267759817,125.86889202407875
1091.8770225899632,447.3509078760145,166.74809475503616,124.40217915816282
1085.639873282778,441.69496781777883,166.78065315909132,126.71652790729172
1076.830027032294,452.2368171005563,168.68753081311064,124.53715867417598
1071.6982710517907,444.79711029352796,168.9193300867012,124.78474477213528
1064.9039860185023,454.2110306111134,170.15724777613275,120.86185011840374
1058.385500981794,449.66391315442553,171.37718744601773,121.25546715098312
1052.4759412203553,447.7975288487354,171.3464223406667,121.11637808253866
1038.5155268790697,459.4720434758072,176.03403496190603,116.73875287255433
1032.5711904251932,456.8811537698955,175.64579643930722,112.71139422253559
1026.9277294092485,454.800613910224,174.6655015100439,111.97288728372206
1016.0083630186664,461.5672596409842,176.60083924145653,110.59410946232575
1009.5764723913446,456.3205349737974,176.7684073229834,111.35609965465518
998.2642368465886,463.47387507342137,179.2442516174059,108.24470891901416
992.9204970162976,454.11368756640263,176.90454624920875,111.29432204008324
986.6998031188723,444.66140608963946,173.96941661746678,118.60924861769908
974.7080273576693,457.63146008928453,175.91375687923642,115.72816461522883
968.8309838586479,452.6029387907726,173.59675872505073,116.88762240215544
957.8156486902432,457.60151580712727,173.7294517112985,114.07606348112512
953.2707366812402,452.9638984874499,173.40858164417,115.73043105656713
945.5851856524545,451.1686997564598,173.71788238579416,118.28022521853049
933.1540990479779,465.33298754322414,176.68559793502487,115.01135788629426
924.8021905870779,463.72766414470493,178.0518412269302,115.3241373451112
919.1047752667605,452.61562301461765,176.63283404799824,120.54708564189443
912.5046019554152,453.00813065304465,177.35332500343523,121.78312250488312
900.245900198351,468.99155034906914,181.63010536194366,118.25684688470182
895.062455302947,466.57231711220845,180.75807678481647,115.77701717219406
890.7554387878627,466.33220651341617,180.5348547117618,114.33441381101437
887.2382197265209,457.48481309159206,178.64700205188464,118.30201926145013
885.3077337496438,450.69756364585237,175.9805061468171,122.39915135393063
880.3874315480432,468.94343680008524,179.0597352083622,116.50655756807781
877.3038865141865,468.0184883979982,181.6283696455984,112.46446937320317
872.4505623660808,466.4269703931179,182.19560345386665,112.82189166634974
869.4077387739646,464.14645566463395,182.1863893517908,113.27543693495718
866.2374366399541,460.1729547554479,182.05461547467286,115.26619554717374
867.9846732000816,456.15097735293705,180.1585385127735,119.9360444059387
865.8845175221091,451.87961846588956,179.15716903637215,124.01557459355777
863.8378573777102,458.4269896411303,182.75430658958754,124.20011382614247
864.5227595766527,451.26797856059625,182.02742689637006,128.15811901271243
864.626565297764,453.3002391991572,182.25685120273607,128.22480380212252
866.3493521509756,446.0210384505586,183.85398982669642,130.57682444288517
864.2855625297227,457.3067950294476,187.07825508327062,129.5545995522189
863.7594988038601,448.0797463944958,185.8183718638863,133.08767297149262
869.2872701975069,430.0039022044781,183.573613247225,144.2775412079365
874.4690096302326,418.38666733941847,178.8908881796012,158.2938180866388
871.6341566480856,411.4607789496834,177.90169821021468,166.69275701393119
879.9233564793392,395.44311211648426,175.20260325433497,181.2949086887931
871.11721589205,415.79489228510636,180.63251866436968,173.9535199977547
875.9904714422078,410.7538614864026,183.72668399641077,175.37444165096034
874.9975907463714,399.6749956913595,182.43514795120882,180.57427648543097
875.9744628396627,409.0458720471249,184.0546247370332,174.75517574993617
876.1958889134412,406.4994410990904,184.37186120341096,173.74473007828345
878.5875691032311,405.48406049371783,183.86240505118082,174.758940382326
880.6125817997083,414.70558713252,186.57230387850495,169.02388480513292
884.554549940585,414.4979516856069,184.69579669772168,166.8428200344879
889.9892636759167,420.526976132448,187.97848169743364,162.29984126323805
889.4955882836613,426.5326343399671,187.25911982943893,156.55672261966726
893.0748265778182,442.6385005757829,191.36847479097668,145.1785207208841
897.1627488275518,427.55357779292177,190.8712591393549,147.63841248231995
902.3144048771629,441.30770862210727,193.26730478246876,141.77547459941775
905.1384702728642,439.33179462571115,191.18596115588815,140.39338682711121
914.453054559883,422.1148504096961,185.73265006519415,151.91267617385577
917.7926492893374,430.1389206581697,189.73048611557533,150.81824830597202
918.4425582551141,434.8336631363401,190.10495234174252,149.56090366980584
928.5409557709479,444.1301942039605,193.86548043337405,141.9669874077485
934.4187781545302,414.71804723520694,187.44496869876463,154.46567042981735
939.0719812961256,427.8898183483712,192.2036647599238,151.1986707051831
942.9082566460523,439.18580524574145,192.4585063104784,144.62673301749214
957.2942626036298,411.94494954630966,183.8296218103571,156.65775370247633
961.1337120465424,432.49303564811703,183.13255498989034,149.5829294703015
966.0459663742313,453.9904012377714,184.88415014682266,136.84408635630916
974.564510097479,454.5169046597739,190.19369591467435,127.82641903503597
979.3671140701931,439.48832560296296,186.90536983149374,133.2461389207744
986.2104571907197,430.2790147564215,184.86903478250747,140.87400333366253
995.1593338154962,447.1857913659396,187.84299222132495,133.64293299638
996.6819233900958,429.44190250068226,185.8981866352047,139.8329073895134
1007.8304738239422,438.09706010850135,187.62759327687763,138.50389836092032
1014.666679974826,444.9067584095037,185.49261031059882,135.17079250716375
1019.5411567063557,440.11510511584953,187.7601721165892,134.56070891869743
1029.43470192103,450.8775107732733,191.10450038713157,129.20082658510077
1033.9353374410919,434.97127046441904,188.79084610418505,136.21014960175728
1044.1798153709483,447.1642187405197,193.73006403975046,130.64211728152463
1053.2874010234725,415.79907971759485,186.58799470099976,146.38749389764502
1056.781413354656,429.18740523420695,188.3179422643365,145.56386976846306
1063.2928597625848,440.3412374479292,190.36740897502108,141.30450610053614
1073.451980428122,454.748073972803,194.6537643227466,130.8221951057503
1076.8845080342962,443.37471703731757,191.71901451130623,134.55578296604392
1089.2068518875938,434.10331842008475,189.55995393215545,141.05122286097912
1099.3288598017605,424.81263943353486,185.24801945349924,148.15158103316395
1105.678200599839,421.3681717499961,184.7158193758088,150.68389007877346
1116.284247494434,419.3721447270834,182.5369798641084,153.39659897383405
1121.1130672836998,429.4104308372252,184.70371490054103,147.06624128667912
1129.1158705035502,444.5016567198733,187.9981082973948,137.94487467008832
1140.370445297454,433.504282257662,185.6609118283817,139.25464320967328
1146.407369455613,440.47693909941484,185.85805907631277,136.3030915424407
1154.1988699163173,454.3319010584323,188.57842616168622,127.11458241472448
1164.3197755985286,442.7978848573712,187.05914360587485,131.03512800984828
1168.7778155373808,459.2063952346914,192.98838110504437,121.18356186171698
1178.9782010552683,449.1143546987676,192.3397373568531,122.15937102619682
1185.7609790799622,458.575932956294,191.67692210380764,115.4518987841608
1198.4359255095826,450.07355741906133,187.19218791620426,120.78602131707473
1207.2113229645036,458.3828195150485,190.38505884053893,116.85898408276576
1213.0693697401152,459.3687101670566,188.8212519604619,116.77656857977706
1224.357262431077,437.4524175816907,185.1881011836489,129.4927051954492
1228.1055152597587,447.2049248188933,187.52948597304754,128.9614060451557
1242.0788721098843,428.32171146495085,185.25181102171683,139.41180851725244
1246.679069655759,438.8528284595646,188.15673457453534,138.6117897377128
1252.3379107728508,446.12041149763195,190.44631232545362,133.68457619422946
1265.5757600884606,436.7724160212035,189.73282656008718,138.5076219731908
1274.6413153081783,436.49758770554934,189.64392368827282,138.2452315788317
1281.363083953743,436.52646471367575,189.62724982537057,140.19676572112638
1285.0559056919253,442.3987224575528,190.65124987829262,136.64514212320015
1285.5784302015575,435.0831919648002,187.87708257731663,139.40310582093792
1281.9055849272359,437.1491416365626,188.46938518324583,139.63823212509567
1288.6246435293478,433.89724764932953,186.22739066847026,141.11784257363652
1279.5450946509686,438.83105562631425,186.15597808185288,137.5166356389279
1278.5780198763077,423.2498161192915,182.32272130212127,144.5149516509854
1269.0382912536622,423.05586670352073,181.22637753822,149.21710663266526
1262.024085225905,421.6442377777165,181.42002273565242,150.98250415686897
1253.2278889483157,433.0364292720698,183.05460397405588,143.4116052536168
1242.447958757064,450.54739209436764,187.4223059790963,129.61730549507644
1237.3979016096866,440.5910216084936,181.96267556426272,130.23980052305342
1229.8499454494597,444.3804879297706,180.220115121236,128.11968940622944
1219.0289465011033,439.5245956980198,179.23178053770926,130.0098339332172
1209.129770936978,450.4279605939469,178.96153376130866,123.92754300900228
1197.7767210960396,442.844731901137,177.3172524264493,123.42605973959772
1191.4765898131136,449.92446189357224,177.41186367749393,119.50228937701812
1183.3927239727436,437.8311423523081,175.1872875441856,124.16273352805763
1166.4126892243876,456.3608797613473,182.42830575664422,113.63731852926733
1158.269080087647,448.1885620346428,178.55976442511573,115.6042305574075
1149.7688228680513,444.3977101068732,180.27525572779518,116.3898947573978
1141.2387317381024,445.66720483092547,179.0538853589275,117.96458576047473
1133.0664153859173,438.2619277432037,175.29433730197292,123.3804753830374
1127.99918560617,424.39073600770956,172.34321489594765,133.65942433908376
1124.2766518061453,425.99621068518013,166.88436931772125,142.01448978645914
1104.2699109405994,439.90250078478005,174.28569363952244,134.38427340335144
1104.0152823176875,411.9567370202422,166.0183998915947,142.59690209191078
1096.4104413582431,411.3608916404652,162.320765951499,148.45742493773264
1090.3673107780005,406.60102379242846,160.21262647015442,153.4695217551059
1093.0046661185147,380.21514206018384,150.43524316820148,175.23879620341836
1079.243718530371,387.7631390197165,150.21401420198254,177.66701599917195
1064.4152747575258,397.98674230731274,153.38880320934172,172.18610238430458
1052.171811151451,418.94593519889133,157.02328930606222,157.78313374801775
1045.7414613824003,415.0463309728068,158.69319447625182,155.9618490439513
1035.4358957355923,409.94458940411715,160.88016077635194,154.52902391519444
1027.688959493692,402.84045693585045,158.61237823818985,153.76597550936813
1022.4528275307857,398.1750749597776,155.61719711218018,158.71232462934398
1035.4195585860411,411.02931601355465,141.84588313534528,161.67904614889878
1010.5638570242432,415.96561119250134,150.41250547823776,150.96553588094477
1011.2051126445602,414.1462680174318,147.08805251098852,148.21646794419325
1023.7666317004499,402.9953564441544,135.49543360041693,153.46365354789432
1022.7098592346102,391.0193481570959,127.81735112785529,160.58198820620504
1013.6035859026849,388.4814102990241,128.24834852916138,165.38428086921834
1003.4893610571401,380.7376582350655,128.5346983815157,173.7166011089998
1005.8718654989485,367.1965500557566,122.8972568844662,186.28523470906066
1010.7826257300932,368.7725898398861,124.30676435357904,187.59345876384663
1006.0179166290565,370.6937509552028,132.1789944033447,184.46688158206692
996.4969545145683,377.5311033140675,139.2424436907716,178.83138731229917
1016.5375430826191,359.0240594448907,128.57790551657024,193.78543452331476
1006.6799339382628,403.83527706591144,139.1116657992842,176.65619162617548
1032.0668562533772,364.29195014281675,128.8990648912026,184.70823906122249
1024.5097445426825,387.54300358131576,132.74308422156275,176.07338930564663
1023.7564080689598,423.22623867125003,151.74160490921184,152.44879527372325
1025.792551438493,435.09646763873957,159.46547650409582,138.51228733421289
1021.1308465381712,449.0907532379618,169.09270607120732,125.90019767022439
1032.1187337008844,449.10715999929073,171.2389511406516,119.57282768246208
1040.4375637576172,460.1880405974938,173.02256186552202,115.70159375177766
1063.6331569654244,446.14081662145765,167.94107940940248,116.78771845744895
1060.4031392766185,472.25295445152153,171.53591604149463,113.49923448901365
1068.824718080947,470.0776629860948,172.10681366385188,110.5164808963847
1081.4647454981364,464.79386476372804,173.65000201943695,106.7214542699806
1091.7317779742957,478.6887082404251,171.47331389333408,103.84633559246859
1108.8496846977325,463.7083676692447,165.59772548373866,103.32617887179416
1109.804644768831,475.2720409193729,168.88636882499625,100.8362139376172
1130.1933717895113,468.7516687593324,167.9224156494995,100.8854457450467
1134.6763160968221,480.6599275847536,170.23092372551548,99.13717192264527
1157.9357657130029,474.80606429646264,166.36346044346726,99.56863705768801
1148.9584322625524,487.8006570301705,171.04405053601877,96.58692501069376
1160.9722992770037,494.417512237027,175.50196734157805,95.98472425630294
1179.3135997066377,490.74760899375224,172.05544687661296,96.68036307823061
1190.6856758143758,499.2634078710298,169.25414521152942,97.15703499044636
1209.7122572660392,505.53225808913015,165.15962385329777,95.9402837755559
1194.174169342076,507.3367311316693,164.72143369248073,99.281831761623
1190.0050898481486,487.08471980579776,167.56270679508566,99.4924251835306
1167.5104731346325,511.805656116425,168.55087462181214,100.57761741935084
1203.715529195756,509.36112075016905,166.48196634512922,96.56576591083233
1195.5056884502785,506.9522217377835,161.49149813421076,101.26798506559342
1192.8064025893027,497.15561828726374,159.28625243910028,104.32182355967154
1201.9542600641432,472.3656368438602,139.89405593382085,120.98866852187624
1192.72795404242,498.3360934774749,142.98368450210097,117.62168873528078
1170.7748587527062,494.24248100844875,150.99190439699026,111.78584545256564
1165.153274110503,490.21871796122366,152.73809859223394,111.43370071246247
1181.4989284104106,510.68371304236746,144.94419172793567,109.7604066887231
1146.05829789747,502.8515461779662,148.63137025150866,105.54715034493749
1145.6928631118642,508.8143751592455,145.3705971481217,101.18116212045805
1124.2041510597,524.7406964536956,144.2825081504007,100.39638368999962
1109.551052931948,492.40715119131585,132.81222306485614,108.84611143367465
1096.8939118235908,429.7265997658102,118.59405738675352,120.97589542183222
1080.918289176505,489.96035474019,127.0836778594343,113.7063938624211
1104.934201895674,477.36168218103387,121.32657080012771,117.35680161096478
1099.7351450208084,430.462843512689,112.04253462929492,130.05225380151379
1095.7222386725994,406.428760111624,108.11550222796018,132.63070285214036
1096.3454995964898,420.52308401816373,106.9577990576432,133.2549033385576
1068.0573083102815,444.73623800806035,116.11467788535361,123.71505299922251
1087.486494913334,484.27999871215104,116.9104758675246,120.66206698594398
1031.1078347503053,468.0731220341919,114.65739414520264,121.08688308859132
1048.6251836391953,474.4419892042346,106.61413842023654,129.56285158759786
1033.9435235308592,471.2117480347955,108.3990370770399,127.69457786684467
1012.1548783572371,470.6282094466806,111.55862418745023,123.9811846567321
1032.9048091264733,447.7189476721832,108.42820896171881,131.28050285624013
1039.35360412058,430.48939253554715,108.7165571582212,141.12853293895395
1033.755857953567,429.1107754704275,111.88158818113118,145.49799864118467
1025.7134783542958,427.43499151641413,114.42683111992368,149.10977340601278
1020.6437054068866,428.6505877285447,117.93319629398707,149.553395696641
1014.9879034241451,430.5008655826422,117.77132991393816,157.30475137931995
994.6004118802505,447.26771312679074,118.6845955400773,167.69945400532393
1000.207082366077,433.62476558679367,124.19699113062097,169.49695339368657
993.8786670544284,434.2594148031311,125.6287969879822,176.61211484878888
978.7538226650055,438.15364346196964,131.0887713093978,179.90007662214865
988.5469514801981,446.50264955963235,127.45332193716311,191.05401560928027
978.4366236107628,445.1082002055664,127.80093976431235,194.7979468293725
986.6953843776519,446.66741070520266,132.0006068813031,201.30927341421463
965.0121488545433,451.3979967761508,138.1797487283103,205.26462544731325
956.9478794242613,441.99540806330697,140.56915675299416,209.59044689208582
936.3628026075689,459.63538501576045,153.9778370590983,205.79754957922273
949.6161101577179,446.7416480007921,157.82781268108693,215.76983697220703
935.3316644817132,445.5395878572,157.7923387494538,226.76032212252727
936.579423802029,466.73201978723546,180.854385200951,218.69243617039683
928.6492066357275,453.56090531480027,174.60756846787368,228.11892427363676
928.5126346526642,446.08229134590556,174.59861322315072,236.20939248431483
923.1820667391777,461.04106500279465,187.5757259917903,238.16772974277882
906.0010594269992,453.20966654428173,180.26570153674146,237.24329506870976
915.069164825035,450.43014046379335,173.9954249600512,242.5730868161222
921.5125932147125,455.7882893875994,164.61613669822265,250.1418902165489
914.6743738211316,467.44917647075886,172.11478002819268,241.80590468009137
913.8969219114125,464.1863806943046,168.95426661916486,243.51438557495436
917.2947561920691,459.28494456916394,164.69579199755862,251.26468118584577
919.3716595786133,474.93025607826735,162.51127899576468,251.1345095009826
917.0757608685358,466.5522882567177,162.61477209736066,258.669515382448
908.0837748832511,480.1684275072114,167.4236383733882,256.26687411358984
919.5850648965247,479.32542519062713,171.14477301991448,256.0962327280388
908.5972987601297,474.4209089521953,176.1577783215241,259.21413543828
896.1270835799617,472.42851829919925,175.93704375134763,265.4889657642625
892.4113477169163,469.07655100125703,178.10023462489727,269.24350834400053
905.8670104937836,469.7250094281037,172.41658673203057,278.54447352017655
918.6353660069326,470.6293226447711,174.0865216842467,280.6825444386392
890.9603760830846,468.2951539408341,179.4783529067086,276.52188082666476
872.2138305278709,471.40916416761104,196.71074956048653,274.78630102130296
879.1899710973668,477.5562088974415,201.2512094931053,281.912259650762
877.0942581993852,478.7288385073001,200.77748575819794,274.76881379419837
860.9349808775339,480.8135420811255,207.24358251349446,276.924265408093
871.4969551125298,467.3431716596015,203.11221265096162,278.40180899117684
874.1343769127918,470.8507514174064,201.60176346182936,278.3663209751203
891.1114164834885,460.46734047660976,191.45003553709057,284.49003790231257
892.8630122622001,464.74561598845,190.33320487139832,282.78435531027293
894.3507969384482,466.54461500991476,189.45553525025775,282.671129888058
897.6555925925011,458.805225567732,194.03913139632746,277.8890961973412
884.7364232514101,470.17268907160843,197.00749022729752,285.1598154396896
896.1366852526244,472.3352257860199,199.66335036608223,291.8537898817801
896.1248766771262,470.24894492990023,204.4719365401798,291.3888612460777
885.9154400824859,467.90450822401937,203.02418424169446,299.5303886276705
898.52265028035,462.1121035244905,203.8132916693192,300.0387130151735
894.7407478916349,466.1623241799226,207.60362060859302,304.64239289682314
919.5807228035768,468.611582324502,202.11321333380266,308.881797548471
905.7425224694434,467.7253061324337,208.13423881788924,305.76945870451925
903.9540359444103,473.50536169661694,204.21618451476064,306.2661265500541
906.0700861602675,475.4528362352185,207.5412079953673,307.7137505260197
914.0484188860801,472.60146360360864,202.3562638637564,305.89333088941083
905.2758939684932,469.19209550917424,204.32050849188852,304.38590145000103
912.9184530265873,469.9819893292786,196.68885888319016,304.70367627934337
905.6323619519328,474.53549695999914,202.77798988709637,302.330766368196
908.8107817966484,478.2380725702459,202.68866405159383,296.648640002083
893.0013569228711,485.514459380718,214.259920682808,291.10867681912214
885.0667771988743,487.9598466799295,218.37651752018277,295.98958088787333
894.6368479700968,481.2785837232368,213.50315522433647,298.7945931011395
881.9810007777302,482.5286925971609,223.27163698265835,296.94995470556296
880.6079677751433,494.44624729904905,227.30331410426223,299.51015301532664
876.7805083864437,484.8765272460627,228.90380200021434,303.51322386399113
870.4779006272292,485.54683311422355,233.67193253370738,300.4898524801765
878.7482009246262,497.1940020685897,235.74975666043073,289.5274301493593
874.8585145015571,501.1253792110091,243.2376239306543,283.5265613705312
880.3115423605882,491.2349791797465,238.66255846044675,281.3024424869112
875.2496467684406,488.9059564224626,225.22047324355782,280.39861505652044
877.0637204498794,484.23960352668144,217.3383388179039,276.70626818124214
876.9373933875738,499.08675542476476,216.84499805825186,277.43086621589464
879.4361681185011,489.28887896723313,215.02802691275346,283.24791407666385
880.3451647443811,487.1724110722291,215.33012644522117,283.4999365633202
887.0184086787842,482.45195790128446,214.40468650496604,287.55599009372804
886.9131367413439,479.01104976146195,209.98090533920453,290.446048010184
887.9068090886035,488.30949852364563,210.9112465192303,284.10898223466876
895.7373446298745,482.76634841940484,206.81796764421063,287.0251102993284
893.2679890968207,483.36738292140785,212.09264319329154,287.9717118744204
907.8978050470928,481.77673347508716,212.14971746519535,288.06033745818524
899.6808152355524,481.2894149223633,213.0390860879009,292.8215603519767
904.7710691846703,483.6064980595793,217.0540144074589,294.15151761837166
895.9454456063136,487.3285541914521,223.5805825273555,292.05396195278814
898.8330809441809,488.2669623287015,219.65333140190063,280.7063516640882
905.5108669959386,480.5444449760454,219.50945716318762,285.32433273711626
900.9809815150904,478.889431665052,206.60555568863714,287.68934066957684
924.3325113646843,469.1387640466701,202.5892135376235,294.84494826235056
932.5409768983236,480.0961687005487,202.91509967065764,298.03291687074284
920.9457939574552,470.16848651117846,209.93318095281154,289.1998024871539
925.3914528071199,481.63011426830565,213.87409495831955,291.5926996061309
944.1329417033955,479.6589452730435,208.34529129541895,299.9479688820354
932.2895634006738,467.0048522669129,206.78136432271594,293.6700206984211
922.9892270056289,466.0554508727876,215.744441045193,283.0252997570507
930.0446996420144,471.8781395648961,217.41675835199425,282.4101952787863
948.5104959936704,478.3087432174405,212.02256855543584,287.92630724961884
938.5649144969288,470.44654889285454,207.7621995428225,285.6001382716353
942.5618787584825,461.73660517804785,202.61969902592662,276.5061416695747
949.5662093223756,460.985426510673,198.25097887395015,279.59980755885283
950.8039410837695,455.9271110844515,199.511135907371,280.92253088852146
953.5334219233192,464.40347271658106,200.3081701634281,274.5870069718985
962.5835191476126,457.5181759443467,195.20565341035672,273.7858442466376
966.3763576403139,464.2352752839605,191.98232676033277,265.00692489397505
978.095531439599,462.3114240786167,187.10581671592212,260.2214884609206
981.3681413747054,475.46884327312375,190.86662573486694,251.43135651708144
977.2328252238206,462.3831912035622,184.71917690451625,254.9952076275895
995.5266439382474,454.7984592796893,184.2600675069644,256.6102939273168
992.7591077512888,450.0785395097547,182.45854345111113,264.59102846844326
1002.3189978119461,448.92802873616006,174.22236300183044,266.97552670785035
1008.0956652488235,449.0624971898875,171.50630239138803,263.0785742385726
1006.0648062854733,441.4273099571776,168.51549125118964,259.4486679758914
1028.0565507990418,439.6257524501919,162.3034676958182,258.6388218877779
1030.2954645633495,437.949301059509,157.4950779359446,261.5123422336087
1045.8058686276154,436.84676254965905,155.85445484078082,263.91769559757387
1051.306606454706,464.29215532390026,162.95507388459941,248.43219831499852
1039.1043674123086,476.1023209970959,171.38320554133463,239.46634109945296
1051.76315068905,457.4028506885992,170.43966089737927,251.11701661210373
1050.7416164089768,435.123960641503,167.69151228224771,257.30351590220425
1041.0580364501911,441.5032923099009,166.55241732370428,252.0134160200652
1067.5665699201968,438.77398202997955,162.44506915218284,256.15666206263325
1063.0805297910458,441.9044599056501,162.45088976847595,252.03827871903883
1072.9131987154199,434.9390807282997,157.78645488770417,256.42700627492445
1072.2710141339326,447.45657336942776,161.57055216348652,250.92221504081078
1074.4842336880436,439.150420605734,161.77442115519403,250.20581050246295
1085.5261963981152,445.1056099839369,165.16805148710552,245.3743059816818
1089.075864426717,454.14889098608796,165.98464339258703,240.57631237766893
1099.6974461394088,456.6436117538516,161.9822029894442,238.53757345561235
1100.7939360378004,467.8988371104655,159.68906743334878,234.37457767274077
1101.8552076986475,478.66846574106194,158.4907408322553,225.3333557750891
1116.1216717332395,450.1120181618588,152.22544695459447,224.93418684240766
1118.76348294474,465.69080732783004,157.37016856055476,227.4517385340791
1114.927825306795,450.4777368988281,159.86905672735162,226.4700191939575
1133.9009553663545,482.08698341926504,164.00912563175063,210.19663627137146
1134.4359957679908,460.599092167265,163.31138977894682,210.71132360464827
1128.009157027082,471.5938189870428,160.10352818815807,204.69726210873932
1134.739392350912,472.114394341629,156.4593427453758,198.52933483291326
1147.4978457452971,465.98244877544437,152.07599759949574,197.97529424977893
1145.8581209538452,456.4658118574535,152.55953309658952,197.81270480005435
1142.6935251426146,463.017296824268,152.43616193861536,192.115741333791
1144.269744735523,463.02217026680336,153.93136252384951,190.59522015707978
1161.4701264839846,461.82414077268487,151.43936913737338,193.89866618788906
1147.0563519098962,473.4461967954446,147.6413776517444,191.83513306558072
1148.0202000834208,463.7732695599094,145.65092050358015,191.48529891158472
1138.2056207051498,439.8540307036152,146.80536934922384,201.4979403397042
1127.0839234179227,431.87762768367514,142.12047581801843,208.51540434507857
1116.0627803655514,447.8606546816817,145.46929239103414,204.41085544838344
1120.756147308567,421.69687197317916,141.1473663334221,214.20077907313373
1114.3321941545576,420.23696824270803,142.50385680485945,216.50853490577714
1111.6461825144927,422.87236827194477,138.1091999618585,217.39942325109888
1087.8454962227204,421.9534391090051,140.7297337518017,211.1215028581085
1077.0363445461383,458.6530660333094,147.03934168713621,197.28961260990928
1077.6511849675505,450.02266426182723,147.64418436424953,196.13493557652436
1076.0561219586884,425.1187073591015,147.4731379898571,202.9013989093552
1060.0800823714396,428.32177081916205,143.94138018872638,202.56840887710757
1058.468286420764,427.1373288942233,142.34436509160992,202.82700090861027
1043.304957355787,452.6149189796883,145.80617691513848,188.93689159843743
1042.9266442755638,447.45232394913546,150.66080187878842,183.50419160897945
1024.3275207361478,454.79438189628866,150.96700055782193,177.78841310229768
1027.68972273476,452.2709500734526,153.4486991075404,178.82890332855777
1006.4833346077512,472.72770967362953,155.12956157409013,163.96579371567105
1031.8533684589295,452.7560281071983,147.93273670604046,172.40921099678644
1005.0693434651653,461.78546309760316,148.9257281273553,172.68478380753794
1000.9663341953279,443.28838270354186,138.47249014358633,175.02402891279507
1012.5920721638773,435.8490777165894,131.0613193990386,179.23715949289897
996.8312983283796,435.8804330053256,125.20026537914707,180.27737125398522
1002.72391352759,451.30714327395725,126.53569929165505,170.68314644922896
984.6292422755569,446.0176865508663,123.79004906887661,167.49995147955158
980.5446559142546,456.29030037355443,119.50133229212022,163.64425652405941
974.9902963860405,450.08560695323865,118.47142149671873,160.44718179826305
971.5596971620265,455.89716092207755,118.87136641936263,154.68317896796333
953.8119753372094,460.7071288838185,119.29017826723563,149.3364301398921
950.1540397703377,440.85184735370046,116.61067394531108,152.77208142817796
946.7380181854307,469.9615352589918,120.5793792152266,143.91407743722803
937.2517868935919,459.84188339826005,116.55300855706356,141.06900451518416
935.4938675513473,451.2362389707373,114.08286410992687,139.03493878319384
936.5350084078722,449.8211870925846,112.55051109118651,142.77076054578708
930.4133649813381,430.2807064932402,108.16750912493599,150.05163715908816
922.7285116589842,451.9314732828991,110.68501910776726,145.9277602190052
917.8895024311086,445.47587096181684,108.28557995517114,145.43075429420162
914.9274406623887,428.9839789399902,102.80463775639949,152.18138682004334
911.2870281217911,428.1232813455271,98.34962194832153,156.42245929146637
905.4848893261284,421.9523980806053,97.86390942536312,158.44723243017881
900.5271440739873,423.6014501530284,100.29330501537788,158.79363923670934
910.3389913071082,419.3484434907686,97.91033149702118,163.65544005959953
894.3492520410059,417.3581994399967,101.12680927608028,160.51967446710404
892.8723213631058,419.2234781271898,99.51501236007445,160.8533856695021
884.4832296854551,413.95425329034947,101.79111858235595,160.60005859202354
878.9071239833718,443.7789385159473,106.63209332615908,153.76306510684344
872.3712561316574,429.0024288838164,110.23015388973253,145.27133677756024
866.8399115114856,425.92110806370476,109.77061328346613,142.14760977522417
859.433179298514,425.4494697672044,107.2712116050354,141.7577252328146
856.6452382529895,435.4772812223123,115.31354267183583,127.00284203393275
838.4845504694878,422.13223253024097,111.41616918050286,128.16780586991385
844.8284236827764,403.29740171272334,109.24555586739615,128.21475195281224
832.3314523734891,373.2407176005505,101.7566336200102,138.81830662146916
839.3160350163255,380.99253249225006,97.01006394913021,144.65764687603453
833.0142615570727,390.9780327334138,100.71307387342821,135.7262212149417
816.1185933361486,402.51972411462526,105.15271826078312,128.28615499700422
813.9222309710735,396.1169558608577,103.70111842358881,123.61245676200556
801.0813776230362,406.1992732741262,101.64757272841649,120.50321708268928
807.6450739338486,394.26832800470504,100.61480903116077,119.24610447658767
805.6020498151088,389.52278444805785,98.63505200654046,119.25649742637624
800.9057436487093,379.0190637823566,101.80312965445378,114.78590648446142
798.2487082207158,389.4897144918366,100.20349601495002,116.316437711368
787.693715174017,373.915261259316,108.87184380388956,107.85062643976852
781.5931091683684,375.2657364876353,104.72928463997846,109.48648444065803
