942.5,489.5,75,177
946.8369987757421,475.1780500331573,76.5090313496132,170.49789543902472
948.9755911286624,464.1066825981687,73.51311906094705,174.23815204410346
951.7145640942349,448.7086660190437,73.41190966071761,171.39130954659777
953.0486913545802,440.1269996605179,76.47480927075426,163.5477714503803
958.2727171491576,440.01543137330253,76.12465682703234,160.36364851021213
953.9550529749376,433.19227794389644,80.00206046700993,158.59695166336448
959.1860365589334,428.31373880921313,80.640143038237,163.43065266986903
963.4561862698292,416.33968520485155,79.41037052337367,166.2679540466816
961.460401086724,411.9364289292145,83.93565357419331,163.23810413248214
962.6441206166688,410.47610644683755,86.88062652622408,165.79886838994636
965.2583671221131,406.1541251043228,90.25685658687229,168.0879357872896
968.3945209950778,398.3998129767373,91.6024808366692,169.1736679304237
979.8986097770426,389.5958543721674,86.95564264256205,175.7060853267704
990.348583055651,385.76119924762304,79.29372587339314,182.92948729906124
995.5367098189062,386.30684344113524,76.29015263895491,182.80959552147021
1000.9909298374298,379.2155788994433,74.27078982873404,179.22499866960084
1005.2772347186301,386.50811294563016,73.32291011882899,174.39985262363584
1011.9633691514734,384.9518407948658,72.111322285005,174.9065220052696
1015.36218224137,378.6348879534541,71.43354658148985,169.13528239511163
1021.0758627156875,382.81761797799925,70.3359880233308,163.156231820177
1025.8895202462718,380.9824596186807,70.10402630346574,159.9102135271653
1028.3207025422741,377.7755387806566,68.88561412847142,156.80633659715969
1032.070173680759,373.1726709382552,67.46193243009384,159.68738447350077
1037.0348361333677,374.18564424633126,66.72071036357033,161.6089487694294
1040.7844751773296,374.3174659097187,65.6362748728641,158.97484622371948
1044.1463797886197,373.58033786197495,65.02996309909977,159.3748054164231
1047.6549189967432,381.9860577378611,65.0193349342761,155.18147501183412
1052.2900121381397,376.8237757347912,64.51054299642493,159.56290971239721
1055.4799673472235,373.23417059665155,63.468845566739574,159.98386537044232
1061.299084971975,384.7623305324296,62.2920590447588,161.00454639613025
1065.3935723796935,381.3514732764993,58.752649420568176,164.1179670027816
1068.2138888584075,380.6085184799614,56.00638157567701,164.61633497891222
1071.7466173761682,383.1333473219577,57.20039363219081,163.29860691747098
1073.4644371100605,384.2091637793035,59.240883312719674,161.8088036561744
1075.0857632568602,378.75643379014844,59.882666707567694,163.19947745110397
1078.0658471108202,381.3432303364567,57.840284898897735,166.1802996220581
1080.675192235394,377.13066252633763,57.722127409729715,168.42683737857544
1080.9650542487668,373.70363954886227,59.70114964296226,170.00765306823274
1079.537018916228,371.74854413983303,63.1781216048077,170.65882624485954
1081.53565162733,370.18739525300055,62.254375129358884,168.4139499280125
1086.8465063841331,370.5499306586639,62.35139151745797,167.63099350688904
1083.7842434838465,368.79951908853377,63.531956257966016,167.08683951577342
1085.930457402551,365.13709162271346,62.96541941314202,164.44757783652352
1086.0852082717045,372.6023939658032,63.71996172743796,162.62242021097538
1090.801148034064,363.95937436396616,59.626375822389065,165.1736939201822
1092.5848832358201,359.07311724476494,59.084167476849636,163.85824734297057
1099.5348968914911,366.30378970011066,54.97423858756514,166.923263608603
1101.798257790246,355.4961214212943,53.92948384774765,165.1495459584021
1098.9422815644718,353.86883053096534,55.96646909215953,160.8131719050664
1094.7115752910083,349.60101246173883,59.18791380623209,158.4352834846709
1107.2149280522272,341.3924942213447,57.54254015765631,157.2064552443772
1105.907306087847,339.3497309896392,59.71830698922295,153.2273085891701
1107.2351563899551,343.487930544811,60.623427601351736,151.82082350677751
1107.2469807826976,340.4715361636544,62.63455005372509,148.88058020911154
1110.3892520756103,342.6262325549859,64.49767288249514,144.8080761170957
1111.196022840581,342.05670904276025,65.07006357937264,143.0754703800785
1111.8144879873976,342.0833089508455,68.02328094528022,138.25247723920197
1113.6388371497376,342.41044731317106,67.20721427914528,137.02812690620937
1114.7412556805261,343.0760212265782,67.48362583643055,137.13705870549262
1115.6916878966788,343.59336194034483,70.91263995305026,136.41963552250644
1116.116830563708,345.2034374904522,72.66260370991654,133.73212398103993
1116.9342882409794,345.1506915630715,75.23325747272834,132.61723849278073
1119.0254049451216,347.3204574278217,75.98716887755349,130.34511281497987
1121.6795731673685,347.95431235516594,76.07083360505035,129.55744515828545
1123.8486658243712,347.50578644957545,76.55472754243473,128.60193962123248
1126.7697346757814,347.69359991354156,74.41246798640977,128.19534671518096
1129.6144424204076,348.3236764018711,71.88240652510807,127.1881167441723
1133.0572358486436,351.0344812412749,70.87150011816676,125.48670021992933
1135.343793700614,350.9202207118674,68.08051178966768,124.76338078191552
1138.60051267599,353.0398347190882,67.04819302441251,122.2900524403318
1142.2495462375978,349.39626548940635,67.67207396355815,122.11839220758168
1147.078372188115,352.7526251894152,64.22672313708829,122.66951499412241
1145.550396701267,355.3410750994361,63.50859519425005,122.03689436179477
1144.0652935074047,354.9711968139689,63.823315548635065,120.90569591531393
1149.5980307117272,356.99565924677796,62.71842736267745,120.85086888941642
1155.7000387570235,356.0073931223278,62.21392529769261,121.31605531046105
1161.520991443618,353.51682493877735,58.85013839159241,123.49414045140323
1163.3591934906667,358.3836136317474,56.68756812960638,120.27323100020698
1168.1079636458032,358.98107601798574,54.205939291930875,120.82122305132633
1170.4572681565746,360.86519847415747,53.7720463550475,120.44950270757408
1173.7125111169385,359.0446842664428,55.07566492301793,119.17696331234768
1175.0348467782335,356.8898574012223,53.589127991584526,120.77964748648695
1178.0736398543181,354.4241945235916,50.87564038414104,121.83025624472927
1182.2366207113562,359.2890203926205,49.0312109325011,121.1009470490197
1185.497133799659,354.01068449004407,47.551597744618746,122.97236962021984
1185.0476211084817,352.61790318763974,50.17952540778394,121.15142906730276
1185.8360987678525,353.6711292362494,53.92704568978101,119.97746876740703
1189.195005204253,349.8254494801578,52.909004894941575,122.11605987616817
1191.7016464679432,349.84793208749056,52.789507535481754,124.26417830448284
1187.9754826246688,350.0814410178445,53.08673474629522,129.21805603177913
1182.9160746909638,350.12087843334547,53.39176737804817,130.89734777447734
1181.5254954634602,350.6976014993536,51.808087093025975,134.21177952512613
1173.8514330742935,347.6417013009521,54.63212538557018,129.39977816504802
1166.9976624436222,349.6348966334414,56.16229395467376,130.3735477456163
1161.5081369890404,351.360699200061,54.771272161871565,131.83132271462168
1156.0816258921775,348.6318543904958,55.77474347502987,129.92853732203503
1155.0666311507857,351.24992894655753,55.510202571180116,130.38809749308916
1155.7883072164107,353.54557629123923,55.68869547475876,135.79438656902377
1152.909793678886,351.2884163142671,55.45606647366519,141.12325772422736
1153.372978078482,349.9128544659134,53.446249835629736,145.27254593872192
1155.3927795423522,353.60801340351185,52.09671712932213,148.29141023742724
1157.233652817714,349.46907918120354,51.56343696555587,150.65738313390963
1154.0603129527226,349.920229494973,54.29293943123511,148.6837389434852
1155.1612197701206,349.77683715910007,59.01428383750435,142.21491840667625
1159.592134816752,348.92206886627923,57.86521012931193,145.1378378717622
1164.5190992863313,355.7581528758814,55.58486379333562,151.0366402338949
1163.0193573545923,357.245761005313,59.79679428850761,148.5777241027943
1167.221925822459,351.3417630428418,57.810649639328524,152.30631122221973
1170.7937459056075,352.0386019939093,60.32633351788013,144.81590842686353
1174.9519098469614,360.68717776134895,60.8965308057285,144.43760952175833
1174.7603887172277,353.6578854265956,60.22795650111735,143.82292225508388
1180.6721373269206,354.2785089818997,60.4009959796947,142.04192310942028
1185.195064106321,358.30154952313416,61.74862383538339,138.85245908860622
1187.3698990976127,361.4772449806983,60.326141126409325,138.6651667326115
1192.1382824119282,361.3289933106584,60.07977131615727,136.69120358932207
1195.0651304181702,361.7535041821197,60.894847779566966,135.7390589044281
1201.1422033901006,358.65831620151505,61.057353111608336,135.26144504488917
1205.0701799342428,355.8333911928616,58.46112767440518,136.23425986810489
1213.598247347414,356.3170414823494,58.57990767485352,138.35408035948132
1219.0914811754292,356.69232935034313,56.848295821835215,139.5132427499194
1224.6789567275246,364.38486420908066,55.265635243222874,142.69604659148501
1226.9024801690034,362.49031801372644,56.71323734584651,149.67750611427732
1226.0728261336953,365.2500010385621,57.312488491768214,151.75903756517255
1218.9544792211286,370.1953601877956,58.945422132948636,157.8092560963965
1205.504025896732,375.4349578700005,63.392959245977025,155.30911211012528
1189.2772705000357,382.9109859523371,67.20710098320801,149.51226182269866
1168.6391803236384,382.7492537628812,67.86933938222296,145.0079793920045
1145.5082854970397,387.9880479999489,68.82133583218393,142.21448706134007
1113.5775974217204,385.4471303774083,67.62136033356569,143.27945189411378
1081.7232950669243,385.74441861507285,66.34894011586053,144.67308532115277
1045.6883789510966,388.1736669474344,65.41607867422681,146.02254233833793
1008.3097401749463,391.2070261175371,65.24817562105211,149.19968619087842
966.0722417504411,394.6310850552306,69.72693798986016,149.14579990913637
925.8867047416414,392.938194336606,71.43070632113594,151.7420737635387
877.1083520061278,403.9586395695917,69.91377974360444,152.34399006263553
826.7328510070614,399.7349329110144,69.36352353208162,153.16832080405038
786.1214308576301,399.6979228646716,70.21379897474822,161.78030313906538
731.0069912163035,395.9868901300564,70.63414409457033,165.3620367728899
675.2457260357232,399.5373012012042,72.47940474946152,164.28550877065072
607.9608067286387,402.8874565422575,69.94240053681231,175.34620549517936
554.4752427634259,401.24635350687356,68.71815241544527,183.05001601078544
513.6477707576176,406.7617065137882,69.98462351657389,187.77907630875333
470.13078273228217,402.3131479062989,72.76563335561602,188.55500831161214
434.47321779018307,400.3271405901503,72.81313214505265,194.03438541633992
408.05572281473263,411.5031076275818,73.1905648206567,193.43734924489485
393.51157063839685,415.59116143936785,75.92893624820564,194.52571276675206
378.20335401842607,399.68951908048837,73.96689043989514,191.40935956355298
373.8069789351605,410.5082449843014,72.42505055302541,192.16142781630973
374.4913311776133,415.3984119748064,71.82409720796645,193.894012837755
376.5420797347488,411.15184535595483,69.09800951434423,200.29109286124367
381.69555582039516,413.2796708007026,71.4882264717138,200.26654786563418
384.85239606587584,410.6516562178904,73.15281469744527,202.3498152481132
395.43054170254715,406.71934246040246,75.40956206760276,204.04138421958595
405.00187786992905,397.74512576423245,71.7562796835207,207.61389025171948
415.5006006893585,403.157013232881,71.9217971243061,205.68837531129947
427.3979961457281,404.2964959122232,74.2818321987548,208.97732671361962
436.9756053441586,403.4554920191787,76.12256911259522,209.3076969509865
447.2115434085889,414.949807001716,78.046029862051,202.97653468057786
457.6459030998125,410.4543881194126,79.24872214449306,205.42352174459612
468.17816552246813,413.7266577574941,81.33448008803936,208.75306831936953
476.27104309403785,385.8102652894602,81.80032492222543,211.0607709796099
485.54945126223555,390.47077730318836,86.5419821958811,204.0428609963608
487.2418922844373,386.3198844544277,81.51924875086522,210.81494936424485
501.6446227120976,391.9966595068709,79.4409215401562,217.7475457698448
506.34366188130207,381.8278042102641,78.86073709510259,221.82900312608876
519.2348389773796,387.24711198202453,79.16713518904228,223.22802115175506
533.725589197095,374.9593442470351,78.27990861094227,227.50844583382258
537.533941623691,375.67018496610183,76.56084684071803,229.11743987270808
546.5488686064987,378.1584493617735,74.77850397516639,234.56710672109133
561.7063469382329,373.93390587952535,78.17993501059283,230.39171046534165
563.7557506735075,381.5595952353512,82.11449891968348,226.02665310345745
581.482350754886,367.0672155572933,84.31268950304373,222.40471763653252
592.6265476912938,355.88605338032323,86.14172965947198,211.18362903767246
603.5090638888732,361.2308621393548,87.88838461251106,205.50785212404836
614.4830590193659,364.96457906275987,91.9533164381898,200.76691260062313
621.1822747753187,365.54158056392663,94.85025764957724,194.82247610445586
633.0831475735406,360.1543844399783,94.6675942155601,198.24274276374788
636.3313535573872,372.5484315929071,91.99729145150945,205.73647580705267
654.9061240190051,350.92198483810006,92.72057972059135,199.9619355162125
662.3201230331148,367.66955341200577,92.13229140303811,199.06220302676513
672.9221773336153,375.7608629254512,88.83507687799022,199.342196417585
677.3122062095899,373.40301679595694,88.00153037966776,196.26730164247087
690.4326163143883,372.19876731626545,87.09526131911984,195.7454462505433
698.2516414241584,382.36805885612216,83.48243066091143,194.88921719303414
709.4430067428065,381.3774220719842,77.54460970293206,199.7176127365079
724.4041359878495,374.9912911636403,72.5267661972463,210.05634005922184
731.2363705155627,374.00524291691005,72.72895619487079,205.24290634246805
717.7207093084065,442.4861253148493,74.1457478993322,203.28364623599728
716.0208587828822,472.4056526952028,76.9577287172894,195.75843095102118
715.7666585223943,487.1631024903972,86.58633298023332,184.82861503307012
717.5546455197982,495.30137763045065,92.48823200891809,174.73884650210573
725.9078831985663,496.46566608047965,95.55817887384708,168.8538650358967
737.5793150661526,501.8399731779855,92.49947812212217,166.2676584480841
735.9207021200534,505.0191254101712,87.67857923495197,166.1352476785906
741.9609764862473,509.18243600853884,85.75422463195571,162.1159276069023
748.0994160333743,513.2038156570061,84.25237142420332,153.6599216882444
742.683670353726,516.892719401554,85.68294843342979,148.1775592096085
749.0121946280278,520.1515683628418,83.12441214698273,145.7366214859311
755.8239277615704,524.0919832877935,78.96076528995832,144.58648318036657
758.4352807987511,527.5389652953589,79.03616260459495,139.47165378207958
767.2351482067247,532.7030182517012,75.58755385903973,139.21840738059635
774.4084622911075,527.6253960793117,68.35516514642259,141.76938483211546
779.2225039025755,523.8481631198364,64.36055849394249,140.81141830734938
782.9851593412179,526.4224842415921,62.07923105237538,134.12194508942153
785.1490064984989,526.6863072398089,61.22827988967146,127.09804048466403
787.4786983859826,528.1613996450759,60.96044400765821,120.34715679628329
787.9902390989723,530.1789895837804,61.74327431822172,114.9497343288896
790.8788997954454,534.0215424857585,60.294237341349614,112.05844274472597
791.6669723806357,536.1209241676889,58.17432418725119,112.3449808747458
794.8111729955883,535.0305180454416,58.735278139460775,114.80388502656513
795.2668052743081,529.3541905664745,58.22913168724933,116.57322964992903
797.7406138405937,528.457720704326,57.173536679943034,113.6608660233311
798.7876249127826,531.5223101342933,55.51760224968548,117.36543195065804
800.3259245771734,528.8530938301978,54.208812659844156,119.81652296505854
801.8637423755123,530.4063100395811,53.13169831414224,124.60274807039092
805.5275814922737,528.7166351973561,53.073031624318645,128.34657895260708
804.6619162053566,525.8254085200667,53.04712503639867,131.81769094518256
806.2630962800092,524.1231466555764,53.316394327648425,132.36912078850386
807.811253394228,524.5980366955183,53.60889778459762,133.71688865227068
807.3474188189812,523.3505161655171,53.43880770387769,132.83838005474013
809.4381306856035,524.1421479697549,51.855336986387755,134.4446384669914
812.7134935317588,524.1002384551598,51.83326337244392,136.84747463120073
813.9431249637742,520.8930150827947,52.41018299618011,140.49155939462406
814.8247088952273,523.908164837912,53.42144136959749,141.4433164322253
813.6600294116629,519.5980987391458,55.51882375678895,141.78931317669927
814.1906030520021,522.2255068899176,55.91243853380587,141.94624145533214
814.8481634911179,523.3128374731757,56.693285498515145,141.2382673111515
815.1670792377721,521.8533556681255,56.487712770746185,142.92443950428327
817.5742650900978,520.8004586784457,54.661513425068215,147.09128699192246
819.1221297320003,522.753197318784,53.90925440691326,148.33778519955192
819.7955692769433,519.97137671946,54.48202952277826,146.30857975641675
