686.5,551.5,52,79
685.3009315300342,552.5322001577736,52.20413074353662,76.52409690948988
687.8315506982352,551.825900389479,52.9454008405681,74.65170369886823
689.1553971060172,556.3364168348611,54.64056781978985,72.1051720618571
689.2900090362507,556.1972231480233,54.127750745314046,72.10199747711013
693.2117343399646,556.253500479017,55.04257401691565,70.80442883370443
696.9162277358816,556.0356111408249,55.94061658262301,68.47422652970582
702.19235661278,548.6071502214234,51.32692533800086,71.06553110818417
706.794821041917,556.8103328025887,50.670659697115994,69.12189667117178
710.7376779138689,558.3599624565333,49.39096396805297,66.7581222069216
714.6716796360452,557.6149612347682,47.59358554358714,67.7989364279813
718.4119662956756,555.130440976551,46.820801385897155,67.35146206476584
720.4659975997604,558.2086909357914,46.74609200885827,66.05085854010342
723.6290309726783,559.1682206801005,47.55949007054116,64.04947025945876
726.0444048942948,561.6639719712015,46.46650926872658,63.93375744475202
728.0874741635116,561.0343357845617,47.51406123666861,62.89053467477038
732.1321974309358,560.7843488301879,46.39170529924995,63.41811526959036
734.4277189756716,562.4892706310284,46.72281713372264,61.835802882022676
736.883404401887,562.2407211176504,47.37248511888561,61.51442261370072
739.4863657655038,563.9475852743759,48.43890851454805,60.09054872081057
743.553502132254,565.9388940640608,48.49615370992723,59.9479967651127
744.6265941621083,562.7727918657783,47.456340071912464,60.473200280710316
748.9674969856402,565.1627661498388,45.77245092205118,60.05327306523222
752.8890080495689,565.4245067083466,45.99928469598162,57.89839908631417
756.0313879265308,565.5967093302008,45.826257252776735,58.00537086977155
761.187685265632,564.8622670784385,44.40322782568697,58.634341608790734
763.6623683436837,566.3399109905046,45.52411960106649,57.88460454547659
767.167473491849,568.4438163203588,45.00478616784012,55.3099072548527
770.8262205199569,565.8193003301699,44.07340872233162,55.6927923794716
773.9801384086668,567.6441469419411,43.804534061591994,54.80149536647495
778.1850010854729,568.3324748645684,43.30163912817737,53.31603158323949
779.5769595847332,570.5266778571913,42.861545896650696,54.37029868935758
783.5337786143145,569.1559429516064,42.395540430589435,53.85441702600909
785.7220390641614,569.6563104236658,43.43834238842749,53.20332428624117
788.0983074583398,569.5553147519973,45.174089829363325,51.92308386364475
789.7951174865982,570.4771275312121,46.59590917389282,50.765497376579944
792.5347525239694,570.8291174563533,46.20982192728619,49.728314154731514
792.270150301299,573.036377537743,46.93933371163713,49.70984311902766
799.2334521668831,573.9117249097608,46.257709245249345,50.68938963844044
803.711687131501,573.2863022294255,44.769305605437374,51.209453133983395
804.8851638236138,576.4669101377262,43.88586587545598,50.48595605864544
812.3508039113971,570.9266299718503,42.54878319284441,50.36340951646179
817.2464496699095,575.4633451218808,42.60912239632888,47.64732353502847
818.9363291615313,572.1800138991838,42.49584862783829,47.4026102840829
822.5019669949584,572.7449628211664,41.92543412068186,46.36718294776438
822.1418015727918,574.700573518816,42.9045013656713,44.82516850246098
825.554015691248,575.1567552091403,41.40118786666919,46.24703112772407
825.1779433736929,576.3640169097167,39.11487376031657,47.380323303782006
828.8599261250696,573.2661153336743,38.450257152915455,48.70984117980244
832.500966004763,572.1394837790192,40.14022320673824,46.05347018333475
832.7718421046433,573.1304752874746,40.9776690274076,44.425775913364106
827.9245773871576,570.9250864478922,40.63762110724034,44.247601393654776
834.5277664939812,573.5762893690786,36.973430507823245,46.63698094281311
843.8168187486438,572.8445010651066,38.24618475090214,44.346613163463296
837.4711738128188,571.304888700814,37.778057784109166,42.89127586939502
839.1621646751152,577.0629557326552,38.01984137075406,40.55539674724371
837.6504476153063,570.881184623504,34.766170276957084,41.591948120714875
840.9283987738012,569.7179744401819,35.0008655122518,40.319965880895815
829.2576528297794,572.5387621232065,33.7185978408233,40.58044384614807
844.6884114806087,575.8910108233075,35.74569761137191,37.54931244399933
840.1858080825336,570.5035441471416,33.13051076100436,38.57056209886212
868.4961597737414,580.6795349073046,32.57209466208451,37.19239556475169
866.6266360283572,586.4926784959114,30.998391525570803,37.04942943197002
870.9519672269694,581.6586411014774,30.493208155138255,36.10099256591659
861.4029445460656,584.1130295711885,32.596636881724635,33.55167977168441
861.1514339832804,573.6463685764634,32.655972823831306,33.3930956824956
862.1449234261802,575.9682057142004,32.69411404182374,34.30177531777557
860.4103996280755,574.6510360777066,32.67936955303529,34.96021515364126
852.8960617976929,569.8565338492205,31.298636854103194,34.59231418063801
856.7711298620198,572.7505040348284,30.839749391753724,34.63716697354224
862.4099212283663,573.8467007665004,30.24918828232707,35.41086378818924
864.2931033110591,574.12560393987,30.077488396573763,36.11467779330752
860.6227485333383,572.6865361875339,29.81702558466126,35.701548100868976
861.6876018115788,570.016550910144,30.17136959483204,35.79008223711931
865.1346708969252,574.182615070379,29.790750913506674,35.82733499879884
863.1308920846484,571.1917558053261,29.169608486017626,36.0478350362023
858.5327766526303,571.8071801774855,28.3093213259956,36.80914544862966
861.8638432430765,573.041059613019,27.93103455118071,37.14786693009051
859.7821173243875,573.4492901579381,27.385807502117416,36.7696130690008
859.8458307949339,551.1979934133727,24.572161157471193,41.49884521171785
850.753216449274,566.6235653103582,24.416814871137326,41.394639541211596
856.5927341381974,571.2988447709508,24.59447823754061,41.064003948597815
854.2874233127429,570.763612050242,26.719292738584233,38.701983629181534
856.2194980322946,573.0073863395335,27.203869279214032,37.40567366511193
854.8079679459032,572.1693532144892,26.59333303314188,37.59464329407756
855.1570360016107,573.6945620308113,26.036741894766877,36.14659827788556
854.1175547063862,574.7682106840431,26.795252876868012,35.36143608028027
853.477012511025,575.4147310670246,27.739550705940665,34.105743403479536
852.2862233249094,577.2727772145593,27.295947987304068,34.29203003227519
853.1968222130886,577.2421251458993,25.820472602303624,34.29503948731982
858.4356179779837,574.0793706080368,25.169823905168872,34.805414244501634
856.9344531807528,575.402240401488,25.595309690436018,34.273275735105294
853.5105131234992,577.0237263991985,25.730237909582655,34.61273155752439
849.7937313734523,574.7210670230157,26.084155169135784,34.624123180914964
849.1496792367151,572.5843641187956,26.00332966479052,34.97642634320632
847.9913576533504,573.3137874445321,26.023826676853247,34.561761495630904
846.6793125215996,573.6444737116469,25.645776301318712,34.49857448572901
846.6481770398619,574.4936137811869,26.235087460946737,33.87327951410048
846.0522373455908,574.7103924071135,25.572426395996988,34.12867934876403
844.0026405781599,574.3387214145748,25.469255959266693,34.09001388539549
842.5746929408266,575.1155682216605,25.413855751000515,34.07624626696891
838.6837942884897,575.2214373320486,25.98843435712639,33.41100860210417
838.6150496201119,575.6438631166557,26.120713382255563,33.935414819600545
838.0299310651951,575.7426476439609,26.545571193526712,33.77013205497225
837.7606695690531,574.9221333130018,26.137172602541682,34.291599978596835
836.4816974044624,573.0414735949319,26.234417097472907,33.394467804832416
836.548416135435,572.8415820535629,26.444953097407115,33.17044812411271
832.5630853297386,573.4864172338986,26.385589269635965,33.20588728635381
831.4691035044041,573.5803333226041,27.18231516704722,32.70255937199896
830.5611752420594,569.1396057503981,26.42865885186299,33.40140239617236
829.2707130423821,571.6168914537549,25.680763965061033,33.86919663153017
829.2042999459431,570.1383255222211,25.119375577003844,34.36631153182187
826.915346426965,572.892911033091,24.973367275741637,33.590182676111006
826.3133000486122,573.0350179297855,24.792133854010174,33.35790159764695
826.3987696575449,573.6104327790244,25.47101575029176,32.96457537943239
825.5126776233857,575.5720129711857,24.747037374129416,33.481039801131914
825.6485573787173,575.5123799492469,24.27842029901596,34.18588090518135
824.2569564161761,573.6355292011983,23.67247352405143,34.61601881622691
822.9026574716578,571.769632229262,24.238385177881337,34.15038909494381
827.8990886988018,573.0751756216495,24.586023005289743,33.80244817477828
829.0017194400524,572.6353561713318,24.962317622237226,33.604086742194625
820.1062481959699,570.8830979743598,25.296793489813485,33.071714858322125
820.2237789686894,571.6305679491346,25.79415877272986,32.720867766309006
825.6199286234788,573.32516089498,27.830433038573773,32.40728129335557
823.3107732445095,571.5377375303949,28.256070767962722,33.15253369700596
818.014580992788,570.3367936471795,27.751048940425378,33.40962516224148
820.2853576588733,569.9460583566535,27.252396622627586,33.86526912987858
832.8156222048792,578.252260654824,27.98384456889452,34.08063701181581
830.8052201748818,577.1914513967998,27.3192423324996,35.839876988808165
834.0799320580239,578.2662435153334,29.40644330853543,33.457232725829144
827.3567021717495,570.4302617248863,29.106126703731363,33.96182452629126
826.8567371327588,568.6104044529462,28.346848711246267,34.897437585726
826.5407612520561,565.2151295484416,27.928952111868792,35.14993617081529
828.2771597275434,562.773655079324,27.546559270844593,34.785563145077624
828.4399382913736,560.6462640177133,26.938970281452463,35.129449621916976
831.8654044993417,562.1443620387837,25.069806126194162,37.61758084884621
832.0567428212768,559.133278853546,25.06391661246606,38.14667607606223
833.7992099711266,558.3516652741723,24.442814736234286,39.44861188938603
839.8348084804276,555.9018710560781,24.199534627909802,38.95573201195852
842.5484389068539,552.7782574431014,24.00316555555075,39.21428984193819
843.2075358772278,551.7043099466993,23.894364465990535,39.65748992226503
846.3311061511783,549.6898421590824,23.88570495891227,39.81724542500872
845.3243606239257,549.0313987749478,25.049430148449957,39.01841042364117
862.1942995500781,557.9028907291953,29.343516179147677,35.5146558675847
850.5368627121265,552.4868533714239,29.116787976472423,35.74187352283131
850.0212085311822,556.9479577846053,27.386808748154774,36.9667147249568
852.1780387257515,554.4815411468647,27.592820397723905,36.383371459471704
869.8782452074917,563.0220573811563,29.93526996662353,34.622257740482894
874.391959653437,565.7831373516153,31.846407126450636,34.15479641839276
876.3522112909815,565.2381573855776,32.411349750764444,34.792521348800285
878.7437879949955,554.917564122497,31.53098221952676,36.86587580217507
872.5674746872837,556.8405238340725,29.643730201454634,38.735130930826244
878.4028452235444,557.5739214312883,28.50740261059239,40.16808402576102
895.7381464694644,558.0735500498806,29.664996656953377,39.26453553280971
905.3040545018092,537.7141523694556,30.02040469384376,39.13795600595674
916.2274942841462,541.3482097915027,29.33595943087097,39.50603108224065
917.2102976672147,540.6096644229018,28.685946030619142,39.4494852362273
946.3767338330437,574.4963428766823,29.180752861010788,37.93708059477452
944.3373719137556,573.6990960367204,30.116123193759226,35.953236815013476
942.8272755484521,573.4351835837575,28.948220276221083,36.496892680240215
943.1917142273121,574.221465723112,28.5010179048194,37.090363584958396
944.5639581479961,575.5736604186892,28.350169751801197,36.94051822206261
946.4835356342047,572.2727073467121,28.555822511249467,36.64254940311233
943.0604177031651,569.2258133147475,28.668447292983764,37.53239186414402
937.95908849946,566.7685538497236,28.44761748107125,36.54323634632894
936.6427934003804,566.4145387874643,28.224159334205837,36.919076548641314
946.3151748917636,570.8373534027968,28.5867649836171,36.29856418050984
950.2345678479027,562.0281132607654,28.56360637938283,35.597039020394156
950.4856537446929,567.605036771722,28.532775339995535,35.63159364864005
942.560665755894,580.9748077254293,28.558695678192066,35.16598136868778
939.1767347237909,575.6571670917723,28.113867957917694,35.012749252172846
949.3469906523554,570.3217279406251,27.73717896531938,35.428208051720844
951.3353970542744,560.8925360893969,28.01795151011075,34.42334703494327
955.6401872195443,566.6251408552321,28.097741543188047,34.07139288772457
954.2728575295295,563.5700732583506,30.829312123737026,31.540128443218844
960.6446513074247,566.6142810246438,30.553030239174134,31.71071792195425
955.8699627658476,549.664310441042,29.32382242532139,33.341053861749025
945.0252215428552,577.3401895509289,28.019157849770863,34.50355092944311
942.5947846265414,573.0200534677333,28.173563147602025,34.12098879193803
969.928315550963,549.804502515916,26.59110883875038,37.646927584247706
970.3592394606585,543.8734334184536,27.56745482326879,35.84827929391348
967.0230654443341,550.8420292334769,27.69296796146513,35.313195540733304
974.2713455222565,544.6141142737649,27.89752147810525,34.72204579327172
975.7935013571289,546.4756987983383,27.94568066141639,34.47723878625522
975.5392452406404,548.5775654636356,27.89841020391329,34.35155201791461
944.3221831188707,572.4491087351009,28.820640108861,33.74645212216747
943.1526467479313,572.5028450881957,30.108712045394178,32.739009144799326
940.6734070042329,572.2245021568609,30.273171016259017,31.644891956315142
941.6315322008729,575.1458857656949,30.266891830099745,31.633165170647015
944.4063653524628,570.9526226171607,30.40167508113678,30.959614338545812
929.5271507744137,566.7579084135613,30.786279845716216,30.54361606861808
923.787925327769,568.9934323578157,31.778634557304073,29.754132825119783
926.3151739095607,566.5951606569024,32.11595620605854,29.31881273914368
921.8126396187012,571.7565425848355,32.948534865669274,29.34183806390602
922.9465526713378,571.549898462984,32.96464399972038,29.328646350325393
927.0821079634189,575.8459163609649,34.11825445711489,28.26195854022776
918.1945358741065,573.3968182752147,35.48608504381779,27.45421899224467
939.465299288522,571.6229595108385,34.05952574940852,28.067011510223708
928.6200630133823,574.6581366540249,33.80356214582872,28.110043270668108
941.1503534727159,573.4573544107058,32.8520157324206,28.802056565168222
944.7327032512311,576.2295493019769,33.17906422307345,29.043575988727433
945.5041331670677,573.6521071399885,31.262223390490284,30.619691732864318
940.1871652887287,572.552095382887,32.09268924506478,30.06008397762514
924.471193090684,541.0993482176159,29.035486460873372,34.29835227655947
925.217979448804,543.1185946371733,29.03249335929387,34.298908129919845
935.1452001383016,571.9225172760815,31.519340702774947,31.706569270354876
942.7623028503792,573.880834417041,31.06330703230492,31.787183833648953
935.0897972929906,572.1019606987271,31.48958480394155,31.08205496184366
940.151061583901,575.473138766357,31.382243990523204,31.04610396838451
941.0170653632133,574.4154701610198,30.49907396572278,31.93094539032616
924.2836273928906,543.1123093038694,26.652932000687535,37.59829061227222
926.5169406449528,564.4250865217024,28.79117717360145,35.645123886424166
931.2478288804161,572.816975838009,30.089001187269567,33.84891533518452
941.2121931935474,572.9089712452815,30.132597453975677,33.11003181615271
945.589956188956,574.1389652118944,30.818264868127994,31.710472899152442
942.1104447311882,574.7299780903777,30.82353931096142,31.70645537658537
947.4910870726371,569.5648604715608,30.838846876573424,31.442873947559413
943.6669862577047,573.1295351656914,30.77881113508353,31.42104892110821
945.0415021972613,576.2114845536782,29.44482206322778,32.12572495197753
944.597801456772,572.0296428629991,29.958621778441223,31.697662651696493
943.132738468388,572.2548156718807,31.548418510825904,30.070457796218083
923.2399387652868,541.8039039971201,27.622752462969743,35.136740699523585
943.1473998662743,573.7756907000485,28.450777459194605,34.605080386573846
942.8913591364761,571.545430267087,29.930319464424862,32.48251283888241
942.6156594178036,574.686920749406,30.704354056938136,31.939898851669426
946.917291619958,572.5256767079463,31.717626491147485,30.640876469360933
949.6210014008218,575.1026143184708,29.532085097895894,32.728331765023725
925.9526138782729,558.4745217681569,31.479852036819317,30.356223450568535
943.2568106820186,570.9707127171966,32.31497724329439,30.082603867209144
947.7840153647879,570.0378593388941,32.61291284025137,29.709723325576878
950.1178484703705,564.501361478353,32.728436007280074,29.572075224999786
949.6131417005183,568.7197884009331,32.82542314313377,29.480942638942647
937.4663080914469,577.0745858998697,32.634585797569514,29.70043192570293
945.9505470600454,575.8774482889877,32.444792611949445,29.966532797666737
932.2219423728725,561.7706794038811,32.79359075955089,29.409134856218433
954.5316745358314,574.1339963558486,32.3942631000772,30.721529741679518
961.28827905918,573.734073622878,32.90520508362295,30.350787991677883
962.1660530279582,577.4069486829801,32.571607728211404,30.714158890484914
967.8239145478299,574.1181246848216,31.396572096413323,31.89750728988418
966.2548089991935,572.0154908970517,31.332104607245657,32.15241354256516
972.2589408722881,574.8634720741929,31.3563332384457,32.298120582626794
970.1858848271133,573.711108334681,31.33218292794686,32.433084074049745
967.7921788465203,576.5879690113667,31.30536013922438,32.54674094857687
959.2890736273797,568.2610373067405,31.61022764024394,32.73534104120546
973.1729402267418,575.1457555977483,31.486000974294917,33.30536093648586
977.6033771589047,580.0575252835772,30.994884552248983,33.75052304093186
978.0122311992877,583.1939320697097,30.49105040376143,34.33384684745636
980.7227918181817,580.0640125425936,31.28686982036164,33.609905409833154
979.4575775196142,577.0838473607688,31.07239362762196,33.47403068034023
980.7842971144805,579.0852352797671,31.055554956645445,33.198973799183534
978.1979468494026,578.5624652326378,30.994253491090696,33.3282714774493
979.947699823686,576.7426837868987,30.828048232164317,33.601083725045235
984.8275709145881,579.5869041333029,32.47671063064384,31.64006569863863
984.8981699653757,581.5700724742574,32.49598070000683,31.595645143506854
991.9090438141815,580.3160374681619,32.52798387672296,31.60640228414031
997.6441974996319,578.60647988922,32.707496636195934,31.44435511984052
1000.7935137747162,577.0312644112232,32.76168984960724,31.429432744726263
987.9866469303306,575.6993991336809,33.54335793472817,30.618967476120957
979.4265211300373,585.1997835109254,32.68925336128028,31.193009235010173
979.9092986423684,581.1978968579709,32.561017648949495,31.37883022764
980.1082076014524,583.8047920943451,32.60762144795173,31.163447420181868
987.4175473808443,581.6513443064168,33.23952460806642,30.624125997529955
995.9767946626076,578.3447029063186,33.70186849372271,30.24762346053971
995.4472433351357,576.5531173531034,34.304760945759966,29.731009775799727
999.2335633253778,577.1599146368839,34.34452720054324,29.68848217634454
1005.1637951485446,577.2532429311932,35.84050812903048,28.928787045860393
1009.5150624354869,577.346003051939,36.12026561490397,28.678945845332173
1009.9317722976739,576.9646211490394,36.25036855864577,28.589545706396144
1011.0392748322499,580.8968145340557,36.37778121142912,28.48937642921323
1031.9658012110685,581.8160770146134,33.3990640623155,31.83886423878591
1036.4596294533007,574.5615366077549,32.99916748266711,32.161004595804776
1037.9500842796397,577.8885410727343,32.82111404398147,32.26255998393732
1037.101040046825,578.2656906106997,32.84310497174033,32.253723685044264
1046.0461536281468,582.4432136452099,32.86152320786313,32.253026627486896
1046.3080638110473,579.4640544015151,32.86190461067282,32.25273032517282
1041.0485852255422,579.7779199886173,33.175277601025826,31.899153149192507
1065.8631231914019,584.6915483614326,32.11277980094475,32.378201883404564
1072.187907939663,584.1528761188755,32.60951332471008,32.25021220699522
1075.911907465426,584.3863418658083,32.43222170650405,31.553141829729896
1086.805277445768,584.8876635169273,31.13279728986297,32.152377684963064
1096.1985247008402,584.922368902627,30.49325573002377,31.932100549541566
1077.799132664922,584.2464137820413,35.09811579860114,28.566564668354584
1069.804193574662,588.9080110867087,36.71638325736372,27.560854206203114
1074.6288631945995,589.2926971916484,36.09257197884149,28.251388237075812
1082.4467661542853,593.4804865742959,36.441990890035946,28.17488136258711
1090.382474439461,589.6802066227957,35.759921625910955,29.060005200739987
1095.616243897194,592.9430627288953,35.529194834786615,29.352040046170806
1108.3596684436993,585.2701675705644,35.16803382497948,29.9996470368131
1109.3522258383873,573.8772938536064,34.03094494977975,30.530255780427435
1114.2919885035046,573.7843270945527,33.49555092305446,30.796193589386142
1118.348591712436,559.1222652304598,33.41114899794488,30.198785303439166
1131.874919118341,561.8505542764206,32.10554073215597,31.672013597681755
1131.6286745317366,548.9356089363962,31.9598057166419,31.796805787249017
1140.9392448313592,545.2659475229478,31.61069038426305,31.94757265657182
1141.151669957301,543.0076113055894,31.537039555684235,31.974078903155185
1120.4311253047301,505.97523724946564,31.02507552244655,33.542288761350434
1121.6833562891086,501.2594036782692,30.889840904280895,33.405743868912666
1122.624104678961,503.3286039191504,30.835046403238156,33.38228328750048
