433.5,632.5,138,157
433.96203623722,637.4991559930943,140.1683067627785,151.70283903677722
437.79039149319476,639.3664328659667,138.78857043208887,149.65787747024456
436.4538730860879,639.9071902687567,141.04185164908472,148.4021766308225
436.3625683843963,637.4252705154136,139.8454174037092,148.7593413994073
440.3509269584472,638.0564858689796,138.772884456182,147.62370302817789
439.1494297894687,638.2507515212807,138.73091284040015,147.07070314309598
441.98039288911946,637.791940239904,137.8558702543133,146.98070168812552
445.51387174750903,637.0286598797692,136.2242713524947,147.25859976386363
442.34338677328617,638.5491363415194,137.92306022869545,146.0852988836142
443.21972233789063,638.428582619503,139.26649893740796,146.07499680939765
444.05630025348034,640.3734127813019,139.45840041019125,146.21265666506878
445.67456514258197,637.7931335949701,139.1631582663395,147.98881253077258
444.163219208496,638.5680074749182,140.35007666464298,147.16171774241752
447.0291308382105,638.2052139801707,139.6778100156713,148.35956513277506
445.61653973909125,637.6723856540863,141.0729427401301,148.5908096283189
447.3024021205066,636.8238547817605,140.6174918952188,148.9205874023786
447.2837727278645,636.5043664910887,141.49593671618368,148.64341879627779
448.48240382607025,636.5689355056702,142.04528076380308,147.13975149863052
447.94848127624084,638.1225538322275,143.17493914119592,147.0612699094688
448.39784554194364,636.8405294794362,143.6429032960525,147.3508857217872
447.33089326421776,638.2796470630218,145.01544479970846,147.03981938466222
450.7273043835929,637.7623704579353,145.68786221918361,147.6118474200921
449.14962348292096,637.1339501941394,146.16013139286372,149.47334802064114
448.90165461561173,636.4015779343589,146.16188609322165,149.01870170757095
447.71886034578046,636.7499419622787,148.48849867932847,147.97715261039426
450.34339550484947,635.2734047713151,148.30498078255752,148.01496171535197
451.573204725644,638.4184872998613,148.29703856783152,146.0409126124943
451.4098366436109,637.6036306467951,147.74157068840378,145.38507859820137
452.28137884920676,637.7796967314586,147.89856972000655,145.0369348990991
452.95995238233763,638.9812756047202,150.14384281482813,144.10501923024796
453.4429325531126,638.4591141030074,149.8968619891567,143.8403588578924
452.53549154675386,637.7699343776704,149.02977093094222,145.64223417509265
456.47987238453925,637.3564366466924,147.5884212632261,147.49582045717142
455.080322759925,637.336462875855,148.12027440451772,149.25904255991767
461.5309741680453,634.394522358147,146.21643775721688,152.37976883563726
454.88606897546487,637.7344280170557,148.77870541620734,150.70389662916605
455.85399519995707,637.411438551067,149.92655371311355,153.27781090406017
457.1538056566095,636.3053406353469,148.62842998905668,154.11091159510903
458.79057125207027,635.671917250843,147.49852464034132,155.71755485607065
463.9370848958172,631.9296896611718,145.27126630970616,157.70492676696685
461.3237611611004,633.8740979940696,146.99457542707933,155.21330559003047
459.0966443483252,636.0479393578938,149.1582900322456,152.91666099634287
462.4244862815452,633.4489919199896,146.99627168788237,154.09323444311906
459.97539283005955,635.7087211826117,150.04384595307974,153.57638821748884
459.99536048267646,633.825168688385,151.86827014263034,155.04122935621996
460.4959076291219,634.3025888787463,153.62165839927997,155.78441146612715
461.6421226807596,633.1845718122472,153.38696390576297,157.12756594459634
462.93036029420125,632.4207785221612,152.2095760184704,157.64098021974203
461.9352744577884,636.8840217022622,154.2481979521551,155.15318546012412
461.7585256844596,636.1919373461355,155.72043474865163,155.29233982840114
464.6188441027864,636.2351397700203,154.0415407781374,156.34805506529273
464.01571526256186,637.0880543805825,154.42430735515939,155.35195177472193
463.11782043734036,636.7018607535442,156.2025668851731,154.75884592991167
463.6197250891276,635.5443274634606,156.4206253623239,157.25922442997904
465.97678999077596,634.9704238603565,155.59648147059016,157.23146420827382
467.14293240877635,633.5765305768647,155.77174189607553,157.76836284373005
467.2851272419243,633.8214437111775,156.67944187361226,157.80355271063698
467.7069585871133,632.9775880551883,158.55635226650642,156.85150237897147
466.68933487659535,634.3101755790377,159.00024585562386,155.42363802306915
469.2134647263858,635.6724300831219,160.91833468228847,154.1791757444947
466.9125609103994,635.5189339298659,161.3387597817677,153.91135074868754
465.2613558611996,637.2287459765298,162.78048531910963,153.54044362773368
464.01458564873946,638.7229902237268,163.9489884556059,153.33064021037112
464.749325563593,636.8826058671959,164.2487856789288,154.46857997219513
468.96317442948595,635.2959692964132,163.02551913962964,157.18418314908172
464.66209620676466,636.0100514691082,163.2842140878863,157.14486773361648
462.137397473335,637.6710886933275,167.09607321595712,156.34748795012212
459.4121544242914,637.147302048679,169.23334225825,157.38928630886147
461.3254094350822,638.031523946678,169.74171978358095,157.7697469990149
459.77212680821276,637.4496857514434,170.62353206145264,157.36094718536117
456.6130921415495,636.9375416199763,171.96778346019596,156.84536062650892
462.1104261591148,637.1570021493369,169.0532750373905,157.476172814326
455.3518139287726,640.4957511033189,173.17234104744213,156.03736216001874
460.7481276980837,637.158575043247,169.52494879219066,157.7053220240188
459.3434643690879,636.4093596866317,169.46786619456793,159.21923090499655
460.10097970758716,637.3506873208804,168.7518009034306,159.13249061523487
461.0249124241795,637.5692207592838,169.30690654116222,159.39678924566044
460.9234969271356,637.2249829151742,168.9564728262883,159.17740259307823
461.22190305313296,637.9169539368918,169.14244786614233,160.7727137013104
460.53930646900153,638.5229931548802,169.60994786873107,161.9964906673424
462.4859547903142,638.3007607522611,168.30921749759963,161.1256740150206
460.85635399675243,638.7749135860207,167.94826103393322,161.29105001696803
463.223477228865,641.380737377008,166.9154313785577,160.01010214943778
461.38160472922016,640.174169580989,167.660197936541,159.90894446380307
463.79482194197135,640.2618218860247,166.29908531200428,159.4460948993183
463.7882165050893,641.7465508582392,166.3407183054632,157.4075567675488
461.20791785765005,643.8795298987077,167.37262154415004,155.7950291944969
463.9002727746117,642.69216203636,165.5624196925101,155.9517599084369
463.24009731129354,643.8021297768796,164.56753297940423,156.10305376510394
461.9438537891069,644.6646132892876,165.49225345213944,155.72550717865028
462.00846678235075,642.6011253584387,164.6584273763445,154.9955313430759
462.2193061764958,643.8359055841904,164.16351715794212,155.27629686973398
461.2044236757929,646.6692559931757,166.09607493124344,154.53450643356075
460.0821247350404,646.3726507912888,167.76270831154272,154.56339211347665
459.3490314980595,644.8525423806087,169.45244688044585,154.96395187302272
457.9993899343031,648.0120763395257,170.89312389870938,154.02852718805877
458.93621192362036,645.6958833015225,171.12236032989355,154.85563721285712
460.0733126255817,647.3869822871867,170.9222610194647,155.66008227285494
458.578079893997,647.0073200868745,171.94383040384508,157.23457340835643
458.08530033660486,646.7509126882926,172.7101883336495,159.6891350721977
458.26742346288813,646.4542934010409,174.22388327941115,160.90896629747243
455.1006195340401,648.3964683633199,176.19137568085463,159.98177699745753
453.7009310529817,648.7242453481094,177.9124374964877,159.2858392070254
451.068329586041,651.0135321610586,179.68136797503473,160.31545462661623
455.7340253693277,648.0152877225936,180.2277117784758,159.84908077186697
454.1659236787842,650.2180628531751,177.67101150175017,159.90595566831357
455.92099352363033,650.69695775514,177.16804372749206,160.34331892415406
454.6143889672297,651.802276753972,179.45435890808824,160.30433395225276
452.76742856251354,652.8179879691832,178.79490652351308,158.2570077359676
453.3730397503198,653.0361590442594,178.29864474031632,158.51782122780602
453.63240481712427,654.2079058973344,178.48131365936467,158.08220899155222
452.9672980284591,657.4767188617234,179.1566207273287,157.96981997926338
453.12878790809475,654.7062329062751,178.01468918939185,159.18025314217323
449.91088925701507,657.9126472759898,181.56216595815923,157.7842113148186
447.73984265399775,654.9516455218211,182.33423356243415,159.20015511623598
446.49555256765143,655.686257185994,181.23118337891947,159.28907217951308
442.6878486879804,658.6229774601832,183.34889345676186,159.22408479230234
442.09738562327163,656.8253886557842,182.7680231030083,158.94097167498532
440.64003009014283,658.3478900187995,183.5841588141681,158.2700960513081
440.6893678414181,656.0937412400874,184.5592903702949,156.83425222234553
437.321289257204,656.5354316539701,186.00759163038026,157.22819621649995
431.4068556986367,657.8751084069811,190.3003603274647,156.45571427807405
432.72993736662534,657.0009418178718,189.54027851609476,157.1964866850779
429.6935506891347,658.3859382163643,191.5785071235881,157.21958823377122
430.4651622409257,659.2820888373171,192.8163876617952,158.01943987282385
424.29242861042815,658.5299795909804,194.59694322010313,158.95766140626725
428.9739214918925,661.0136516603623,192.65685674370621,158.80491430296252
425.69976650246355,661.5641296723865,193.9763615990142,158.93263653574553
426.35214375209875,663.046656682381,194.0001163103566,159.1575895324401
425.3583934836002,663.0636297448824,192.96312864550544,159.66375442481558
421.62039190616264,664.5082763188234,195.4319711900581,159.3173728649257
425.280081572139,664.1367346584162,195.4684511805865,159.42881285436556
426.4599556855505,661.7950738144178,192.3661026401502,160.37357654504848
427.37580084905636,661.2471379295109,192.09992039670658,159.5024340001097
426.1399833148833,662.2447700232867,194.249535751674,159.89420792871206
417.1926141935391,664.2598020494592,198.20586325545005,159.45052769517133
420.6138354426155,664.347073262495,198.68185181298935,161.96871757221427
418.5270734209673,662.8300195952331,198.3084334577224,163.19295615960613
421.93973966458765,662.9180044844934,195.80305431708496,163.82464718579786
418.2256271911276,665.3360590814074,199.65680548991236,164.28607729195522
417.4663167326887,664.2982229560455,199.73664087733226,164.12115043838162
414.97124222334276,663.5610934157819,200.9423764302026,163.86597267075956
414.46738920248276,666.3245271511224,202.24930200572976,161.98870364819612
412.3169462042094,666.2836581577437,205.79926884090818,161.3808000377129
409.7600219320599,666.6413961150619,206.00259192472407,159.0436634232032
407.24056848933145,670.1656700761239,208.97914855786485,158.5724849486391
410.0837277370723,669.6572730755324,210.146874277895,161.3747620168101
403.74232903290863,668.2959650173337,211.034823795668,161.66810122740503
405.6634100924679,667.2399739470011,210.80009712166358,162.04707360982826
406.0526376274294,669.4073185005852,211.3088067082656,161.11111159928225
407.4712976815399,669.6250562562496,209.46129448874098,159.99600743970018
408.0072640674937,668.9400458748449,209.56888087704527,159.2391800009257
405.9618202479335,669.0024230077282,210.4972091271349,159.57298142893816
406.1860433014774,669.0835681613885,211.7996099684535,159.15284474186507
408.3797180832603,669.9055998664958,210.43694673617665,161.00937790488967
407.9426720483839,669.8589386646822,211.3849468480562,160.97368685766435
404.83853223147054,670.6103826338601,209.5517826319535,161.0045307685098
404.45903859376733,670.0211638927163,208.6397431259269,160.96079911015272
403.8706511593175,670.0624045304695,206.86545309465782,159.47605904003288
398.8496023953785,669.519053261597,207.85050376880616,159.14125902337116
397.31991740219803,670.0896272496569,208.05606640225147,159.58136955870145
396.2805973782979,672.9412693486137,209.6662465721443,158.56266210246935
395.2977045636097,676.3532043948599,210.85870445324582,157.64560169100645
392.57314307755587,676.3371883870843,212.71419514769113,158.075162869267
391.46143160907855,674.9471611137643,211.28769520330417,159.5486809533611
388.9928566819598,677.5704155204339,212.15375106366918,159.17267863116
383.8464600787347,681.6303481535678,216.33356436937294,159.29133416984004
380.9669158970304,680.2112845386143,219.70790813691775,158.40568298330703
379.1502208590646,682.3553630707486,220.20391073663444,161.8069914635982
377.02709744493336,685.4606827348692,222.66243845626587,162.73629679973126
369.7866806654767,688.3216658197971,229.12490012653507,163.8483064411376
369.1688786648865,688.9790538530349,232.50511318387726,165.17996446962627
368.45797178207124,689.051978742277,233.13517993804538,166.3749249243764
370.2123358362087,686.7538536220558,232.36490906349135,167.6936997085404
375.90103624655643,681.144197574658,229.81413407036032,172.69749580705457
369.0129114522616,679.1305656299685,229.76639317569652,174.3140001839255
369.67041452462627,681.6107926141839,226.27080670862614,176.03551863530953
372.23007934641623,682.0497093235423,226.76918310093737,176.38728279540254
376.28934190567765,676.3229398916045,224.5190235960638,175.0862365308604
372.1294307918261,675.0778240434023,222.49579499873232,172.25867953091105
374.6056661892911,684.5319082559515,223.9211028127766,170.14219743754268
368.07055092888265,682.6216960816819,226.03230989014895,169.74058512005476
366.10915318093123,685.7291688031339,228.50662492501837,169.52869622629976
368.9165889092076,680.4564634323474,227.31458635476213,170.1062614527748
366.1620395315789,681.8568710649764,226.14448829918496,166.97000221860168
364.52848547033125,685.5807162428035,227.18721992158635,165.29930899327906
370.2024620850981,679.7627280657717,223.0749116495777,166.63600894394858
375.05762361941294,682.8047608843975,222.79323519036947,163.59314393522604
370.8201565680596,683.9719055630246,223.2414990152261,162.5783669082199
368.5273880705579,685.1671913608759,226.3962087235662,161.5351117509568
367.7153747468291,683.3310132042998,226.33424571932994,159.22821375131733
371.32287841935386,683.2842759848022,224.41560852931804,159.79347884651006
374.3799291730102,685.2141019791873,223.25057889051732,159.27900909839076
372.6709892391043,686.5086544119533,223.97888975765636,159.2941149894199
370.96353237443805,687.7778805095813,225.58929849954956,158.84099104546468
377.68158195859985,683.6652511843051,222.05503621813756,160.94971296389946
377.8768069201396,684.9908390190485,223.15605695708928,161.57507330926407
379.59421367497043,683.4622741053083,222.24261222595783,162.28426586287677
379.8800890424253,683.1161206265391,221.77793829049864,163.94739747898888
374.2250339187834,685.8764232570559,225.83298168650086,162.67107645525664
376.358337266774,687.1742553115472,225.501622423921,162.97759990097623
376.31522819937487,688.0305543691933,226.0389683188938,161.92479372667725
373.42672656542936,689.2648870625146,228.9321522493625,162.17512432213698
374.3846568576547,688.2407666912405,229.0300831222466,163.32939747223753
374.5101640734388,689.9757619821492,229.92779991947052,164.71144724961619
378.48252373500804,685.5322533988951,226.87206060744592,167.73786318302945
379.0624263402142,688.4068546546877,227.97527837118923,166.0000173469884
379.6038411312085,691.090881079771,229.33554817801289,164.9016785972926
378.4358111280019,687.2568619180447,230.5522387765942,168.00901683826703
374.14991174540324,689.904142895983,234.48029224205186,168.47401449368016
372.916279883118,691.0956409045256,236.4648240788274,168.0209206839176
369.6113908020622,693.6983537622064,239.4944309864179,169.27375777874437
367.5117930903093,690.0180226704155,243.7195109912181,172.11193344354575
369.53853836565787,689.8872663109568,244.51208840765352,173.63353806927566
370.9799758815137,689.7717962257803,242.4462318850588,173.1119226598284
375.1824263478145,692.621350371669,239.51141881142001,172.35468444118933
380.9023461205153,688.9614236377936,236.35744842318292,173.86837421922866
380.9853459264656,688.6492553124408,233.48510357912937,173.98999209423187
384.2761142435361,688.8025082717957,231.02447585456235,172.59412071018187
386.50880329793745,691.5284431614374,229.53466799835445,172.12860192246893
388.84735694795256,691.6358390544037,227.13127168830664,170.67638124019027
387.6102921884987,691.369176019027,227.21121939645232,168.86969655432443
398.5002724230575,692.5174560281072,222.3724624388655,167.3118547717542
397.8596653190764,693.6229417040985,219.77720556144908,166.79748460181298
396.51299825292693,693.0578293391517,220.45299284018972,166.64995552926666
397.01996588962095,697.7084048000232,222.0345157740664,165.99561491851563
396.44615986799806,694.9648194328878,221.98474712291966,167.19897783558758
400.86675001126457,696.2311658213333,220.71327228760975,168.23732327067552
396.81370535389635,698.4608525367878,225.16126776081313,168.45966419840076
401.40614605364595,696.6984372707664,223.54999996051572,167.39795147635934
402.87781451732246,703.7058135443776,223.50116889699302,166.9184936493328
397.55085110573884,700.763913882301,229.07694481910227,166.95761990155086
396.7807781543569,701.8814035309547,229.69685256661063,168.2363866236771
397.86390899479545,698.7825342047736,229.86698246564282,170.69196613120778
407.001031697572,701.286756373675,226.8761854202378,171.21963931622088
411.42657565095635,697.4014057895896,222.20131940285233,172.55469868463956
411.4606831658938,698.8017422137002,218.73588835096754,171.65413412719073
415.3017456086061,700.5297218155691,217.79174924294057,171.12814998644575
421.45294217904654,701.6709745257731,214.14839796411525,170.70308092349094
419.7826900039912,702.3210513219639,214.05434675296783,169.53517965455245
421.51198280677954,703.4664134269188,213.5598638933975,170.56354702987682
426.9723584070214,704.2899544679539,210.49519591546886,170.62948027610793
432.92070384502813,705.4342961035449,206.5275718878725,170.5042378786522
427.5514689066679,704.7108945446176,207.37285371910497,170.8853177587111
428.5665087953515,708.2951188971517,209.42965712756262,169.4653901407114
418.08283459799424,710.4121572172771,216.26411635536658,167.95655051912763
418.8240708234042,709.1168051625347,219.54989027388592,168.8041314075801
419.83586374512447,711.5874501674016,221.29797530416428,169.99867274881876
412.39129428104263,709.7707320196059,227.07087878669427,171.41492467293722
411.8401359560325,710.7721279102038,229.51690937714113,171.17898574060604
408.759929455427,710.5873533877541,232.3237585694522,171.60324194381235
406.1030405116694,712.2307383046021,236.44928918835302,172.12807027464964
401.1098454499295,712.2062317716955,240.74993433850568,171.71652718245423
402.3888844751781,712.4170400886253,241.4145525992488,172.2925061449171
406.46457815723113,710.9551546340304,238.39960308813124,174.05705400428553
402.9017191890346,711.4825021009367,238.58511375804085,173.8159703984819
403.2691756847153,712.2863632823783,238.94535012676863,174.39540392668786
407.24328381295726,711.1852128649332,235.2241970721226,176.24233755879152
409.3652466358618,711.393305164491,234.28534151048353,175.53535506648188
404.98543524855774,710.5342509156799,234.58885387389304,175.92132480798233
408.19853829424,711.2229737501615,233.2824499254208,177.94000550023117
422.0120942090249,709.6854041141011,227.242863144307,179.43307808924163
420.06632343969295,713.5252421992398,224.05679456440927,181.33614541115594
417.96298126662475,714.5646953486741,224.0146753322054,177.11884131577125
414.41952152498357,715.392751288961,228.45588729377056,176.4959371728303
416.04622123699795,714.5776623116337,226.62472862970242,174.81444800766064
419.7113413509653,717.3748870415135,224.45710394427186,174.5897663222896
411.3289431614525,717.4229105912082,227.50489086471717,173.55997914639863
412.6630136466964,717.413406555437,229.78480802844342,174.8155480151321
407.7862863834008,717.976907404154,231.69188631495462,175.01117921743344
407.48275854536064,719.2890655253011,233.09485051721757,175.81123409171244
406.5475076453178,719.4409493486525,236.59001046856054,176.5864939588783
406.1378008190566,719.0611051979504,238.4861208215028,177.1373499380565
405.83960991399886,717.9978148740678,240.73325213037083,178.60953210061604
402.5778934856169,719.754299963389,243.59092753671976,178.43850443326494
396.47179100319215,718.773231855671,248.0730936543145,179.34689143123234
394.7068976334874,728.229062094726,251.83039558576027,174.92126489119312
388.6617295169633,723.3630023528217,254.8594840861265,176.22161815267424
386.19869981879657,724.3399142997438,259.6643876611853,175.14792760203363
385.18189370916417,724.0536646375185,262.96605472968815,174.97294750424174
382.023055592254,723.9403806229876,265.31062293332286,174.679752491937
381.29055102383444,723.0951719319419,265.7040467900591,175.14420800850826
380.1443598686584,726.2820712862285,267.0586816173429,175.9782909848311
377.05558935837297,730.1758787995378,271.3400877953767,175.03056096950445
377.30485622961703,727.3478243341236,271.45361253076953,177.90128264721005
376.553766848704,728.6870286939068,274.3987976430777,178.39074908119716
379.73642373552525,730.7108174254727,271.8835157478991,180.34166615148263
376.4320231081394,729.534322554123,274.78482576170984,181.0128724608392
376.27132429784297,729.6986315053854,274.84734210388996,178.7147413542554
