212.5,288.5,1130,772
212.84378223490114,309.9939382483938,1185.6350202834096,703.6672956187157
170.23830153385222,360.56091760585343,1224.3413937104542,664.9791652667047
196.4360979958417,354.3119144866052,1200.678501841612,638.7966142929553
182.3045843246889,366.00551236235424,1191.5644383789947,630.6113571682477
192.5173766055509,396.4619894303267,1203.2488770816447,614.3056233827361
174.15384175597603,379.12412086998836,1185.0923948396792,592.9484640230337
161.31627633505798,393.23959907456504,1172.2242533491003,577.7874784529881
186.86906942475173,398.99777332168,1175.765428533096,580.603570900132
174.65582466612443,404.7666660925088,1172.478137206991,573.582547335234
185.85601470370307,412.1269683608178,1156.1775845808659,571.8313162982491
183.3285348741856,420.23454433575546,1162.1991533621426,564.3452918566663
182.632309802245,411.63958525375796,1137.7724885658695,564.494723895729
174.44458820124248,421.75329637911693,1162.6906793197193,564.6363384775989
156.3755113085108,414.00290480291505,1151.4879004047225,564.5611524452211
174.44409141239794,409.5338350331222,1163.8869309034512,574.0254565978258
158.3904532957647,431.43323786299857,1185.9119142068973,573.621321434033
154.38283636318852,414.65572071242514,1187.3082289070217,578.1055102533078
154.83479229404452,425.72278566180773,1159.0260555715413,575.4166307088965
160.5249715409252,400.61342668696307,1163.6926939929094,563.6140211570234
139.81432976826454,430.1566996253142,1154.881987434696,560.8771209292222
136.75196906738006,418.04066982963764,1163.225706426069,567.2340857141742
168.07703901694344,418.3839551184217,1160.3334711423454,565.1952120703756
135.2926093614028,439.2759323639966,1173.8972186094152,570.7397965459716
125.9970454100212,415.3256951726876,1165.506724942847,574.3789530757119
141.38926648292852,423.4117671639409,1180.1982217299692,581.9368230822931
117.23019536259574,429.3858263184628,1181.3718167698728,580.5106538117393
140.3141715467483,420.00166964571565,1179.3960656803415,589.8554786646787
123.43455235750753,421.01456598092386,1171.0772444552308,587.3700574455179
151.30298001121628,400.6241781642549,1147.9798020542837,589.2175698997175
133.4990588987322,429.03808778470693,1164.1852759734354,590.5210204140806
135.2688530857455,397.90785666321597,1164.550361670324,595.2674337338558
102.059505857452,427.55933628164564,1174.3815656342583,597.2706842376317
135.23369293873054,401.3924069340196,1153.1518920086842,602.827881232894
130.8300851010141,414.96329766162296,1148.3091922945705,594.0842693347072
131.1556422033624,420.79258706784253,1149.8598964657933,591.7389952432873
125.97254789796102,401.533006186565,1150.303775718358,600.0831459008039
145.7772818177599,415.32343880316034,1134.3783141033416,599.2110033126785
134.5288537942413,405.11725114229773,1131.8902843544547,603.8650060220709
145.50871093263515,405.9038389866753,1129.8253619087081,596.6005481348718
145.43817738523478,398.0924713808814,1127.6029795200766,610.3302182052641
161.19502100110412,416.1030857707261,1115.3900152783358,599.2341278876413
138.8975180211396,404.6921638061875,1111.5742425365593,595.7973167458636
150.81931496039465,417.1226487585318,1127.118330910444,587.1326262685604
136.74280050250434,417.0561451455261,1128.270312108726,582.8151630702685
143.78990115041222,402.42742038775384,1126.5113224800994,579.2203290808686
132.22364331584913,420.21734811980525,1116.6832027803403,579.8604121524522
130.58026336205376,411.8056335398643,1117.2421137781594,591.9148229621369
129.5256985682605,404.72414443711807,1121.5162663027709,606.500289827884
147.06200664736582,412.74029364855056,1130.7305880367676,599.3222225046189
126.15761723413368,405.40599184172044,1131.3512140054945,605.3453146227877
126.73814641134027,409.64278762878496,1121.6059686643453,609.9506738332557
142.97147973472988,406.95072278894645,1118.7629554026835,613.5221366231704
135.20742242995823,409.9813015199953,1111.7711354117587,614.5891182662342
156.5133438019094,403.9903406223141,1103.0268931480898,614.8853519109755
154.05484696826193,414.5854353713197,1106.0146908257445,610.5769553365008
149.79002494373412,403.0939955741793,1102.2690127888227,613.0471370682415
173.81916819279525,395.8105452162099,1082.5581207988419,609.0788008268321
171.76074909565182,398.47818962909867,1073.727058071801,592.9229631652081
173.5008687085367,411.86614332500494,1071.1880831969413,589.9912221705913
182.05561639106713,403.66832786410816,1058.5535967639573,576.1440208311446
179.73249818431475,414.21926875030664,1055.6450335886627,577.2064264486995
192.13065620985992,412.76195217253235,1044.9316216929665,563.7820059789271
201.2036735869542,417.10233627342694,1043.550438370589,570.1228062898391
196.64949121683924,428.889095043168,1034.038433200217,563.9135094676155
205.05425634328378,415.50585730206024,1039.5176567252374,572.5747966291333
200.93526988150074,419.6474108243671,1025.748642282983,564.8687883579754
213.15007143450094,415.9437717418774,1022.2587494995934,567.885794714261
218.53910651164654,416.65134919130696,1035.2984095664194,564.3202074512537
224.95085896434807,435.2966860296227,1040.7103732120136,568.012229637442
199.56099014827123,436.4965012399448,1069.961221191976,571.3147377993846
173.4195968862822,440.3071592562751,1095.3819675004888,578.6603609019376
157.84205798771632,437.20591571397597,1107.984619671337,574.8799515693177
158.12562155145258,429.6986405450798,1093.57872633336,587.6550867398057
156.88974629289032,423.12690608994126,1104.8623660748817,590.1156033716532
178.56027014120355,414.27938241196347,1099.691766634539,587.2453907156845
172.02487019258274,438.4262438082973,1101.4692851259183,581.4800302745202
163.92067906717773,434.25954040517297,1101.2287598789353,581.0983349378992
191.5638821753281,412.63477877943524,1081.1003072801548,590.3427135721286
182.81168453651867,405.14528715297433,1065.2858948774535,591.8457216774996
183.40106846606648,423.9950841995151,1064.704462322194,587.4368926349655
159.3766641649554,431.73836725642104,1077.7254748008686,590.6117829630616
196.79029512424358,411.03976602293613,1068.5126852857386,590.381845959325
184.87578334436773,424.2248295383374,1056.4936150064375,582.4702159123817
170.8612020844339,414.4125566319441,1061.7897826448348,586.6612940356895
162.28958815449505,421.91369186774546,1075.9782085529168,592.3499868708436
193.88125693905295,412.7883992042483,1072.049071338013,598.2815357570003
163.40027832249007,419.5285668400684,1082.4434307175752,595.0375455688511
160.88377633064397,425.47755932616786,1098.8787626333374,594.0730811806817
185.41214799885074,418.312648064531,1081.9584843691325,597.5564432223182
183.77289565725266,400.85378314810987,1073.769109105973,596.4328244722963
185.55564366517171,414.0580096205839,1054.0620738315279,591.8707157791071
183.27959015661895,422.54845801724775,1055.4705206486346,596.4774637349169
185.34912723328068,422.31719113107,1062.8912492460868,593.0661491342278
178.17131086607912,415.284756112759,1065.6458212254556,604.220254204036
176.36063080975237,417.66931837114674,1059.938739569289,598.4811670721298
181.8795492421741,419.94319645958893,1062.0985617187284,603.6438208198682
180.99847225021244,431.804836749589,1055.2580155865212,599.4348661515245
193.84109311326222,420.7634240635846,1054.7604691627662,597.7344542465385
172.43059199483582,420.96551327512975,1045.8774558404195,597.3872020591687
202.8256787448048,411.42110975716696,1024.9005190682383,598.503070478554
142.83518552204737,440.375679232465,1056.2577456578497,597.1192535870439
179.33479918806586,416.5845315034933,1036.4998560818808,594.6788396276638
184.82656109202208,435.7407671684978,1025.2703098075585,592.2314001483932
219.88537639100775,413.8257495601732,1006.0883378380665,598.5718910243045
196.70816392311042,439.47523073960065,1012.3644743259699,594.4946234208514
196.34188719954102,451.96672496320014,1025.0064800282225,583.4000299578163
222.70692379378158,434.7627437061335,1025.187207190882,579.1197467587517
195.93475886567046,451.3314734295128,1016.0553458619249,573.4370950417249
216.00796031773973,447.6928527175017,1021.3634639219792,577.0273914930909
214.6716437774454,443.36811062062037,1004.772985115683,579.1189489640625
224.10483444008133,446.510155533412,986.7942761477547,576.2885735803836
199.7955665250014,454.6108899087003,1000.8057152161741,571.3056390918644
207.87661248351571,447.0678982480786,1000.0295139054701,574.0894402552489
205.6997629850424,445.59565048384485,985.294350880572,573.5160735223209
219.36428578789918,432.49796516014413,970.3418357269962,579.5032313771827
215.62629545407475,436.62623929873223,963.5010652058317,574.859363762992
212.96415061901826,451.1265359231129,957.5601266563358,577.2763783487565
219.0101299832665,450.15410556323343,949.003795161026,574.4256097536893
212.16411105691054,460.9770960696775,950.2664481069423,569.9435892503061
237.8048065880526,456.47647890258287,939.42927455188,574.6334578205443
191.2209696753572,474.3469684622648,947.6625646814293,558.8644396665424
208.97268247643865,469.0227329579319,938.2377004535424,552.9567143512186
187.9401032557846,472.4630452674061,940.4806233574848,551.6387734296193
187.26647115058938,472.97552591639874,968.9008912973691,560.5700727912522
185.3067883713191,459.8395353523222,958.5591720552812,562.6752639711494
200.39318205648715,458.45875109006704,923.2134339661068,560.9772063147752
224.91182382625266,452.72730776315194,911.2093009932112,557.0968326215121
195.59409853625277,462.57841737919637,894.0871451220403,544.5565935054162
219.71262088784187,452.0991616757093,881.29688263937,526.5250599219842
229.93767366578186,444.92082739064864,860.4899947818599,531.3431609992216
232.46453891745603,457.0995510643837,855.0051912921556,532.1519032124409
243.62381225584716,462.5221240679624,840.4685796571525,526.7100016739535
240.3744344839908,461.84485589086785,834.3870325818685,516.715194324828
252.8881690514421,461.64730343731117,813.0289862166824,518.0922685066782
247.77608051572435,456.287942601184,807.8804444886474,516.0883551025677
238.2281913476544,470.3107267422566,804.8324240062357,519.2253943867612
254.5565561713106,461.1548662463966,802.9065307014607,501.9823379147505
251.02336532335113,479.0248522825209,800.1780619885161,496.500662623673
245.43846806628608,484.3556708844913,796.4092654757458,492.732002758412
242.37671894497691,492.01287435875406,792.4427411534593,489.9664564708224
243.45113165650434,486.1690729314107,795.9816716553364,483.3996967549797
235.95046675311914,499.80840030065133,790.8872272819749,491.7961310945316
244.5067173443481,494.11614796735824,799.862865181007,488.66025670061697
230.44435135037298,476.0533931425754,786.8735430317894,484.20636650102114
246.7670640696736,485.8615525796806,771.7060608631938,492.1241464689794
248.70903722095835,497.73593027895254,761.1096096814637,476.5667296482502
249.65939291942078,490.9211929261911,756.4932036697907,470.6574358091559
246.63121789907757,496.3731420839165,749.2881357166302,463.14090204393824
246.84628973537502,493.95542105363273,744.421302417492,458.8233324388401
251.1371647206587,487.62005521070887,728.1191634407414,453.22247561384
243.84947756892507,497.78392901092025,732.3584859085518,451.4542812647951
242.10827692821027,496.2956121451279,733.2614625127388,450.05092076416406
248.0157548946624,493.23526945269793,718.2051176482411,451.4465802613263
259.6711424209551,494.22066187524297,705.2790126253722,446.98156398395327
257.96414522809954,502.682115272119,711.9547430863564,442.6264644682052
255.98303118947786,507.9345613340529,711.5673152492977,444.2766466002147
263.66737418451294,501.0037248676542,702.4539704656399,445.6712264255864
260.856620033518,508.59388731443323,705.0990683117619,444.2192400661225
258.2232454631901,513.4344805001374,702.8553990357823,446.31873230018687
253.51729290597666,507.91166153098226,700.5748728990609,444.8608331033396
263.1791550979528,500.67813319313245,693.9887567986744,446.2405989336623
259.9820702047475,493.44488515349485,686.8906342878199,438.8434545119644
270.46074964165916,500.73032801028336,680.9821190267683,439.09852533131163
262.4390108388918,492.3169147957033,675.440613201846,435.2214331131312
261.6889256917465,506.2847653229964,678.2604304981194,436.208470887865
276.8666193854805,498.91851702504346,670.7665925522901,428.5828040028566
263.3796538669138,511.75911800426024,663.0490660074172,427.9867309341266
274.38899911589493,509.04552280212414,658.3147426677996,427.7073098372074
271.93031058854086,505.24271169651,652.7354237230376,424.2743039940992
270.810233112142,519.2071528167576,651.0492591908508,420.6157556917598
275.4268963657157,500.14132887272257,652.306071327504,423.34132148166816
276.10073467989343,500.8447004194699,647.6588612297214,423.1538769101693
276.7135395779551,512.6281747080664,644.7521226783417,414.88197893790937
282.6476605638919,507.55593876337116,636.4966167610964,412.63710217294715
273.77312560620356,512.2785643744676,637.1812564144647,412.03437203145484
278.3241104859555,511.70553465432505,631.6882934717713,411.01482684820087
282.9166099769192,509.4879803984952,621.1036602691747,409.66824169714437
291.9607543277152,504.4594418461714,612.3456292222627,410.6517317768995
283.2319453102348,514.098938160027,609.9223228732751,411.3344508395486
291.4189116337184,501.7862253114313,603.262837131545,409.29066798888147
299.0236936000556,500.29286866354425,597.7958796151111,409.4447287320934
294.50761858336705,506.5766250174909,601.9679751133663,405.9230755889454
286.05324543033953,512.4868676453619,605.0395022037694,404.6264945290102
297.8327521106095,505.21589408163993,598.2612217244359,402.9675862946049
285.7110147266104,515.9138127854212,606.0398519596961,398.6548833477118
295.59235429028706,505.4967317388073,597.5860794068055,402.4137527623893
295.4879272495742,505.6789258527773,590.0120405837376,397.95132329411484
298.4433658346859,499.6299150378676,576.1241939210822,398.62879526623686
308.7435387108596,508.3724710618302,573.9239801120372,396.8074854634586
288.85691733630364,499.18041986882605,570.0970144077145,390.90250997734177
311.4681663970782,490.4813186883183,557.3858108667498,398.2317236045926
307.52741910323573,500.8784771923681,562.3221908907228,394.12771445101436
309.622149918437,494.0861788873562,557.4949859337337,391.64349725705813
323.6046454012592,495.05610607918305,548.7795069165277,392.8815586756251
314.9109821875158,508.0354438505308,552.3883459141008,389.7160852246406
317.25197788992875,495.3721836666695,547.2267467770041,387.59649490525146
321.4385570294376,496.1973431177513,542.9638193190968,381.06419280432124
313.8863171099161,506.1509553172506,548.7100941068528,375.9242050828214
329.0047781863571,502.0090353719361,545.2251159024325,373.7953293047214
323.47764470352354,505.1066109549666,537.8931429282331,377.9547562147037
332.60030306934084,501.68552401399666,532.6061681295064,377.32390322872675
324.7650417576902,499.6355270179368,528.0394823862545,375.3567296277032
341.47619784683803,507.0730978522811,524.2963416388064,373.98726921521893
328.84181195311135,507.38094164874826,528.1113316019421,374.1624935509795
337.8878953328216,497.4109891261593,519.2681310259693,372.94621777448924
323.9113121447242,512.532703661298,524.0190326586023,369.71092464623604
335.73793290215843,511.23632059138646,518.3207357828682,364.34451090877235
329.9178031358092,512.8560264803677,515.7079171847336,371.633183138013
333.5042195280664,504.3572212598432,514.8618759321193,369.4134319440521
335.6618655970525,502.57312532171295,503.344754448231,369.65898540853823
337.288003561784,514.1196335045439,506.59693731191885,370.84597011682587
331.71504760813156,511.09264370865696,503.14673603977496,363.4472437490677
333.39732492984126,510.9415111095065,499.92809708050373,355.89918546628485
337.59141606527317,513.2376820057111,501.9964656104216,355.438707271844
343.91275321273497,511.59759941128567,493.56686724438623,357.217320241827
349.3765608300757,518.3077808762577,490.2393467055118,354.61135196391
347.2092759912268,520.1281514764512,495.1522586864627,356.1324498829599
350.8996309357399,514.6123378574775,490.0542338740838,357.67339169790074
348.37194479432696,513.3796123848354,491.10149795633583,358.203164243945
358.8377513918749,507.8302902853014,486.55729726244203,364.40861114442407
348.13303960308,512.9408605556828,483.5777561871572,356.13515111255026
356.0242666513928,510.3155108141068,482.2095113507245,354.9166638662493
357.5062271967302,504.87077217727506,479.0481986604751,351.6073970810801
370.84156846713347,506.4684005476173,467.85259679451997,356.7316750809773
363.24132753935004,515.6279458832126,464.84542038045004,344.13499517780264
360.32877595859287,516.5548931214505,463.7325282024623,343.04643195587744
361.6511302292387,507.02525770983203,465.3348038570311,345.5422300115607
360.13452852775833,511.2626797243367,465.8869534881632,344.9597136352535
359.7435019234081,510.18057627146834,464.655420400937,347.0270009439298
369.4238604830649,504.9792815116159,452.86041255430035,348.81651279691954
363.82264995875784,517.4959551509675,458.7699683948887,345.0645119106207
369.9799745284354,513.2134949796925,455.43274206885343,344.9294364911897
366.064891247837,507.4016191965858,450.59447524747145,345.55895603174054
369.41852619675205,504.01330932558903,449.5973018545588,344.12227568204526
376.4971387115863,509.9526274026197,447.8746047891649,344.5801955429612
371.8046269321724,515.0581385840301,449.4666019325358,342.88598112512943
364.7328333231638,505.32288352518196,449.56440925151685,342.44850189301087
372.1030166569119,509.57251231585394,445.90647047546025,339.5450611443207
371.121613519004,510.3237593584478,441.83422809645384,337.32226672142133
370.4863158584146,508.043131374273,436.0445632520773,330.8733781228996
376.9940682014657,514.7262535224431,431.78365696983644,326.66349810648535
387.3857667130511,508.4903135587512,421.4832447367305,328.76167456999576
381.65529446027665,514.4761970843492,426.6690478666053,326.9324971969237
380.62012399361095,518.9972207336957,426.70946724975397,330.16321546520055
371.03083098636,522.6973801357677,429.8118244347897,328.834810665607
383.36407437811437,511.61560607225704,422.02203581812284,328.51120705613084
376.425151923158,521.588733671618,424.24748373028535,326.21828212156845
379.18869433131965,513.9795739477256,418.38171277008036,318.2706222843334
396.92873981599587,519.8895124535941,412.84906305846965,321.66871116959027
397.2150768376909,523.8603871074173,408.65072537875164,321.2012432700967
396.2536458145838,525.2054178629807,408.68859242493227,322.7311555316105
391.0076968676967,523.944714278241,416.55379836870526,319.50774460076786
393.57328189848033,520.8963971924618,416.37825190038126,318.8372510905307
394.83662533858234,524.8593216361995,416.74081845516605,315.21431213945675
390.1154762369387,520.4411634138918,413.8063343328546,313.08344465523396
394.2098037233632,519.7674491840307,407.5784368944311,315.97384712922707
399.77204848223266,513.8569754642753,403.64906383507537,318.3126357888228
397.948195666831,516.0401160369915,400.9695948115484,315.1893626105847
387.0957274210906,521.1022670203174,407.9701070136122,313.7609020712706
395.9340247047597,516.3716955198555,399.7629671947285,317.1513004703993
394.7058144335601,523.5328018159554,399.0141392655893,316.75083117237574
398.7133261126959,515.5558446286948,396.2535417776439,318.9227356851378
396.90035412279974,514.2836433384791,396.3604316888436,317.07372616103777
403.47377348616004,516.7409699747982,392.05360386000746,316.2977597475467
405.0765557840364,514.7864736882049,385.347286559997,313.17646880007396
399.6315585472584,504.7554357420283,379.7337755630716,318.4188651333044
396.81112776604147,511.88290244162636,382.69946762034954,313.268499865939
402.545021727139,514.2088493003009,382.49785726635855,313.22618691997934
406.34004492896213,504.1239431363477,376.3135300254533,319.9612908971775
400.98113099883994,497.4542105759542,376.6576519990188,320.01124770536353
404.80121449338776,513.4931988063076,380.535431587492,313.4243384923669
408.40546253584824,503.3638949338975,371.3166945277736,318.3907448110082
411.4560929339346,515.7464184593566,373.2516855462969,311.1279179437167
410.22398288622105,521.463619503244,371.022574891115,307.2492614854656
400.6711877922758,507.1112303278259,374.6137356374394,306.77179475322384
408.06110369309596,497.392171169897,364.5707464725775,312.1899398049697
405.35166814413463,513.2215877920634,368.63951872689006,305.5088492354867
424.5814940768786,508.0995136679843,356.541804111906,307.19128887740635
411.39062880971653,510.1913330544554,358.85777689390443,304.7971024494105
419.90075737429447,514.9678969361386,359.00567876054765,304.6481236425525
421.49083369299933,512.5322199017655,359.4696004267307,303.9454336663611
431.8809051655026,506.30119454179885,356.54229562892544,305.04692584558575
425.58808495029336,505.3311468850904,358.213068730302,304.1073358245184
434.9149759596026,498.20835193106564,347.3614665110839,302.1711245632393
420.9749499748237,512.6632329693869,351.79876274645574,297.21906550444794
433.9310660515895,509.8074061783862,345.8021365608779,291.9643182808121
437.07839900529075,504.05005411178894,339.8675422689599,290.9276183657197
441.18619877510275,506.58787760793774,337.19374212377573,297.52853987650144
446.3677764439834,506.7628077988283,335.5783395332903,295.28172824720525
442.20312926020813,509.991570038967,337.4552410833356,291.0397711983705
446.0692849213226,511.026406849112,336.1760239786311,290.48431457135246
444.55253221524083,499.26815544310006,334.30511179607953,292.8759012425361
448.5312939531682,507.4057340920418,335.1852767134242,293.14644799741586
454.9810705385503,498.6648541655203,327.0159236592602,293.3392322054581
448.68310732395616,514.9979567327034,334.7206001374291,286.84069182915744
454.42890041684063,503.9089746335347,327.4984151368765,291.08408908254376
461.5405084679655,509.1211214671015,327.0200969310075,289.4248178599826
461.7566182240813,513.1705527606007,327.1537083402061,284.14059997131346
458.8586340383876,515.982182551782,331.1070175690651,281.3957050991921
461.05021482469675,516.2901609630401,326.48624275181317,283.92030197976817
462.8546896222619,519.1957940591676,323.6029636725958,283.920300122026
468.1151014916628,514.6099727166378,323.40994461306735,283.04149910244274
455.01606731765946,519.3214908481172,327.3353741181899,281.6747384882176
459.39575200414777,510.62962695797523,328.37604305585995,286.5370430812968
458.3955599788202,518.160379709109,325.783975768508,282.92642012437454
457.2160558134167,519.0799002826134,329.58020702396203,283.3362020804194
452.89031487529485,515.268646576056,335.0534501263208,280.8047298360698
443.34789870157556,521.0333284146571,341.1123427946282,277.71093471958284
464.27330126529455,511.7362281269716,328.6347645463859,274.0428041079969
468.9489361795844,513.6362927611281,320.0774926437635,270.45486394058645
473.9385544534348,514.2020008853704,312.8127754363743,269.90910270107605
472.6002741962553,510.29885640781697,311.783059913984,272.1890974624774
471.722311252915,514.6052305630033,307.3384188236268,268.61524552107176
471.0206230640313,507.80253994371776,307.78601385644754,269.36579214291334
481.3283575464693,516.3861588166853,305.2029215800924,264.71399603190446
485.67387599218625,519.6388347305164,303.91443957558823,263.53668364188616
479.75565244511245,519.6484674098509,304.7506055947371,259.5644004027863
483.50033870362233,507.892830191024,301.646135998395,263.0569659804089
495.486590688453,512.1181979295097,294.77112244875644,261.0644457607856
497.31680457926564,515.7495196338671,294.1819781907459,258.78308005511224
503.0037918262065,519.4769108311295,288.4068956810719,256.9660191342643
493.0212792602406,521.5981249869587,290.7776777215581,253.18330636573717
503.44578588989447,517.1110058562008,284.2734662881545,253.83811606703586
497.8685548470534,518.1597050880548,285.3534615835496,251.68412846136997
501.0920083386725,516.8157549739682,287.0570855275553,253.36770695748714
503.15959041400635,518.6011443137467,281.5032696119948,251.38465103926674
500.820850421527,523.4958967484447,284.1442433945171,246.97290686036212
503.6644322728333,511.13187662483165,280.7210567163804,246.518031116313
498.91855863477997,514.6386270108111,279.8892439033507,243.3774877826577
500.9693096337603,519.5238056754737,282.11125722968376,242.79618598802426
508.64922128281677,512.9590031568924,276.88157716594685,242.56921270566187
495.8563404312029,520.625851589171,282.08221048051394,237.6659933151597
512.9655545089424,519.3250866303772,273.85279040360325,238.2061692863203
522.7234838940705,515.8185691627581,267.74367947982347,238.94973768175572
518.7475576411462,521.8490405314185,268.75709652142564,236.99258332775835
509.03585850214387,522.1948037387508,277.4179363178838,234.10276786818562
524.1610917084159,510.4624961171794,270.88262521383984,235.14724884300023
526.991981599267,503.45868606472925,263.3120607519536,240.09616400669893
524.9704343704232,505.06953964181935,265.3303595699312,240.0362660281416
515.5424249592411,507.7378027659283,268.7422234902548,240.22562456680078
519.2013553460786,503.27600872519673,266.6251312342566,240.38403428311486
519.749710253422,510.4911603259047,267.05813684654885,237.49653550550613
513.432688860838,507.7925740704639,269.6855960609234,240.6054139991105
529.4392628343514,503.30185142142557,265.51653708751894,239.43642929176787
521.7794665564443,508.9146658955586,268.14484684302437,240.20271876338472
520.2136527795865,508.88429873618315,272.34366507226673,238.87418048150204
520.0369717707097,520.4711091154008,272.08135825641546,233.05713064608287
528.6731171462019,512.0991956945529,267.11970157495495,234.55173389021923
529.117288145994,527.2267427897389,268.32105475995115,228.0415356348402
531.5595392246969,522.7192780640603,265.6016765819745,224.71227156323087
533.6129289256992,518.3911815546653,262.61464511021023,225.6904652831518
542.6956752373682,524.5733792511235,259.3184825512852,223.4682317789314
544.8627685693449,519.4834639319763,257.19788077263024,225.17236296791648
548.1526125427703,515.903557368632,257.1585052845201,226.2660210479096
550.7780345675546,511.8805521538675,256.8489130218652,227.64156797105403
555.50481257648,523.3021841152156,256.5539976051405,223.94824315861044
541.6755275760673,521.2291098370346,261.50691562555426,225.12836946098997
553.30332578777,520.215108505043,253.36304792924307,221.7214652134569
558.90036900141,524.1803819995265,253.95172877863905,218.43050210726477
571.3030602217484,514.0392162751219,250.52317438639864,220.3423022899132
564.4753989149525,523.6254530063551,249.5560928433251,216.88544941764593
574.3260615533763,515.9892480502442,246.30510026280643,216.89289280378412
574.6772414980629,523.9009401126323,246.82136993781654,217.9308054158913
574.9468181583644,528.1362594994214,244.01708496483482,213.01973996703788
578.78169946857,518.188878619419,244.05606398511304,214.13158443927418
576.5091724175177,524.9730131857494,244.74459002244578,212.92935518776335
580.2634025937926,525.8870144440951,248.16725884395802,210.2361767208858
572.4025813138054,525.2481976985002,249.7394684692958,208.07937010216494
581.2979472473613,523.4177415779693,242.6713802435297,208.29305500237137
586.3344659696643,524.8718791563019,236.53243285644572,206.51549708053687
596.261175966579,525.1285477420008,233.50408159053825,205.13974255059645
598.6732889807672,519.279546758407,232.22644961257313,207.36775990438065
607.3112719552543,524.9987422105792,226.91653455839196,209.21464717337844
596.9005647588353,518.5751158610819,230.04313574057963,208.3517317948714
605.774828285983,523.3557332739833,228.2381713277651,206.95212993479274
615.3396075866098,525.5489263617312,222.82312071073903,206.02137882827395
622.3336111177642,513.5125356266174,217.50491003567234,207.70183176139597
622.1509557921821,523.2009390543561,219.05361454734026,204.59727157200635
624.6906041500873,516.6790504983413,218.97723832192221,205.01222680332813
626.9006920143681,525.0583398351922,219.574434562595,203.5271319784485
626.0031831476299,527.8172465822297,218.7285010991876,200.93467091566518
626.2409595615104,530.9773720685657,219.95117166028064,199.09067501513886
634.7461781530684,523.8010585262494,218.85893889937864,199.28294762763295
632.2089501794858,533.2400008947214,218.28767672262694,195.07002644334287
630.5226376178208,524.1383804217667,217.3282740671068,196.6181742038658
632.3895252285146,530.9050436058114,217.03212518344677,196.14490815609753
638.3309015330694,534.5136069639565,214.7783052488296,193.4335522687502
640.9693107320433,530.5995487628925,213.71982384365722,194.13840942344723
643.9877731963425,533.2655872817134,210.81355423017555,193.77945955348042
650.2138382183359,533.2265106537493,205.74824868456415,193.0252485227375
652.6942396350802,523.0204007584272,205.15032152480575,193.749690703315
652.7209187769809,520.2197263053961,205.34440912375294,194.92317919912819
650.2603863372818,517.747968445551,206.24580039133133,195.17634838532257
654.0346021130379,516.398349513798,208.88613698015126,199.78132388074332
651.7910794476536,513.7113168438405,209.47368628985936,202.62259601413314
647.6608387290869,525.1250826295734,210.1305758732841,200.7566483463819
650.0882764781088,527.7511805407227,207.35957263500916,194.53701599216873
648.0767658780492,527.4681526625225,207.12173156139988,192.97599613459158
652.8307950498545,519.4258834371881,204.43978262776156,195.98119554242805
642.0618272716897,533.6511453916052,211.57882588117215,191.72174686616177
656.7374011576294,530.41424112362,207.51527440978657,191.4241930216246
649.5719209898771,533.0588132540049,208.0130496779605,188.82914622940962
661.2864710534875,522.5668058459568,202.23017889833602,192.9423954079381
656.0341021332406,520.4838433282409,203.8497793743373,194.4152206642524
647.6580956220557,530.997262560903,208.0658067511228,189.24556707056422
663.124155406645,522.0108823131204,200.29382624656387,193.6818517850017
669.0353728858527,522.9601058768047,198.34207743009267,192.32339344288204
666.8036515083481,531.2723316707956,195.45307223389585,189.31042235419812
664.9043338328415,525.5463865619236,193.73874805381126,187.1401309921851
674.9860866532622,524.011869620472,188.75203645603517,189.48793997334303
677.7019354313283,516.6712696860384,183.66901362553259,191.08720269986725
674.9599358326204,519.3194543593244,181.65007542507033,191.64362485266264
673.636611120415,522.1700997897921,183.70847953285534,191.16762405489598
664.9180384784814,530.1103485625638,187.17488177473592,187.6988665632382
660.9819649035528,524.7322731395606,188.8379364876099,188.08368895231882
658.8593697032484,521.8011986751426,190.39019754948197,190.85794376128314
658.7740500198245,521.6470026675514,189.45992564700236,190.93779733162953
652.1435470205752,527.6262980035494,193.0691781134294,187.08314557106706
657.9578374582351,532.0844122735637,188.666733287274,186.00466733809287
647.5540678178962,535.7831567166144,192.63331966883834,182.80613742670204
662.8668319878068,525.8521424976118,184.10655337903034,187.7766948344305
653.7256021758631,533.6447857595055,188.89990266845902,184.3423666674371
665.0260342221953,527.7655067266572,182.11512370875354,188.18123407895996
665.7152804710571,531.8129852494412,180.00601300456648,184.9943152232804
658.9155673573439,529.8725098986456,183.8207515644134,182.45447182512507
653.7082309887451,537.3786777105007,186.94710496530575,181.11233782868135
658.8826430913703,534.5097806648641,183.50620510771768,182.0852509618238
655.0607556088115,538.7756227316427,184.85527247302363,181.01278053681588
669.6978976736135,531.4056787158281,178.29934391392527,184.3482857950076
671.5643632636971,535.9613405394335,175.274923886478,183.61128381879843
671.1192531894402,535.3463470380004,174.38573553053726,182.6167973032184
668.1664345472691,538.5080493896876,175.93484183280827,178.4545529148461
666.2083058692208,540.8891331423199,177.15986327957333,176.40898236942448
667.4806997540279,537.6762064162236,177.18502112573728,179.19295733816404
667.394845130652,536.025698708634,176.96697497645133,178.99043992348697
660.3595371736524,541.4110663137261,181.06335596285396,178.87910513265768
660.6773328306696,534.1522976880669,181.24213286343593,179.45520864074518
667.1822545440102,531.8736572970612,181.2899500683293,182.44172139585478
670.9332200662162,528.7946007920733,180.53559423994434,183.98075450827008
665.2981517104648,528.8000063781565,183.11164306046186,182.53694138121875
666.7020440258705,535.5828133294025,181.47774109984388,181.1982487124431
670.9142753983529,534.7206276794957,176.46259028614685,181.17043486430623
666.8847603727772,537.598495901651,177.07881540193893,178.51961564845473
679.1105150319526,529.561662612753,171.3129747844798,181.07985334509664
682.7035769655972,531.5096114346675,170.46042038329995,180.29553532231068
683.6132854654201,530.5622202451879,170.2447933801052,179.440814432065
680.7246545669813,530.8395580981985,171.1310760223794,179.5270280037801
677.401300230861,540.5824136615595,172.0417908090391,176.5058160317879
675.0250892952445,544.1324615739791,171.74649180815808,170.63181467842048
677.0906900118487,538.7152741163419,171.82839790443717,171.71943708918005
680.0806136773604,535.8583196026501,171.31205099710803,173.6854339243846
678.0679431420972,540.7780751767701,171.18635827686347,172.3536314385276
679.4279053685475,537.1591619509824,171.30296283851612,171.97586861364908
681.3436337116575,541.345845263858,171.100101020541,168.52993425878444
684.7549836836102,543.0962866208781,168.68673244646806,167.82446695570286
682.8008723397365,545.4284146186218,170.16549100540823,165.11211814448356
684.4386344203365,548.2040678703099,167.98500163889918,162.20443887712088
684.4246214904822,550.5267356959666,168.38900052044045,159.11324240665277
684.9117844004643,546.6854620649906,170.39311357442477,161.22651697964614
686.956111783862,547.2368629021879,168.1028885971476,159.58305193545434
694.571268360163,544.280239132894,167.4725413310916,165.30662702522108
691.4624248422542,550.6554778194635,167.86768369457025,162.37165879845296
703.3670687374502,545.5310039135564,162.47297556650892,164.03937753288454
705.4593582212636,541.8713516973589,159.97854832353397,165.53266324108307
704.7588629052068,541.5042507160277,161.09605426103388,164.469448071741
710.1913191898797,539.455319900173,159.89365816225722,165.29661817360807
712.2084837223686,541.8450896207329,159.36180111075402,164.9937511057738
713.8867129018543,541.4010432057632,158.19140196455203,164.59862766006097
714.2494567654786,541.52048133726,157.5438633412761,164.09494743229016
714.6123395519829,542.5616032183592,157.60468951007687,165.05670734813293
715.8807545375696,542.4145343275229,157.31968560186192,164.66411229351792
717.1585047653327,543.339273590843,157.97927443393837,163.44623815341
719.0326272109199,544.6183445811985,158.77187378684903,163.9493265205161
717.4060606331244,542.1616765530481,159.91244322811252,166.0237392400618
715.5663639540819,545.0736807890067,162.4139435230239,165.3115357520409
710.688505359972,545.2558690648349,166.3706350655855,163.47844118934034
712.2114719416554,543.1954242860961,164.23141857878912,166.81159911602862
709.703706812569,543.1695975886645,166.66457284918158,165.96932062304398
720.2928966101058,540.2954836551573,158.5102210873403,168.0648239099346
717.3840626274788,547.6715448316478,158.14002140440363,163.53394504419302
720.6745967797455,545.1505582256104,155.5685470508459,164.12918203865323
715.2896024534708,545.4383249546098,160.25433775868092,164.00664681174058
722.1302970716843,545.9626870420195,155.28490370973765,165.03453496799955
722.9345674704797,545.1303878025337,154.29821535085836,163.73482537001829
716.7645799491711,550.6434151311588,156.41244308989297,161.2282591483218
724.3891230221652,548.9785679873723,154.3580145048769,161.71264141940327
719.4770437360628,547.062304728622,157.3473441115906,162.44502222884017
726.5563295019596,545.8859767047419,153.87069978758834,164.76963081860208
725.4353214229575,545.2121835839968,155.56119623515963,164.78297621287703
727.7999006373295,545.8730712816725,154.8364533488995,162.80806723399348
725.712879466743,556.2488126313515,155.20374065213142,158.7773680096002
723.891481090312,554.2786984431385,154.3942597112649,158.4215037204928
721.7126016581745,554.2255294856191,155.67368503545686,157.45344049396488
723.8339369182179,555.2047314000844,153.86842694495687,158.2443307397785
722.56092506453,555.897979660847,152.92738237352785,156.77570719143768
724.8537735235916,556.4455265089252,150.2395313043204,157.55771041253186
722.8296470746552,555.7789747376919,151.2337037235119,156.64054639529934
724.8208907910939,556.1142217923784,151.50333675671118,156.9189319363694
724.7165066136264,557.0362961217922,152.29456140787266,154.93855103432423
725.2216429060549,560.4526199508804,149.45993801330724,152.19987831747935
729.3516491874952,558.0327988663712,148.53011454594554,153.3840440398696
728.4438046303243,563.2934502950374,148.38407679273365,151.67883665227254
734.2141972591329,556.7612555652688,144.98166958370206,152.55551885346642
734.5381398224965,556.224668106081,145.14620120555315,153.0848604221763
735.9376634806009,555.7426238609157,145.59453515287436,152.07506656763456
732.9966247906513,556.6041520453886,148.23741791821197,152.97629936668892
734.2737172334929,557.3544425993356,148.83645173407427,151.8046182753405
731.1387460991441,557.3831310213654,148.05861996935585,151.40196562523158
732.8076102664497,555.4294370704217,146.28870862878455,152.10884937773366
736.3566945932197,556.7716950138022,145.51467646976295,153.97048186756513
737.0687528623947,557.7920615838128,145.4428868823627,153.78038850417366
736.7704008503657,555.9969671500036,142.87507217248748,153.64745133404222
738.7629953051542,556.2708911344886,142.53561676600097,153.72699064815987
739.8073366449603,556.4059175864003,142.4254463670723,155.96200253482579
739.5902640156294,556.9992656389261,141.01417989309778,156.6116682051388
741.8712422926183,556.1080473232148,139.1802044243,156.95795703136008
743.0737001944916,557.4223988233056,139.88317355802238,157.5592803168322
739.2300546560109,558.3107440810079,140.67657578844342,155.47183217612292
740.0055384688958,555.3184609647324,140.8932896011045,156.82991872300028
741.1663910232462,559.5834366726697,139.3112882574536,155.1346475515066
737.8088581540846,558.4760676238728,140.5724670591137,154.80846945591537
734.597477130216,564.2042231321172,142.51773922027354,151.84468136020251
732.0104802300539,562.711550740441,145.36566066707138,150.5845690337781
731.6554491244201,559.1691759836631,145.68080205691547,149.09139207774382
730.3956460215649,560.3437517851461,147.65828272842944,148.34016943174643
731.2901552967908,560.0984436870029,147.87682839706883,147.23979098440307
730.037043441331,559.5203405153607,149.44837112551693,145.68161344209955
732.0448705915973,559.0051982287091,148.76227365944214,147.2608050674434
734.1485092409903,558.5677582838184,147.54245370467157,149.26209222197542
735.0740163255058,558.7441259954439,147.11970614105024,150.03531315377595
736.7206872620729,559.5479253968629,145.61455927196062,150.94579488529382
735.3102422342683,559.9755260803472,146.59660165405853,150.8383981043274
738.6638536717421,560.4444669311288,145.23530752622554,150.29984493005543
728.2253042944233,564.2576515956058,150.25335316022276,146.1489984659318
732.4839732760611,562.7022743446266,149.5193500918575,147.4021706730701
730.4843992597573,566.0587356797248,147.61505518953317,147.82711034753476
731.221661563196,567.8774642896194,147.38210099782663,144.98027705356537
730.5486077465639,567.1016878093653,148.8685738960737,144.39414887299773
728.0150040454573,566.2282578708015,151.7396442322581,146.15758629456923
725.6680285301235,564.1646976707987,153.20419460662316,145.25428208902713
729.1306633600881,562.6411041475561,151.0857075651732,145.46000724009897
729.9987972471256,568.2227043044782,148.5900564504817,143.51083032655458
727.193020249277,565.2941283991602,149.40257244208826,144.35986727161378
729.7123060533141,570.4168375341559,146.67388222107002,142.65816899462396
730.117270194562,570.0666377293343,146.87931177588086,142.96954044867294
729.9957987615078,569.4334822371618,146.63888077631088,144.11553467887217
731.5802220246956,569.3002298401555,145.35839731353087,144.94580919110638
738.5078586543345,567.9110310183507,141.74720837154007,145.95425811102893
738.4704830018535,567.5953750029752,141.75153614685306,144.343320214884
737.6329233210552,573.8396873292413,139.73052714903702,141.62020482722215
734.6524963098949,579.9016304513865,140.64144770264147,138.46678450564312
741.7415954345498,573.7708919579834,136.70788606328415,138.94239265643915
741.0578681483726,572.656623961725,136.75020978917087,140.18725825622448
742.7417763330066,571.2991756718751,136.96509499077087,142.4973825756353
743.2817215343989,569.8532988330376,137.79454633731945,143.76266974108887
743.0668940697548,569.4139322431596,138.80076756564412,146.06657766200723
746.1377599130184,568.560221495824,137.13346869134384,146.9256513430236
751.8303919811387,574.6706534298633,133.39035798244228,143.4077467019943
746.9267668324985,575.2012717221814,132.8287623711239,140.7832927026953
747.9031691443946,579.5257570649654,131.55262478274312,139.14559373798585
753.2966801333683,574.6062513785536,128.3875943426403,139.4188388999518
757.350764065709,575.0636245196573,127.61145001967611,140.2939993247849
751.0186126872449,581.0331438912548,130.4904668280335,136.39150024305124
753.0427768103315,582.8240209547403,128.4572446299939,135.13780258508598
751.1973844374068,580.4403128146703,129.96466498845624,136.39004677404614
753.07760095857,581.0773794751225,128.2418132381018,134.75523747273104
755.8112786003514,579.7434660292373,127.55079791334518,134.98215254088967
749.56053359914,587.8872876245258,131.54384446446787,131.85758793744753
756.44724305164,581.778925123606,127.8006686211789,132.47439570208977
751.189084276502,581.6940894889511,129.22249410450829,134.2328225712394
756.58078207059,588.5603809195832,127.99975936627979,134.2595944096313
758.173848706409,583.3006176300884,125.69711321348346,135.19982575861772
763.2102271738507,586.6998927214436,122.41535863403715,135.23387923441993
760.3563021025478,591.0324184157934,124.82453800831809,130.57843908007922
764.4054048794487,585.994148870106,123.07465865245122,132.8047871486636
758.7411573398294,591.525587418634,122.016460481091,130.8536640098364
761.9200605560512,590.0561748290996,123.06448319787046,132.8510925616394
755.987089498676,588.4476749898222,124.9854951187204,133.53671778620492
759.1949942627103,592.1481553868413,124.12602953985154,131.50412271580166
761.7926192671231,589.3888120649945,123.38520376114451,133.90519800407003
757.2666529026253,589.3941543354315,127.39506170195536,134.94547192528157
757.9263835026313,586.6741440730098,125.69202606654272,135.8524238367577
752.8928353033489,586.2614434315241,128.5442818084913,137.60195710728857
753.549780407341,591.0522130619302,129.07021327270513,132.90088060101564
753.8587494184962,590.1092002929379,129.60100602654148,134.43793320321663
755.4344445272633,589.7336995539445,129.99256832886866,135.50392230429395
756.9249015458026,585.7046954391907,129.54345784769183,135.69201308299236
759.8562513384819,584.8810002928159,128.84211348011394,137.0488470918072
762.1509167118572,583.6431527103844,128.67824921627485,137.05563856643363
760.083334840785,583.0096838781534,130.49077708888592,136.27531173038878
761.4439358621103,588.3173842512119,127.98272434276288,133.41926649192965
757.8591782457527,586.7456771183727,130.14447014831973,132.2939898590792
759.9556691599687,585.657717059783,128.41150347946515,134.056686014377
759.6044391226416,588.3742252070502,126.67436676563742,132.88641307943402
757.1365964531597,587.354191592545,128.2205228814502,131.31628521804183
757.5479282705519,589.7346356683562,126.51161655154536,131.3781349943027
755.996290959123,595.3030347106018,126.93079832930653,128.06178494598655
756.461972708428,592.1511064127683,128.921676192684,128.53729673081295
754.0670686822743,597.0790012157498,129.35940158038431,126.15187251422714
757.2004632549558,592.6251658779865,129.635992990964,128.0258607445301
760.6905109633065,591.6304397870995,125.93907596023007,127.88670592439883
763.9052667331615,589.3671315076809,124.3526439752866,128.73365473324773
765.1088613194908,587.8676520090119,124.12668414621797,130.59856694607572
764.8505686418322,591.6176498496917,122.69538682031089,127.75727739482402
765.7546735858332,590.4718252723333,123.68057442644499,129.43815552576126
765.0190164632764,591.6358561112766,126.42136558991781,131.76947242966997
762.0799157876286,589.6689609986953,127.64426320717988,131.81829556752686
761.4857936285442,589.0400953284752,128.74811473283512,132.32487728137016
766.088875174028,587.9260857895999,128.31555585897385,133.8062682039042
764.0845413472118,595.7472207248159,130.41454495224852,129.63633148621324
768.3280800972427,591.3792077551402,126.18679392521216,131.2068119257837
769.1641003659615,590.960845762799,125.48818183131488,130.91783846671171
764.5799926821261,591.8413763274453,125.2781829168353,131.60020895626866
768.8639279742778,591.0536868282435,123.76813583701059,133.4914124723668
772.8818196024606,590.2202306167667,121.99402661804045,134.26583415762326
773.8245184886243,589.5009336953539,122.71524818945895,133.4770369548866
771.5065134807311,589.2327121567755,127.09013153869022,132.22142990641285
769.9287419390811,593.8308241180849,127.45575913513386,129.64564263649285
768.5142647853904,590.491477518293,128.05531804993262,129.158166680717
771.1017053432242,590.1212343838877,127.78032643893121,132.35778379716757
776.4876062487057,589.765216105797,125.30752343574211,132.9675265031056
774.8440895509223,591.6048070422117,129.98257014995664,129.6528825479338
776.116015798391,590.7867109751751,126.9956092091293,129.59423761495015
780.7484919492689,594.9613394898744,125.75833551264641,127.37585261697595
772.985142160223,598.3010927771238,123.74107441651168,125.916033962475
776.5256927503688,597.2406913485919,122.19785567729916,123.47731773409879
778.4749838296812,600.3892910314278,121.8053345215514,121.94831189091718
780.2088278744784,600.4394932421135,121.45550903079763,120.78370566824142
781.2091090914283,600.973301815099,120.96180016783016,119.56764457671221
780.94858203386,601.9942835876182,121.44352997249126,118.13262138379616
783.5090239070237,600.8364827522125,119.51656120151728,118.19454121021604
784.1296631093088,602.2962050271858,119.14597842037189,117.86458155180787
786.1117571655897,596.2632282269819,118.35254707901495,120.16025597692506
787.6380297414541,598.9872689119676,118.72432443147639,119.64981009463742
786.1160689621331,601.1387701050066,119.38698564653433,118.91594161348947
786.3172611117743,598.9315680659086,120.12368780517056,120.09732346165053
786.6588745828168,601.7055089298457,120.14039109411503,117.11142586229401
787.6352879033338,600.1745823454378,122.27400363054592,117.73323073835184
786.935675564375,600.2108404272982,121.15763739768494,117.77914027218387
789.0132451845025,596.478359379852,120.88064057927136,116.4636470278629
792.1080975004884,596.5344450557163,120.42026574553216,118.83018386077757
793.4589079466731,598.1928155558114,119.34321373268703,118.39988690745916
797.9944030964471,595.2677246989069,116.7898943247557,122.31643051045077
801.2121105004595,594.4412430833409,113.90859817303895,121.72470933343568
801.2562632765816,591.7017540447757,114.88660886713103,123.50699609836349
804.9207616607468,591.5632042236065,115.39887630126461,123.28430850708787
809.3712536715901,589.4529877226996,114.02059404842792,126.37248702131998
810.5022221134227,589.1997255471522,114.77125452439583,126.97020737927612
811.1164458596945,590.2665650265159,116.2199702410029,127.31377862956629
812.0178699682654,590.918322843509,118.62096793724301,127.84484745710083
812.1198253630519,591.2106875908534,119.76838049521496,127.99685554038575
811.9938035368621,590.0247330450068,120.28575870951977,126.88231402788418
813.6909820719206,590.0494773813814,121.11175611532468,127.31259279863184
814.0005183187901,591.3424348537415,119.89331810093796,124.33686400042714
818.7034365590206,594.1189635624273,117.12289366374563,123.46054903979913
822.8262623892216,590.7063379116497,114.30250178705488,125.40127779548384
824.3317734221094,593.029323391803,114.09118623210932,124.97544402517065
827.080131171578,589.5856584497591,113.6504578533123,125.74186761969983
828.019024482241,591.6387365443295,113.93933471558972,123.73204428743767
829.653735481099,589.8599459490973,115.26725139430158,123.78406890968793
824.4658145640848,593.4565571722749,119.47754594806366,120.41124413061509
827.2599602634665,593.0692121195314,120.33026405551286,122.07822293000643
833.3759623864165,592.0035179866568,119.74897408696856,123.06029986717112
831.2261517781085,592.3628147702818,126.73737499797483,122.87638455511828
836.7633502038974,589.4218858519704,127.62805210581497,126.19407947560101
829.08275588153,586.2689336766917,125.4074695610834,129.16201186850617
835.3686792441487,587.8883332576816,124.67989755588087,128.9113110291971
836.5997613186754,584.2533550126219,126.19194706056788,126.5779651730634
830.6632951796014,589.1401778686403,124.09432268913505,123.38631562219348
833.8559688210415,588.8472437473314,122.77324019852566,122.63787010695403
839.0080534821086,590.3672825503843,123.248814297753,124.47245426019711
843.2840060895481,587.3840191232864,124.372137401291,124.27852317927042
834.4510726428709,591.0675789152529,122.52129990897697,122.31175605551823
837.3918951876652,590.0796017269986,122.34208542057473,122.33583618418783
838.8792560800342,591.3664875665116,121.60821022427214,121.044209231532
836.8673598506244,592.8579928760921,123.04856786561471,117.4552073243402
841.3624791296655,590.6353051222519,119.0934226478143,117.2978821860848
841.9125623463559,591.7976422553364,118.6729946929533,116.92879092672311
843.046174066741,592.0394360926373,117.23045671655785,117.41703493746617
848.663327083484,589.8542017621071,115.01863870647372,120.4081123229937
853.9756140486514,591.1028329767793,114.4452184679574,119.16942905860444
848.5295730129054,587.9652005837614,114.27680420380779,119.90328733581397
848.7627082176043,591.1924917939216,114.4809231774486,118.75663469448574
848.8407155324246,594.3939530171733,115.3618916219369,114.95170074321507
850.693983093153,593.2569236049184,113.9756522502957,112.25492715465973
854.4040604080412,593.8879748438807,111.65854973798407,112.12724850269214
857.799326819733,593.1607225338793,110.26203720468587,111.12591613620822
861.8614668749694,588.8421897636798,109.0857357411247,112.44523345714927
862.7919586234766,592.1326914235499,110.59900078512717,111.82331145102805
863.7509035740972,590.2056730318584,113.75864606907632,111.81626597755914
854.486787586594,592.938081837287,112.90072109394032,112.29676392996063
858.7385398362345,590.9201616998289,110.6055648908111,112.9387376205234
858.7332363418951,595.6309389792868,113.07501716310165,112.19138443322953
860.180930742387,592.4174007841682,112.74404662811784,111.07394306978719
863.8181898432736,590.1473147478466,112.00678466685443,114.51646813510632
865.5097352500262,590.0787112813106,115.66339570054966,114.39111661380697
864.0736756046447,588.8610992495901,119.19501663668063,115.39228392469988
861.0942950009991,585.0464354826763,115.31448836409723,117.33267567956452
867.6996760599324,586.4776505608551,114.1648928443182,114.17211494966072
865.2164592368765,586.5599114091368,111.7222175033495,113.51939783735273
867.0123882348635,588.8347134043457,110.86245460158204,111.80407882081816
868.3419517726284,589.7429755365235,111.7040672086445,110.66779300958987
868.7039887203728,588.1189568382212,114.60570484754945,110.37031797610102
868.8904091138518,590.8532756513863,114.8203844701064,110.94456352390822
870.2036967089308,588.5410356875925,115.85140530276607,111.85675826986929
863.8819072220788,591.0388129718727,114.07561612325938,111.56574921486359
863.4559104599289,590.5105716142127,116.52384893556297,112.9825431944366
865.5668530531975,589.3647650544387,119.17448278480714,114.38921332860969
863.0584359573386,585.7890637419866,115.8941742720343,116.64473486105257
863.922329692707,585.4616530259764,117.91822212802671,117.0989819552909
865.6791876021205,583.9760532236796,118.4988057529867,118.59351738079695
871.3087465611128,582.3465675868172,120.2649892938287,118.87634776845707
866.7066116734935,586.4335348091141,117.68814413233423,119.37358158665288
868.5650573953728,579.4090190384853,117.82242270399456,119.15357930414272
867.3122725245398,583.1473137143026,118.20610450138955,117.03515544278615
867.0440231779039,585.7814070042116,117.6152927239605,115.2138572466339
864.7741591913675,586.389151323747,118.37291683530685,113.78019222944545
865.3361714945194,583.969320991133,115.7612545419043,115.01851074588146
873.3581015124814,580.0180275308097,110.055791227751,117.86810254124946
873.4556049717739,582.2886045347491,106.7596066799032,118.9079600376476
880.3201096621102,578.3357622198064,104.1366550732279,119.15914790487525
877.8639127924522,578.4803411039728,100.26690944727173,118.7761166013122
880.7925270595459,581.1864912237438,99.9482242928787,115.99889298069652
876.6064209509536,580.9970773868528,97.91510785879231,115.441640686221
881.193589061811,582.0736219469821,96.30943005124215,114.15821304628828
885.1244275231214,580.126500999065,95.72306083807194,113.32531955452373
879.7551426903256,581.0019354701633,93.46321887896848,112.82493911987463
882.7604582447148,581.2393926675978,92.10305409634768,113.17836470708582
883.4355797708095,581.6784061562707,94.12587482336616,111.41726323243194
879.3885124430341,584.9463733453911,97.19025738572397,108.66993992241362
874.2621418368526,586.6702580432725,100.35466208576854,107.68902015921492
875.1074388068374,587.8721825881694,99.53262614530772,107.87545615933612
873.4258416643626,589.9849086721988,101.04394516574555,107.16152269804152
873.9450692712098,587.8507618134413,101.75859674433806,107.70849935270883
875.1552516037422,585.7279802800663,102.30239032744795,109.14451487689092
876.518819512521,585.3438710327932,102.79185733000078,110.9207762559349
878.7479903691102,583.5045851368386,102.18763985556906,110.8299654886401
878.2657085504505,589.6657608275208,102.92299894621105,108.01371587204844
879.6254679941263,585.4259980874053,102.30506018088799,108.32915648588512
878.4015199326782,585.8721365566486,104.15145139072082,109.59724768538919
880.5439073201603,582.0401084746825,103.31283057972243,110.63855882653445
880.6796444126585,583.7984592369894,103.68173266907688,109.31001438584906
878.2490030616543,583.0924434156303,108.6898985357791,108.87093816736228
880.8611269248429,579.990730675172,108.88499345169731,110.45246481771876
875.553717128322,581.7990666948762,105.23136891130292,110.48341566217186
883.0372997583357,579.5705495834528,104.52812553356475,111.88134619509758
878.8230837802963,579.8444939390156,102.33925476977272,110.54728958594217
882.0837221802672,580.145667742715,103.13215458339846,110.49845314525213
882.8651357092297,582.0049924288788,101.19798041519897,110.28327396101099
885.4675801425598,579.7889366899194,103.19025578077661,110.26091952702507
884.6161296216533,584.1152885895422,102.63933865708995,110.4586058237427
883.0722663985074,577.5604144984093,100.21673624403243,112.76956896700437
890.3326157383575,577.3426094282793,99.46565605349335,112.13782248977142
883.3056604586619,582.4102361263151,99.68653046178136,109.40794561965288
886.7353658460407,578.1152067785023,99.1736954391957,110.72808295498774
889.8629263087973,580.078301168638,100.94125067526761,107.83027086138911
879.5598646500601,582.7259554936145,99.20931819807674,105.95137358468534
884.485467807483,577.235416474667,96.71292136271364,107.94601343080176
884.9498180477124,580.8267686665408,98.06811058885998,105.16687810232163
887.2833531364272,577.4537557430899,96.48375173417423,105.54498098732947
887.1272149820131,579.5202173162708,97.41782431450068,104.05146217782678
888.7656488556527,582.5400896911385,98.27125596570785,102.93852624847253
890.1959058439274,578.264551532904,98.22505684164858,104.1155567130399
884.3083888367236,580.8680941662914,95.88783047379479,102.89831853304759
888.6132788929059,579.9383375777965,94.91412703793159,101.99040143685211
887.0590993702209,582.4459261409755,97.17876490394755,101.13404804559562
888.3179609754293,581.1839252735169,96.91199779234896,100.36953541481384
892.4741787798923,580.46413738941,95.94775802668607,100.9101334958773
883.7461935097576,579.4908778234064,94.41093600302942,100.49037992342099
884.9639953272444,581.9470338349453,93.49218845119316,100.21564018391425
885.7608343601631,579.3784254586267,92.2519830911167,100.1020652691557
885.8814135728463,582.3086238350725,92.76051466416052,99.9962968463592
886.8352071609006,581.0645152915367,93.18348076688218,99.32868999346675
888.6057280117341,578.7074218236422,92.02728038981138,99.35579523547008
886.4761031900284,581.9149292668287,94.34973459927153,98.56508216400974
886.7318130850483,581.1436885661859,93.82117256832026,98.02074416211379
886.0695429753131,580.8145138966559,94.66902187813163,97.78092612210479
888.5124914275684,578.7040158612821,93.14264008704427,97.9157582056812
890.1281801771413,579.8847934592584,91.56133970887785,99.01840005674072
890.7044139361828,579.3815515178302,90.7963169195994,98.64014913579732
890.5417621724364,580.5122636605247,91.11430739059738,97.71939214121127
897.7049582466645,569.7950723506713,96.33117153107099,97.18623045713082
888.44084998162,580.2268641907926,93.928218363497,96.39320486439514
891.4537479951806,578.3944387931083,91.84730466577248,95.76064151927801
893.5274631821036,579.8469405923698,90.14898355503166,96.12177246153448
894.2484849108731,579.5767194913185,89.14281104751753,94.94631352532363
893.042032915756,580.0167748283458,89.24286782213935,94.16489185163044
892.9930261820202,581.223489614884,88.78032874495132,93.28507842672057
892.9660453500919,581.706396354605,88.0701806317378,92.84271582508316
895.0738275353242,572.0616004816976,86.60466994459914,96.40612754297244
894.7755866181122,577.8491235072183,87.34015637355846,96.07213566164182
895.3681226405936,580.4661354618772,87.52462679827963,95.53176653848224
895.6533784531607,575.9606750815078,87.60829492967093,96.47154490357082
896.1618511706416,579.3977879030753,87.31748281248086,96.31924424915243
896.5300513514276,568.5123579722385,88.13271425704683,98.49003598366495
897.0977637524101,573.2447350824168,89.09321746438336,97.31266809967717
897.9178489141048,577.1513113627952,90.15162480252437,95.64544575195046
891.836980571001,576.8800107719572,86.93361204013013,95.46856160426108
894.2864548842456,577.2567164643041,85.47294738094637,94.93204081704752
894.7229490525513,578.5003035708447,85.27568142964903,93.98671479912318
895.7083891525101,578.7410434116672,85.24555114619241,93.15882316170115
896.9920353094977,576.7339511645636,84.51090080413499,92.50729939820931
897.6484667674862,578.4401904135085,84.16489334237329,92.01983965245928
899.2043820920808,576.6486263689341,83.41012325893763,91.41702945787104
900.364556602854,577.2151467322954,83.2307401175666,90.75197565274698
908.2508454356321,565.8468160681084,88.43202867748802,91.40703603375057
898.7596052546515,575.9999135236237,88.35488344094554,90.51263466173543
902.7542243892182,564.3786664150094,94.58108894646219,91.0278086882133
901.842025303124,568.5166961297206,94.29138244688423,93.32463636526364
897.7745847348668,566.645129170793,96.52653400378516,94.07782933845023
901.0082949525803,564.921091891038,95.39263908325282,96.27526971068954
901.8598175748057,563.5114546975292,96.00201811094693,97.7643405500252
903.6743038838342,562.7373693119857,96.698588357895,99.06403972770516
903.2432695686256,562.5766616795311,101.33508377572983,99.01133922470171
895.4563562922905,565.780306960651,98.8116356732306,100.83898742730152
898.2555653668414,568.6827401680987,99.6084543796533,99.80423908030616
897.5194440316809,566.4150896700089,103.11998722050475,98.15654894170183
897.6511273703666,569.4441253773468,103.0889225559081,96.27069470345167
899.6893116036936,571.8710289230853,102.6120329011524,96.11798223608831
894.809355925733,567.0836802044009,96.83383245647093,97.59887422663184
904.3379410231266,564.3564919784799,100.68631834158703,97.04367218763774
904.3652872741746,564.2703944229853,104.09789452441854,98.75819766956835
896.7594318694764,568.3569430175105,102.87304909092984,98.74171328800398
900.440471058637,563.8341637313367,102.0770140570221,99.89862885048379
907.9950227535143,561.6879865784641,101.77143798001038,100.21324362414812
904.7831472120095,562.5266515175086,99.83463388172864,100.67577511952466
917.844866654786,559.176744260015,107.12032830556774,99.04972193589235
907.1511786839136,562.9609826492015,107.84237846430285,98.14993692326786
903.8659000316952,562.1863779378446,104.1916477231999,99.60897156388103
905.4729701349147,560.9796573100232,98.45401253986157,100.9009227485424
906.6187561192661,562.5053681409153,94.33617332623746,99.37010355614743
906.5152471912822,561.4042536980595,91.33788106052276,98.98305241320699
907.068325560872,558.7539392853641,87.29694214707533,100.49610721020414
909.3585710023016,562.9034239674712,88.77301438665427,97.36443558661949
908.6109856229612,563.0627083002173,87.35944699232634,97.94475100131362
918.2372620315521,560.7118799275821,92.81731710841369,95.84669868697057
908.7637989268071,564.7672568166887,93.6755848922079,94.80209021013978
907.5444648252268,564.082548969573,90.80393367905381,95.38004818677345
908.998375495135,566.4509734446893,90.45003826542943,94.26912236198669
917.2536017756436,562.9537112114693,96.89610210741841,92.69897882061
917.5018134664522,560.0510715230076,100.37726967412758,93.6204135015476
908.1383752230915,559.3948815301941,100.02883578388514,95.95382142910753
906.5073269929742,558.1147957261257,94.69159322652416,98.1960268143421
911.784886678642,557.3245859723297,94.05932586301796,99.47900681265297
909.563231842809,558.3359896875003,91.07036068638877,99.42242789748957
911.7040660761933,557.2474103840207,93.59582679219717,99.3792093645169
909.70129452058,558.6510860758513,90.90021914263123,98.63371195869081
915.0347051489349,558.4718969952801,91.42826311058948,99.55680634448419
916.4652797110859,557.6752263297161,94.91223263856514,98.52890141469535
915.3659625146793,556.3695432952429,98.41878066887861,97.74743344976594
917.523111713278,555.2600918175671,102.21646711756026,98.31033602961426
917.2885262793026,558.5880506451765,105.88032927377395,95.29833630418699
921.653775666721,554.8512217227899,108.82973774391019,96.06159225135907
924.2287592011326,548.6007504126516,112.25832311261178,97.19565224566534
916.2170858936852,555.2714784226998,112.37472767402906,97.79243758287106
920.7474005474043,555.8337003637489,113.51622450308793,96.24118748969511
910.44070483682,558.0040579192172,113.32483202654805,95.92441803129421
920.9622902180952,555.5325872436715,112.08834407136274,99.7586387966061
926.7021415392553,548.0315564463689,113.73710293384013,100.89708015238146
920.8091924484453,553.1259243213005,115.07376533849673,101.00562556623858
927.6296273961032,547.2886465003307,117.05629288727738,102.5394170007686
924.1795255081606,551.2052918327856,119.80750403511843,101.99666268199292
915.7916705617673,552.3508490159678,118.25439212333366,101.17465211202126
924.0074069841904,547.3600631539074,119.68391704779151,103.62170207019332
916.5561568614422,551.3521970407672,120.85139337678318,103.0168745332926
925.6306085898942,545.7466825645175,126.34139346621075,103.77063988275086
922.7026586698306,546.3428193234317,127.72429379547401,103.9088884696175
918.4325090487237,548.7480721010961,128.1974531079037,102.70048384769737
924.1612850385948,547.1086717205833,129.93627937702982,102.76841325888805
918.1272032640328,550.1758883309985,130.89776337327731,101.98251007849096
924.7439874530138,547.4999663330593,131.7365481239413,102.49036354272667
934.0993932917488,543.8300985514843,133.67645326972303,103.41408384541671
933.316077107646,542.8678690901088,136.0782111657797,103.65085476789494
930.1701846327493,542.6526258050777,135.91141935440166,103.22565396876644
929.0425333984266,543.8418510095977,134.9050712304773,102.73968697908956
928.9164525312486,547.0913227268303,132.85845462617888,104.04130444658695
928.7640485545516,548.307899233959,130.82152735889167,104.27493272948865
927.3624696703,547.6154860130925,126.93059859362317,104.76785070942248
935.4567468961018,547.3084142460718,131.00419115149947,100.9627769526314
928.6477146088737,551.6361979295682,129.6352182532788,101.25153587015382
938.7969042798526,542.8861023055101,131.3338699189174,101.82814179554966
932.6546662947129,547.250159737491,133.0319766772993,102.96940777919485
930.0959846784021,547.9006780518972,129.79242013515352,102.72809522411929
934.2508778302946,545.7752524704665,127.57055856517317,102.90677094701559
934.3141441368989,548.0233974998258,125.52172741865886,101.05707796075527
941.8393491054542,546.7253093229275,127.01197449668848,100.33941578254033
942.4635128044174,548.2444952493889,127.27562519682792,99.73072167762163
938.9821130146802,549.5541904014625,125.55424877831172,99.53685948818378
939.0270620286532,548.3740485267875,122.52072727902446,99.1488712628572
950.6102600786246,545.819129935009,124.46312222729192,98.43522041019371
950.016700364209,548.0132923346519,124.55481798872182,98.90276723969929
948.4755910787765,547.6662521832455,123.44846809761157,99.48736779929496
947.4349509612923,547.936007905966,120.71421436514265,101.33100645674263
948.3371659779248,546.0728390911339,120.0907189470374,100.62576420663194
950.793815303369,548.1001740774458,119.54296320957091,100.57779164997103
947.17643057129,547.785636014683,121.56864154477469,98.3058385876054
955.3458384201191,543.8885992588004,126.22776914878591,96.3653675426237
955.3488739642712,545.015896824823,126.86783468881379,97.99685815526304
952.6369257963207,548.5806377747347,131.50390154519346,96.34430872242493
949.476336937829,550.9892080536346,130.4528632583471,97.61154587796888
957.842376922271,544.73909663207,130.53519542461663,99.72457422848994
955.5452734699784,546.5628006774546,131.285166447557,100.26093236874866
957.3287043913045,548.9504953768565,130.28371644827666,101.96310864215408
962.1327337386282,543.9137644077202,128.72189642502894,103.92737231680293
965.2580932744553,545.2256194852946,126.94328808542765,106.51809848943333
968.071253082519,540.8746402950813,128.72566184284588,105.49789913376881
973.2840216626219,542.5432355268632,129.76494945489952,107.40452188059892
974.0498614128694,536.3851424636891,131.00112729622322,107.0605106217721
978.358931206732,536.7105090531127,136.50107718656488,106.61810888634716
975.5119019481011,539.8388280693389,137.51319836572824,108.03156076409286
981.4853912028227,536.4307692985147,138.6047811415673,109.64208369712856
975.053184125319,541.9442054636274,137.2208606636503,113.73892883393262
981.3130152584621,537.0230068452555,141.2927689806226,113.96693346115299
977.9959178570139,536.4142763593741,141.67316233209337,115.19499832679054
984.5529338775319,536.7150400427539,144.88834434660635,115.19063099633898
980.5534634146835,536.4577473021195,146.58258544251999,116.04572765526763
978.7881949591414,537.6535984685305,146.82984844996435,116.22615500761836
978.5321956575114,534.3521991250132,147.16524194341105,116.59521690546985
992.7796905872392,532.2571582394095,150.6616389656487,119.14064025081379
991.9700283410981,534.1054047414475,156.36400284305705,122.95017824246929
989.0653061118926,530.528472014001,158.80206385486875,125.3027036134298
992.045230334678,531.5592522512183,161.88599435507533,127.72889775048192
993.5009546077615,529.2377272106928,163.16008712160865,131.63673264889712
996.9222776096638,522.3448940633641,163.00413464876286,136.74354856975862
991.2874716475443,520.5435718733505,165.94820739429787,139.63629044618435
995.5229265487476,518.9103098166433,166.4825863703376,142.76297624079265
989.2182946313111,518.9647798385374,168.54716878145126,146.58894230143767
990.9754331346595,519.5978274975048,168.6866909682783,150.56870618545395
988.9917286488878,517.5895291337229,168.3980321685391,153.31932198793794
989.0639522248832,517.075386783039,167.87724988084943,155.6217071394792
987.5922572377582,512.629507514149,167.24308901425792,159.49042080949425
987.9130117877162,512.7042191091394,167.01135802770466,162.2627017308974
987.1975354213755,509.78568244127973,166.62929914055266,164.32676451716037
981.9878829304868,505.1910003695911,166.67436959851852,167.1946347131376
983.7983096971203,502.9104344866642,165.56357335343483,170.9280912477512
982.0411230083655,500.09571388208707,165.34856060451926,172.2924516656234
983.6429321612273,500.37271898693064,164.22961950324014,174.56431231972465
982.6923131349124,496.1586562677215,163.99903330351665,175.25712471475399
982.212726966888,493.789534394487,163.41447056784347,177.1127549292927
980.7875043659632,491.62911883112645,162.87806363095265,179.53624160447367
1069.8199336790792,317.58379309837034,191.13462117175297,162.42063014730584
1060.1936616246055,313.057559726846,192.66814245502115,161.68812277978392
1073.279954641652,320.62901738500614,195.53443123137703,160.49468814436457
1072.702554336056,325.8028045590768,198.52892072425075,159.46259620391868
1063.0335906090895,317.4325827585519,201.50826174551136,158.09558921677007
1053.7725591872322,322.25499983414306,208.2410849054529,156.1704452152723
1070.5630950417199,330.0884484900108,211.5503128629125,155.46555881951798
1054.3740059005436,321.90044310726444,217.10998866209854,153.1619472321745
1058.0690269218037,328.64239478376555,226.86818698489924,151.7276358596937
1050.773088838694,328.6829774988747,228.11267761640087,151.43842479414042
1043.0350166524659,323.2414245356049,230.8363606089235,150.634805676354
1050.1880145639104,330.8846532458459,234.6474157094982,150.53054235404178
1029.227306245955,326.8622007226069,236.16774329044813,150.43423488355137
1052.564818109426,332.4571006219271,238.214801807621,151.18218436287978
1031.4935136917074,328.78888428870687,239.70155204161293,151.00436987563552
1036.4782071242062,323.5943287213581,243.72628080666314,149.89643570953504
1061.1099533367658,336.0312360779443,247.04873315683034,150.47855262078977
1039.189373295694,330.4046081182763,256.13576540290785,150.73262720953625
1026.0417696952218,331.9978332994901,262.4914995792245,150.91382727058848
1032.9704902835115,329.8421965490542,270.6897263571808,150.1837597147082
1034.1932440875682,332.5166438448212,280.32826364922994,151.66752383089639
1079.9568750647336,349.8292722148632,283.9744244191953,154.14065647824762
1059.3984439660555,339.6978699129164,285.6551250207954,154.57350856207833
1027.5701126144534,332.26326398004596,289.50715453391797,156.64142549453624
1073.5416793046961,342.6636946080543,295.6943976963946,158.80666800198992
1068.0407451908122,338.7741782122988,299.5972326591143,159.3488312634505
1069.108135619404,340.58519826216366,301.8467769276786,160.6360974706868
1074.171575576519,341.6709361962212,303.83270685327875,161.93681535616975
1075.554676501499,346.65865982611746,311.9912189452483,165.11281156680673
1071.7692897661607,346.5326286532786,317.31120754296745,166.23039538389804
1063.0764559135685,347.04405405441634,324.4891341399067,167.56224301264535
1058.4445126108835,348.6000793511422,326.33749853575864,171.10676163413342
1065.8494806846861,346.3419164681368,329.31749817721317,172.96295194826843
1035.711541220588,334.81399933212106,332.19156722436134,178.19401234485264
1039.689486715769,337.8594060674393,338.6475020953907,183.98921988600873
1098.901976745924,362.9428617957459,341.20195540656835,183.4303717313603
1034.583468206717,338.1895819261476,343.4160776432991,188.05605561007803
1037.2711566369612,337.0301672540875,343.9497690474972,189.1247202799221
1042.8598292108493,345.43127610509487,344.94924309724945,191.34845087762451
1046.2380147618924,332.9176995963162,347.4508977588939,191.89945665024578
1054.1751303193905,342.6111430689792,349.1666371898173,192.30698162980147
1020.8410312303814,336.4127280330421,349.96247844902774,193.85340888604964
1028.0933106568932,340.964564447356,350.5145248181017,195.15208748728224
1029.0124126749167,340.8417386041785,351.4871278016555,196.3349641613772
1046.5338563136536,342.88150448675697,352.9908021481475,196.34799671125316
1015.0941450814386,342.6329517268676,354.68482599494496,198.40900563836433
1048.9074541378932,353.1557892244981,357.6765992974792,199.73562510548925
1048.4258746027112,347.7473809667156,361.2652456879708,201.36301225019534
1072.6104502453663,369.9754635104028,364.38916106928434,201.39866962668904
1051.9010173208533,358.3384304386302,371.0884364197107,200.4033583912923
1052.7222143546708,356.2948240712822,374.3991378863902,200.89110501052343
1046.0733231342003,349.3616925020701,379.55952592448574,202.62523468799685
1043.4837797571179,355.03033090625183,380.5152327854038,203.1145951643027
1046.5244927245244,353.94597597168433,384.448996651181,204.58950377188927
1051.9414207918408,354.6646293916808,385.8706927102705,204.72503741398918
1048.4663383335364,362.9154214369399,390.38527554297485,207.31340752670596
1017.1229281428308,363.6195609980009,391.7239329826486,211.90461775133357
1016.8612718557567,362.6662422074804,391.8100307195035,213.30722834502907
1014.1320843575811,357.8820433074832,392.57339656751253,214.8748517180239
1030.3141158896328,364.79489687289697,394.0834286194048,216.05900930879497
1030.2764817976233,366.5121574268685,396.34205784316134,218.39722386236798
1048.244662445591,370.130815116508,397.4899992332455,219.23386011750472
1024.1447551720855,369.6482449588702,399.6570645066956,221.94711965962324
1062.6832988783297,379.6671691702576,399.93655211320043,222.00770024891705
1049.9839335775125,404.05350717872426,401.1000719951758,222.14315028191083
1021.0722821315655,371.13549048393656,401.66438954659486,222.9983532127781
1004.0228776768552,358.0813614624028,401.5902666871608,224.8527266473778
1022.2377849399287,362.73644365127257,402.06263631536905,225.32728339727595
1033.4927330419084,370.7931714847192,402.81052838231375,225.60000521990045
1012.0988795619105,348.7360014291584,402.8028304464401,228.205558165106
996.3199819493861,358.3528636732334,403.40195829109814,231.9515044857406
1012.9915464345634,370.8725380209365,404.04651763479035,232.26628129934565
1033.5553428429196,398.2922593974965,404.88883040792945,232.36311055170162
1045.602932451673,393.6340249550004,405.1427996103762,232.36819970823595
1037.3566590728683,396.91385835678483,405.24179185528396,232.36710063586392
1039.795342374516,390.21399964605956,405.3766274820567,232.370917428985
1026.1173044018403,407.2375378766348,407.0719985550686,232.45052928724397
1032.5355148050407,396.68009315394914,407.2135591249786,232.46830652524395
1000.9077052913178,360.75657493353407,409.184078353212,233.70705599879992
1016.6112649510524,371.1034340135328,410.0558565072225,234.2997736121928
1025.3353742964612,379.3214807660829,410.24318771942427,234.32515964003832
1037.93342012326,383.7128160436695,410.35064814211705,234.34272640742006
1033.5670754609923,403.76369625934535,411.53985669341057,234.53813168879245
1027.397792943421,395.2568315425961,412.09597791267214,234.77226167192012
1024.7977357058742,397.37335865259547,412.21112189605486,234.777500842104
1031.89833318428,392.4743944074598,412.43004005076557,234.81149185028085
1030.1025488785415,394.7487286217677,412.5711040638157,234.8151347083702
1018.9874749221356,398.4200779333877,412.66875912608924,234.822502248441
1030.4317476703397,394.83206408726403,412.8988656849136,234.84566652778858
1014.2999195744317,410.32803718376465,413.95691733989804,234.91853581203395
1029.8086197426933,402.266171790405,414.0486654893691,234.93178852693703
1017.4192518144708,407.5536042944548,414.9593084915834,235.04303872209238
1021.5788130938988,397.4714367800288,415.07170984491904,235.04624205487008
1006.010608704338,406.5444886779635,416.48643123350354,235.02314078070665
1015.9327452229946,390.5673938766873,417.52990221329696,235.40108750339024
1014.9343095244978,398.53394996253684,417.55098135541937,235.40100232439102
1010.3022054269178,399.17217207555035,417.6027467336819,235.40557618486886
1012.4347121733233,397.2159170032413,417.6826847794828,235.42399154065265
1012.5218230287842,406.8373098679853,420.2796395570549,235.7677224093562
1015.2515917349464,394.77362638091296,420.3282852607734,235.78495551350133
1004.4471072461868,396.16211886190683,420.4113447553536,235.78785622837316
1003.5300567581772,409.21834843653494,422.0954007366115,235.90281919009357
1015.3730506770489,401.273739667836,422.2786544370848,235.92260523732259
995.0564096169612,392.15359202313135,423.71082929497663,238.06654454245913
993.3625396496134,402.9013064857633,424.36778958070187,238.340211974116
1007.90716541734,392.7441837538511,424.419720688439,238.35793356761275
1006.4294668416272,392.89104124857596,424.4303906547687,238.35981086737425
1007.7933296164464,398.2717874259619,424.44846266841273,238.3654256815877
1009.2021873801241,400.174769478732,424.48198100140377,238.37697801213804
1001.1342016950753,400.5877361227928,424.525358525521,238.3905282093468
1008.6541791864354,399.9511097002057,424.59201899683273,238.42100998826996
1006.0000242789718,399.86302859712487,424.61179610507946,238.42781721380908
1001.002008050412,396.6784260919465,424.62542810041094,238.43447359275623
1003.4326598067677,395.1160928893558,424.68781097159007,238.45176447293298
1002.2186695681352,410.97421819884903,425.3167892265917,238.73307607189233
1005.7522917193412,399.56131856886725,425.33560691544824,238.7387816356502
998.4659170228472,399.21515921833145,425.45050410349216,238.779750279628
997.5243966744043,398.90882249723956,425.52852713075043,238.81221336799047
988.0614837257156,410.87018293982055,427.4860863623054,239.4075450675621
993.4806862701911,396.9563382898796,427.7919120952154,239.67690648034446
973.3724244690022,389.4140387302141,428.14447657060873,241.48408865380412
961.5920575187306,406.7961434288129,428.2772807017991,244.93490460435802
982.2460573699125,388.65739987493185,428.6363006297484,245.20686401047612
972.60003319825,398.6294874483989,429.2767252222562,246.11448351280296
982.9137642838795,383.7228307044694,429.43050310974536,246.44507619708918
984.4912783706282,397.5150038088375,429.7979081523655,246.78749854681266
977.320554577587,408.4141753623273,429.7236672682948,249.4908079815824
979.1633942903402,386.45582444581515,430.06623113774236,249.83257150447218
973.9512174641727,399.16849083925507,430.4343342499301,256.1865494577488
972.2062264936932,410.84250987169105,431.5107207327431,259.16436064478216
964.951000168271,394.5618707174685,431.45938399484993,260.6591654119294
984.0389561108441,404.81058387663575,431.9792766357372,261.48546626421677
973.0681966708655,389.1250868706046,432.48731432331,262.9325603758712
969.474288075072,408.1723355298206,432.07471433975496,265.1905428133083
967.9589311974224,393.8129937310872,432.442604425956,268.4700302524553
971.4908072845147,376.2907999032569,432.8537828674605,271.2366249141718
963.1668051262565,390.71270797336047,432.46260215477713,275.3074690640021
965.5699044746985,368.93635585312074,432.0353839428746,279.21359376263933
966.9003169274198,384.7207696093942,432.93967264617567,285.61184132663243
971.9760380395853,400.78267004678014,433.2953359873569,288.4584171364625
965.9861992497953,376.27153925187247,434.1733292742054,291.21859550752157
967.5006244372818,393.04922291334833,434.54100737564187,293.846377873816
969.9200024349054,374.2829895235522,433.04362641573414,300.20468727840137
967.1558662514478,362.0802341460975,433.31977442427524,301.1272573724256
966.5632258677124,371.88448453533795,432.7025494900481,308.86703486841424
964.7857237772294,386.3801320898456,433.5983180816402,310.9370200481689
968.8364766369389,367.87910339579014,433.91494808266003,313.6787884111486
969.3060186291218,384.99718139270806,434.46783035591574,315.37516594065914
966.0185681379585,363.938418040609,434.65867001583,316.0773902899861
964.2628566231557,382.18514846916645,435.72422045680355,320.9023053808993
965.7906941315055,367.99477624834526,438.21031188470045,321.68878161259823
960.4149693000161,377.78698075730216,438.1363087051254,323.3995609984828
961.0309736140423,364.11640785934003,437.9613945243237,324.2519431263179
962.2003671394996,381.63847851216815,438.37244168025154,325.1309072306844
961.9589914862158,366.6562610406111,439.59566115569714,325.4705776882955
957.0546447617014,360.3234341544522,439.51121488735737,326.00772359224754
958.6174620003851,381.65964137578254,439.8179713507475,326.91481438691665
956.281965626176,366.7352553891825,438.3722619279063,327.6190908070189
958.0638405054211,359.5847243593429,437.7565100410081,330.9876049352813
955.9141000799527,345.2782434609592,435.9102956504067,333.44679791938626
956.2785389210732,377.71921224225264,435.436345838649,334.32869948727154
954.8447069298992,359.1680241497877,434.1365576347109,335.4949794141919
953.1176805832858,383.890633904949,433.8716971386297,335.8460587238692
952.9685514183399,373.7120302444681,433.41034346186166,336.4989693548494
951.963042694422,363.11187752544174,430.36690701421696,337.60770631281866
956.1133104305821,354.2062506113031,428.39519403152076,336.9696439430446
953.8871629640272,382.34934003262606,427.6227089217125,337.36409130539727
955.4707376719464,365.1858967480023,426.6333505418533,336.90511108258914
956.7025543529828,356.93992467037896,424.4340830816035,338.23465080629956
960.07565040295,352.6824981325375,421.39579899564035,343.58002908647524
961.5806111147995,346.7977194003049,420.2855906401856,344.2663933062849
964.3111138650812,343.9199966346242,419.90718564275016,345.7924968526115
966.5908340818451,375.3481375966629,418.4273279210465,349.727938552536
966.0727707238453,368.58886912602907,416.53937913177765,355.5374181958855
960.5207272582206,361.5304075864331,412.7288310148025,356.8549154582753
957.0997697669144,354.6649886295444,410.45089707730426,358.5951985367041
954.9668825371023,345.70741684729603,408.65052696996963,358.7665315999305
957.4796850839907,349.05793258501944,407.6114264134968,363.2039483915076
957.5257551558653,342.91997858541686,407.4223618646213,363.5586174274738
959.1698402472807,383.9301107947517,406.97574850843114,364.7846506918538
959.3467218480266,364.4265979413573,407.2681327287605,363.87828534777077
959.3089608659233,353.3559047936018,407.8978396050831,360.9080332318819
956.3473818880047,345.39403817974073,406.42214146183744,361.1200024286398
960.0453363612337,343.2137114770758,406.5076656228461,362.1331725300309
956.0359071912162,354.87112799164765,405.380052982356,364.1019409929183
951.8896799931574,354.86572156081917,404.41165041045275,364.68156611758343
950.0978676624735,348.6471148941963,403.0427740734087,365.2784237363226
976.8625579645275,357.0494398416093,402.9209318912548,365.5166250989204
963.5929103707977,366.069915967557,401.7561516932669,368.1624746711657
961.0308942782887,352.9508211465345,400.9144394691919,367.4185651822807
956.0735615035933,354.81815640044704,399.9713097448831,367.8065532971238
954.5517180372365,355.520620801335,399.13594195796475,367.90290213700285
979.8719871557053,369.333327246075,398.8836066581143,369.6629898404865
962.1057561194169,360.39137837669784,398.7216328216421,368.9459132348732
955.2620500629367,356.8000252835195,397.3050933568732,369.6988011177862
972.9012195166541,367.3105965753482,397.3033753710581,370.29045464886644
958.3188660465624,361.9427988478649,395.8782488476198,372.50421678626503
953.0512890610214,358.5214052287541,395.2180415401982,370.2882705897422
948.490815059389,353.7728853787564,394.1938309004332,370.57947263256983
942.365297827122,350.1377489073261,392.8908237681288,371.7134379860236
941.2827288909361,359.39364639488747,392.2198822768515,372.370255627802
966.1406072021869,355.688280699233,391.94225476426396,372.3110116431492
952.4957699426055,368.0020972599137,391.31586000985243,373.899591434067
967.6297904959602,374.668841687038,391.0608998312317,374.2061837593426
950.3411515732093,387.8119217393949,390.0124202828515,376.5700407639205
942.3526384425921,366.08557497520326,388.40297292422684,379.9690289513043
957.3681745369287,380.0623127601375,386.97865463979014,382.17870143674276
945.4662388905538,349.93951977088034,385.73479271873066,384.8504771031292
959.5366891318037,368.892384828094,385.4157054526738,385.9193249848767
942.351643302723,383.97824326559544,384.4523247212309,387.7768241651304
933.6457698681857,353.65114459609606,383.4519247638064,389.31522286052996
923.9211876067806,365.0975427372325,382.0821781276066,390.0578473767589
945.1146595156223,384.79988624528926,381.4592243341896,391.9981091968355
935.2223503945997,360.9797402430854,380.76474249979725,393.37886960450527
926.5364920289642,349.3733792812001,379.608967909639,395.57272326722926
945.6998096235355,362.87055736748596,379.0436488946013,396.94211615849855
933.2139064080643,345.5507510372555,378.2977675580405,398.3794130193339
947.7794204570295,366.54195905108827,377.9734590245232,399.402147832612
959.5172619806465,366.5572683469046,377.9147347282292,399.4785555679132
