431.5,255.5,206,145
429.0823221783524,250.92995711343093,203.99006345214877,152.24274787401916
428.1010735236122,246.01069178887988,205.33645066266564,157.95441765471918
426.6771524577057,245.5753162922746,206.82761855640138,162.17601529094355
424.62375898235274,243.9509724734105,207.9735381331203,164.64147691597486
424.5790008347974,245.84081679839215,211.2349408538958,162.90750702026048
424.41980279637914,244.74051160463358,210.79032583596648,164.01329848402415
424.7568762982744,242.97384428451812,213.2109973945108,165.00989134813028
423.66829525189803,242.50139636213328,214.8887186950962,162.93206612504127
424.73196410394354,242.65667463228368,215.54855551016695,164.68907999936573
424.02656686835155,240.11573228112496,216.6008095253235,165.07491432900738
425.8743416629818,240.0111188838407,218.1264970061688,164.15213837532704
424.8478245274267,243.22482416459522,217.35863139520637,166.34910427332983
422.2292771500743,241.92207233666713,218.53408702068816,167.13831965656533
422.41879935700905,245.05419748004556,219.67890591823206,165.3099082428074
424.72161687777395,244.29167815668254,216.71960936145246,165.32298007764263
422.4565491007026,245.4542727844722,218.21428680740829,162.56798541523733
421.97554356810406,243.9682023838264,219.77944186375197,159.93020268015133
425.84907111132617,247.05550656495706,222.033770067383,160.46130442216997
421.4790882658362,246.18330883832897,222.5278301063835,158.83239409569805
423.9621145788002,245.215576474483,221.57559817781453,159.8244688440266
421.63166761182197,243.5776317458883,220.4410966180817,161.65040183246606
425.5589865902389,244.86714033722376,223.87446532138216,163.56697081393804
421.87847125482654,248.79968918826853,226.14476616043999,161.62656280773
423.2180460491071,247.35311171709105,224.22866781767522,161.96908489891973
422.50909782941926,244.2103284081954,226.40875072795603,161.99519844861192
423.8712125122539,243.06634676627792,225.694256305765,163.6396107965715
424.1178866419691,246.60367585967717,224.58180469101262,163.46034460481923
423.5507021548634,246.117112297336,226.11330197274765,164.02787867939398
423.2474872236943,247.18724528117878,225.64076910025204,163.8541074249522
423.75181449772253,245.292004221615,226.61743881800953,164.7302215029631
424.7518024882525,246.7078434983742,225.82924338966734,163.45229870557637
424.25276738272606,247.8367986517302,225.1865798536418,161.79723905074835
422.75740459674716,242.59042201741715,224.6004825664766,165.34887511515254
426.5494614636523,247.21972473486872,228.65367926710837,162.1160119967314
426.4523018154072,247.01975069360572,228.89206505293228,161.97016947662576
426.25345204687505,246.6234550534174,229.84180336173262,161.9264619053548
427.55090016032256,248.74358492202845,230.4743646258277,161.23677000128237
425.5539454480368,246.22707989680228,232.30179030145578,160.70073300176608
427.57561278129515,247.8984250333266,232.98423763040665,159.2805421691194
428.062607558618,248.52619129979956,234.79803402474968,157.85535371256853
427.5563649590672,248.47421699185517,234.52448991455952,156.29077534074776
426.1151959036231,247.4237592897682,234.2893521833568,156.62881041237836
429.6952519197616,249.51438185107426,234.8986816261944,156.06592156763685
428.00258683963796,249.80204255631622,231.8138759487111,157.64315664874766
429.5462773568912,249.01643922609705,235.48211972150415,159.30873405423648
428.4983820220609,249.56838482675843,232.0695847303287,158.86839657687182
427.62572512821674,248.87623340073498,232.09333698829903,159.55264099695023
428.23381690515293,248.01128361946618,234.16469277858317,160.72862402560423
426.49130928272285,246.30216224068096,233.1606371754157,161.82646379784856
427.37558668691406,247.91494011848349,235.18843649718175,161.49257133121733
423.58948429000395,246.64703248674752,233.14315328738823,164.27618129357705
425.6572301581125,247.97033631454792,236.51950057041108,164.91042790856136
422.40406305216436,247.1428348060326,233.51922996260078,167.58547978200812
426.7436890871188,249.57555700218015,236.59962746283009,166.6472289720744
423.8751346690272,247.05640281558618,233.59022078090186,167.5444363323851
425.3204221940242,249.09368795538794,237.62525906613132,166.49166771936262
423.3249747199025,249.19183699186746,236.33096394346842,167.16456851952825
424.5786944800102,248.778691276671,238.50849346971268,166.5088294267703
422.94835736600095,248.4928973977875,239.31981547716885,165.87631633086798
420.7370304487739,250.83692581063008,239.61124475159824,164.97694458405056
422.1338913461184,251.23525888063372,240.50711942419937,164.73600194140164
420.85678324448975,251.70300279342243,239.25906878259505,166.25787199244115
424.21120353866286,249.91655832399402,240.6306210111079,165.48622644474847
420.6865139549766,247.44422134897547,238.8266645555732,166.5423825388243
421.3329526453481,248.57603328810535,237.51623857723098,165.8583507408032
423.07725843513816,250.9711822638771,237.97845177513443,165.0457173925845
420.75451481066904,249.93760511928275,237.93152431691843,164.40830045806084
423.23240230657166,250.95097738584803,237.68114013128644,163.88998128953438
421.1586412205289,249.50385906240558,236.73472700207753,164.25542888475422
422.0769536927802,247.00185314069776,234.81053675578363,167.83452535833766
422.8709741389457,247.65152355962334,234.06706374002965,168.5248273467854
422.6125558238688,245.62141606552802,235.85709216271113,169.12589146736306
424.62274204683666,247.8747760201819,234.07783484969482,166.42894631226577
420.32078454156874,248.25412000466036,234.80287361899906,166.19738833557736
420.23010850072563,246.69323271752006,233.78210469831845,166.67131892224475
420.12803872779557,247.75948763638505,232.71560852076533,165.44084190549273
418.87506165346497,246.2985742216,232.40774034375755,164.11521808550413
422.8281769473566,252.27433073565174,234.86900209616743,158.78221236864033
422.9270368138327,250.71644440440505,232.70071116866745,160.47279534417447
423.3818524868778,251.61103717996585,229.16707522974266,159.491239159494
425.84462921708973,250.52670285272916,227.22645046240217,160.24159549526973
424.9346878333272,249.43653413062836,224.3943209477389,160.91848591337288
428.0565397469305,253.08783690530709,226.9383979570827,158.3801950495208
425.132759842359,251.31970897471365,223.82096080039616,160.3310797023175
427.64636925725915,251.28629624319714,226.80207595690916,158.18233421001622
427.0777820539512,252.14502183358218,225.80252199611775,158.57004698123458
422.9053446264508,251.47544898320842,228.05702942235425,157.7901451949672
426.4416587707998,252.66891002446397,228.78136984118532,157.24982925200345
423.2810171597583,251.78317653243136,227.5244189758754,159.18077201559754
427.4418202926017,252.27685972292142,230.12213393622767,160.60809754588445
424.910647865333,251.8584656134056,229.21416566107,162.47947686363216
423.8576067229355,251.25448704560642,229.12166415719472,163.39363811220426
426.8831358813469,250.035690469087,224.45431826185518,164.03473838515913
424.9445151697675,249.08928399287436,224.524557425896,163.21042372403062
426.2159874304964,251.52846575765994,226.4171862665703,161.78702412618793
426.74556534354514,250.08873126752286,228.2901552496409,160.7327172133629
424.212743071254,252.936301693324,225.50435678198653,162.28992410349764
429.61654091720675,252.83729334269367,229.5933498943373,159.99224698313526
428.1196724666633,255.04514831857955,230.69703346584868,158.16259791906293
426.977442359776,255.98358994388778,226.58156264590576,159.51344504519483
427.0194681054597,254.89494459483157,228.65758639271974,160.92227920900478
428.23177059214083,255.5122940357087,231.08797009513188,162.3639506997024
425.47922153223465,254.6021491449332,233.31151054217213,160.98432823933774
427.99506613370875,254.39549950510917,233.58801113837194,160.93998509606203
427.48782637687464,254.10429605885577,231.3630096758597,160.1784197968883
425.51381044164776,255.16269569546853,229.5555498013208,160.77755881481184
428.11956640439956,254.7305264092065,229.6111478512545,161.7201222554401
427.99427449465145,255.64879489139307,230.72372426001175,162.42327301109452
428.9989849614703,255.7498797913948,232.7592985171617,162.2502375384738
424.9246558443314,255.51708201575406,235.35214999713017,161.0047941722961
423.09217556338973,255.85086186437158,235.40124389438063,162.76257897831118
424.9563947551518,253.97230697356753,234.89140026938958,162.10116560297294
426.48750115930886,256.4782492914357,232.6562760436466,163.25543925549755
424.8810737726698,256.62651416152255,236.41145121440593,161.88793926948102
426.2846557230802,255.97007549651985,238.79577966140334,161.60535296532754
428.1726337825635,257.0494064755158,237.4482043011983,161.08862345886567
424.6417712363436,255.15542361256416,238.56268876230422,161.61323651575242
420.4624770326161,258.31552974798666,237.19440399262157,160.16575118572382
425.5795888442948,256.7498306340067,236.00590281103058,161.6717338190885
426.6145221134076,256.2156139257022,237.76813147483017,161.8236818529755
427.50247410043926,256.70902504917274,236.18741359175436,162.23230992101793
427.9503230828931,257.11519070031306,235.66306761491472,162.93201214512527
425.29814092197887,256.2861080534725,236.94108911010636,162.49196167203633
426.16695050666453,257.5346414496536,237.32833260873002,160.0256427279723
426.7595320754984,258.447707787821,238.3119618453876,159.602042034839
424.86837680182373,258.34738438332903,238.03419948766555,159.52410652897356
425.7016295574973,259.95034262218667,235.88430142104966,159.97061479043603
424.1573903179789,260.229722826252,238.9421969619233,159.49531242737413
425.530648634708,259.86310268039836,238.88411918785624,161.3490819083292
425.9265600555945,258.4739126048779,241.397594541931,161.51336162518515
427.29619399580764,259.56091682329236,238.8255986060152,161.01490866966896
427.5533548376078,258.2249702077483,236.98971572179906,162.38039114669016
429.0603263270453,259.70930623736524,239.15386924182562,160.41021343992418
425.098343657145,259.79665328272006,240.817518519225,158.09809383087196
425.68283115850073,260.8813401842983,238.95666454070795,159.1694916379177
429.5518882742098,261.1071154594187,240.6439492137602,160.0289636954118
426.0949392551219,259.0027142652884,241.03779022199444,160.0860013474595
424.18621010739855,259.18119750556855,240.87510329381644,160.47311921476177
423.15511815158015,258.37795657511646,241.81355518402376,159.6951040024843
425.48917304715997,259.8722906953637,241.18568418310343,160.60274193009718
425.51451926201435,261.85011179674956,241.73453515575645,162.13926191334156
425.16133879175703,259.97218540794734,243.65024393716465,162.72594417085267
428.4476423528879,261.99730363334453,242.87790588772643,162.88276381655396
420.8540242193033,259.3585647961412,240.98347883402005,164.64786105310097
428.7375491560451,260.7664382179588,242.67810307847358,163.3857524351468
426.95621667426116,260.41523688646646,238.74656529358148,163.5351723413864
427.53336822003325,260.1880526059683,240.0191586129822,163.42734739531937
425.47876798793675,260.3232278008216,240.27846633428186,163.40607414731403
429.3388096050462,261.3257669591564,242.00532602758727,163.59718328903753
422.47439220545255,260.00392696540473,242.85082009652658,162.62601991713467
430.57599094503263,262.9350970252744,244.5632526856367,162.4949953460946
419.76421901606886,260.93263332120483,243.92680706118972,162.92221569270927
425.0435484114117,263.2671594291983,242.86505905791898,162.63734736942268
421.2325207812361,261.68938368751003,245.6573578987461,163.4408342381731
427.3760768898165,264.5109973470587,246.4717570620927,162.78654903571535
419.41238373400415,263.0376459355458,245.54398506249407,165.528651239971
423.5678302579641,261.0124574196693,244.79765070605973,166.16855782374478
425.3087308203302,262.4400677245966,246.12075731534583,165.9271066071546
420.08549457515096,261.9190178237877,247.94418151689337,164.8902959425834
424.8954310022181,262.58065676753176,247.62713452064474,164.6727213244909
422.3130046442684,263.2737542544786,248.49008674392712,164.60149907020337
421.77579390432675,262.03904984532585,245.2964696892943,166.28646551117325
424.8386335924316,263.75252121562175,246.85720796320038,163.66031176844774
420.9774677342851,262.4979049561811,246.55680204829093,164.39037751805665
425.1888971965285,262.9286494837454,247.99937827431933,163.65166324074795
421.8854144464783,262.23043843057906,249.44381754357374,165.3265442838284
423.8397168616976,262.43782326160783,248.18521164695846,166.7966340657636
421.41619662499875,261.81354765987027,248.38781087444067,165.89737510093767
425.1633912735753,261.45656923931796,246.09851551008217,168.24133040888591
423.1940806446395,261.77391048729925,248.98089885979022,167.673717520845
422.61789191034626,263.180069853548,248.6198411783813,166.38806773046406
423.97008884740103,263.08081339481777,247.68707317344476,167.64616484505257
425.71008681536057,263.9602682488032,246.8189463007988,167.47497564792752
422.569112010382,260.6354693289892,246.46839966334056,166.76070803080592
424.1292218962608,262.88842057186025,245.96129872659236,165.42924797805944
423.47656808374654,262.0190964254997,246.2939277097082,166.72272931335073
425.7070268499799,261.9694449575982,246.299447586337,167.4728379577066
418.84688462106766,262.07104283145986,248.93857512995723,166.831786149248
422.79602281273856,266.9306319315828,252.09408950932246,163.17369770105597
420.71664259685144,264.31484427765963,249.91271770801,166.04144124918196
421.3531054576682,263.0469133161895,248.9877796645098,166.18562282946118
424.5343553378681,263.0848307981137,249.35172401661458,167.7492227460683
426.52308604912815,263.3601483537359,248.43415002368704,168.50681880796375
427.5826090680839,265.1762039340339,248.0200274412787,164.72819487831316
425.49091392648097,264.8004851969149,247.90129966930527,165.82864775294883
427.1013645158746,266.38792548976073,246.37618667687155,166.32336653786274
424.1488450734174,265.5705320041346,247.20772035711664,166.7863946042985
426.39235225909465,266.7208058438166,248.16196399047334,166.34665443892146
428.78035609781045,267.1643514120831,247.73873174236218,167.3332617798426
423.1935918005286,263.695294947174,249.56037251618463,166.2360580364278
425.9831476724057,267.4450847307378,250.73892144901168,165.78250662752197
423.58430092648666,266.9371747449136,251.48797812828406,165.79222539759826
425.91331483278543,267.82579580616425,251.67916826302866,164.8634960518096
424.1754452230964,267.08827021740535,251.89420831773322,164.13499729772388
426.0603334395715,269.79342557385235,249.84126087493783,163.3227507295628
426.9522617468521,268.19521849674265,249.43200577755002,163.9598248579777
428.6922886793324,269.4955496335027,246.49484347989335,165.5585598347609
428.39126381431015,267.876460160335,245.73864745660674,166.5682471361145
426.64457864397605,267.50704167177014,244.9147820082532,167.14019785604017
427.3026956007311,266.70875113499926,244.65768011208,168.28928126673128
428.43791358641727,267.92039936466654,245.81382766819496,167.8779867584063
428.33459492525327,267.77624892775646,247.99890319032977,166.71027473878843
429.4401571048767,269.40128140485393,247.88292334069905,166.79204975925336
427.890524973406,267.21365795583773,247.07611417282612,167.2659212742334
428.3517436129848,269.5592483394308,248.60864043575953,166.3610879213827
427.8359405082057,267.66788625005756,248.65026978751052,167.3393944647907
427.7529379084027,268.835757050445,246.94172183256296,167.45578028698935
431.1553351803863,269.3177269249079,249.3429395970387,167.1514899200023
428.00700249361,270.60567458034177,249.2516519568905,166.42125542278637
430.3140995504396,269.58740623862786,249.4091253268031,166.2979654952822
427.2599280750256,269.8614764490595,250.0388872623795,167.4034653394961
429.87262177212904,269.8016091065879,250.17324256871876,167.86934708453475
432.00801585532923,269.53100757275195,250.11808371179416,168.75979391955218
433.59663042627966,269.06202707279647,249.4876140532889,167.9686928527186
434.1282492900731,270.54245870414667,248.6189398101783,169.30713226344122
434.98578081592984,269.6123835444805,246.8291220991204,169.09163486409938
436.57768810479894,271.5847093773018,246.25151158186475,168.25952072809451
434.5290816304822,268.91790975432116,244.9394649963878,167.93308824337277
435.71439451257544,268.95405943378535,246.51883512370716,168.92432625059013
437.48410993272273,273.9786792823273,247.3498641603291,166.61688289108713
432.394901693251,270.7586116575984,247.69692928031554,166.08433579910485
433.74965964422717,271.3671368681234,249.89389819285554,169.12608075353887
437.56483736275277,274.0499708530376,249.4498599180585,170.08564543293818
436.6085425363642,272.50709474226085,245.9367501764296,170.14746746664122
436.3368331133778,272.7009077194375,245.9800150427282,170.42069170727478
436.94470641147785,272.53594416179345,247.46637541412053,170.125840273961
434.56607397902576,270.9936900356817,246.33089422941447,169.48539160713793
436.4349329868017,272.64715299842726,246.60612689898073,169.8240503730217
436.5385325747865,272.5663529492009,246.9621445934465,169.42822519424456
436.06799912293343,273.72218957038706,246.42687125761773,168.51292038913567
437.7013359258044,273.40905066476375,246.9928076497393,169.12881849933265
438.72341984401146,274.2820963093522,246.08755928847222,168.70081227547166
435.7655109669826,272.0111056726346,247.82711087960263,167.2549066921661
437.38238197850126,274.1823072696575,250.0211932224845,166.95707720398042
437.31504547585854,272.89759405010534,247.40108292012368,166.3437771624806
439.991113684057,276.56122348376425,248.27002795645686,165.35515027675132
434.77812338701426,273.66964659131764,246.0737275873341,163.967866922743
437.88482579626856,278.700011475168,247.10472277504607,164.40485743992036
435.5302723395528,276.94154894869837,244.8368473282873,163.17464555935504
439.66999950879716,276.73822568628947,245.4504266971745,165.24506020134086
440.0616416361051,275.236768913843,244.0685968113372,165.63781241502937
437.59393994088464,275.1153342005505,245.3016931959002,164.75117887989117
440.10971742336005,277.7557817752924,247.49733765804598,164.63190627126764
436.1355751911759,276.18712387234007,245.93652067898068,164.69015801344477
438.01061395293095,277.02589803558163,249.5504713567512,164.3655034020741
435.6712375862738,276.54953200830766,249.37652045222475,164.29775268457087
436.82328652250396,277.53863893983413,250.06363240927,165.80755121080063
435.02541683985356,276.95403356261,248.87654236349783,166.12271724050865
437.2413183990499,279.6774307389103,251.35496703391686,165.43763482563332
434.48799272599706,277.42403725507313,250.58577333371454,165.1532967227008
435.8373492252653,278.75183940225435,251.97329761257163,165.1821122996122
436.5474422633824,278.964849631839,252.08977674710388,165.57877793197656
434.22944950257215,278.03948220736277,250.44445184888014,165.3928775277731
436.9907881316926,279.57974384609867,251.28961927829755,167.86262678337243
433.5653632246615,277.5050929343612,252.79043283011362,169.30569177309042
436.92704694322697,278.39035973016723,251.38746698997426,170.46112231717422
433.2751706155225,276.382507614663,251.60068565319983,170.95373256656558
436.2945550753202,277.098685706012,253.5984297432612,170.10145043616535
436.4298831580283,278.15016083115415,251.10198411559224,170.34430702447054
435.51016159460744,277.32149048150893,252.53630083637017,169.13856418306221
435.9680216489401,279.9534827512504,252.94979852505767,167.1866021483419
431.6482775492698,278.4345321000211,256.3644129639494,168.10198832322743
434.17495676496844,280.3723581999469,255.5068860409092,167.50821371417572
433.88565798143986,278.76306042867816,256.27985606224934,167.12058163983897
431.1020857227648,281.697572329107,257.6119558499894,165.99113499923746
432.52166973529097,280.31154182860416,259.5477613537914,167.99276233058092
430.8658637490481,277.84356224163287,257.7794284932358,167.13242297611438
433.0754562845885,281.10210735544354,257.2848578221864,167.39904946213727
432.65416820063433,279.51440150559336,258.5988568980785,168.59112353109543
434.5343892021086,278.5692286054914,257.70100226215277,168.44795649694782
433.16309098482395,280.05277908183666,255.64850573604895,168.3744843135265
433.89165919457065,280.433194736445,254.53579458673047,169.54774018923405
431.1878165064396,279.66273418259476,257.3393110974562,168.98171565815554
432.08469070066667,279.217914271038,256.1745398616933,169.3489060481854
432.5554138629381,279.8425809257923,253.95463813968297,169.08164095633487
434.2058262776464,280.55047086978254,257.2836389483888,168.24064604783874
431.9147844930668,279.521680336694,258.863207997513,168.1498049802376
434.25696601619916,280.0169177856855,256.37748042889467,169.09071974878137
432.2244687293245,278.908308037894,260.30488902620436,169.43844545510171
433.4824354045156,280.8357276713118,257.93832650801295,169.19317025417837
435.5122518486867,280.99974884072697,259.5288635244526,170.98854172686677
430.7024308466592,278.6561515427739,256.6756778737198,171.20957198059455
433.9470668929125,280.48484601514605,258.74416946963015,170.94156110407198
431.5596320779663,279.53827374937447,257.06524615730973,170.46124449506337
432.4400582755025,280.7197047630003,256.5472266494313,168.95638328283923
434.9497645616823,279.31094920645967,256.29101961275245,170.5913151234954
433.0682236064223,278.2398577782442,257.28508665896607,171.009851609071
435.198823103531,279.6912975308395,253.8490566399903,170.82121742437332
436.2229645927331,281.15976270512135,253.57590182704712,171.36208828913078
434.19472378282313,280.6049237581939,253.8972692393664,171.34816136519868
435.44303594519283,278.83593485525654,255.99960849686573,171.53636540581147
433.79444691145284,279.5011057098064,255.87013815773554,170.8644150616709
435.56535942970515,280.34906858587397,256.7922807039253,169.96814485391627
436.54947841029696,280.35343409166404,254.76980805397008,170.3673854577912
433.95832217400834,279.8469820029608,254.8551299743194,169.69669974351157
436.8262648348118,280.1170129959824,256.2797462140955,169.3423324111814
435.84074884805665,281.05313755099934,255.3771319691701,169.4814855868926
432.87551157356967,282.3319275287563,255.29459268513904,170.84361781334252
436.4683181139957,283.3864307639544,256.46242108839874,171.62328616414624
435.02869522630914,279.8596058873996,255.165941090204,171.57036637074722
438.1277081046982,280.3961250707167,256.36823045660253,170.87848442148714
436.72579742049993,280.7459857062031,253.63076896260824,170.07660624210934
439.1948475471477,280.99565025276365,254.16222413793867,170.83952219097802
435.7362318838329,282.012576430516,254.1957632707284,171.91815722848565
438.1398287787921,282.3508425939142,254.18582855466155,173.6396620570145
439.8664477788318,280.6471015013716,253.54546460272292,173.26175117072918
433.71258434062713,281.4196679742069,254.5355730405472,171.38136150681473
435.96060727345775,282.2488578931946,257.02694939652196,170.82577772009836
438.0143439918186,282.54271424541486,259.20025647439314,170.48587111382392
432.65491123423175,281.9488469168608,258.1802099093319,169.60303551028954
437.31491692910765,283.1671812280917,259.2195666275768,169.26639544628298
436.4483035696531,283.2121240237391,257.26300309513874,169.3079397536839
438.3443640270815,284.0910518845941,257.7406141396613,169.19972365372445
438.31083409717183,284.62029736734866,256.1268624394221,169.1341484761642
440.105824992399,283.929573568816,257.2801916985825,170.29411423776833
439.84818816923587,284.10967794434066,254.18745345190717,170.17589101503194
439.8443341702671,282.4441008983195,254.25779502197494,169.8018532805015
