1414.5,536.5,308,114
1405.5133703959045,542.7186956151643,315.90137152372347,108.7369169756467
1400.0868318555615,544.6204734325567,320.9363000220668,107.68619874920645
1394.3300632229796,541.7329182598468,324.14083973771767,107.2222442701333
1385.0472342815503,547.1585101732367,322.845181968717,104.44922060827719
1377.0253124666742,545.3419060834867,319.4154650012604,106.75890009855627
1369.5559018683666,545.078877016058,320.9110787493419,105.95131245618902
1362.1837828768812,547.5560221630358,322.1054327501714,104.89976207328674
1353.3012284683336,544.1191936258675,323.74105229869025,106.19196640267543
1348.5073303344718,548.2343428898547,325.0161612890996,103.9795293259476
1345.5448568474703,544.2569877866546,321.3367408861601,103.56351539790447
1336.4307300707835,550.6303064539197,319.2066635563925,101.56684575528325
1331.9240579643165,546.488494494297,319.78663910141734,103.20524627262206
1325.582839653921,554.5870732963182,315.19156193418803,103.01793031310987
1315.643187111787,550.30574731376,317.92652236663224,106.5474909298977
1308.9112528332987,544.4119454885436,315.1627590172352,108.84251751261905
1303.6492671386964,550.1810538943967,316.531283269753,106.7254331092574
1295.8267184460299,550.4090689473444,318.0144175992723,108.32808830681131
1288.067231871328,545.2575533378615,318.1807620328258,110.41654914665185
1277.096121002681,547.442174536085,319.3954144123109,109.35678769961027
1272.1815750567812,547.0301943799325,319.85095211248307,109.49511649516258
1266.6660151256215,548.4013239990543,322.13209048943037,107.60598961042005
1262.3175467409433,548.3349364419836,320.0505492522966,108.8978479063036
1257.6573207020133,546.1604725354023,314.2567732396095,111.32527827102675
1250.8501711218078,545.6280420346694,316.60664721762737,114.74625148619685
1243.5453306049938,542.167458245232,315.15156567462054,114.92398726238753
1233.6063302144055,547.3391201626484,321.2872029191669,114.44373494311287
1221.648726705628,546.4478084927782,327.44160148297345,113.23662738470335
1211.191611005862,546.8056426031014,331.27161857424505,114.71722604936883
1211.4038351374752,543.2145206616788,328.80535141291284,114.51046406289682
1200.7739814381916,544.1367533760882,328.89634346853643,112.03369892629127
1190.0533468166627,553.8094330139666,334.4147884517795,107.86254840020584
1178.2453845895159,544.6762653176661,337.152019361954,113.9970055927295
1175.2304947823377,545.8543048460124,338.3673558602296,115.61105968486275
1167.7989304210582,549.701725460165,335.40933198455764,116.3041033680858
1158.532419412714,540.7045509686513,339.6197396341486,120.26984084883864
1157.1120541167868,544.6339114883662,336.60400021086014,119.7801158340987
1149.96047173298,543.826365739433,335.82522749651326,119.95180401142704
1145.862814465607,548.5598619312603,335.02588032104904,117.2311371036129
1139.3102549623977,546.6877871452159,334.3506725493836,119.57389851744598
1132.9543527568155,545.4911860260751,335.2725533084814,121.10806808714884
1127.9994604722299,546.8063000945964,334.6015190071349,119.53214935529405
1123.0547636839017,543.132773600703,335.1791007147781,123.02638727018838
1118.7120991535298,546.0121414262701,336.09731476036063,121.7743435630023
1114.5949889786611,546.275995474482,333.7620193579272,122.81802851109194
1109.2603975620063,542.6127178199495,333.16813020741733,124.13948060983259
1106.4750411756754,544.7985782523372,333.3790112368447,125.63420575819387
1101.400785774101,541.7991335283862,334.35583394251034,126.81004885404528
1104.6071018369469,543.7743164443416,333.3052417741346,126.94344325351877
1105.793739718783,542.8193927870965,332.2888053414028,127.3906037308029
1104.454809362294,546.9906753483992,335.07138563864356,126.92411564353452
1112.2192432538277,547.1647973057434,333.97252116076663,129.18587104772251
1112.0502412796168,548.0031483810666,337.9792187437371,129.2403404897057
1112.6587050550722,548.3705403007127,340.9119976412304,130.85846775664498
1120.3986417916112,549.6359548671405,343.8495780775887,128.7447671800865
1122.5581275647094,554.0932136677471,347.1779299672209,126.41808837416178
1131.5318751904606,556.5263585501716,351.5282794793545,125.5286718467544
1142.4710353031128,560.0991521705296,355.91727777111197,122.17350190285995
1159.7318243706873,561.8179257770613,353.51529218371127,122.14548482145119
1161.0153479858413,565.0469255270453,355.1998701093075,120.11262138014891
1172.8790890474768,567.1082357584904,353.6471117552013,119.20241436552524
1170.5653330723205,568.6916110954213,355.9008149057671,121.65919087018753
1169.1131762858727,568.041022978996,361.1899487779049,122.35701762164814
1175.183616262108,567.1797781299036,361.379382911511,122.54884424290904
1171.2339483702685,570.3017192774494,366.0153588952087,122.57655152361934
1163.415277297665,567.5085488132027,368.7362371837203,123.40449371742838
1161.1040095889853,568.0928663099345,369.36312445675685,124.7314173295353
1159.0688794248294,570.5263685150438,370.0864478779505,125.07341896484482
1153.85581621768,575.9478854595687,369.35100600166106,123.86151266824169
1141.7340365780412,569.3032119866208,376.03444020223753,125.35140023858271
1131.921413779079,571.4912870536722,381.36769657068794,122.88164873065665
1112.8199456321943,571.9821893235511,386.9924898068575,124.53513472059083
1121.3584753116052,575.4447098107838,381.76222173011627,121.78339100159288
1109.7064280621369,572.5019016312908,381.9019062223648,121.94780296752933
1096.1963793589402,575.7916318296536,388.4031793034983,118.33419544582316
1096.4118392571718,578.4351096112727,386.26157752359904,117.48473709386167
1088.5419651653863,579.9223915235075,389.9685453749049,116.52289516862996
1087.8992457298511,577.5468978978854,387.1427521195677,117.62899179724977
1088.1887834981262,573.8941859057525,387.19552332673413,119.87137170119988
1074.2767546483321,577.7239092249133,398.7587315315496,117.8299184208138
1077.5229891084127,577.0321907264769,400.73550729738236,116.66385939854155
1092.7896113718166,579.2808831141512,393.5111930096542,116.21081789170928
1097.9297797757013,582.01074664131,390.67154251159616,117.02770211462602
1100.1068821324998,577.7243681062248,392.4897607726345,117.69143004485852
1124.2448188161416,578.467814223173,390.83982606688295,119.85732439928088
1131.3085076686575,585.2488311288572,392.33265990147953,117.06627589102024
1143.5399504710203,583.4475894273239,391.7533676222587,117.86596525575513
1159.0669432456293,583.0549872093392,396.5589578198883,121.03475779122085
1169.3953325276955,582.8611849592885,391.5910898188637,123.13671205612366
1180.6116152579925,588.9545173889039,393.0198283967504,119.86910603247651
1174.7123844425248,589.805404928581,399.97644974802745,117.52396951224607
1181.096787001955,589.066269174862,398.3513884046463,118.60467422699367
1181.0315251522584,596.530027081963,402.3311506216099,115.96559653458752
1173.5004994252063,590.2213366794035,409.4014438403758,117.47942045177442
1174.4379819742508,586.4547265635878,407.5693002858376,121.41097783182006
1178.2936952568166,586.9770743649939,406.37014483172953,123.21786934770412
1178.4076412808784,585.2014228153943,408.01190362270114,125.13101685923452
1175.9933785630487,585.5895410299643,407.55533300480465,125.21411130962417
1172.5588741946224,581.9686233837373,405.37308228014416,126.09416288322834
1172.5276568614477,580.2062729417073,405.6064264485474,124.82186486103976
1178.0078485972313,584.0593735773928,401.07766416965563,125.78431463560409
1168.4905377763002,582.3198936718036,399.9607419627398,124.33565243588706
1170.7462622042262,586.7175990789983,399.4728302872453,123.22802275160727
1164.6098138378693,585.7798180667218,400.7849367644933,121.94027384298614
1161.4352764017615,582.2698651766705,403.81360792649787,124.55945871348162
1160.6049848325,581.1391757316007,403.04208583662086,125.72971330500403
1159.2108536877286,578.7135736722137,402.67994324387666,127.05701053671146
1160.0855181662857,577.2469464359117,399.24704578066405,130.0570285331633
1157.1210586684106,573.0279039508629,401.23055206822505,130.98658768280717
1152.7337376189344,577.9488809904044,404.97847568408605,129.6790055928843
1149.777346682919,573.9493754129963,404.0445289679085,129.00408120107045
1148.690732637136,583.1399215144704,404.06282504693263,126.16667657223715
1146.7452357465368,578.0437502732203,400.34060461909735,127.02770885366526
1143.0817895007376,580.7281658456513,399.1811332156741,126.28063009784285
1141.3809644403693,579.5511490584702,398.08425766367236,125.71200442082431
1141.3778792434034,581.3238771658862,397.3134695961488,125.98751816575395
1140.3718024540337,580.2723400080281,399.54586911692155,127.14369281312281
1138.0876250163217,579.9918419187177,400.86744701236114,126.28402062080477
1145.0491578379006,574.0338505682574,392.42795394763823,131.12590820580616
1143.9311602967298,572.959464715077,388.36274955459123,134.22729588784193
1141.1683118490503,573.9963616618394,391.35594595291207,132.90449113634645
1137.1365488394747,573.762664774195,393.3927144762905,131.85506964988554
1142.6454758832058,581.6448011757933,388.7709500915443,127.66387397586239
1138.2270187118086,582.9783803396183,388.32577229741486,124.9411924490278
1135.057041431611,573.4347795683923,388.6738397573364,129.74508060509547
1137.207766831591,575.5835345174107,390.7018783148296,129.98881530614588
1130.1130811139255,581.2755512887917,396.6125576082578,127.98803516904701
1127.5515621278814,574.4248632958157,393.97376023536435,131.63430073728438
1131.0411038250252,580.68658509808,394.297661416314,130.0243120475206
1123.3546661160617,577.7867048684245,399.0368983440185,129.9557980173048
1123.1457355786852,578.708613731094,398.94756115499536,130.5497236529174
1125.9548497757355,581.0398123832492,398.95665930008806,130.40538282518048
1118.3002927707507,581.5906883023591,403.51903468834087,128.51433525245693
1115.698158345178,580.8736304841055,405.70391254776496,127.51120175324778
1121.5491631082743,585.2831842128857,402.97750074419685,125.86142232202766
1120.0617090886265,581.9770912194211,401.4015058699956,125.97625491180398
1118.6466341806818,582.9251885063312,399.7399634326323,126.98446158291776
1117.5664935485522,583.2001827518517,397.2750225906331,125.26772251961906
1125.3276438992084,578.9812773404951,389.9222516858963,126.96882380874689
1123.0320728824408,582.3017292887673,394.4586182826742,125.1162960999062
1120.6762461345397,581.8228178632206,396.1271305808542,125.38768555628832
1118.9184694317792,580.0752566552119,394.86807401156517,125.88438095508948
1121.3749478253746,585.3115933522317,393.14736774898245,125.28408657871316
1123.3609096148116,579.9205112827213,393.19015023307975,126.59090551134503
1119.9546748318562,578.6878156290386,396.12883905197083,127.18082861823933
1120.9656698652868,577.8544318542755,393.9610323949014,128.88526937786202
1123.3493244110746,577.4169475605029,389.1783492349607,129.66816826053997
1119.414397450166,577.6253900248665,389.32933994583834,130.8366407774735
1123.408481457587,580.4419022548699,389.9416982032153,127.91377875800734
1122.8452214658082,574.6905892860876,391.10329691411545,128.47457688208192
1114.6800723352217,587.3330244104193,397.6625830599316,121.56903823993855
1115.9343101608101,585.2563727510293,395.312153661246,121.65437956382043
1112.030023042686,582.3136425793182,396.75023869464894,122.33691883302447
1112.9676663854689,582.1845776978482,395.34322790995884,124.31097880153709
1116.7623763403647,584.4900894894854,393.8768277147552,122.90742472922118
1109.5723344295488,589.0078450322343,398.44462965377477,118.80916740345725
1111.584234793654,583.012758007221,396.0481354464089,123.27673416390695
1112.1904032015866,583.2314161161862,396.47534932055436,124.57305503425383
1109.9938261163263,582.740814168938,398.13235187711547,124.40894048298362
1111.0499269086188,583.8331794516914,396.88758023110165,124.9824485339427
1112.5769742362504,582.0908039774697,393.0323140691728,126.15918143386631
1106.9259222989288,581.8864277393429,397.78783323083655,124.61667473742389
1111.3194557965905,581.2225726291944,395.50169800807055,124.90309586196327
1116.1732072540253,581.0815919979001,386.8819940990468,126.50712030043292
1112.8919048413109,580.2337271959514,382.9458853597208,126.30712391741035
1113.1215917440504,578.4988828114429,386.1654082650348,127.2132230009674
1113.925463172399,579.6112083910739,390.28646996036184,126.18626832265443
1114.6904227741627,578.0284171577562,391.1844767618603,127.12664813950548
1124.5897127886335,579.8093532076828,385.57506996404584,129.41745827651437
1133.2810757276989,581.4169789049652,384.2401670683473,129.58815499986088
1145.5435763209857,582.13856587154,388.01820738007495,129.54346559427057
1154.971945542198,584.0049280288849,388.37457416541866,130.51619599094505
1182.7658805106398,586.296955069738,383.3798179345464,128.36019088182798
1190.5780513716088,588.2896354773878,391.8442546331124,127.97391103980812
1204.2734601653385,582.2073458053262,397.90404769015,131.8537589843765
1226.0055646054732,593.4735282517316,400.47006375136317,129.68118620545178
1248.256412945609,592.1385963016883,399.56288617206394,131.14071820414352
1254.072434625185,591.7838920771796,413.93758749559225,130.74819927177248
1287.6672094326177,594.3504484993264,403.46859501506447,132.70093003935028
1285.390444225638,596.9288760987023,410.6179670355475,131.219989976692
1299.7327019032366,598.5187338165525,413.65756925488387,131.28194839175663
1316.9242418069598,599.684645844996,409.9024399172409,129.48705962227731
1321.723038157359,601.6262764644113,413.25696176988214,128.92383659128998
1318.6996640565471,606.8789289258954,422.5425956582453,127.1753631940737
1314.3003277662501,604.669240496738,434.5877171454672,125.16189892755845
1323.8537431268057,606.3964081906596,429.2979342621182,126.30910695724255
1324.3602481764544,598.8771025645403,430.5554770728766,126.43346141906102
1319.5316765480845,600.8198665281874,433.53787916092966,127.4518441777732
1322.1717674103247,602.883543816238,438.41462773991645,126.02496761037712
1317.8174045544667,596.1789008386053,434.7443888449143,128.63520075106914
1314.4295362906819,599.8339731534485,432.01739056440135,127.75453038257947
1313.042914812204,595.3088499395736,427.4304437967165,124.9741754562796
1300.693313799575,594.1835955538706,423.8144374552043,123.92309951266053
1291.149169123164,587.5754714725489,427.82317028633474,124.59244539674333
1280.0679442922735,591.9691342852934,430.2416368678372,123.77183155958055
1281.337521777237,591.6785484169939,421.4535819965122,125.21130171299886
1274.6002888683925,590.4207403485843,416.13300219492,126.45175121490811
1274.0777878621682,589.1300351873026,414.68274506502223,126.38215189764577
1264.6162887609544,591.917220049995,406.1545769820061,127.1094298027783
1257.7298072259098,589.4266045661719,411.5590282892043,127.00823210826746
1254.848784815228,591.8931763468552,414.68120312132487,126.56725020145878
1254.761390517353,591.0627320692213,415.02627346695493,126.4740729703758
1249.3527170929337,590.2606258235724,418.6864789978873,127.5923151977762
1248.349288591003,591.117918497143,421.5946428074029,126.94241818528235
1245.2456880225127,591.6183412717834,422.2605270579585,126.96028143676389
1252.165672956609,594.1409378419188,420.29007213922944,125.60516671135308
1254.143846641081,592.4869988457875,415.6477941868279,126.6239043322418
1246.019435381886,590.7265383123556,419.7850822836749,126.87935837418593
1243.5409795431792,593.9097375877425,420.6575886658774,125.50521156500135
1240.3679324235914,590.8493797252761,419.9704057953469,126.12601907128399
1239.1564084522406,592.8564663542518,419.6131128377981,125.6601178497261
1240.6332329825664,590.4011272097908,415.6585152974327,128.64540597590437
1238.2709783541034,588.0479100089085,414.6936525016795,130.54545763382373
1240.6109708011008,592.81283373703,416.2519820414343,129.76525327943114
1237.990666390108,591.305821574935,418.68068897262197,129.73169872753598
1241.4800948765858,588.3092259016184,416.5754027174238,131.26458255490115
1242.1766925318434,589.88472016577,420.95762177895824,130.1984798010626
1247.8056130673588,585.5966787234862,419.00497536943976,130.29904949014377
1236.6602665974594,588.3365882800194,424.49138751694966,131.9026692464078
1241.8129411150321,584.2478436931696,420.8903860153363,132.64039496349696
1242.692956139057,586.6028768346051,423.5566747457609,131.47067496714934
1245.8397217016254,593.3454040359745,422.6893421044381,128.59797384316417
1237.626560457278,586.9998221128161,420.29617749689817,130.64803853489389
1236.667890679365,591.5466462114961,423.03997088295387,129.01440111941884
1237.736356812822,590.1923920125857,420.040709275329,129.2917303992348
1244.1709886814763,587.142997299078,419.80012974377803,130.76536967289843
1238.9070262301354,589.4184088124925,419.7353738171104,129.8831676491873
1241.5454372725806,589.7383070643102,421.176669742526,130.0225666175545
1240.5148696478414,584.8026362564956,420.09463102100847,133.4299427614744
1238.2720127349655,590.5059491311296,414.33152366147453,131.74149251408465
1231.8498473065174,587.5255702309992,417.9522570287546,131.85514182704404
1236.316908887158,588.016902361576,419.16546746762623,131.96002901998148
1229.8542685995676,591.2888889636753,418.2939959823358,130.53109283058532
1229.9249762648292,592.287708140785,420.7169934760118,129.6214065931696
1224.9793822384786,589.0077134241607,423.4694526213581,131.2259492073408
1227.8249351898444,591.1030780043252,427.0327615472564,129.90559258393952
1221.3807629850498,586.7159662355416,423.2088282203356,132.43567658995332
1224.6458002059298,584.8627474214113,422.4116992693174,133.09616123373496
1229.947591158269,589.2700813368624,420.8754820777962,130.0295033234172
1235.385377078999,587.433406849708,408.74850385643333,132.1525398923754
1229.3885677475841,582.3859745952489,409.6640965562457,134.44585997483915
1221.6819534124497,588.4260317359715,415.7329221596342,133.45123195470453
1224.5534874329596,590.2504871047784,416.17395007911114,131.7321271563717
1222.4793830640617,590.5109010712476,413.8540106891337,130.2800482912765
1226.82650491097,593.01943145361,411.21735194352095,128.63404572412844
1219.0080225328556,590.8989547863264,411.5000416350735,129.45277089974854
1220.4800195040784,590.9017896049929,413.0316931136032,129.30960309889653
1217.3959311933188,589.730322468159,414.2072392793502,130.7998598826284
1217.947081840876,590.1402570872348,414.36513203354934,131.12811449031938
1219.5524293052044,591.8724958574126,412.48556096503995,130.8768117166972
1207.6020174213875,590.308028229926,416.4254927849649,130.61444332937262
1201.7764827146573,590.8107606173721,420.9862673653888,129.0546415970552
1202.5690343114393,594.7610726658651,422.4897893408215,127.13963949526715
1197.2777963189287,591.036609623175,422.1696529827425,129.5987876308947
1191.0162909941787,595.9114743440146,431.577511880717,126.18522772812372
1193.1102867332288,588.3750799250474,428.2061510099404,128.95544343411063
1189.3641013026938,592.5265443366704,430.338923089642,128.670633466801
1188.460197291164,589.0507171639363,428.9963935190241,130.01244259041653
1185.1127403291703,593.7430017569717,426.00560638301175,128.49785337270714
1186.4948079887422,593.4049305942708,425.5669681990513,129.28226003674112
1182.8955479377755,591.8970942508092,425.1168778512358,130.36504136437281
1184.0937002927863,595.4329170147224,423.279389231068,128.6523161765863
1181.9649370361221,595.2098547900323,423.93464133004545,129.0366417931674
1179.4028693631976,593.632930129164,425.6601993052594,129.80063178068488
1175.1623985790284,591.2989973013948,428.1780048294264,132.09704925451427
1170.1304306767238,596.0820332766845,429.14742399280783,129.62387397021888
1170.0045609679955,592.2191835392614,424.1540866955088,130.90432177427786
1166.9301324555424,591.4259888229169,426.1233024320478,131.18741042962085
1162.6747311094673,597.6447712406832,424.2024889311175,127.95779425402324
1162.2131599587929,585.3591745001692,417.84910944639773,133.7786565924642
1148.325860989903,595.6363859509147,417.11534466194826,133.59241326208988
1155.1600914148864,585.0290356609439,414.74247187250774,137.19212942875328
1152.7249271279782,588.7189368971261,420.37379139147333,135.2042974420521
1149.3275438014557,597.1812763696344,421.40435964377843,132.81144456718573
1145.2900445546907,592.9002668457858,420.17807076335686,133.13258176385912
1136.8768151967197,593.7821403296384,423.6389779828537,130.05671077855857
1136.9434431260206,596.2258602789182,423.2958558173273,128.4865079792222
1132.807986480972,593.725199951487,423.5147680753129,129.00129691629502
1123.8215631677754,599.6297253989193,427.26225152548056,128.08133230604878
1128.6061099777924,595.1361478828552,424.93885952366367,129.10526215894637
1120.7384514404855,598.451791731514,426.9273555822637,128.79620697542907
1126.2074381929378,594.7428359576028,425.3805135552674,131.52045832821344
1107.1871849971603,598.1137253258544,432.4100228859857,127.01534799069651
1112.4181269075052,601.6955715441751,434.4083467232733,126.11505601759231
1109.3976141360863,598.8432412036551,428.13628345952355,129.51944105591002
1112.8101911690883,597.4773405512809,417.6469230108522,130.63398224563457
1095.352047116142,604.7938260378721,417.58515679048793,127.3939522399775
1098.6057870643465,605.6224458145796,420.6789987446931,124.96056642967355
1096.1914562618,599.6635111649182,418.42633288330023,128.3171678843288
1093.967713853024,604.8282170893795,415.4426943662926,129.67386622848392
1084.1201435376183,604.8036557804886,418.58135225616456,128.91434022024623
1081.3904712297842,602.478746589939,415.809261633356,132.07830389642902
1082.3592690157152,606.5074799879359,419.1063862070548,129.92749771081444
1080.5185240381497,610.0159371995092,418.61860660790535,130.32078230889846
1082.9133693454637,605.9825842880232,419.0052139281449,135.77751882026294
1076.7614734365914,610.4339823337427,421.3007049975382,138.3107891731346
1069.7182568559258,616.3721475627469,427.07338355791757,141.807397789196
1069.0141673114697,611.3711339978835,425.15126338027085,150.52836435333322
1062.114244294592,610.8447754227103,426.3134696728806,153.43239836226886
1065.770619968968,610.8606177615234,419.7807944768188,158.74636191859247
1061.5610600630214,609.4744354461532,418.58499896451406,158.2996442716622
1065.1090798472412,603.5739680382713,417.9211958537568,155.1704742016875
1060.9715526901653,602.1465130391143,415.68451178433645,147.29738625948923
1064.7087216709722,612.685003098021,412.6439856773769,142.33306232471548
1050.314142137892,612.2798851887585,409.1108724434715,142.31435113052606
1061.118079731542,609.6800927641123,403.5274445408423,144.6421442753496
1059.227543869946,610.696348684675,401.1125600325586,145.361368572275
1056.708946713552,604.4919809222488,403.18416425462317,144.34284115443725
1059.4370938172692,607.4305358320755,404.57788084863364,142.22780327021516
1056.9868747856408,609.5123631050761,404.8496738592412,143.36448401113722
1048.0580267430657,609.3514398315666,414.67352947312395,144.63874795906284
1041.6755210459528,611.3257164434067,418.3613212292736,143.36417384282987
1043.7231171855206,609.420353977477,422.60765017932886,146.61926468893665
1027.6996244736424,605.0285588628102,429.43853223793144,147.19611268172306
1038.263129641018,609.6031546195148,422.926192811266,146.96285889741733
1033.953990215673,609.2812084941851,426.2987314721016,145.67308117681188
1052.3453377993346,607.2263620114766,416.77586692205136,147.2386707399063
1048.253387835066,604.963464026401,409.10593533856695,146.73648492789408
1056.4611264979026,608.1419582539115,406.65469242603643,143.4331795266172
1056.6323397305953,608.7559089019496,405.3301070770093,140.13785543866646
1062.5592503801718,609.8684987529489,404.20273943607094,141.12155137095544
1060.97123160182,614.7979856291586,409.8988852285489,138.2895600893008
1072.1913444683269,613.4999998981668,410.20652525331593,138.1981869493692
1085.9364778819056,617.0181140850258,412.03015081611665,139.08006944170182
1097.6872807446662,623.1254685200873,411.9620263532656,137.50832686308988
1106.5242050656523,622.2026620805316,408.2211326444153,138.883773770454
1116.5372574860296,626.6781246100418,411.18573751525173,138.41586098890747
1126.4487694968998,623.7596313941353,413.95321935769806,141.5868673348221
1145.9114891735594,628.4394177244048,411.18091161639484,141.36085967517045
1163.67847803639,629.4808304299772,405.7128923029492,144.10293607108918
1180.3407904400428,631.2315937762211,407.4664611392475,146.19184395412134
1191.2674200647632,635.9714983155533,408.8068735417338,146.99950947422212
1201.8452549052488,637.3914389876509,412.11624496384894,149.1748763743009
1219.3530258740825,637.6545794860149,416.74453764445593,150.7873490395467
1230.4212154666702,640.2461059335772,425.2588803784272,150.6636071311173
1238.2663645057507,637.8518320145275,432.4488921482193,154.6797568114768
1253.478901747488,648.3296095308511,437.8597619658898,151.9121798070167
1251.0626631931864,649.4209489127205,448.0169414221763,151.35524549284747
1262.1796728277207,648.4589865166594,456.3103860795927,154.71432800971223
1276.479461779081,653.385726552568,460.53135807740136,156.767232554389
1291.8192107671084,653.0884694014314,458.7171134104448,160.27377056903185
1299.4088096485593,656.7555649676203,468.0557127693471,159.2899086343296
1314.4400577262074,655.8021013600436,469.00155087451003,163.98071078544294
1323.3648954474356,664.4881759168672,471.74720696466625,161.19171090850284
1332.7043400802097,669.4492137720791,477.53729753288,159.86234739052225
1341.4359666757678,666.1957235671825,477.4261267719362,163.23835017324075
1351.0343435437708,668.5356999157202,482.0325844458,166.04976440329912
1353.002891365762,665.6120333762065,482.418848407576,171.23365637008425
1365.288977360493,663.203153315415,477.4985775617256,175.94731659865607
1369.268995614175,660.7840615110273,475.81354074070475,177.56736899597962
1362.4705418882838,655.1286756597899,482.30862866853386,183.02764964129165
1369.377893193321,661.6472450351165,485.9211388130411,182.08968638191283
1359.1840670063277,665.2280970674389,493.3349589988308,177.88754918674846
1364.7544207580709,659.6361781549459,491.194068679574,182.1050117386573
1353.0780768625777,664.3599251808798,495.44808422284666,177.33986819022704
1357.033080269632,671.9460223626277,497.2283626476671,174.5715605649521
1355.422485810731,676.3364974922638,498.4438798456481,170.2258801250076
1358.3793120785783,678.8438764645721,492.438501613616,167.78388096010087
1358.122754914299,673.2392333802369,488.79107415582087,170.23295872024875
1351.6013685647554,669.8799812399269,489.657759996197,172.10637545657315
1357.0344465472883,673.5433543482118,483.5606526534931,173.22544102638997
1349.4981119549905,678.682345012562,487.1868067817667,169.0707061446768
1348.2859796565115,670.4187890954234,488.457821369083,173.2821317886433
1349.6166802014443,668.7423559366066,487.6900890307499,173.7619856441877
1346.8190775453327,673.6535151678517,485.8163428124716,170.85309201611906
1345.7782268804347,669.0847341954108,479.2672922496794,173.46497401409945
1342.5549160815706,668.8065051318601,478.2750543574788,177.85960947022693
1341.6732277748827,671.6280380750657,477.05521419308195,176.3074784900007
1343.185416402695,669.3919452807503,470.58880694268703,175.1305985995259
1346.1015280309182,674.0509412560865,469.9034827655632,174.78952699863024
1336.172533686042,676.3194611429774,470.57064049528424,173.65475599251303
1336.4023232364027,676.3628063209105,467.82077651454574,172.44590494221345
1334.0125872115118,675.3895878593017,467.9678672807434,169.83076145515807
1328.3022128152463,680.7678967093349,471.1267468765091,165.49275112295868
1331.2388743360407,676.7133157083032,470.17804883103656,167.09390754974737
1325.9886747909268,683.7730065700885,472.4250258694829,162.68866476846642
1324.029995477702,678.2387734156246,468.1161848535137,163.7492378746224
1322.5810742751953,685.1390267974485,468.75565729444,163.08042023186448
1322.4473696860302,681.4202669684303,465.2569185310771,165.59440080574393
1323.0227151449747,681.0741142386482,459.3502941513402,163.6623202573451
1312.5034306291216,683.4324990741578,462.72535802120274,163.04968641646886
1317.0336293686426,680.0016327022066,460.7380183500719,163.82472563720347
1311.9662747509574,678.6393856198855,460.46818965283455,168.66125838221302
1318.2475476165384,678.8193916138102,455.886700381198,168.8627873791965
1310.7217326727186,677.3475604598493,455.4007498189237,170.96167689600404
1307.6783779597295,681.5376911399981,455.8684712066281,165.83931971126847
1304.6462557951045,680.0266337110496,459.02489491295125,164.7398308189836
1303.5447695638852,677.2474855518724,454.556964606335,166.13711314058375
1301.7709155041457,677.0059074561483,454.2813480346317,165.82346077275437
1293.3087657356368,678.6987293345408,456.7517123161258,165.47418921393634
1287.8875047240556,682.6050869143347,456.1119258805476,163.91032462230106
1286.4144784414812,680.2756723447752,457.0143461793598,162.06393885275003
1279.0227143235975,678.1456096675421,459.6380195626218,161.81886278063794
1271.9594749174678,679.6092976277168,465.1871474524893,162.34466946396725
1280.4759896470196,679.2873648390578,459.9045143854454,159.93376526321356
1271.8500586278483,678.6806914498949,457.9096784233518,162.31332075318556
1268.2648518793005,674.9056667246826,457.13249360657545,163.47080639574762
1267.277907257605,672.3895500196367,457.5350385593481,161.28741751385044
1262.0046532912572,671.6600383715559,458.15153319546016,161.55807652465413
1257.2306894710462,669.5142882671383,458.15862973381627,162.07859222106907
1253.6271558856542,674.4817405698919,458.0265487292047,157.3136118991027
1250.2516345193644,672.2439860121469,452.44906370606054,161.9595749118596
1246.51495854628,670.6179444875011,449.5012183646493,163.20075640145018
1240.9000919394043,665.9828713518568,450.1094770272757,165.11856933987917
1248.6121648987066,665.3610614748709,447.2043282400132,166.74686296813377
1251.21598794702,667.8392932838976,444.7228913748554,166.7381730474129
1259.0137809633886,665.1186321170566,440.4617643307033,170.21997922742506
1264.267740311151,667.7547029769829,444.0966785851187,170.54277274016974
1279.590428393272,667.8904995523471,441.681622383363,169.9118477265311
1295.3710311616837,675.2675045972658,439.96141946844756,172.65988003706133
1311.4026265201169,676.7292870861007,441.33063584311776,175.62644104968734
1339.7811152142403,682.9060757258128,440.61240849278124,176.39139755882718
1352.3220510394183,693.7437492194535,453.09060626449354,173.03971913551192
1372.509399751958,691.0643723690379,460.9530738360246,178.01439810472078
1404.2368738679218,693.9199136544861,464.03528065556515,180.78880872677263
1418.2706806674669,700.3799634287706,462.79454096945346,179.58426795654486
1440.2280209073606,702.7285719600583,459.60730301866465,177.73892757495244
1462.7036547578891,708.5096070736602,448.16564485114964,174.31353739582894
1479.7209972133637,716.9078538970114,429.8153837486491,167.93840839784428
1504.4627857985106,721.6163490919513,411.66929793246544,165.26648907556051
1529.3973579935318,725.7775392221101,390.05841531022327,163.06765063346302
1534.0551226584967,733.13832125738,371.4140573032025,158.93226793477385
1552.1726666782793,735.5905062255771,352.0721730606713,154.27836074987732
1560.3839697107962,739.896757241092,340.5911973833102,149.2565172564446
1561.903480134921,732.6021314870401,321.2655255337736,154.35745315931808
1568.2796320385205,718.77228069733,311.3618749227503,155.3947086299557
1573.5011920489692,730.6438384997545,306.7774658346268,158.18542682746823
1576.2592374323813,714.9949701853116,313.11993641839194,158.18055768517027
1567.7232548611987,712.827743687399,306.7231389605679,158.00334031837957
1573.0230305069026,728.8940469946816,313.2121361072929,156.23761130260482
1562.4098010539456,715.2295233149046,311.16514557444145,161.81336518469104
1559.6617695181951,714.7255188591666,308.9996657068523,160.95808730229743
1552.794459808138,716.8363718096102,307.7218700433132,157.86772435793114
1539.9298134796543,718.6933849228446,302.8732765804662,153.6075350511157
1535.4129129759144,717.2472083433753,292.6678172857512,155.01423211451652
1540.631220525911,718.5072906712699,294.47079492448324,154.07382343953594
1529.147633990409,715.7533181960373,295.06679241443805,159.77392680406882
1527.3761621377603,713.8638077791278,297.1375132608314,157.51539103746353
1525.3482352712522,714.4103894798845,291.2784651277552,153.70926205788132
1533.1812263254185,744.657710383326,295.9551744822624,140.24311795011272
1524.2847402968268,744.1982384348324,293.72829181791315,130.99950975893282
1518.8166706500824,744.8056970560625,294.0550511753302,127.3158812644196
1509.7915122424924,744.9025314499573,284.41456941207014,124.12290747956499
1507.418108698532,743.5205241320191,280.0351226886615,118.36481037742075
1495.9105696314082,754.9959136733335,275.3342988192096,108.39915996304137
1497.8729473914332,759.6076970687061,273.5019841045271,105.32275328480353
1486.996126974491,759.515860036581,266.52485514160475,101.84944935929332
1473.3314286001128,754.297665833591,253.21853644879405,100.71625280980852
1455.2297848846888,744.2833358045075,243.77556258965,101.3922046951135
1468.1204964682809,747.9403286813003,242.16730788910752,101.66393602146712
1458.4723403017347,747.7143765668359,238.5073759394881,100.58174636274487
1447.7065020595116,746.0586100466816,231.39406492311633,100.80397994645139
1437.4491296072338,738.7415876508734,220.53263823151758,100.29155313217993
1429.479327970669,736.3704848966631,213.4260945003668,101.58783830656955
1417.5495435725015,731.2145256909502,205.17771330313695,102.82242649825608
1422.9240321534717,754.4485614995348,204.62857052882072,95.59714851942763
1428.0936947825294,761.2130218597256,204.88936642701668,92.5503341407227
1404.9665899020954,747.1257675555215,195.12642581911916,89.79488709020455
1392.2294292741894,745.4613719774587,180.99160817226925,88.3846296392588
1400.283290585181,750.9678739311752,184.97694199830275,85.87363634811368
1371.3322237786401,681.0840462480218,167.91991552427936,94.7269290331784
1358.5088573251842,633.3626898624661,168.89578090758062,87.97348030539445
1360.2395336743361,622.9304060656009,170.81929445322828,78.86781466008578
1359.4418415855462,624.5548026691533,171.71892393338248,75.12804824751649
1359.126207554754,625.4932189237261,172.73484813759939,71.80959685013123
1358.0868386405048,626.1810880042318,175.98308695829783,68.47817808767805
1363.6063387718666,612.6133202386178,175.4562533609648,68.29274912135105
1363.836618666887,628.8639780868743,176.0889592325907,67.3408511348211
1361.7090693465677,627.2157505278911,176.22541497803817,66.63168050657163
1364.0063320187346,617.361744599694,175.15609460475426,66.23061411914405
1353.9435521431562,621.3892927257625,175.80067519883,66.10680297338072
1348.741806109394,624.8368227137018,181.82633143771056,64.77790643039393
1360.7438590655188,609.729080482777,181.43479819926475,66.06670602556618
1278.4354903306216,731.4775135861312,169.95644074182894,70.60252080475723
1272.0331436082172,729.4988941397982,154.47351222067482,74.75851279093345
1261.9840878306102,713.6333563826438,144.61671210201283,79.58664375691356
1258.8607843020989,717.063042064554,137.7496937231841,79.58551483167255
1252.4124318269319,719.8101873714301,134.84079667834357,77.13201016164774
1248.9570513978308,727.4900881052255,133.11079103298326,75.00870161804582
1235.2156704757103,720.8422174248542,129.63135157850598,73.60119551759826
1229.328363236166,716.8203796126245,124.55110951110223,73.44838415693017
1226.5559349097691,710.8897561374679,122.27800560834923,73.90616069048991
1214.2787388390477,702.252401077821,120.59360873883,74.84443921240899
1210.3716444265856,705.2044614726324,119.31184926930206,75.15530290627797
1209.9461345166976,709.5391670385874,123.5281967991893,72.59078839240287
1189.8092396448315,701.1163085194933,121.77052479326244,75.49548349549445
1182.4047123876815,697.1431369426232,121.96903424030214,75.49755776936318
1176.967258649665,705.3986808039567,124.07092105233895,73.39835907386
1169.0091342099047,700.5395214271869,126.10581726399559,71.05127666283401
1153.8152664784989,707.3541407815015,130.41801453430008,66.29151236685257
1140.9088149939473,704.3812021422331,132.18612345731538,64.59495247134987
1129.4763799965388,700.1247117837618,132.0263300535216,63.100570791063745
1142.6785839702084,704.3930048847122,130.33376983479465,60.87687643599044
1123.3252724686724,696.595791159173,128.45230189884992,61.37536951327899
1111.319483517855,693.2529037052017,127.97749990690244,61.51026603041451
1107.366147166726,689.6217793423003,126.7319683782427,62.281707580640365
1094.96562368349,694.6270918767555,124.590533554811,60.86302901603547
1099.730215865767,689.1030304202344,123.46309541496012,59.959966259375776
1098.2336278707535,680.345970957952,117.09685738437837,60.38268346348629
1089.2854116318056,684.4463314080793,115.44392237243058,60.3587383286162
1083.0385572298478,674.7555941808831,111.85950869111707,61.45265699344844
1076.6666801962974,678.3129586031991,109.5436036350375,60.470181697777875
1067.8860404462107,683.1837328810922,108.25759665760559,57.89755667475001
1062.1964393891228,664.4386538852281,103.22062052318134,63.05688520595791
1060.4903825495148,667.5400444501322,101.99199073846029,63.345141880678995
1054.7909119440478,670.1634111743413,101.28003551192046,60.96268946205564
1047.9230271664046,673.6424547303595,100.67288165958826,58.922279362646904
1042.040503424231,669.3808919157897,99.49186485052769,58.826828780227515
1033.5952611730306,671.7346648881634,98.66507857074575,59.082038458503646
1032.4955595478827,664.9293935539357,97.77138814016615,58.32947086757498
1029.9098036906162,656.9053324424033,94.59445155126222,61.856567171316726
1018.1849142551196,659.8485961421517,94.33551625514303,62.545601008188875
1017.4648629218425,613.9528067053582,94.70029315020895,62.02304618354239
1004.0133432310696,659.7886080631539,96.57456541304401,60.51905086979198
988.8144996897579,656.2981288307589,98.08362198000134,58.7649037945869
989.0261685245205,661.524207409097,97.89136263752255,55.764688486757976
960.591849236719,622.7716225167707,98.6072825678685,56.52022987748656
961.421742540493,614.782213942369,102.50647690695882,55.01871458001965
969.0170938094506,599.532714711088,106.45097389376426,51.3536109114249
948.6215478105285,611.5012933446008,104.91864821974451,52.43320046314024
894.67838098692,553.3802733682037,106.4613225715816,48.1929197879753
835.7987574941227,515.1360896319087,107.07214964365203,45.70183468597348
820.99867802672,506.6772947862784,107.93100448849671,46.23226845207262
823.8761550477403,508.01443022974706,107.74396530457051,45.9389431065981
830.2301910187821,509.22377036858853,106.94700126247325,46.10317292681123
824.510148099436,509.17791905438105,106.8246113384013,45.8846178464068
833.1914309368308,509.94411854574145,106.14500118264054,46.09553394319699
833.0710367174163,510.74794523746647,105.42600798427873,46.35293911118212
837.8035844663702,511.66797396489267,103.50317229124356,47.02475023296935
841.1226871129185,516.0595758736725,102.756386530604,47.10062821432201
844.5668992539008,513.9309213136598,101.55243042722891,47.38790056898921
843.9101911766725,513.2115744729988,101.54848474326626,47.160026539252634
839.8788915160286,515.0523229257738,100.69915258607848,47.84637467016137
835.8049076095489,514.0612271680454,100.8119583412384,47.27307706610853
845.5269714196461,519.5983744241387,100.81471903364232,46.95561439203965
841.228305794745,510.9344832865386,99.73796994950973,47.72682510145461
851.1124978724414,517.0952343868764,99.47583767897133,47.60564757293588
843.601447587012,512.2705236528371,96.7511740259587,47.25555574987307
842.2346151355895,513.0492014831374,97.8096170351307,46.5331989349004
836.2152964894368,513.3315424674248,98.57202585558068,45.64294772852185
842.5037895344951,514.4619579675991,98.73079880092473,46.23281121626022
848.6735292834246,515.6013006181204,99.0802270615253,46.46982711076228
846.3606659072354,515.2891315000323,99.86212090363355,45.23501012123921
799.6585510603759,509.46397362595326,103.4992099467928,44.39664157892638
808.586729342457,510.22670698159675,105.86749201124582,44.52154888298854
827.947844035333,512.7502557294631,106.93195565932494,44.34616788773989
841.7261799809212,515.0577432805635,105.39601167881881,44.94095412439417
844.9743148751572,516.2884619150867,102.06966120158046,45.460302724324094
837.0853940582592,507.0432117072507,99.35344618851026,45.32008028664505
851.1036960911467,522.3825726547586,98.89590131584849,46.53564408860563
850.6365353811156,522.0984327770451,99.54560914013103,46.595129130446615
805.6570197462373,506.76016806214,104.17878431286314,44.68073030654335
841.9253737393446,516.8208527556432,102.48560284690012,44.94712322012884
837.043424595464,510.0468488484801,98.41307924120805,45.41621837379095
838.8117169601355,512.9070355254472,97.12398168552534,45.66189740298561
840.7898909731681,516.9629068248865,94.55406122194745,45.98886080986315
851.4775967282347,529.7826042580517,94.44596475763336,46.48272676832209
852.0088991035503,525.2496478369108,96.71861247630335,46.19935002283863
848.4133456603485,526.8686209094777,97.8378624290258,46.69145961068993
847.4043636838629,528.8102302107054,99.76989757196436,47.810320215674146
848.8648043013718,530.6525702318208,101.49503434217938,48.38899983170177
849.9636819887139,525.2390435643318,101.68271323470074,48.348680000003895
850.6683976405728,528.9722167933438,101.19755585821369,48.43750801636966
845.0852574730834,532.3508342769958,102.07909710882575,48.388980170388706
843.1435150119554,527.5294254785406,102.1382975563662,47.95508783204329
848.2290334187765,530.2805550362515,102.11593391825238,48.28544247403726
848.214331615959,528.4087769056185,101.25209529906022,47.531870440282695
848.5073583810665,525.8652241881763,98.88150142270791,45.791203781493905
844.2240892679131,526.7595044912248,95.66043080161782,44.60201760575454
848.2975076334403,531.9382504291779,97.42580999617638,44.557791227281385
849.1266921225017,530.0858775650931,99.06696459760136,44.35449638307409
844.8277924712787,532.2211379226751,100.13802441997905,45.074701358264036
846.8555872993628,529.8687120304112,99.8565545635067,44.60147885035242
846.5172143413907,534.4014480376036,102.03090216906688,44.452376431765884
843.322508759549,532.6732172838971,100.44471500334383,44.72896237657572
845.1205478420735,532.8902200020066,99.1857031386848,45.283398415272984
848.0354706360871,532.4686323516939,97.49860315724374,45.83145323243096
850.3355119838945,536.9319310621617,98.80668429010083,45.82389306863434
847.9852056784026,533.3060559075757,99.10503373360277,46.48991253302885
854.0232906579965,533.4210175678803,100.74575764647273,45.9026499346468
863.6050091788609,535.9961162968114,100.26914151647486,46.858186326449506
863.4146699629896,527.1320699543262,97.97061992888547,46.36194020132413
861.4876416296105,540.1729658612713,98.75095185320626,46.785808159078734
868.7472880698177,521.943380740791,103.19202559583238,45.92234770608597
895.9028376003677,523.7894698129471,104.42758502252818,46.6328572202641
897.9218817848229,518.424427897418,110.91980048911756,45.06110230030632
908.8552729929852,520.5191519872227,113.77127420589662,45.193165134718335
907.5232975649911,509.0380948858742,108.84119076455292,46.593063192275814
929.9965711873833,508.7852124575674,108.21977582645847,46.30016469478949
964.4923664919783,514.4738351526437,103.81732022496898,47.15333831795924
997.3957613411222,506.9388198742084,103.14032478636287,46.6971812912487
1028.1699368237823,508.75470933281537,101.52096604769213,47.50058645110894
1063.3482477900359,510.2704473289111,99.83464652508259,48.105376887839775
1096.3204629123447,517.2786431702838,99.97124045787501,47.19355642486666
1111.8334827501997,515.2085476709743,102.3474608111932,47.023321839906174
1138.442209737117,514.5463991700443,105.22772420430641,46.040716063702
1212.7732292921903,525.087601553318,106.91260783124139,46.13262865395288
1240.1495167583394,527.7584678362222,110.10214519037204,45.0238977569481
1231.6994714228579,520.110949079948,113.60042544096007,44.307057388629104
1280.0223664476664,527.0483474309618,110.81928801903395,45.220055877824784
1304.734350541039,525.2724149795636,108.0976048978182,45.58761221141201
1342.2807081079545,524.0003232191203,105.81282774148013,46.78166580898007
1331.0513380465813,515.6447566351906,108.32011406400302,46.98102135118451
1373.6788853872915,533.5768525961879,107.5089811664601,47.650818940742944
1395.978016346242,533.5523574425445,107.31365268668137,47.461944237933906
1408.038881621299,532.2007242009543,107.43806240193302,47.222102155358456
1406.5294286835372,531.2644407938255,113.04797917128312,44.71505826985186
1427.393383404364,527.5909241349393,110.66845092733114,45.661599388391785
1435.2714937330443,529.3450640138528,110.54526516034335,45.718484216923635
1434.6346931023854,535.4494146499413,110.32657603930299,45.84211632348596
1447.9214681792428,532.3017621027334,109.8977053587463,46.09109703599766
1448.5930009583205,546.545128992834,109.32936390746029,46.504141279994535
1469.0591409499013,552.9125235118388,109.81702812556966,46.36048132851143
1472.2971228476138,546.1817608383493,109.59952697773433,46.46690495850846
1455.913467938502,543.994456886227,109.61136387582862,46.415607748855905
1447.1059939639322,552.2552645493363,108.75961221553686,46.87393792080775
1461.4294781625683,541.640317075709,110.01522260056852,46.53291400474197
1479.3951742489642,538.751001451735,110.2449989028997,46.61192490294129
1485.9528156001797,538.0141572401058,111.04885524791655,46.5054294028721
1485.1747134864718,536.9164156289389,111.08832367525757,46.49422761112319
1481.652229892121,534.110934256068,111.08176943465504,46.51819070433561
1438.0507913135696,508.4861749849463,113.12042856097099,45.74039857393246
1421.1073346761823,507.85378995314,113.52677292260789,45.697379890249074
1392.534886474138,503.0210383594757,113.87536797970796,46.82835106826637
1392.1282972854174,502.2023559070389,113.22318648624655,47.61152108420256
1431.5614395063233,515.9969141025296,111.46462227272164,49.97836638522331
1432.0795675837467,525.1914617366144,109.89973828857599,51.122355993289915
1389.6974535573777,494.29263345341536,110.50985988751198,51.41442827912618
1378.241962794039,500.9995322510158,110.54882719910107,51.76855429620406
1381.4193221003097,500.7716627625143,110.33864810011377,52.599921467742675
1400.9398557086047,497.3848127726348,110.96583879551835,52.47738811887136
1380.6502883663072,493.11122744343595,110.86593445933119,52.953724267819375
1408.4862734370581,496.62551532648433,110.26733181443599,52.82562700357177
1403.775371389142,492.5653626464443,109.84754893860509,52.94278237644538
1410.624344257013,496.7940629830476,109.72585447729469,53.21782719761691
1416.1204357640036,493.9085435872606,110.60476687661412,52.68060374824969
1413.6343176314099,498.5430226350446,110.82854300248354,52.83611033464325
1398.9348536573245,494.7486243575284,110.65415935517919,53.08708128905516
1401.2880036714728,493.3679522466844,110.4235139843397,53.16543226629766
1401.410805580838,493.56560730246224,110.80577118671182,53.206337525055424
1392.9051842594397,492.63384808805915,110.82341458520672,53.21845601552989
1389.3093923303527,492.0278904372669,110.83149550621046,53.22379358950151
1388.4536961963909,492.3327374706451,110.83224517243119,53.22328163759349
1388.3289164662588,491.3699729940128,110.83773185460797,53.22126532767437
1391.1579398861945,489.7749552317009,110.83798313651495,53.22078311779687
1388.752979708922,489.28621599098517,110.84303515125947,53.21771018258547
1388.535871754723,489.0232069217972,110.85305827697977,53.21180758013986
1391.3728905719206,489.94949571921296,110.85814130650624,53.208048236963656
1369.6516088316916,564.603422624573,103.13720250286761,60.16310618114413
1362.0287339735019,561.6597325351382,101.43751601608419,62.28533118614292
1349.7515335742517,547.7821134485918,102.04856324571679,63.784467330499176
1351.7714507759024,552.559648543485,98.31800001910105,69.32119080417542
1352.0343048741547,550.7799035305171,95.18039124861511,72.06102339737865
1337.3272767033382,548.3148654786789,96.25030145745572,72.38092194106494
1329.535737748594,546.2215277657906,98.60821497303529,72.51569146690338
1340.8441429739871,543.9135267267793,97.1989036349629,73.47983854972277
1335.0183294137687,541.5712076978342,96.40051462893211,73.74988545293773
1325.8086638711404,539.2947072305956,96.06877306874699,74.85886146167839
1327.520169125227,537.6675999852035,94.34982490619225,74.6909594698604
1317.6692953494075,534.9804367373703,94.13462792697771,75.57226989884155
1311.4995695049977,533.3929774252238,94.81864265155782,75.76846544322649
1318.041781408507,532.4153925994179,93.52150801012736,75.67062055504704
1309.6747318166829,533.8304047208204,93.06958398478626,75.67130185109522
1308.5828721132605,531.7543449907181,92.5466355222293,75.8433163508204
1310.9257066337298,530.4844757128974,92.18236658571726,75.64375438628686
1295.3410041108998,531.1826052151868,94.00498710380276,74.15014369458818
1285.5931833873806,529.131818282781,97.53118310103689,72.70393506192879
1280.2855295841173,528.7197884907082,98.99024959610784,72.14561150085076
1276.7320675708586,525.0306641085546,100.06544614996628,72.22232820011568
1272.8719697290815,523.0944348171998,101.02044424562285,72.76634012606476
1264.0235747937015,521.8864575524208,102.19459825814299,72.55748358565224
1249.2617344373193,518.4416587435331,108.93372694064409,72.54205196580735
1235.2493695215333,500.5770373742906,117.12098630158431,73.73666750760727
1210.5581837381549,493.22767316665914,127.03978740466366,75.46912666179574
1207.1171706197654,490.2387464970582,140.54005011579213,79.18106443970963
1201.542073201698,495.38287106328687,148.58433689079638,85.77067907701797
1196.149119748242,492.84297710017756,152.1244387310085,89.13387816754607
1192.1675671742366,489.5210606037734,155.5145954742987,92.69217010653695
1189.6851018052987,487.4577065935884,155.0155745894205,93.81925020596296
1187.6582629807988,487.77416053759623,155.20004098156215,93.12328964222644
1184.3903938385936,485.0641901366689,155.65953343901992,94.19798030008292
1181.3682761481396,480.3144588791612,154.7667003560972,94.5425728535127
1178.359729047956,480.6345272096376,154.90522097049308,94.44953247343723
1177.7723406199968,484.95082157430596,153.17330336358881,94.1687416500159
1175.2868530769829,482.78577042631207,152.1991816269094,93.98448647609007
1171.7683154761146,479.0247367797135,152.57593681785875,94.70195978163206
1169.7027250800973,482.91066961010256,151.5087925480787,93.08536615056501
1170.3676910928566,477.09488292634813,150.3735012951213,95.43253308946456
1167.6262848843503,478.1084914435231,147.49866944225573,95.35009610258253
1167.397444226477,478.26051491695245,146.7238551070028,93.7078660562285
1163.345042640521,480.4526016996543,147.2006190079339,92.03106847413179
1162.0801238002468,482.486053995346,146.86842062652454,90.73417138623549
1156.5595745614003,478.80505351569747,146.80244423214387,90.86938295806219
1156.9705747018302,479.720740688946,145.83415520313048,89.92550313616411
1152.7370043000292,475.7349233492776,143.16602955686238,90.96595981297097
1148.4004520942415,473.1892326420589,145.93787283049267,91.71937021401678
1145.42185075955,473.5072534635003,146.76464353626142,90.38460844511152
1145.7309498474667,470.62384806935887,149.10370085683573,89.41490692266015
1143.940432787557,469.33207300360465,146.57276332163474,89.19378436588508
1142.1294074153539,467.9077937619511,145.72648492499692,89.75321431076983
1137.0219331360572,466.5511701539189,145.94958246033616,88.96249190835043
1136.8105863754402,467.0630747281427,145.65062369815394,87.43029383726426
1132.007816375557,473.4368442528789,145.4616574988845,86.28994266047134
1134.0660457714787,462.07248459792044,144.39850219762064,86.85443104199193
1130.9771484181476,469.69483273034757,143.3969175323539,86.3937368966042
1130.9140167766009,469.0067786560153,141.18493877969075,85.32177371895067
1126.5535214731187,466.13499702894575,140.9431254002964,85.0651104441633
1126.5424582980434,465.51211570441495,139.2290983060878,84.26788729071632
1124.041268048989,465.4956097223673,138.83422820442945,81.92650832533981
1123.2333494834418,464.718397603023,138.27190505961752,81.30291695302573
1123.9328334724626,464.74245601879153,138.03440887943304,81.2065703165327
1117.176073059787,464.20395143869797,138.65834200053192,80.62463512506346
1121.168754131618,463.64905087903634,138.30426765601018,80.40746268831278
1120.2760185341895,460.6210554540392,136.90617076575754,80.21055762483523
1120.456895364241,459.89114656290855,136.46741700785498,80.07598069582843
1109.8595759791133,460.2128854503469,137.4939959767949,78.85708999771508
1118.3326286428824,458.68651499325114,136.77066906535535,78.91728739867412
1102.4234914051046,461.43442961393475,137.03018492705468,78.59484864338465
1113.0946075286374,459.3728482287132,135.9152471796595,78.35649129153026
1106.661545828967,464.42749690069985,135.79050459294194,77.16114054827071
1107.3216861814167,453.31381107161263,135.8197043995162,77.62438040590602
1107.3679321137208,459.2898106208181,134.9279252025267,77.2888821375649
1105.921034917048,457.3262442877042,134.41973636498744,77.25466325148149
1105.5170828391065,454.9281066439616,133.96957072318685,76.95953544149516
1092.9549194214642,456.4521919775102,134.60453079733927,76.2147469396279
1104.6036354189266,454.6689057745331,132.0585781943475,75.82129283060651
1104.2100622438384,452.11296133799357,129.50594012772723,75.17701794685742
1106.4424319669465,452.2256761818964,127.94753027857908,74.93737171500659
1106.2199972153724,456.7443815034354,123.8091389677103,73.53142755164313
1107.361939036013,453.8172349960315,121.08981647531249,72.5949433879848
1107.3899856914875,451.4975739480125,119.94062792842186,73.27104562339217
1107.9584437384801,450.4161421229484,118.57683728123483,73.31584886411665
1106.6264054947476,448.781342491954,117.18674588230071,73.52276610663243
1105.6864951747664,452.5386602070404,116.35797932352871,73.24915373996959
1106.0850409702964,450.01477412772465,116.17373901975992,72.18416009550876
1103.39623168159,445.25665498984625,115.74302146627974,73.06318032448098
1102.001182592875,448.0205341677878,114.33769649399872,73.69984874815295
1102.5431551413576,448.6250576717135,113.21747843581296,73.89624422737795
1100.9906672059658,447.9867178165792,112.35183258810713,73.34948809682206
1099.9601686339176,444.29103577355636,112.14288134294799,73.29492766624324
1101.2526524473683,445.8650596095015,110.56901719498052,72.84928892418141
1100.90609661601,445.448274031525,109.78310175311682,73.76728697998279
1100.6082785141432,446.4732553976487,109.13356919103045,73.41012016482534
1097.169567738282,445.41081468434027,109.48185227569516,72.32988911204473
1097.3952778879996,441.8515154861931,108.3736158211502,72.60335548577953
1096.3563335846225,442.85325389996876,108.47500981140614,72.31327395152512
1096.2006847137277,444.8432955918107,108.4276329580751,72.21286067883888
1094.166020124577,443.6389931234125,108.35932192032877,71.92768574991491
1086.7196852403013,448.0773810307754,108.8946613294952,71.4762525291012
1091.275534033103,446.094046736929,108.86492635394049,71.04089228617745
1084.2915183975533,447.4128603118946,109.26779739866033,70.7771855066513
1083.5574488660036,448.96174454952853,109.33055971201495,70.73118489785074
1065.0092681200179,456.70325066168687,110.30795374659527,70.20748488844738
1045.1010342406462,467.23861281685976,110.22357633166052,69.88862537918229
1046.0864815024033,467.28181443306005,110.23023493683581,69.88124406191668
1046.5482062079275,469.7826416405719,110.2459927207904,69.86361314277306
1086.4271832952336,455.62258057373185,113.05565224171227,68.45836057060134
1076.7399994852863,465.3607158265001,113.16437875396413,66.74171406216006
1065.1901585568655,474.5772831009551,114.98364289274468,64.74580792325006
1087.8729472127134,472.4174753197733,115.08854439295064,64.38296488111013
1096.731639725655,482.0947674218684,115.81360410725397,63.342874776460704
1112.900922086616,478.4236337823596,115.9350501958552,63.24416476758973
1116.582246728964,478.15389720042054,117.33874557131448,61.81342057076919
1142.0587811413,479.1012104164761,119.49257398148616,59.02694836350826
1161.5996437620158,478.38961605327506,119.36378894999977,58.52540521503039
1111.6880388868644,501.95069952439013,118.42205747681908,58.79355228664174
1111.9059748812765,503.19595246305835,118.35929468215981,58.81657097648731
1190.820893952955,488.85012434709387,122.38423971111911,57.46547235788959
1157.6781037738228,503.4009766373038,121.62563812396327,58.07817612658539
1157.3590790720245,504.985095934761,121.27276473790431,58.2651073504372
1170.015454140621,508.4267735526261,120.03508464831977,59.048582552012775
1169.0236790500096,515.9545389869216,117.25787023267556,60.81979400814947
1162.1735334191033,504.73273843385766,117.22150185878917,60.83311038791686
1182.5623346705236,508.32631510321715,116.03842408898478,61.45493897497783
1192.5766013435914,538.4178012755574,114.31796952805172,62.45446593344893
1186.4048647637085,515.8805750078926,110.78077659409128,64.10907482221016
1191.0164586621145,510.01266803547105,109.36578100893813,65.07877868834453
1179.6042024477915,507.46557492644325,107.586983341674,65.64600615961324
1191.5217594959463,508.5265459494975,106.03402215463183,65.65359854419968
1194.1914667884605,506.8298348021933,105.01781332900684,65.95246415520995
1186.6440174746128,507.771964058446,104.193105536321,66.0615813524585
1195.5440963674414,506.98665734120885,103.47063630890662,66.2265235092717
1207.113131649769,511.7643497459166,102.58206961811665,66.38648697316953
1216.94755637731,511.5297366125467,101.78241282149067,66.53365786658964
1205.8030176497762,508.34911290331974,101.7461110192465,66.54894968375842
1198.6266682970463,508.35255101775385,101.74101760804817,66.55004936507753
1201.199754984542,508.38136355309916,101.72536291164666,66.55499849248892
1206.2132424925364,511.9015519293342,101.3650018557188,66.64228128605154
1211.7113410229956,516.2625545382938,93.76594298184378,66.63114112121406
1215.2161069685412,524.766450149873,92.75506050516059,67.32333766930357
1215.9712536683692,524.9360166891414,92.5633622190416,67.58782334920286
1215.1786017329018,520.690774543233,92.32068933114512,67.74576773960315
1221.4454278302487,514.2562123040536,91.39592420577064,68.38876486614294
1219.2178357129753,519.0188654282817,91.13112063906489,68.37165609616147
1226.3846919016955,519.2589308781595,89.14554960868145,70.40769776730396
1224.5369327064586,515.1823736942811,88.84812152819204,70.52351982575567
1223.3186327399144,517.8965384609512,88.83200688786494,70.52820631843971
1230.8679826332902,515.2513486878962,87.92609142690698,71.02370227186512
1232.7759653498777,515.268678494991,85.58932287666428,71.73709647246477
1236.4743849026213,516.7324627923741,85.28921151064162,72.10562823371717
1235.1663797766357,516.9761760032189,85.08877886237512,72.18291736707523
1236.3244267001844,516.8118624973923,84.28736983612082,72.40977904038496
1235.2269431421248,516.1519016218571,83.7184353343795,72.9728552705974
1235.3952589866576,515.6608674349509,83.19131050878023,73.45616916897625
1237.6995135533489,515.2564046320769,81.18224195159029,74.0480820307103
1243.8003288736663,522.583244294472,79.46370651413122,74.44228658395093
1244.3076718742573,518.915295552616,78.04987243911256,75.18405136544125
1241.1257190857507,515.9567901593131,78.14351255326937,75.21513862469887
1232.8052243153916,515.7712499857704,78.1377801793135,75.16426142136665
1240.9131818990768,519.6247726412926,77.7304396820091,75.32838086832828
1241.283852988982,515.2862670416704,77.60317743545804,75.26620083084784
1244.203689962653,523.6206397074168,77.7703074609467,74.71249292778589
1246.8091354298322,524.3690522370035,77.4621696766694,74.35846809761925
1244.2836037337736,521.2571668414017,77.48807622986341,74.17273332722768
1247.4578365034108,519.4680619081556,77.1279581560121,74.58489866079184
1254.5470556455139,515.7407803522688,77.58190610872224,75.37007976201585
1244.686189550961,520.458237905809,77.64112988585286,75.05905431949171
1245.9499238405003,520.1257843511113,77.8489564489901,74.42908768528466
1247.7964573286572,520.7902351165583,77.55729338514534,74.32103993265248
1251.6538782724801,522.2577443640957,78.8120568149238,74.37378084682138
1251.4399548768376,521.5541615285041,79.48979378123806,74.13527145600844
1250.5834625041662,521.4670808651537,79.72171018721139,74.62979657570467
1250.8594636969108,523.2360063381825,80.6922273042643,75.03323142059368
1254.7340422012426,521.1426946776231,80.36491090980894,75.77245767803757
1255.889942682618,519.0923698632997,80.30574696315396,76.18248796775406
1253.34160092464,513.9727735360265,79.66743162697327,76.7608666790017
1253.225851062647,518.7021808519496,79.66029799566645,76.56357043337914
1252.3967336743033,520.8551942823252,79.79216753741156,76.24765460450493
1262.3292662958222,516.0188490002995,79.11808090387083,76.06118182111565
1259.7613993962625,520.4897646302475,79.23153887342791,75.80302450247548
1258.7151010981477,519.9542366824493,79.14175205954444,75.52421156169517
1264.6313905876175,515.0388757056786,79.28622145934465,75.85479338949108
1260.9987655866587,518.209255809818,79.48304834114496,75.79166140233905
1261.704982675136,514.1540405489202,79.48845384270733,75.81540771770428
1259.5720067277548,517.1476999221355,79.53210939682106,75.51440055264524
1266.2983615116193,518.0682916889639,79.57307406981091,75.15221362063694
1263.713925598307,516.4973623237133,79.30639981802962,75.38685361309268
1264.3762075159111,519.1886453476997,78.93642157555755,75.60126299655529
1268.5122468072284,523.6785265147187,79.32907937496374,74.02378637494519
1268.30682251186,518.7380406193307,79.1993216984605,73.62166068828623
1268.636027442274,515.3022280945488,79.1298157571033,73.56917957823435
1269.3083336909074,518.9556505978909,78.36289745956863,73.41763393537445
1268.913020077469,521.6012109307247,78.45195576763146,73.42483872726852
1275.6319833061666,516.7763341235861,77.91671439768838,74.30886624977285
1269.4185168023948,523.887248262472,77.80321847896187,74.30627399756307
1276.6574860899113,515.8810647240416,77.85514656196844,74.05325583955532
1273.0080900606254,521.3446680705374,77.6841028196784,73.9087144735931
1273.346613716773,514.4871664810603,77.64049013682467,73.80893425286608
1275.9411771330456,521.6581495020866,77.40137400680014,73.47921473521976
1274.242718385063,513.341246714498,77.35790498421896,73.44059564311603
1275.7277442352204,514.7591354075298,77.19367102489319,73.26335029108958
1277.5471896617203,515.4966622452587,77.24187356333489,73.06396570341253
1281.1580098335116,519.1938038971164,77.2283714731099,73.06937361984944
1281.044433933661,515.2825344818821,76.8063338505255,72.89446212234057
1288.3864146026926,512.7840984450597,76.81934081556112,73.25332984840124
1285.8503083000626,516.9203049159103,77.70604219964653,72.26736122197677
1284.7599913747563,517.2126430818711,77.73930442871907,72.04667858780095
1292.049001796918,523.3914430151988,78.07875417072297,71.70118493752457
1289.9964418505324,532.4533249040469,78.18702162577713,70.4401482987044
1288.279579602829,520.7700535918899,77.91540937955918,70.21007243327622
1290.9024466822168,522.2983997862631,77.90425128670671,70.2554726180605
1286.6751430215822,513.7148515536434,78.02863065322389,70.19300631933321
1289.7345108406573,513.0993863611279,77.9741360525407,70.18882627187389
1289.5012565490633,531.0817167075797,78.2979305329655,70.02846866662001
1295.8619183126723,529.9219754898355,78.66960221981768,69.69098742686536
1292.9789688591768,517.0129989477368,78.70792738475403,69.16477519251184
1291.9319291808602,519.2173740913269,78.64556310871308,68.9340606396553
1291.8201723905513,521.2020475921406,79.78524440170362,67.25693611090433
1295.5860982182755,518.3156094191673,80.21108682207232,66.53781465583212
1291.9083937757391,520.2128063047553,79.69429644920332,66.61012531810431
1294.4750507880412,519.2476858430591,79.9012817581173,66.3838441718287
1297.7796030381587,518.6147463407141,79.99395040580131,66.04892714142493
1290.2796992827969,516.1779215397569,79.98680244155192,66.04498512285573
1292.6938460095218,521.6683716245163,79.93367266750653,66.02438035351668
1292.0239846650545,520.6327393000657,79.9197968650252,66.01304329371156
1295.278352967475,519.4887473619106,79.84852269340138,65.81178842434528
1294.6007409231681,527.3728874286951,79.68757468974852,65.90142350490513
1297.8139839181117,524.0104219086172,79.69239976187113,65.89234375380505
1297.9467496196762,535.148460691118,79.38010878264379,65.84882190684199
1299.9109847539582,526.9741183268948,79.35918596777933,65.89419586529172
1298.2727470082943,526.5458297460395,79.68857621050473,65.55794970504824
1300.6947903419893,523.3166342743544,79.8769853336529,65.3932782674501
1298.195203977403,522.8190370833083,79.8903462511503,65.37276022320067
1303.4687597599006,536.312676452549,80.42589907914997,64.47442130662351
1300.146224011151,526.5989829013758,80.43006364603112,64.47015753370428
1300.2461947246836,528.4494310368694,80.45452861201197,64.38206599557176
1300.941063069185,529.066097211226,80.4970706555689,64.22143867177655
1298.4481562398585,521.8187260648639,80.38762194674418,64.12170203397704
1301.5992406363034,533.5476996110483,80.62911318309193,63.98046801335225
1303.7186694281795,535.1935853487969,80.61140062805349,63.98069999018675
1307.1301812601746,531.22067259369,80.6132889379627,63.97994058620984
1309.115264151663,529.825395946471,80.62395017500849,63.973859454042426
1308.715676460119,528.7742696261406,81.0620256521899,63.743226234980774
1306.5326080420928,525.5484327898585,81.07308670317244,63.98108855878932
1310.2719428121538,520.79835412947,81.19907701269148,63.89238190332253
1309.8239216659324,527.415486176732,81.43354382137517,63.858413705840576
1307.3131108623866,524.573099566443,82.09174762569191,63.396409900975996
1309.7859178466626,527.1868290368726,82.09658424586249,63.400677100915146
1308.3546802354747,531.093288585805,82.10125446015341,63.402924811987845
1311.4759221534218,537.4530509673648,82.31966467536328,63.08959846473873
1314.959143026695,545.2521952740466,82.43400628728934,62.95732911063691
1313.7139685401833,544.7347851589167,82.98019745850829,62.14666718917229
1318.1407501767003,542.0033880528015,83.07866566567374,62.0587547425509
1316.5020109525851,540.4266001633528,83.23581265096867,61.8139393667167
1323.3558460906945,541.4952348444905,83.25622988530053,61.791869494994096
1322.868112106608,544.4166351647974,83.29669147927966,61.74355750382669
1322.1783106019302,551.6973153525031,83.85312770833048,60.573867507755914
1323.1368426069328,551.9138458417378,84.28125030681747,60.0534414528957
1326.367029143172,550.424093881843,84.5062311512383,59.66760958041283
1330.4833839890896,549.2818554139941,84.91728195819984,59.337365403281865
1328.9695575950425,538.5881849528354,85.65427820656507,59.007795756760935
1332.1542747486433,538.1229032637298,85.70096530586227,58.996820497016856
1336.012365688327,540.0740789781676,85.7376216575169,58.985572212325515
1337.4252376578004,537.7668641568013,85.78662529209234,58.97450996896527
1340.4973399524752,540.2668584174091,85.79756614843679,58.96644430747767
1339.307338981954,547.1557229851344,86.82212056595729,58.2379455980386
1342.6722641697575,534.4479251669628,87.72441005770014,58.25287919270968
1339.9559258651593,542.487143293647,89.0544594962594,57.06362943750119
1342.349021573324,548.3960989571002,90.09751276429797,56.59715014676551
1342.3624720189462,547.6522560187655,90.44598670279638,56.31590096129471
1342.3383576200736,556.0270627494442,90.7331307041543,55.98915186748926
1339.8649429229808,562.0390889028691,90.85993175231735,55.719096942401976
1338.8086400506045,558.0272030509085,91.22384792671156,55.548290907177396
1345.3417902340134,555.7271946981698,91.25993286796091,55.53845380532796
1348.2058583812573,560.1831220812027,91.54842326264132,55.33542872909794
1349.995171513124,556.8379930748661,92.12424633405469,55.0176747213592
1348.2622013839043,555.4523054046031,93.06955009689302,54.62808148079447
1353.6409573336002,553.4829947737468,93.25629190376249,54.578052228793666
1352.2969197204607,557.624425942937,93.37740264910992,54.535585623884884
1355.4801747468296,557.9033809590267,93.63484644496988,54.44779436489448
1356.1449496710443,561.0029815292903,93.67644413021493,54.41765932257812
1359.1075618962388,558.3063948686328,94.22985440293017,54.26447214971887
1354.7372939325521,563.5120062283916,94.57651638732541,54.12263635696477
1354.570898660677,562.722528739784,95.8969004297245,53.636356405338105
1357.8190742304196,562.4298460119157,96.07235852602727,53.58992674631549
1356.9986017645622,564.5908787418164,98.54288889267846,52.569860778798756
1360.0208252714033,567.128478512755,98.97787456020372,52.46616184297773
1358.8363681998994,566.4581880443069,99.25323457954676,52.36316561799393
1366.7144485865367,562.0342002776915,99.82040816471084,51.973904225700494
1362.7580379759777,565.3235385370718,100.02035850991636,51.95905446429969
1361.102392980704,566.2533699932906,100.09023638090642,51.94480708480145
1364.9543720514928,564.1103217096794,100.22233742747164,51.88482383782928
1364.4863361498444,565.4605207950372,100.29165501272755,51.88280492939263
1371.1217376047157,565.6643120814692,100.30332089848429,51.875137632547585
1361.3995751545704,563.4734748451303,100.98176123992711,51.63496701345125
1362.884492600418,567.8023545833809,100.70357632879612,51.78474623954802
1366.7142631642464,565.5700367402721,100.8367226705371,51.747346261063086
1375.088147553455,571.2067492085486,101.97593836623778,50.89848460736184
1371.6941101695802,567.518565265105,102.37505936422043,50.75331438750015
1376.699870324031,571.777881442435,102.35249608285271,50.757114858061605
1384.5360503210359,573.4966711198366,102.33983228723457,50.75472228111001
1385.547122699066,568.6785525453275,102.17823922226287,51.86342669093372
1382.1196158528724,572.1803656087923,102.84039159157493,51.89142802261282
1381.5074758836115,573.137669085454,102.89670831030224,52.00678961922538
1378.1713286528125,574.4911606473645,104.07295443393282,51.96543528488886
1385.3654109142483,570.5831906466651,104.3203310869569,51.99948404882622
1382.6545615332236,571.9148345822517,104.34339896992952,52.00067257183196
1378.642137081035,573.7997735274765,104.98123848940011,51.88576751771744
1374.4165785007904,586.7830108154412,105.87288973866428,51.83860516146637
1376.9469728230904,584.0829786883669,106.32851992813565,52.737601017214814
1381.3154020429108,586.3470395456138,106.88495997229889,53.36403643650732
1370.4457662118627,582.9007927122393,107.13860815303174,53.38760719282806
1363.8831722402444,572.9074428729488,107.94018462135627,52.59421364867713
1377.9540722943716,587.1985768540347,107.75001555085333,52.727328197280116
1379.9984226743175,592.215928379968,108.88847515097125,52.91333587515393
1389.7323980807762,584.2661858296312,108.67485915763528,53.64253106193557
1388.4744675941695,598.7554087515963,108.79082524718436,53.78063347995683
1387.402090600454,590.816513980909,108.46820214303656,54.23793223228532
1392.2704763680288,592.7698272550464,108.37758173559666,54.417980071990435
1388.477251030877,587.4417976399966,108.37906752340714,54.46766300746755
1354.8807222562443,579.1325544675434,106.61283021661988,56.00566957724263
1359.6277965635811,575.1698190796576,106.47670350134861,56.12415831821845
1356.441795701726,571.0798619527839,105.42931396129394,56.67281905344699
1358.2289401598612,573.0879054010868,104.4272507074272,57.12866371060604
1326.2330661436906,569.7345862051955,104.24237874563774,58.74738056558098
1332.72792927927,572.068724339918,103.52911294265894,59.45125982503432
1334.206914375943,567.2588531691198,103.50149877397534,59.48822992727545
1324.7545730551014,547.8653362127857,103.7964094286149,62.56655154163151
1318.643659014145,537.6252483842949,104.0340338822114,63.01680493483195
1326.1244801209702,553.7072067744606,103.85988304049505,63.46853890513916
1332.195175868156,555.225050064183,103.82260437372902,63.54084162576376
1326.9907727036596,553.7244998178511,103.58071439710942,64.21128868450351
1320.2076662938866,553.6167682892269,103.61775583315602,64.40450629385693
1313.6357797345374,557.0787864139204,103.71746017425423,65.90529306307359
1324.4257525776745,548.3370510053699,103.67777720627004,66.40209607446965
1333.9054498260582,550.1746879652089,102.93453421773327,67.82333048086377
1329.9808970436552,547.5063361044552,102.94957107286822,68.46256379716547
1326.1777790321185,541.7288476088305,103.02851014630755,68.61612679634693
1328.4019165343338,546.4932265765153,102.94731820771679,68.82610567802458
1329.215096812089,547.3925070864541,102.95884622614668,69.0866405179841
1328.497425712714,545.5041365616322,102.88230710693935,69.19116949116864
1337.3964575211096,545.7219037814824,102.80973596800187,69.25078960612612
1335.3914172768143,549.6789979730436,102.76123502826678,69.3792803975365
1342.5900299159284,547.392229888541,102.75471210407507,69.38880450494385
1335.8258396169376,551.483709281214,102.75349043990164,69.39242436086676
1332.1742088999467,545.8387203223699,102.69753597851413,69.56171702047901
1328.751584389703,544.1299751721508,102.7502064740986,69.50765875265881
1336.251002358191,547.4760201407746,102.74512307070103,69.51329552564687
1318.3156336850798,557.8224340283981,104.52599418099226,69.0490566050711
1319.736733662819,556.2874161607363,106.28797767139483,69.19997501931245
1330.4689043212827,555.595857693809,107.12201458753148,69.96986732812766
1326.0511964484388,551.8760428335469,107.12946874172151,70.33238835609222
1337.5722460422314,547.6844801451173,106.55591857643955,70.66029422995783
1342.970547963606,551.9644788953912,105.4261211458618,71.19894641705169
1345.7671164980145,562.856345855017,105.15031662108825,70.13711841244961
1345.717547321011,556.4096996981219,104.29240295198032,70.53172862568485
1346.0993846754977,551.411520519019,103.92867181436003,70.6847110333962
1348.7947698476858,557.3571842280152,103.90537281283899,70.41768381625725
1343.6742369751528,549.7311554863547,102.86005169360591,70.62186307324698
1347.6290387827805,546.9261367424886,101.76457482192083,71.29236480385339
1340.370148345053,552.0058604327127,101.26092919049593,71.51005168302177
1342.0508097814106,553.9823175500393,99.81015280258646,72.11754237292512
1347.0837088664828,547.8384151661442,98.78822150045934,72.2295561131691
1350.7238682586492,550.9761565297194,98.5037375537848,72.2669558096161
1352.9493625523821,550.7203944624371,97.83752576198293,72.52875732912703
1355.1202625360181,553.4271593555258,97.7220914047148,72.3132489399216
1358.7426623093593,550.3116132621291,97.7060537265445,72.28884009447194
1362.4897625011176,551.5237664300759,97.70887286910788,72.26513271430508
1360.1128994118035,559.4270354621308,97.7002904858423,72.26864041289656
1358.144683471747,558.395968417906,98.03906764376411,71.50134862694945
1354.1556441926816,554.1730022186755,98.0166803261496,71.4443453305639
1359.394657659762,554.8954121980532,97.87529542269573,71.44733385964503
1361.2810373987263,546.7194460950226,97.86949815851533,71.4487529564879
1359.5667117963803,549.7320983274689,97.76339496645211,71.4839002745974
1361.1989225162145,546.146286588385,97.75962845920102,71.48527443189603
1359.4017608199852,550.2602329971048,97.61786232054058,71.50341182849512
1360.5079166382511,546.281464673134,97.57883419526271,71.51919254431989
1358.5448416198788,541.4482255398067,97.5547554762262,71.52636991551512
1363.943572411053,544.2956295250124,97.55163509808715,71.52850270954039
1362.4679034605479,544.5330956290024,97.54092551406202,71.53378435274644
1359.319482047353,548.8475465838305,97.53861586448345,71.53527623891249
1362.0003087058074,556.5104942086195,96.65079851973897,71.2555088290188
1364.341735467914,554.4564570495693,96.62844832547633,71.26763057941079
1360.6841634914697,560.5668994752357,96.64378200953834,71.05897273838421
