1138.5,288.5,22,18
1137.2562423450756,288.32363874718465,21.774726817678,18.790184751947134
1137.5570669367398,290.0629918216046,21.939169467421095,18.909134956856303
1137.2146466867985,290.1269409257092,21.48314295355706,19.997115686551073
1137.378422194195,290.0357768166455,21.62127025343495,20.53196523914218
1137.1810828232044,291.4207973916576,21.534180711321078,20.758046439383506
1136.7166701627812,291.7819434720497,21.789520108045096,20.627645828448678
1136.2016024461666,292.85498551546834,21.799757913432,20.923770481681565
1135.698842542534,292.06090547287596,21.889288694331366,21.178811444461143
1136.1506464356405,293.76995501081643,21.36475120623163,22.066153688569393
1135.685686058531,293.4598897978556,22.00324346071343,21.761258482425795
1135.75378481527,293.88952142282335,22.134414641208828,21.510575423157327
1135.1997205222883,295.4086399643592,22.17706939513492,21.280308845977704
1134.061408611649,295.0482824229407,22.191196737271106,21.36111995557213
1133.735230310254,295.1444870329265,22.027954977567006,21.303271904180697
1131.7017617305146,295.44017576302923,22.559631067593187,20.66869655781499
1131.7236907637193,295.6375787127407,22.48441128317571,20.805604772880212
1132.1667304257855,296.56164049619014,22.485291402027517,20.347527665945364
1131.4807895350632,297.6098736941815,22.88672073627508,20.587430713416047
1131.342236404936,297.06762878553604,23.152258755946832,20.09882125879227
1129.6491274357652,299.20348621551256,23.072352968025463,19.74722103716269
1129.8859804304964,298.26964342916807,23.44537473895611,19.65717839835122
1128.9467663717392,299.3836116739804,23.121182077632312,19.7788062098978
1128.5777015284218,301.2841465517348,22.610541632944738,19.50395661240833
1128.7307962617258,302.4832231518788,23.061861725689607,18.92406818300236
1128.187785102822,302.43759371590244,22.680656144389364,19.772204219559498
1127.562598406309,302.59427037746406,23.159104270532595,19.71442952277841
1127.3825765299564,302.4450919660599,23.306267740803342,19.56561486764006
1126.3574223891653,303.3057602862449,23.45397046250858,19.539632469821946
1126.6097638853655,303.3402705381996,23.683864119697745,19.7738456114258
1127.2324820291274,304.9530255253046,24.222285413426967,19.731451167274955
1126.1933552010596,305.19674426598937,24.070180510759414,20.111514743881948
1125.7247626660512,306.5933777624793,23.594057668820284,20.406695065536606
1125.1788252016468,306.7765727673853,23.60174160082964,20.19693603044046
1125.7136559614628,307.7534870171966,23.76213174712185,20.41990637835707
1123.0157856272876,307.0697693492759,24.91685925480763,20.478931925312143
1124.1154493496874,308.53668016272655,24.52660113398759,20.887539247238493
1124.1737964905587,309.0561864313197,23.961671924560868,21.96021075848259
1123.1965284061616,308.54671404404445,23.832346685863804,22.404844402287644
1123.3316716411043,309.6811150672988,24.354064619043022,21.804380341647487
1120.7682803939701,308.9262713441019,24.359255764390213,22.569076149401507
1122.5658803383935,309.1124837695007,24.678890631992306,23.31719770085541
1121.0921495756927,310.90233492808864,25.154173575564897,23.500512633023604
1118.891990049515,310.7214629302834,25.367566388569124,23.563647154962425
1118.7159580753964,312.2569042411502,25.130375476179616,23.494668094884567
1118.171273338396,310.86316849400924,25.416892090482943,23.29257545152862
1118.4454451168403,312.24240108906406,25.545148105335574,23.154697040015662
1117.2877897474164,312.48757339634693,26.022003937054798,22.95574001245128
1116.2657233351965,313.46875688573596,26.30678605919028,22.90922084481604
1115.7743714962446,312.59459829303324,25.970656329734208,23.686372487729564
1116.382296631056,314.52157862600063,26.254834311263874,22.807121706952806
1115.0898582801285,316.54042230832135,26.144715345649285,22.326503937962713
1115.4506879714322,314.9719840363515,26.814659098525645,22.49972886604501
1113.9654865689974,316.6610784347892,26.631913981103036,22.74322225854244
1113.7077128501542,316.83636239195795,26.54329636805902,22.51329603719674
1113.9469096511673,316.6480178962334,26.28191369254167,22.56023954718964
1112.7222938216255,319.1319221085282,26.18417917845072,22.320081148915627
1112.7899448424612,319.47017702629034,26.137441545305,22.022201374266047
1112.1212099874801,320.12847647000507,25.344588729949752,22.05822534634794
1111.8519028129767,320.5527544415404,24.797894015650627,22.123921803450045
1111.6717491765912,321.55722561519354,24.611512405021813,21.33317212978428
1112.6336703227425,321.4645991779328,24.849470265877905,21.752271455121477
1111.3775603686186,323.27292695077836,24.699177289325597,21.649154790566058
1110.6006628928433,324.16445699058306,25.643937986784703,21.070804287716264
1110.170201206846,324.45031515258097,25.379188860244355,21.19071466949911
1108.9503327123261,325.10710877709516,25.42662115367493,21.443138486870716
1109.6831582571067,325.50307412308274,25.14440149962023,21.855037085180843
1107.9904980948963,325.1593300227055,25.781344435562374,21.67260364121958
1108.4017497257678,326.19880646474627,25.69975066964793,21.34920388628481
1108.477210651104,326.6837216382361,26.11308715523912,21.499864005381443
1108.4358814975722,327.3605736507564,25.39648058807957,23.06455919466581
1108.7318520299036,327.63140382728693,25.640997035173562,23.593025449751355
1107.3127682764116,328.90892642098464,25.844999838938705,23.230595526521522
1108.0751558265854,327.7354392142651,26.122572029973213,23.25092117284361
1107.304180701188,328.7497199837604,26.02885655732454,23.508826528001553
1107.7085381991799,329.0077709383114,25.93011043750691,23.802943784986475
1106.7335368861848,329.5493174694048,26.10979715773009,23.926220540692356
1106.6729819526668,329.0883227020829,26.232941509087745,24.26332513312506
1106.2105489492367,330.5997915101967,25.94237801563889,24.579127372037718
1106.362737535934,331.7946884594328,26.562521132150927,24.41546466201609
1106.777075972338,332.4641925044135,27.56877893011424,24.144715363880366
1106.6419099058614,332.4988729350966,27.317904737648725,25.16224685843892
1105.5166034905578,331.72604909455157,27.0209727555314,27.22574092661891
1104.2929222502896,330.4641234171027,27.356557241258457,27.23390925408394
1104.1656366014715,330.316719699768,28.446399852622694,27.25519380335554
1103.0946160017984,330.6696250149079,28.36571782198253,27.96817963023352
1102.8474917694127,329.7447123747903,28.4935044384748,27.814417245496983
1103.2261190342986,332.4253994539225,28.867807164850355,26.34936063063731
1101.1846853330171,333.2985398046203,29.04502763255941,25.642215045280015
1103.622013014674,333.6060460014877,29.951178064325248,25.67606381662965
1101.9530841899164,332.58798930764937,30.022982349894182,26.233142731637564
1102.2168490262059,332.9018081101867,29.81200746295939,26.63270845881324
1100.8439475161285,333.6197880514757,28.88758105556108,26.823115875085854
1102.0980748226264,333.26358222591176,30.058451341418596,26.423372468776194
1101.4237452112654,335.31500189645925,30.462435157152303,25.91524321643471
1100.7396127946677,335.12804522995816,30.305336231775836,26.09342921267448
1101.1604967989,335.19733241965594,30.065868480876844,26.34820699172653
1100.659833498505,336.4276872252133,29.81251936107595,25.84512334650646
1100.786084721029,336.26345372066226,30.270584906541497,24.806965141739838
1101.7350881231944,335.69713432891774,30.30982790609682,25.282529489235998
1099.6873168947066,336.854483747722,30.681591492862665,24.660528609168338
1099.1123999653935,337.1945464108835,30.502319421881197,24.535909969517917
1099.3521835514864,337.3379413124671,30.888901989233204,24.419457170826746
1098.4494695326082,337.67099001784067,30.199293185635746,24.926950576633875
1098.1581207646777,338.34908549000545,30.025419436664052,24.94134816052331
1097.7415147949737,339.8168119092802,30.86468584445915,23.854443597834674
1097.7756634290945,339.9424389879516,30.885037667271945,23.837660028884095
1097.04661752034,340.57898127211627,30.68690521017092,23.32487539413355
1097.4901118059136,340.4703044306058,30.621947623319944,23.07150015704015
1097.544148650685,340.2628659265981,30.62577387384194,23.117808798739613
1097.5279785492228,342.1785426926892,30.737573693571516,22.855916426426184
1096.6924947837513,340.7969127779211,30.966403594916883,23.21441776291244
1096.3205978070428,342.07329668573027,30.65213142234995,23.418738963706282
1096.600772060524,341.67868914007386,30.843325081359737,23.763766747622242
1096.078415070003,341.8953135311445,30.908170897361494,23.59583471722339
1094.9058737539149,342.4748149810843,31.468098491673185,23.42328198856564
1096.5233653849807,342.8848414837212,30.4235776403383,24.064909731975025
1095.7576747469911,343.33480527311684,30.511416447309657,24.577724322155554
1096.0591128949427,343.8504189738848,30.76110916621713,24.79031650621442
1095.9660538229946,345.08289970031143,30.858446248550827,24.82619629253853
1095.166342519713,345.1508526115195,31.32352073378204,24.232920830608194
1095.3504759788173,345.93084521592834,31.181701013347936,24.33694765586395
1095.2942495107689,346.17346448795377,31.35633415327151,24.759168417905343
1094.8382808398226,345.6907361302758,31.141108930323547,25.819659009446916
1094.4445104044098,345.35747706091587,30.554824430204224,26.26787948882454
1094.1195049782716,344.9213824818433,30.893795961317142,26.186508598103128
1093.0734419442285,345.28392421719394,31.36172667726242,25.994641422194555
1094.2524440311681,345.6586418211957,30.92871649991902,26.367006298396753
1092.6558610432521,345.1158811873498,31.366031140566886,27.336398598087378
1093.1657088846405,344.5092464376214,31.343586759861484,27.871935435264888
1092.625055987165,344.64997342718675,32.019842651777694,27.448617272775948
1092.9495391700373,343.82259860257943,31.75457273669841,28.572849871608057
1092.6178008074796,344.97432780789035,32.52727288314013,28.816237031648303
1093.0839320950238,345.77615210322085,32.62263730045407,29.262571391517515
1092.470741939412,346.1940462883354,33.77472837221951,28.41885703952477
1093.844080854248,347.34414514155424,33.88240286521273,28.331371411209695
1091.4375124283097,346.15589001293773,33.99858613922082,28.421762461201258
1091.9537983718874,347.0369582516146,33.19170710838079,29.18892936571001
1092.8934156230341,347.2887293807861,32.45644535529503,29.200557637005215
1093.695384025784,347.4608850311602,31.80378325090874,29.179583723889017
1092.121385874266,347.1120774305565,32.21975922965436,29.321464587271045
1092.8313894136136,349.0685088815635,31.7146823344937,29.81196329956457
1093.4475399762998,348.2364102724468,32.06802386489365,30.27665561223378
1093.554860952593,347.48223733636024,32.18239437707884,30.909405003938005
1092.1958406828744,348.1251111055316,32.86213419172347,30.897384245522296
1092.1604240571805,348.92494141750257,32.801498854099876,31.62396891474073
1092.4176933654865,347.7850707857649,33.498352243816015,31.059760966971687
1091.2804664832843,348.31060266022234,32.97797432349772,30.94436662661345
1091.0043686247334,350.40235153843787,32.56241847590069,31.761070604622933
1090.9991286597426,350.841252593972,33.51644605117351,31.724494967893136
1090.9388587851317,350.68524560553067,33.80204649259527,31.749836547636466
1090.8184869986665,351.30779830868903,33.25320926029411,31.576265013360228
1091.3262703241355,351.8520137751827,33.48898891809837,31.77846546529455
1090.9931305495418,352.92693937405807,34.49375601043976,31.447627552914923
1090.4024941110106,353.8344952981633,34.95010908755533,31.784175640949364
1091.9028579170829,356.5175637148464,35.76549274064718,32.04876933296089
1092.5040054209708,357.4718803650082,36.541537490182606,32.57520830874043
1091.8144328746305,357.81787632198785,37.27040911547543,32.916093144427585
1090.738766235407,359.44219178585064,38.628803449039886,33.30624205935509
1088.8306070733506,360.3675870880999,39.16481959592895,33.35498794293362
1089.2538466078486,360.7293041629271,39.24529994042085,34.23198652962449
1089.1950809363475,362.57363840001346,40.24327246953693,33.530807856314894
1089.4276710693478,362.8573172002754,39.82186505184558,33.45775537775605
1090.3452115974355,363.46229740021226,40.02997962905382,34.21463174404337
1090.0747925869794,363.65772220435696,39.4738072037594,35.18501082764985
1090.8323144774527,366.17236848023646,40.27943880439943,34.54353391539056
1091.8698805297136,366.93845032274396,40.496004773739195,34.776705500374376
1090.4229299376545,369.1355666102386,40.99324599007096,34.363669901602265
1089.7530576331365,368.9676666255531,39.99619436320708,35.738370472904776
1090.9636932257322,370.9387925377572,40.425154678126034,35.307710568048634
1090.446286109096,370.1611414393632,39.27247868853972,35.98809715717999
1091.6551693593324,370.76585042715146,39.761299687659374,35.94164415059022
1090.5210688516645,371.5770982891575,41.06291930381368,35.242955688058615
1089.2751071853438,374.15493017917026,42.88924260052768,34.265244321508945
1087.7500266769923,375.22107460253284,42.873648966714974,34.32715078776994
1087.9765921021567,376.1141982685717,43.92228141605597,34.70820208035761
1086.9169483685723,376.3546182795312,44.15666283314714,35.55406717017138
1087.0941336363016,378.2253727417019,45.08572847502407,35.318129203399714
1086.9000004899112,378.63256916953094,45.132620592703304,35.47251200715077
1086.3033310118597,378.8258998000458,45.241398468099575,36.064743963124705
1086.700668738402,378.77191283834446,44.05173798246477,36.93631774120409
1087.0949694234598,381.9839354624611,44.36961794394087,36.01290433988715
1086.073095487415,382.0633669408096,44.24442812922841,36.96273660364963
1086.5019215377035,384.0636764886965,44.991098729081855,36.31971386965026
1084.7754506528258,386.1917061601214,45.89500795209774,35.89393825099519
1085.308088144841,386.14627119632894,45.5026498395094,36.90150032842021
1081.5820617717102,387.4194468082705,47.37027528610449,36.25181134546675
1081.1355329041119,389.1613924428656,47.0823921012297,36.63584318440641
1083.9949577155546,389.1581509440286,46.79090364850124,37.39580541103676
1083.5005754359966,390.15435888523535,46.672559277924954,37.64811298585178
1079.8133777482417,393.00830062676346,50.05025033101832,36.8068300273182
1079.4330741246238,394.7375343147469,50.930641125648094,36.13771272281555
1079.4402736604359,396.38851933456766,50.79690865099687,36.852814600152755
1080.3852018948492,397.6284234132178,50.551049595987394,37.06310064503111
1080.8230593582605,398.467093842363,49.350884226692486,38.57432357522704
1080.391116125845,399.3573530948552,49.48087484730611,38.374523581966656
1081.7795764176794,400.52801761716705,48.26337931846782,39.73580027907039
1083.5011764577125,401.0178764398824,47.51149559088593,41.151984768158144
1081.2530130727587,403.00068500558496,48.330527059599525,40.62496495981386
1078.7951569375457,402.5632157731004,48.99678306735085,40.97588552194591
1077.1984341595833,404.9430516726251,50.07977796435165,40.70339845956261
1078.3594306763796,403.76010125262917,49.12572095156572,42.670762297991544
1079.5178780414628,402.6286307940796,47.33974615352645,45.03918425179282
1080.088899815024,406.13425870650633,48.59304121775517,44.490061839357
1077.97921993341,407.6611422798052,48.617807917055444,45.70407596481896
1077.6127709395732,408.4684480636397,50.68600905202939,44.90812867168319
1079.1216135597363,411.9884176899792,52.113819114812244,44.83580711183549
1076.3381800622462,413.85877810590955,52.441080022025005,44.84120771150607
1079.3047701456549,415.7140243650923,52.21800845457988,45.44018833883257
1074.8437878220523,414.88381603541023,52.42962199919383,45.656437212245905
1075.434392323944,416.135526337014,52.43494806013767,46.68773823079148
1076.2043186796222,419.5966756224724,52.8562558889528,45.93018014915597
1077.5493784559212,419.26877868153775,52.5679658932212,46.84549302758572
1075.0213537468437,421.8823536860474,54.123889109419366,46.45754173274706
1070.374437805272,424.92305502949546,56.07599457187956,46.10305100953043
1071.8981874633869,423.213230606613,55.97160833747895,48.0721511428591
1070.3955242663762,423.54939911044795,56.18817138015294,49.37707415209327
1071.1753838260793,425.1363063655128,55.19606119626809,50.10480927447368
1070.51630350448,428.3284199344804,55.212522766774114,49.55409244486122
1069.0442724196164,428.26393814709314,53.706663343478155,51.29759188459134
1070.1259778738936,429.0430435080274,54.18752458447193,51.83437579474372
1067.1422547242328,430.2349971166615,54.43426156925288,52.713407967310765
1071.132504687562,429.3082694636074,54.6345806698476,54.47744632309063
1070.0789754001912,435.5770163645143,55.84904710361994,55.28243982349231
1069.7267414689527,437.13224964463166,57.220005543029686,55.89249046576217
1068.9079384650045,440.69484107137157,53.77364351306403,57.345369972893295
1068.5546164509492,439.5505529651461,54.814019136280166,56.771437365086385
1071.171687238964,441.91726978846737,56.070373263173536,57.24890157283224
1068.5318595899791,442.42841161161016,55.21247861090781,58.335251858895674
1067.745073832568,444.86076282603017,55.46244605023297,58.99039057779278
1066.934905824782,447.9306694071613,55.59746175252086,59.536680096824426
1065.689527770599,446.9400861277279,55.88352914507023,60.275785648715015
1066.1733978060827,450.30157204108093,57.90694839299132,59.89294997092598
1068.074078400964,456.0072961683047,59.752436688736886,58.41971253169668
1066.3292603022835,457.58052508226507,61.38125862569876,57.87627917897092
1066.2984733432088,459.31429415967773,61.83563234793084,58.2332175285237
1065.0367208839264,463.7937255947304,63.68803834422162,58.58528108878812
1064.164774126663,461.58693117997666,63.69148470846531,59.26110077898079
1062.7925521593575,466.8688011756015,63.77010048996605,59.436990521130596
1065.0815725538082,467.25885761318636,63.41512284707217,59.663394266405064
1063.3340050133013,469.2262665810248,65.10410316999301,60.34270540329045
1063.5072973037957,474.64096135482464,66.56770002584295,58.61778367483552
1061.5483639059644,480.2863327430892,67.55652175384327,57.79966592371194
1058.9178967576056,483.9477304280242,69.41801573408719,56.93344733412524
1059.4818973577553,480.7324147325556,68.87694457133168,59.37575267792552
1059.4190212805975,484.94527718710964,68.51840302391302,61.30826781392156
1059.8835527454116,484.0882707710458,70.37119448475755,61.94157190161243
1059.8025212254302,485.5764806506496,70.46513724096911,64.67346429145367
1061.678574762126,486.77817316429116,71.60506733750219,65.58206913614475
1058.4113720976695,488.6680485259306,73.64803678421364,67.62720899380528
1056.6056142641144,489.7557976852424,72.75833301606225,70.93250231673335
1059.7639378919075,491.347134385254,74.21244826932217,72.67763679550802
1058.7346002692077,490.35107777230496,76.14214531845417,73.02783591963635
1055.9281039773603,491.43389868743753,74.17938570991218,74.4948801608565
1056.0571171942852,495.3533399186166,74.54745606698488,76.55062728969891
1055.1760653948304,490.8400531968493,75.04889689650716,75.61340826999631
1053.84745872186,492.2148051744688,76.26349249993856,73.348994599766
1054.7952671759738,496.1923963426956,76.17726190633394,74.01469660809295
1054.5136605009875,496.3053005860756,78.28072870047139,70.06015156218191
1055.2951055860092,500.96067334571535,78.14938602104432,70.25546271696702
1054.0839612874959,506.49206560501887,76.26374528551712,73.33008239529775
1055.8601349674038,521.6464338164091,77.91544196084786,74.476067403696
1057.6224335566517,525.3917366895931,78.29028306915828,75.67320915283648
1055.4603631082946,521.0583123153561,79.80259340780407,76.66827272134228
1056.7370452768669,528.8540913692614,80.82533119556557,77.69390962076204
1056.826803022602,525.9701588129843,81.37332352675992,79.24621544520656
1057.8485610432008,532.6720152990913,82.1760808691732,80.03307891038233
1056.238810313878,528.3370851915048,83.58229294108725,81.30953378622647
1054.3551929472358,535.9394712906503,83.51511456610828,83.8127439088154
1053.3257120758747,532.589920847081,83.71878037380635,83.20239707756186
1058.9374473168698,528.4910879068345,86.19465454182316,81.70081818643257
1056.4996318424776,533.0545673278706,86.90541220708636,81.48195940152021
1056.2083089500697,539.6836794202076,85.83013050344987,83.45389759213482
1066.0276545906192,559.4989828937145,83.70583194724287,84.97551302850607
1063.1817648542403,563.3685444461444,87.1540409350151,83.29943938157203
1064.6092956163427,562.979253688416,85.799661878098,86.01941230460702
1071.5905891274558,579.8449836990491,82.99072906201,87.08620891951269
1074.6506026509994,581.2451330424678,83.05760942848113,84.96268663882448
1075.8511481890882,582.8368364232134,85.34621114529918,82.24184913046608
1075.892677638093,585.728301671657,83.63332256440063,83.56144818500324
1073.9430045438585,592.1138626980016,85.15426190910011,83.16150691849626
1071.3703147679062,596.1482101558214,88.2408808445017,83.10457851474253
1069.7348887997744,599.5110435564177,89.83217199978984,82.47412400585577
1074.0304283389135,611.7568748083446,90.4716806869563,81.57283112936464
1076.6712410511475,623.7739297227673,90.17995108405862,78.99624995993248
1097.2870545328694,632.3985689749388,89.76751414933905,77.32466346126432
1074.9649206402637,648.6801518857425,92.46290173918572,73.9240208523226
1071.5282200231266,650.0589204583687,95.05497768395773,72.98187568926181
1064.7638651204861,652.9351648782665,95.46350999677682,70.36627217505956
1059.6020660996346,657.8782602622917,96.68514507872915,67.02069881293137
1049.3256561851958,657.9532579494934,87.8348906455295,69.64645872686673
1035.3669025666923,660.2062719143148,79.80539141686984,72.77610845303542
1035.6137036313205,669.4284269532071,75.77413706362893,72.89995539771726
1049.292291965846,673.7520671751544,70.82899533113759,74.0793758176259
1054.1541849014206,679.5726088792643,66.67000311093726,74.45952993850015
1050.215469921742,688.804545982993,64.44194856775901,73.15581321220319
1051.8916321670076,698.4225447994766,60.882394988811924,73.21086705135791
1054.69826830368,705.2678287102688,59.348627278358514,70.85760536792293
1058.415331877418,714.803857208171,57.71764919501395,69.55880885812161
1052.6148575947311,721.8455883770498,56.82521312075927,68.11639894452196
1058.947864954033,732.8010152321975,54.264568306543495,67.5140216187001
1066.5618035699326,739.0033782395425,51.52321855313877,68.3501900271132
1071.1956507463822,746.9635230507469,49.4931880753971,69.99659001558896
1073.7955047956639,757.1284881976625,47.33016103828169,70.67030498799014
1075.711884857816,766.0769730831297,47.02815050962127,69.65364160201307
1076.600927577628,773.54512872629,46.85831944923646,69.46161438712085
1077.5826655691983,786.0642627822849,47.50382363626037,68.48805645176154
1078.316332968605,793.7140298697109,46.39831058396662,69.21341567377874
1080.3478832904611,806.4434916323569,46.650269594783936,68.84974263609718
1080.2699126678876,816.3927878551498,45.790970849352604,70.30086864781389
1083.4508219341403,824.5332181296499,46.11563843463418,68.02535335443946
1084.599401908813,834.030682164629,47.353470956785046,62.90995221577168
1086.5960048331233,849.8703900169214,49.36589797689969,58.645526346290524
1088.2075312267175,857.8312840040476,49.14293011525899,55.724805432371426
1092.2244521510636,873.6544291648968,48.868808543195726,52.35832523419461
1094.4298086062545,886.7766083444895,47.93049446931823,50.555386800291686
1098.2143123394762,899.312450191023,45.9963865234876,49.91808226987224
1100.7588107108663,910.7449215516689,45.68996754851137,50.40127814374203
1102.580483796198,930.6316260947847,45.549305392130606,49.31574384161901
1107.5967457732133,943.796132681683,44.54068079227997,49.18496067178805
1111.062589592078,962.6554117594989,43.77997011364407,49.36388923280178
1113.0048260519384,982.0315632983645,44.58631890647743,48.78088588898103
1116.9780284694843,1002.4412522784354,46.371005969465486,47.391371349693884
1120.5495004823663,1022.6495237273926,47.73240891601387,47.257746163764494
1123.9143064319546,1031.7214468346785,46.78570259017269,48.634510810297414
1119.0258290302922,1034.9760451730533,49.19498238749424,46.64314220747741
1114.4727247556916,1033.3757893170787,49.92844153279396,46.29103395471846
1113.0768132916455,1016.4078210047192,49.138183458540794,47.40702348012345
1100.268241162057,978.3943646468002,47.393179709371324,49.13671958041482
