774.5,352.5,33,20
776.0824487078646,351.66734857816755,32.427234860660334,20.83963213312353
770.9664893141503,352.8222613333101,33.674945626685854,20.51231491179915
771.3371598951443,351.6904223392256,33.660595985063566,21.274140442697625
770.2929538586992,351.14404190192704,33.049673715769764,22.444726041687936
767.3432127015486,353.2836949872366,33.73535601303091,22.155836547244768
765.999229219702,351.6181375033486,34.331094657822575,22.504761864564998
765.2875003635833,352.2643508380671,35.35749874079475,22.83035403329314
766.1052121145754,352.1203105996964,35.40722923566869,23.396674608138383
764.2491202005718,351.37295197650053,35.40983803415792,24.436784892405342
761.7760759355608,353.23079234110196,36.137905195138295,24.668029910073248
758.1900802895134,353.00470074748245,37.52266467971973,24.55905655457859
757.4308060111366,354.22029061321456,37.626127508516284,25.094670652598886
756.0208148211475,353.43113720746754,37.905020579168294,25.31106591550462
754.0479532469941,353.41369176434347,38.29122173621299,25.459019009605257
752.3513488800713,355.66613492632257,38.665376202527526,24.520746765060377
750.902550171797,357.04365229779717,39.29860686342725,24.412869696600893
749.3395065553673,357.52115327084465,38.72691058829274,24.654929632436605
747.8803797963757,357.5898447236478,38.69091393207248,24.779031325954016
746.5161078435926,356.3818261117883,37.98135775626787,25.23752424803107
747.7290819749762,355.8820201020509,37.68634908540368,25.085989678598814
743.6560697088656,358.89668660140535,38.165128681084134,24.615060328213122
742.4806550790804,358.1625333941069,38.61600562282281,25.17584350293524
742.0244989921504,359.02480275572185,39.31275385843938,25.32923767357275
739.8973670026035,359.09775863860085,40.005188828043245,24.94831582911035
738.9584993276993,361.28371496087914,40.14163444337372,24.5762067316835
737.2721585254222,362.1961851933092,40.37482238815946,24.373686613315478
736.1450929259524,363.24932446666895,40.36879962844539,24.40305445464559
733.5229032935115,363.98407801324834,40.95686845821936,24.010853644944568
731.3446745882097,365.10098928013514,41.73615766514903,23.53268934162456
730.5673111885263,365.4414210647789,42.03792491777005,23.470670318921968
729.5229571839626,365.2546606600088,41.82198790169556,23.91598588601512
728.3662015036615,365.38418702116326,42.42202719714254,23.79506925732214
725.6161869354241,366.32389101202955,43.01114773545582,23.980883098428908
725.7724558240916,367.1534212510666,43.43584705969877,24.325524264254263
723.4678393319198,366.46035974501154,44.70587199168408,24.583756519631102
722.776768143711,369.1044027393478,44.3015624136856,24.442027454364606
721.6613515155855,367.8833555598437,43.239596267822336,24.159971273843613
722.1012072507693,368.97168039522427,42.829647415014215,24.862088393187243
720.2206259670135,370.10761341395425,42.62574454538776,24.26217177395172
719.6183412508099,369.87059523624504,42.78921118914545,24.761250454204806
718.6313964201353,370.0332684130706,42.13016484434037,25.717143734609245
718.382222174827,370.47919407682053,42.118984830664374,25.345493068785053
715.488678217256,370.00142449559047,42.896445677954745,25.65041857013773
716.670153588291,372.1676845834956,42.39135051284474,25.69249637687991
711.8915542624115,372.4374929293443,42.379140168668386,25.734458811312997
711.8986030701407,372.3310774507147,41.41808524164617,26.7858070416463
710.1467628755317,373.2930614890657,41.71911235848615,26.45035604718955
716.0507648607665,372.8479488512393,38.81541198748948,27.591255289689904
720.3022819847448,374.2605630380565,35.89285008933135,28.96202335642724
717.5097465090672,376.133354222648,34.823055221521614,29.46086359802041
719.3581112705232,377.56579778707385,33.90727959304428,28.602142153005104
712.0789888715093,376.7940413461837,35.65517148604902,27.47503455378392
711.6912212353833,378.48852740746497,35.76104070134765,27.458626854613907
715.1254724262643,380.3377874388556,34.52916143250481,27.230752455496496
705.8828571929187,379.28987063725447,34.38013324052237,28.49126244574297
705.49614707842,378.3923900847584,33.399941692668705,29.573311443999167
707.1376983162422,379.41005479152096,34.43901866314228,29.78525813795519
696.5196431317322,383.96408529742195,36.34167305583829,28.28833497499667
692.5900381311181,387.0549937927114,37.59182862106225,26.424686485952016
692.0138798723891,386.79550385767413,39.6091835805758,24.922449197265415
695.8282243878574,388.50946037179557,41.24252624174239,25.026140419999585
697.9515271567942,386.9414664667546,41.09802349000114,25.97301908934103
695.6301246469498,388.51851068982944,41.91929742849483,26.562975412060343
699.2910631385766,387.47581976565743,39.77484230697024,27.887161035929502
694.5129447925566,388.1918128143981,40.204562845568276,28.01681080057884
695.9574193123116,386.85128499145253,40.47288065271981,29.390324240699
699.1521698422839,385.0561101665477,40.2246056772608,31.518020329597583
700.6640003657657,384.3342070961047,40.692387345909495,32.3220875271995
695.3867431263393,384.8789220228199,41.63941267119965,32.70422261624115
694.5199717328424,387.3954848575818,41.33689673063521,34.11458506251705
695.3316635556372,386.91753314572827,41.638752044729856,35.25349585417962
697.1749688854957,386.74956158738746,42.57831655956573,35.70772524816339
697.8797469126807,386.9793361850106,42.655924279692584,36.88785300082897
693.967812941631,387.35250215580686,44.26194568837319,37.088172260632916
691.520346134489,387.53403312995954,45.01486225160377,37.39088011528425
686.9240872246173,388.74704839801683,48.094701402554605,37.33174850797029
687.111496110875,389.324094015184,49.60316322043134,37.65585671754137
682.3863112486509,390.78150416402434,50.57070923979593,38.68948190101912
681.0031053211336,390.74327227157266,52.02483609521582,39.71615009253663
673.6523360009994,391.5321646764752,56.406867956810316,39.79437383786696
670.4896153199135,392.0677021926165,57.398434890544166,41.746254862916985
669.9001149574509,391.47738838302524,59.52598767275593,41.890544027230234
667.1920365671245,393.3881687813698,63.19060332631035,41.63394324252012
668.9083375673621,394.0170276910155,64.00733128198908,43.21598089399362
667.2547077581991,396.0655291313548,65.67192032941385,44.240795394911096
664.2547666874237,397.97314297979017,66.80984401233621,44.98898072624448
666.4239390969005,403.0167465089035,67.0523985150669,45.13732612622948
667.951469174406,402.0954288634598,65.92486763575917,45.307785115534216
665.2710582007452,401.75899816680993,69.28145035532016,44.65301283930653
663.8556922614367,404.91432447883255,70.92455229817979,43.658946579081714
662.560537900145,406.3013859263328,69.99820681049346,46.079361844118466
663.6269772625498,406.65063476214146,70.90313503951933,46.913530667645304
661.5296498175427,407.376693925771,71.39260488101664,47.52553579698107
663.9742960327222,407.986591665486,70.18210161440444,49.34541708171586
659.0328392041539,410.2846718953315,71.21852496684942,47.957551077795515
659.0970598691395,412.24617285487955,73.56288992172972,46.90971938571117
663.0149464099933,412.63712360402343,72.32553728560902,49.1950550325521
659.6961010719016,414.9461936183237,75.12127085454341,47.87074650703981
652.869587671313,416.26903141760334,72.6982962940208,50.49590550268756
658.147468283429,420.50457258612767,71.43536119893045,51.416163647692315
658.7071943839456,422.56752728951,69.81607476418506,51.54478306913825
657.5908683412284,425.5191824535395,65.7914123609661,53.07789202092121
660.6047440863601,427.4418160302569,66.64023341378682,50.768846868074554
661.0005167567411,429.101237843555,65.30716560694594,51.680185478097
665.2129819489578,425.50746932691214,61.33613139098682,56.360570803180295
662.2255388409484,430.87233450419706,62.13117696207259,54.403305109975435
664.37643516177,434.5851218389255,62.09334257757736,54.09684371638262
666.7039437328389,434.0318733809263,61.02809532931254,55.629011843324406
672.2227736112952,436.5347938968226,63.15730056404581,56.13856821054482
666.8854019122243,440.15697384598735,65.99707893782781,54.95743460024828
664.2624816572232,445.89007815094084,68.72803023290402,55.47668178509202
662.7031294417147,446.3738141496333,70.84955062455592,56.388512581452986
659.4895746501718,452.7198982203344,71.20988277947902,57.79644899077557
660.9192319391459,455.81224947946816,72.83990171405328,58.05369692837883
660.9153185465058,460.43691512492444,74.18770163299138,58.8838674364075
664.6851725166936,459.20863598708763,74.03841658695221,59.337067531810625
656.7031726794896,467.5393968034058,79.54032383010164,59.114662826855984
650.976281855416,472.0816802838856,80.50018495484596,61.57312766740195
646.9985019147235,473.9096534898339,80.53914894259648,65.28838997641373
643.0730430088312,476.5130046477385,82.46442349509299,66.76884452662023
632.9549725666188,488.6722916258055,78.41965379098578,68.24717038125651
627.1687250701882,502.6256807978662,84.13657084661611,62.86961976520601
623.6151127613641,508.43814503374693,83.35097363323163,62.52733060741946
620.4353600831171,518.5487050781546,83.6873312685361,59.49433047880893
612.221198351051,522.9624538713757,82.97381302661299,58.9431934887377
607.9155696483252,529.2385517248734,83.44294770930605,58.55884241950983
600.853078324697,545.4183086279617,84.18463347910341,55.54751256763566
594.4529823330371,551.5790220526529,87.2451576064009,51.985965949837194
586.2421301205245,561.106983079387,87.51155684732241,50.2345761755121
586.594714872576,565.1589755172408,86.90217866249992,50.819419840872754
576.9880725551143,569.7653115529789,88.51262695265021,49.744578263150714
565.0164831877125,582.0283709653361,91.96472422996635,47.31361410481453
556.7652335095256,591.9319257211928,91.02408142205763,46.895199712355776
545.6440871937317,599.6518866642699,90.11001780244956,46.51922499714942
539.3940793124025,606.3739225594377,87.70508988337053,48.23895558141829
530.4699978994115,615.0135699017497,87.65216313838113,47.66570044423169
519.0224809320122,624.4691621194472,90.54416739172864,45.747025128962605
510.0151566280008,632.5370741252713,90.40686225030214,45.80454626606746
499.56275958376034,648.6136251411972,90.08457484841276,43.346427619695234
484.6956676558635,657.0379739151886,91.46091815986696,40.831612461011495
462.8403497066613,671.1351550768343,93.62841117989632,39.089917248490096
444.9156595876996,675.826850251971,96.13895904296632,40.51928467185439
436.14097092100894,687.1649766498175,96.12600004012742,41.77661549087014
436.40274301636487,696.8676301283892,91.83805228238153,44.22152067821082
410.56412900331816,709.3536945897539,97.43232258109282,42.50675164897656
401.0924103305471,720.9602495426878,99.75951048863342,41.92886910884327
395.92749686356836,732.2059910862517,101.45213509148232,41.49790155205638
386.74304221869454,744.9473652873722,100.67738648730285,41.09081332231018
393.328245675046,754.0241618432375,97.3266339349268,43.99270173846554
408.4689581011562,764.3642697167041,98.42792278899068,44.54565023376884
421.90673559437107,771.876418699192,99.01199937760686,43.90313999256402
432.2606432327641,777.7314224874867,99.3244491518848,44.27379339030543
451.6514034292581,787.1350841574483,97.12156039177225,44.950287608168495
464.6764849465095,796.8994260417587,92.76871506874986,46.774823343964385
481.4527374914558,801.1494375963994,89.06485154217089,46.9100053359415
498.56427286034193,810.8306763869241,87.49018094397292,47.036906416297334
524.5203050002169,818.2561177178145,84.98832922003587,47.401422905223924
547.7263143799088,826.3710789934161,79.93040972512999,49.01768558173893
547.3891100888256,834.0726349868102,72.47819624356022,50.258004772254544
561.233472731004,840.6600050270869,67.00467123379575,48.947831653947254
575.839371967037,848.9016427411364,63.66148870848656,46.822027389451364
610.6374724688972,866.2790885678992,61.043260710063564,48.859362132798296
646.5436798343497,897.2830033351797,63.378228172727475,47.32821465269329
648.5316869121984,906.4412910018822,65.80560327343278,45.882331544559605
646.6887063216429,913.7798711321815,62.608408908343975,46.29881449257047
651.6056123185715,902.5491293535001,55.38679038500713,54.41196471821939
654.7408010419279,911.7397927355453,52.071180555808695,56.8046796511277
674.1684114448558,943.6230641000909,56.27642125459507,52.673225512294295
688.9793375684725,964.6695050363406,55.85136206156693,51.92906091055944
686.6503175206269,977.8245718487268,55.21032707274778,48.49419985225361
678.600538597825,990.959885617246,55.846704293477195,44.2097236652753
666.719611574616,998.4951245118311,53.33874374289886,42.47055481280618
663.5696069978302,1004.7282551544994,52.502141091969335,39.52580388612036
662.3990252521573,1008.0374768752832,49.74599110853768,37.81911437440594
655.2269773636509,1008.7085910896074,47.87120303483654,36.29832480887299
648.9742521161467,1011.9344483782381,46.87893982931989,34.85029751361621
635.335095834565,1012.024134319688,45.49980701259704,32.663989839124696
631.5407425155894,1009.0031069118346,43.64189081536392,31.484333929044745
624.6820739187594,1004.3500566788805,41.03177097930093,30.952294372013085
614.3828098518995,996.982570220783,36.370520717376806,32.94318645971256
612.9866175220399,986.4345070336873,32.89539058135484,33.223551133293974
613.094065025565,977.359851411022,31.37348905525642,32.55566645054513
606.4495695553818,967.5859837059096,29.93510649423051,31.182165153134534
607.7946432412742,956.2632737895556,28.132286118718376,30.418651036928352
603.02341977588,942.9602655888606,26.55476869338573,29.229191128033328
607.1650849999378,932.7325425885906,25.291003249515008,28.129863598232983
614.3522640753513,915.7218504389821,24.640957377887194,27.18676826872351
617.1097865790879,899.8212158825849,23.066200160701506,26.34238479611673
624.5969091772945,883.9746620224015,23.016585150146266,25.324311836064446
640.0755577813869,863.9080026806504,22.199492617730023,24.353871268432798
648.6858565470314,851.5885100428363,19.894623963990806,24.68290902100754
664.9483835905816,834.0378742867065,19.004957060653005,24.668622173171972
677.5083470715724,817.2789863769359,18.422250288062585,24.540752332182798
693.1840978187137,802.8086934586757,19.653575354550554,23.427008917303326
717.313626733493,784.1479547615752,18.834576803517642,22.724591938474873
735.0123802328594,771.632567684602,18.323048260193943,22.169851595646243
743.0919052146604,763.2800661397227,19.668578718692014,20.82375833927925
746.9365140296162,757.0954381454984,21.235533662918527,19.523694026753997
745.919096710144,749.073935752877,20.215995826139878,19.31368485365804
741.1264829017715,751.1417726754964,20.32764993215334,18.65643451960252
738.0680857768365,747.9747749748796,19.0842594580294,19.20179780539474
743.9344823434217,750.0631895683695,19.768798815872994,18.684921363590448
741.7956137008846,752.2162495638865,21.30784627937401,17.912642638488013
736.5850638289544,756.7818000636136,21.195756118131193,18.626982482016693
734.4260750935626,758.0918954983454,21.317557081577647,19.238393164352154
738.6857919294963,758.8086943716237,21.276429518935643,20.03612197480062
736.0463385007961,752.6507792215235,21.390748744983377,20.17831324642222
733.1221237624837,749.0336143241475,21.431616681949034,20.921838967437857
740.6868843547762,749.4002870441896,19.498120940512706,22.43845110770269
737.4520528120028,740.4593790685013,20.573433575238536,21.68153782618591
745.3314928587902,748.8128967612964,21.53601961832028,19.899634661948355
744.3639429238291,753.11972420279,21.556029036410266,19.435229286677252
753.0542972194618,754.444326508353,20.290150194521875,20.278038615486658
748.8846165206445,756.4067717626123,21.052760588558026,19.75389098872292
747.2301415833007,750.155542866301,20.97581960930433,19.712887350542267
740.3623903395783,741.9239144845764,20.33677434603757,20.83276019127128
740.3253414327572,744.0039637354743,21.257170809174404,21.03141574400486
747.2604762333625,737.8091588398465,21.45632960859691,20.902529760935888
750.9298744938957,734.594272551801,21.30710765737127,20.207131225077458
750.2458916136649,736.9069334768817,20.81750342835382,19.157721985934273
747.8317974698954,739.365258463396,19.805804398630166,18.813696095671002
756.6268866958115,730.3074451082001,18.902743840339614,19.586448913514435
754.0651588920265,720.110909042303,18.817090007733846,19.866377565593282
754.4178799403228,716.5384366980134,19.31829798906608,19.83450090981207
755.0652946964544,713.2173402849244,19.373078857532658,20.25638005578692
752.8906149665701,715.250671267902,19.447162401379714,20.47079064789228
750.4016201515235,718.4246944531857,19.87301493399346,20.093716868372205
753.5306391752728,720.2570179651749,20.344522580939113,19.304855966087803
752.256571074109,722.4735243573616,20.90479114044881,18.121229411654447
750.1662566562168,716.6894601666378,20.45792579038136,18.839009179109595
750.2416685370376,719.6625940082496,20.131404143911798,18.1459698842162
748.179840804189,714.5234969850591,19.816989661798747,18.666805719707085
750.4302659766532,708.0542803443441,18.92982842930555,18.924403045325462
753.3688961531617,709.690076163185,19.356824682511117,17.90894421795135
751.717434159742,706.6879248668425,19.504167360846928,16.69122721035356
750.4095692994264,703.5853612200771,18.966789311758284,16.655041446659258
750.9593998537616,705.553001410478,18.488315812947803,16.529173470464904
749.4458691257581,699.9281536574287,18.00319540463981,17.185309721176242
749.5306735146108,701.1690248190007,18.487050334132014,16.440214851135792
750.2121045544163,705.1399881430355,18.424402072661838,15.911044930232695
748.5183532628548,709.5162312261866,18.95608539089349,15.141430031872103
747.260115209527,704.1136180919283,18.20271631545747,15.98231907011823
745.5623672546794,706.2498855461337,18.183369261835317,16.050104423445056
741.1858600797225,707.2658783115867,18.648387802502974,16.23320208747544
743.8358085037753,702.1958689320749,18.547949115931956,16.559095439835747
747.6967448519515,701.8708068277674,18.83037598255266,16.418382671657156
749.3253221247527,692.2079881898203,17.711194494787275,17.120690393720125
746.0585102212965,699.4320569501517,17.866549810238265,16.58051627611038
739.4180645057166,700.69684515148,18.243903873980372,17.09578932635077
737.3066707053059,702.1407317495691,18.417902181686888,17.97692430328465
744.1883166260665,703.0294968101757,19.357758199516475,18.078749448282814
746.8920728033785,712.8540930572216,20.277141826127007,17.122300877876903
746.3055479440521,718.4917871752563,21.735899017178163,15.559031742824725
750.6365481683449,719.2461279719593,20.9931301220191,15.647637112782512
748.606416161044,709.5123700138604,20.841337901075107,16.539349196663935
752.2588391943816,706.6632082368045,21.259100172970733,15.906236741452833
754.2509559559007,701.3416025901687,21.292104643498917,15.648109690045848
763.327054200025,702.0497394887789,20.9069844936285,15.878207976986
761.7100085897972,703.5816951995599,20.56761039446599,17.0039512018023
757.0297552594102,704.5650333785053,19.819745591764804,17.846503390651094
754.1609416056497,696.8568915438108,19.536034330578797,17.58612159703894
751.7926372854002,696.5739668550686,19.242914249020167,17.926739160307903
753.0869553532353,697.0305274954223,18.33700508414906,18.505500670601567
753.4856918572605,698.7273338024271,18.254058596734296,18.514994145311007
756.8137480282537,694.2135503339255,18.809818898200607,17.735200107397578
757.357595812087,691.6246048901442,19.40323942525623,16.961583392784878
754.9757159118922,693.3048465008919,19.30929347455982,17.426907646354145
758.2271858603896,688.5559204692519,19.159548212368648,17.481523612525827
751.1753994223633,687.1066555610803,19.290450787922282,17.029431764349816
749.6792282305539,690.1400275074358,19.087266803724475,16.894461588148822
747.8298186492048,684.6275995913074,18.949028955720017,17.023858924011233
748.6248226483085,686.9238877165521,18.929669115356212,16.677827652414976
747.6297732861931,688.5440162529096,18.550404529471713,16.88826340662135
752.7120916922296,682.9446522614151,18.427516680583018,17.964738421636355
748.5229271627715,684.2569019428897,18.188825049523047,18.33394579266608
746.7596356376025,690.5897193737627,18.318548948691046,18.697516319947876
744.8549950829132,697.3041619776877,18.464212115135954,18.836410586271064
746.6794918910365,699.5144139241073,18.800099600746137,18.754220881253364
749.2853658593024,694.8486437257772,19.011843831972822,18.146958093276236
746.4538409806992,699.4830795860969,19.143465169949415,18.490448791918986
744.0014908091847,704.0108017244144,19.154380291160606,18.44490350182227
741.3500750005303,698.6535487387545,19.05211318245766,18.617106793833237
738.833641825382,690.3334719972307,18.721495675000657,19.2027763989678
739.1687600512016,691.9499869186383,18.35616651582673,19.255032870764023
741.8515513221548,693.0409904840878,18.457751841396906,19.61582707817118
739.0605232486082,689.6377671045345,19.320980563706257,18.212820685048804
736.5408551696455,691.4172834827322,19.043724817752583,17.738765625315942
732.069135419826,688.899424126514,19.16867176554396,17.237044692328084
734.5395652708105,685.9914098293848,19.60488803317684,16.883403102211176
740.7536491177808,683.2021943331217,19.70348768837007,16.74340804962876
739.4685337766001,676.4519189427639,19.31091001731003,17.485018668899635
738.557528450785,669.5458559018898,20.13582152877653,16.83974033182963
725.5917750900176,670.9886730248878,19.691728288544233,16.558402129249323
728.362067654,667.712087806483,19.06259757659797,17.665767579512337
723.3825846001799,669.7606030424205,18.611215916736885,18.08365454901938
721.3907767885926,670.9011154241703,18.289543715318548,18.797403063036906
720.116127502032,671.2008424979585,18.241696407037004,19.25127151515666
717.9578683558583,668.4259742947272,18.40532586651971,19.23033600704329
716.2536770473824,667.9970621800173,17.82777039633003,20.39535157670789
718.1824634919697,663.8789130306039,17.615280327255164,20.88862035642773
716.4186147674357,662.81977355297,16.683785289010114,21.801311570661
717.2340702083386,668.7721546130185,17.03625188076122,21.509452764971023
718.0575390491532,664.4583818693729,17.12202284811499,21.697544668404344
721.2944357173052,668.6657886102805,17.697384031057783,20.825120360998177
721.7168809342999,670.4327191358955,18.407525661105684,20.402811397826987
725.9250241234864,664.7944695678458,18.909969878767097,20.02177159955997
714.686891883241,670.526173727714,19.800227600288487,18.962565857758186
721.9891244375168,669.572148409456,19.182166861259027,19.686017628631802
727.1975299535816,668.9061040466829,19.090114550660324,19.823649686918113
722.9359318701506,670.3282417835691,20.141230089131266,18.50705229116222
725.2126710741392,670.5030806227779,18.388809749619643,18.567014318719885
732.6769929563625,666.3469318912187,18.777184541664212,18.300869871106762
733.1690603047364,666.8455763529529,17.673227933537994,19.29897939188416
730.8952203757258,669.4038205101871,18.23588937585344,18.67386427689012
728.5556926385041,670.5581648368404,18.550527619093785,18.948954632959726
729.2453517999736,676.7127734059884,19.304090229896193,17.899076965690618
724.6321222493632,684.5843155028793,19.898855025455415,17.68275222554602
727.547675359712,686.3060578139783,19.52650655019783,18.777045578299212
730.031546577947,681.8970473641502,19.430111132077407,19.96354546171841
727.5629374249701,686.3140552131924,19.807222212914546,20.290448839486515
724.2842512677686,687.5908251951375,20.582339440331047,19.597750090912164
729.3233870405702,685.8687341972333,20.516914278963938,19.89917913683533
723.6598448271477,690.8870130717506,21.384519793209748,19.18976840390659
721.783458950414,686.3056203790084,20.570302390375943,19.86671144351901
724.2945439866106,687.333967230857,20.64954815629866,20.456500400294026
721.1385454128819,692.6253395006405,20.8407513912101,20.144709453858134
724.8162952752766,700.6340317650538,21.24397933940212,19.872621523652455
725.6156236513956,700.1999164445209,20.549152821323656,20.063836781652494
723.8190178323886,696.6807688820392,20.52782366004802,20.438431404284554
731.8133440775126,690.3808549188873,20.58049751001054,20.705759872677064
735.0693103295685,692.2299095876722,20.314973646216043,20.828595935236407
732.6178563396006,685.5683607611245,19.936453086914376,20.70132306944449
732.5246785490189,682.5038986367454,20.27328937434159,21.171784129291495
727.6199157714915,672.4966765056881,20.290720655819804,21.19190293087683
731.0507906265716,665.7279908983612,20.364224614279845,21.067323373506113
731.2626415179524,668.6968452272287,21.03297974334184,19.907356019692763
733.1980280366753,669.9877542090809,21.46510774961679,19.916627269659315
733.5537907299644,677.0149698725113,21.36031330243418,20.40564382936899
733.6107436893438,679.0721044943409,22.23469532444239,20.568058114493574
736.7201813654673,676.4141551030057,22.015348034919338,20.72135491420711
734.319722245808,670.981719790023,21.8286149214727,20.590526907734834
732.4824631223778,665.0193245222084,21.926676890219714,20.46859937470461
729.2782219199529,669.7873009515001,23.052720039770282,20.63529459377711
726.0106327868906,671.4419748941901,23.320364100983753,21.183157927784233
723.9948017233507,672.341282045485,22.28747402645675,21.277229818062263
723.6648987015783,671.3423046651925,21.51526647942469,21.007999718240587
730.8540569695682,660.8681432894205,20.787723632152293,21.88690604722479
727.5415607514667,652.0492819299714,21.718944538031977,21.28386818363093
729.8470388251272,654.4485420321483,22.46858762939049,21.476765422328103
735.8138884498997,651.5275360314986,22.52937696696359,21.54576466775132
719.7984288973344,639.9564810432386,24.081753799827055,19.062422301252624
717.3783886417621,633.7601793540134,23.364336348720038,19.73696682148627
723.810798798987,629.5980335957454,23.343665432860085,20.075143682130275
727.0727222708598,620.9976258673203,23.37838584329124,20.18224287985364
724.4281806418712,633.9624154592142,24.594633712744102,17.88851969735961
723.1181837945387,625.7781478478023,23.273034811836578,19.54630401086078
725.6972829825975,618.8417330826287,23.31095687181716,20.913741971450083
728.8585208108707,624.0275065007198,23.212134891084126,21.174506362985625
732.2289612000094,621.1810996634496,23.25646566604896,20.711722251686812
729.2911447575218,611.9066137267303,24.15490496944099,20.417685993674315
726.3799017158831,604.7322008105314,23.705077338524987,19.96737284905446
723.7150668350696,609.2325506085118,23.612791629375636,20.484473121271357
721.1225567667364,611.3100701771908,23.719417252166366,20.900116123082103
725.0143813975983,605.5928297501915,24.061910783932404,19.95784035018511
728.7549656629698,601.4959354298301,23.630473651435956,20.674252413760936
732.071535313076,597.1770762143458,23.558374647049767,21.656847925770563
738.7851699998281,592.0442203266919,22.258412784286506,22.460260616272347
735.7486242525212,586.141061647243,22.68395851387994,22.85497500047112
732.9411804186726,588.7953110601145,23.0025641479212,22.64776026052619
724.4949851331606,585.7299793201147,24.54783909395136,20.802455939739353
719.14961986108,590.0269360883051,24.61496512601159,20.98642919049834
719.649102385781,587.4926718131775,25.072005964686,20.398010717317867
715.7551898424641,589.2898076257474,25.39730471129898,19.881549450705506
716.3625513750252,590.896884820528,24.45384847673743,20.426157785373366
714.3247572592873,593.6683470644507,24.43491897046372,20.175686506185468
717.7773591539719,595.011331338827,23.36287220135377,20.27242264269195
715.5066833967581,597.1659998598776,23.874733977369303,20.44801238759771
712.9697739537124,594.4380511070802,24.22554739443927,20.333511628527056
716.1637812493846,596.3162088238935,23.496410248871346,21.448379504174532
716.1697529594182,601.2744068950335,23.67186785766933,21.994485182858888
719.742339242914,591.023033186684,23.51043355274905,22.150508325233453
722.9530293486147,587.9428967745187,23.277752770555168,21.87129265913189
719.7944825715272,585.7905976211283,24.087958977773596,21.676088228028853
713.740564692082,576.4725238734104,25.13914025376058,21.246700174437443
710.9035532842549,572.2870054976238,25.16144613227239,21.814887253707866
708.5045642489575,568.183653560265,25.454194649038698,22.10212229889321
702.2805694724888,572.2488944120176,25.538503431678407,22.117380988497263
705.6427741034537,579.9983148792575,25.257383292953826,22.932202946362523
710.3922197070162,581.1326943903744,25.75925292641652,23.554336002395512
708.1236774049412,572.4485698571582,25.167399262140233,24.549140435398098
705.1625339127579,564.5187590319449,25.345696062499012,24.91692178483303
701.8439434474005,557.294541679624,25.876889536557478,24.68096875454055
706.060139528487,552.2568589661222,25.427259776261447,24.728110460579042
697.4936273330213,561.740832737805,26.86049519125769,24.023476971047394
701.289407014377,565.1010849477874,26.077179916532984,24.655685098544016
697.2918187935152,557.8843885773787,27.99216166075689,24.100860290810562
697.099181729169,553.7193094169054,28.873689909084497,23.71742710008509
694.3904982504722,555.400463793146,28.516729796542453,24.65635799194311
691.7873817263348,557.3032309678217,28.627823213339234,25.14511834279757
695.8059921930095,558.2039982760981,28.766813955383338,25.097946340637073
690.4638335549719,552.4515188789769,26.42799397091641,25.650865542098284
691.0081202808951,545.571546798792,25.841337008973483,26.34793044014082
697.8633649854985,534.1122079931667,27.135638943054634,25.865833685697734
694.3272996849427,537.0610428582049,28.100751504157216,24.984126662077475
690.8190493427841,533.3854890033289,29.164565444618866,24.142897750581646
695.6328454443673,528.8002587207353,29.365286732851096,24.23975919994752
691.1048781402621,517.539738863536,30.239901323291424,23.149914108568225
696.489093549134,512.3776357898951,29.78877144822614,23.48041603871381
696.4609405802646,512.5831229370094,29.98785453194544,23.414838971225045
700.6074124172137,504.42949548769104,29.207285351224847,24.67405331030021
698.5250048517191,495.1645388601588,27.098226261515038,25.766646623775024
695.5715072313128,501.3461135710525,26.75591326454355,25.709148142004896
692.7262480086024,504.0131405734244,27.57051992383856,25.599714633416138
690.7051438066027,499.62568845271596,26.826841351849623,25.44045407347444
687.1122409402084,502.0594689171681,26.76882376231466,24.84523916756067
683.6393208869744,504.04484483431384,26.89802877393644,25.527172723467345
686.2421324227282,496.1279774841878,27.72041835226247,24.850047476684786
683.8171131062518,501.3282951039419,27.093607114419136,25.606990297230514
689.4142840412561,503.22721212707205,28.38333379605367,24.77796665235507
697.5160184240937,494.9774599259714,28.220370373149933,23.930968447364638
694.4885525063709,487.7243596186766,28.697417470894752,24.29370272895482
698.658475417844,476.68102482216125,30.050767393497903,23.391167404212517
692.5694479485318,485.97391547538257,29.168818463522218,23.992542296634685
696.1246937907118,481.8177388469863,29.421030000560393,23.815795781671792
693.3865952548192,474.5577894527646,29.349920348843987,23.64467943091532
688.6170712387759,461.6262952235939,28.260352110587384,24.688956685324776
696.0633286026585,447.97372516322866,27.479924028650245,25.693633529803158
705.9464893820826,439.4061448559355,28.117795558336876,24.90167196714834
710.0195378526317,439.8934609043889,27.174936128123306,25.47929411327754
707.8122575582697,430.576457519662,26.67007170742309,25.413266637504506
711.594000840949,402.4717398378031,24.78676236978292,27.079687688750102
712.6574508820141,400.8271969277311,24.68734583678149,27.163741848702546
712.3138537007941,397.7523172023535,24.672229160547783,27.181386979197878
715.0947751609679,395.8018405976474,24.67361122651642,27.17970122167442
710.8628638957001,382.5453544908995,25.115943364077655,25.522365701289694
705.872668895229,384.0818076404152,25.148496322250445,25.035897276739853
721.8600436678443,382.28932729926424,26.087424272131827,24.44796984168849
723.3997859812991,381.28988654185906,26.283860825173935,24.323461885332822
733.3255530985576,379.17789276785606,27.118940620946812,23.454196273866515
736.7014925429481,380.0916846719671,27.44426220321674,23.015407899675353
737.2362443951066,380.5052454632795,27.556540191364306,22.84217983944633
723.0528115073689,382.16452522140315,28.70077073321695,22.310166000290195
730.1339319724364,374.1148148993186,27.59543544218301,22.758250207076614
727.640387161313,377.87852256400845,27.062359375760714,22.865313222996004
731.8128165699186,385.6575145164506,26.15174483190795,23.7833018496334
732.0577282310488,377.041078457398,25.163503776430574,25.174696836138907
729.9511218984171,379.5810571308873,25.42584904085576,24.90929600551381
730.0285917560759,379.3928880589203,25.736199904754407,24.201194122250076
728.963216954279,376.6588918832342,25.785409668768487,24.162109747951938
728.3897006136264,380.88316130487124,26.777681126711812,22.84874598573997
730.524052545217,381.9140593531947,27.1274753523073,22.043019667508965
734.0347951444486,377.003841836824,27.588731616910287,21.51297791751376
728.88367751238,376.8466504730347,27.410400712338696,21.39416004748117
720.7563637859076,379.21181592859233,26.876467587953005,21.259093313341086
730.3939048815305,380.9269682336577,27.280144888352076,20.972832910817242
730.0563602932375,381.41933099139885,27.192069340884974,20.858689149539924
734.520684262827,383.8094834470529,27.123266685607117,20.91711206788237
726.5963734732775,381.07276538949407,27.33000231133552,20.41251193734692
724.1379303724316,379.0939577004222,27.070612918283445,20.166324430305192
724.4322243048979,378.0057698654213,27.0376332630441,20.053343357719655
727.7395693646681,376.2288858374879,26.983991452082705,20.063640665055196
729.0874141478098,380.2552154619865,26.879326329550288,19.974766195681823
731.2813659118649,377.47718278276176,27.017436071259276,19.884434786511996
726.4080666829622,378.8088686095085,26.560831056628633,19.726552912067348
735.2917055818452,375.4997130527731,26.809694910063286,19.770513461675566
735.7312586034345,373.9212638430935,27.211341331617948,19.557684799242868
739.4132959203127,373.41810823256844,27.533237248872986,19.43707196741849
735.0087428622742,376.86980097285846,28.063596960982238,19.483852646433935
736.8954361915693,371.87827954978053,27.701932906543956,20.502904831240365
744.2003878952202,370.69046191355955,27.42087722495967,20.656993389923887
746.9977757903526,368.1684549303492,26.474774353346056,21.073665910678507
744.7948788831221,370.87997012102824,26.4697048045968,21.07453555548148
749.5102380580098,371.83847276408187,26.28583843688194,21.137666409612198
747.8746105116682,371.3952065419739,25.845247896462546,21.475490341795126
749.739561148702,365.87928504223055,27.556072030549842,19.996307539445088
748.1678155260005,366.4977583273368,27.687281241539623,20.079043310647254
737.8694101841207,365.2931795371082,28.283980548789135,19.781142753568382
733.8687728347423,356.70839425860044,27.33201557118892,20.12469828883153
732.6074837968877,358.77328690209305,26.267689760194397,20.338479124116866
729.4616072683415,365.7948670151727,25.14606191336722,20.96347789872908
727.3378078701129,367.54883417141485,25.237550453152103,19.141057413027053
733.5003828664003,365.97709562812827,24.387285346369502,19.548071323053712
741.2139145743804,361.44601204186546,24.70969018539432,19.11854137741403
738.6012516542916,363.7293910071047,24.737902306665227,19.08351188247134
738.9363546530415,363.517379530491,24.759798398632196,19.064818497689245
747.3963091956339,356.9395522618624,24.43356677596037,19.21136953251357
749.6765903690114,359.92986962662826,24.210785670799357,19.18855947797398
752.0976326490431,357.1152075792193,24.20565818817715,19.049687756105442
754.9053514330794,357.63706538629333,24.04808856065071,19.203469375877187
753.5724912586396,356.20606005481665,24.161508800161098,19.210886451188387
751.0833968990552,356.4169566973673,24.538465715238363,18.79031447894343
752.8443654902627,353.3596175445552,24.150119632565428,19.118565813864212
736.6374288210026,359.8711835760316,24.15361243139416,19.21947820469451
735.7296912418899,354.0324112560881,24.1641050280476,18.7922401947153
738.9910667448468,350.8656843204305,23.93348441692305,18.713042734276556
742.688359446457,351.73988638804997,23.80756155432951,18.56146704307621
737.4446583339437,354.62260616586684,23.35465913693288,19.37649622708324
741.2552911632537,351.7031724019806,22.493102227899623,19.815740292874587
740.1926515406817,344.1520388344933,22.50106997300712,19.45764252856692
736.5410010453486,347.29943561080506,23.99993492176437,18.19387105904086
738.5894081568173,347.6383231750689,24.115268116187902,17.89701945167222
745.9192408155849,344.0347158592165,23.903734819523255,17.966134880302562
739.8783078075465,343.6468783888801,23.864963899478887,17.907810049887072
740.8008221361857,344.7898008233578,23.757738411718243,18.011347232213524
738.6056783115332,344.3575514495172,23.76595822317618,17.966958465245735
737.1793467148174,343.3571353512046,24.192371346378575,17.80100223135784
735.9127170448281,346.93488668389386,24.20170627563832,17.872737470221
739.3826726246394,343.2481497238756,24.502506463240067,17.590221173038344
751.5318328057739,343.7904585989491,23.870072108495897,18.201536116400828
752.8051642961887,341.63876260989645,25.128246425380148,17.596084217745624
755.2796231547842,343.1489970326533,25.846717596445856,17.346867979966365
755.555821716012,341.56891511573673,26.393461547386458,17.152476988390223
752.4716526992489,342.81607265931694,26.832491874151362,17.116715526987388
753.0349964043074,343.82266701156664,27.051792932698476,16.93003662243421
754.1467495719421,343.51116810204843,27.20576746523028,17.552799538595696
752.6710625944453,344.3897608857764,27.96106357456737,17.355577241335318
752.4301953492451,345.389643568109,28.01609746323819,17.265907688397025
740.609965704937,350.04793316015895,27.617952228353378,17.65886783253366
745.5745321211084,346.766518844795,27.645702237862434,17.628291971826854
749.4158801805971,345.59304134230865,27.64359333430961,17.62704336715608
752.7756087686022,344.0274911159535,27.670952588400365,17.34285021797998
752.4699239713774,345.1550889261181,27.57520227797982,17.323510644825017
746.5950860866902,347.4580769943622,27.09536476062984,17.26516735343197
740.7559312883357,350.1760783017447,27.21166502532795,17.068681210592267
736.9741859885013,351.7879356843545,26.722795003972397,17.40150070320287
734.8980311626414,353.0376044343729,23.88628853935225,18.347202292736696
737.8350962990795,352.1872222842167,22.579941548369952,18.275454745779683
