364.5,859.5,259,218
369.6402692329465,853.5371130603554,260.3891697351061,210.06834218617678
386.90380249433576,838.8181054210684,253.41444475075122,201.2439749490759
400.11499029727275,829.4830211877871,249.33667289552122,196.43983395925164
410.48465700384594,824.6989064124546,245.91923294873246,189.6182482743084
424.4684537392631,816.3390215216668,242.47853252905512,183.4372668404222
429.2078499635305,816.7621663243655,235.72370863486117,182.65400464701548
442.8049274629147,805.3203418691288,231.1537893859967,173.3836422137704
455.01623744481617,795.7281731265917,228.5821899909884,171.01150108314954
463.5231066409581,790.0308379680675,222.38474990732522,169.95424962140254
475.4783392172108,781.5416123798908,215.20841398568527,161.89412307629055
489.55899148632557,776.9970089014978,208.8419336182314,156.13488263294033
498.9462075192815,770.4052343352548,204.34437997976272,153.96754273567825
502.704374105907,761.9145452215869,200.73064155914753,152.9199662222568
509.56508436058107,757.4135079631513,196.03699269183608,148.12479461879792
520.8074769036014,751.4156636030776,195.73278497127149,146.06530708432462
530.7318922064164,745.5236491489748,192.65036857297616,144.9919958580137
536.7916993144022,737.9193305227586,188.4155110023891,142.69138538016753
544.3149620239726,734.7286442153945,185.50963545848262,140.10246390874966
553.5916136503789,726.2887883578609,181.0975860638535,134.73771212500515
564.6417951889131,720.5317067686427,177.23586728017722,129.9042275454206
574.2811112132798,719.0723059705159,174.97936051298362,125.23176628268723
579.6837545903531,710.3006247603432,169.6443848552775,122.84475345643168
585.3299311084247,705.6596336256101,166.57181241622345,118.87832000451345
590.4459701142663,706.3385583535993,166.4196243943755,113.41648360319707
598.6742442700188,697.2387081242576,162.8710207043149,111.35066080028265
605.5656549341124,693.1165709201243,155.3650244011827,109.70067310204513
613.4127051744663,686.9281198702442,152.45760238720075,107.8248191745147
622.4649049443755,682.8986750479582,148.77946903639548,107.39254268539909
628.1043259751364,676.4644610527669,145.43754347138855,105.76736961585561
629.674535240903,674.8919659332058,142.4099155332924,104.81907300610149
639.1050297003345,671.4444016035623,142.180071575647,100.95305349593544
641.9272863677686,664.8499015420895,135.39351787257476,101.66772302761153
650.2568301245299,661.658352288678,137.597599793717,100.32899529469347
650.6004095733683,656.8141184480841,130.28359772348443,100.6615670034861
660.4385905809412,653.6674296640193,132.6313083717601,99.54239021340823
662.4264151720384,649.9503051260797,129.689985026454,96.97273973971372
669.5514626829546,647.8698306108435,133.45608607658374,95.42011227916197
672.928371857925,643.4562644714417,133.79004876459828,93.21591440574798
672.072094642689,639.8226187676348,133.04941885595372,93.34382307681165
676.7404579625922,638.1814843156554,128.25015754082517,91.33239033828252
677.4535477378058,638.4949375500755,128.8448732456448,87.72221701138017
687.0359481956068,631.6376798295802,125.12968565261869,87.26670200766785
690.1278780254385,630.1121179847813,124.17017918907148,86.37316004626828
699.1608308773336,629.4077299607695,128.73672310642263,81.5428477220112
696.9951541373265,622.7311511871301,125.36472716711488,80.0916400606325
705.9725309975239,621.1955720044267,127.55202179188171,81.41029669711347
702.9026247191799,618.7591244135249,123.99240319602407,80.82920740240704
712.9088679544195,616.117246847274,121.41820530365374,79.2300860573329
710.1133823766108,614.3825042858274,115.64249628153462,76.64384466956064
716.9401366792503,613.1171448843475,114.13496042291784,73.70732433592391
717.2533807468308,610.107993795228,112.76212341686866,72.49827892618057
719.0703389077664,602.6976846704682,103.89615752322449,74.4702269338497
720.5978529925566,599.8933564128977,103.44988891095734,74.4987410267965
718.0202878558439,595.802269388758,103.40358294650366,74.32575228588286
723.2528077228898,592.3113914414714,103.6635982393788,76.28881929905705
718.4548525110628,594.2240536752065,104.19114181298563,72.90304392362782
722.0197358811628,593.4521518730983,102.44828250475703,71.29372874158767
718.3842071072677,588.9748809098858,106.8337033914475,72.60418105904343
729.9199522132964,585.6540492314299,101.32441542922903,72.23174810660848
744.245355651832,577.1648065661057,97.80837439305873,73.50795992317249
733.3188608155219,576.9714223321356,98.780209199354,75.07062488253365
740.0319834579499,578.7684155447462,95.09008068948859,73.25000764513481
741.5177303279029,578.1025905105851,94.52797672417375,71.5710229979422
755.925067224337,570.1987949282963,91.14268660894069,68.95601082497572
751.682005788937,578.8302875076363,91.17319914804746,65.6843812677226
756.3330193901232,576.3993174047932,90.58950771353474,62.09248521223151
754.474404197574,580.7548281600552,89.25197693649895,59.68526141947761
765.8484778685745,574.855350961014,91.40963142469835,59.78330019691539
772.6847904898304,571.7096036099783,94.6328690155732,59.62278088903176
768.8943834977086,568.945297301923,93.91864029233173,60.83002308262925
768.924204421578,564.4720579663646,95.25311460392604,61.23233410970144
770.1197126747193,557.3658423594721,94.3380655941121,62.905968582436486
774.597339123976,555.6780525592242,91.98872663131846,65.77311067340466
778.5413388778381,553.3722258558365,90.44140928142362,66.64596838766558
776.9146101308461,553.5133219142621,96.48124160111195,64.22060066306257
780.6089945207352,549.9623935655243,93.96199486005099,65.53908049226476
783.6735622439787,546.674800732164,97.43685322330997,64.35175154314999
783.5778455056289,548.3456365196391,101.6770366602451,61.351104247500494
782.4145358140726,546.9043608855976,102.02678516111834,58.3397668617776
781.9955735377046,546.6251969303869,100.39777324110943,56.95948690546029
778.8553982609246,548.1013144120122,98.95498164250132,57.35438332795982
782.7990587655696,548.6076919266986,97.01437698607728,56.4891125225589
779.0463725329678,548.1242564093817,99.44246594464727,55.93339083369261
780.7207647476887,545.2215432290091,98.03162099458378,59.8991050896657
788.0225982434173,543.1348099591359,91.80966215518825,61.07176350153716
790.3309747310429,540.1205516274558,88.28053394510687,61.86453286433145
789.9047332404593,541.0326995060414,88.48254122269779,61.88635062284325
790.7174964403314,538.514959515131,88.28310408795852,60.28168007105215
793.5565427050523,538.9358068113694,86.43381224641263,60.34710446379502
798.672719714108,539.4461662758755,83.30085154547046,60.959091463857746
797.0662382620685,541.3468113033371,85.52053176442936,56.797472908074155
793.0227303343893,538.9925065312493,81.96827560521669,57.83011032936872
799.2896903869007,540.5885253281132,84.0843846909575,56.59276623376416
801.081012189531,535.5380937783121,84.31782572184142,56.077280000049214
801.4538196403015,531.1264040902644,87.02631148647933,54.48214178489924
808.2767379409848,528.4968419654505,85.79006671985226,56.66713737908367
802.2046145639513,530.040364510328,84.91409010967567,56.83860074280855
818.1475768089156,527.9485908591126,84.3294329737405,57.980312252469034
825.6052768520482,528.3612138611479,82.6525314413439,59.315168134700386
829.7613034876711,527.7761269071194,80.60348307339194,59.68800364703755
839.9928342324899,527.677381096388,79.83572360312132,59.72492043964477
869.6789248542003,526.5522681642526,75.6624593375204,60.367869884390345
873.0945932517992,522.6698329044541,71.1321814520851,62.2515181377121
887.574314236623,528.6584733451308,72.9127246715156,58.92386506743086
889.0157677017489,526.1601844833181,71.72153639084937,58.33914975016255
901.6944777355131,525.3429410800908,70.5962805562854,58.21369875780232
916.5544821166922,524.2211541625884,70.35083644492359,57.66633402416476
929.3915033053381,527.0019076314456,69.75103399912474,55.549223965681094
948.7505137741477,525.4499778507154,70.2225911884268,54.52579721050708
967.8316914848347,524.2281560724996,71.26639786977783,54.120945675540156
982.3867299461157,527.6818227518297,71.39496957337377,52.03807027556206
1000.1465535007387,527.2661377751722,71.14064504635908,51.22416565654741
1014.7448363197847,528.8137961040809,74.75576619701332,49.887737457973685
1027.0414465611868,526.142495192942,74.56364304404924,50.17878149487774
1037.5237000282434,528.2283543040506,77.43068852101425,48.470155184135734
1042.8158283118319,527.0912711560769,76.57343279611266,48.82019410975386
1050.5011755141131,524.8772681607613,75.91713077408635,48.35321822875251
1051.332640295212,525.8974388017211,74.30035705767514,48.07364715708465
1058.8286677471358,524.3943099566212,74.06871039723103,48.05136606748479
1063.9439213748756,522.0664319528028,74.37040890692938,46.87390858478642
1063.715754232194,518.5742808438902,72.95276563081988,47.615876493468036
1063.1095571290853,519.23708687105,72.12323326490545,45.98413211735991
1074.765837263845,520.0749669599568,75.26410513134549,44.89917469347047
1072.784675302044,516.7931357502391,77.9414209168828,45.31422431957573
1067.8681161683241,518.757399073045,78.9581186668721,44.65511063437851
1066.5470088363495,519.6977191534961,75.32670882752112,42.599540132852084
1061.0543263080529,521.4496478332912,74.9467714458768,42.905149594770506
1071.5600297992587,504.438246299189,70.13656583310505,45.22411332773257
1071.7603998019017,501.25016948801846,68.85662639413835,45.60087441210491
1078.0299971673217,507.3729099498421,66.61560812681779,46.603978909884546
1070.9754949290364,508.52495185596365,64.18441374244063,47.84526398281474
1071.9140191318277,506.7681465550788,63.88414654262304,48.27868267747264
1067.985828669472,505.1445317910079,65.16173605247492,47.841120065457986
1073.781268412758,504.67947306966835,64.99486482943942,48.62313960645115
1073.043478471856,502.724690188198,65.1889646329787,48.31797305552186
1074.3151599813646,501.2143768605141,64.70150722947403,48.61260769262984
1072.2701273464145,498.68017351699393,64.69891534821562,47.93180487779912
1072.6807872881834,500.3157591299799,65.94593488732887,47.10157321554736
1074.6017137866133,497.99809722154873,65.28118145106532,46.22752918735118
1073.8421964904012,494.3125576652235,64.968366890984,46.48462507962491
1074.5425978374833,494.78057356348677,66.45114033337819,44.93344790004566
1075.0350114739047,492.00686102608427,65.48502107528337,45.403366922659835
1076.5920843341846,490.9624986394566,65.73109740478773,45.05615303625433
1076.1559783485038,489.3275482158041,65.23510152483692,44.78400287987071
1077.1019266528258,488.51523807979515,65.38817620771164,43.74510453978597
1077.6305474732985,486.55505937913745,66.2335921034951,42.815697965148516
1078.3398788339068,484.4642908755122,65.57191388625681,43.14007346245542
1081.5530712508532,482.4182002861651,63.7395538519971,44.192218891867135
1081.953543787697,481.1574459584771,63.231545222732066,44.75630698945765
1082.4337196727483,481.0683634805911,67.63343221790186,43.52714288934042
1079.693686163359,478.9300439053168,64.77806777629915,44.63394183914458
1083.2936617262746,476.9291964397266,62.63705304243805,45.33665141262333
1087.6247837114026,473.4462048877133,60.867487388700155,44.521507412123256
1089.6864823043322,472.6889110115175,59.97159616282849,43.5886394020831
1087.0626461575823,474.2680764793005,59.77676114311056,42.645116835954155
1089.5454669209605,471.22678908333506,60.426458345794174,43.26507521519791
1088.1403653519778,471.25216743550897,59.59470197524216,42.93263349843532
1089.7293188792364,469.74206454303675,58.56058202920445,43.601726089990166
1093.9931464620254,467.8522915290846,59.372949291243046,43.31855242883102
1091.2822273802847,468.19810637094787,58.943866414072644,43.53597763588577
1092.9843067784511,465.74616054577876,60.151612909135665,43.36929381198635
1095.0900007944203,464.029717589163,59.56217655247947,43.70289360507079
1095.3509748941015,465.2075186948676,61.42313619683253,42.006392181394204
1098.540053547963,463.9167509882342,63.665199569672836,41.98044147143912
1095.7065418692525,462.74314797485187,63.682770721273904,42.3160537306013
1094.8970057288188,460.5810298440177,64.19108269118864,41.780831231706
1094.1789544344972,459.50551168811825,64.92048368509272,41.79693047697085
1096.3137575210994,460.71965128029484,65.58924985077601,41.475300966915405
1097.8121584509076,458.9391352545753,65.21498034018902,41.13800227556182
1098.3654674637567,458.7581564907998,65.66120283426983,40.8960317085406
1098.3186295873495,455.9944063350009,63.833004313602856,41.192051568153616
1101.7682046359957,455.6838741756752,62.46729014224884,41.670422473412614
1102.0514074514006,453.42194250852026,62.45955446791676,41.34401496340921
1105.4297311899525,452.8570339554428,63.082928480064325,42.12099404639196
1109.5640006206975,450.42750488282405,64.14700693493742,42.12743504643808
1106.1265343829612,448.5402403216074,66.38271068606127,41.32442863313916
1106.5783121832583,450.0354605061715,65.82504048837147,41.30410291554679
1105.843840205884,445.1597214660185,63.562422984049704,41.491114577298646
1106.1531219173223,442.19507896429013,61.27431939161798,41.996460424334884
1105.9165935515714,439.5247716362323,60.68327344068926,40.62925309910895
1103.7013561455178,441.47767590328885,60.97571912644962,39.75576324792383
1109.3446627118012,439.356525324436,60.132288629177566,40.356461376423454
1108.7932598733428,435.92946324319416,59.87248160252409,40.2206773360121
1108.051314448295,432.32283329913133,60.45178765705876,39.290835495352944
1113.2599845947436,433.2447916753379,59.54530005331608,39.10968037202497
1112.1530292356174,430.02297718257967,59.11701584585754,39.04175151714827
1112.47065540516,430.1992664795026,59.64250577068612,37.56114464386836
1114.9210279059353,429.81653714322135,59.6276847897475,37.222356367321524
1111.0108395370708,429.2246886355355,59.947546870741355,36.5830234248708
1117.9082302442957,425.44220080827495,58.21644404869039,37.08782926566892
1112.9658998406126,425.6929408069746,58.768112506128105,37.020764050570605
1118.6776372124448,422.3204337446789,58.34138563085613,37.363059774690235
1121.8224122596407,419.9864451468374,56.40397955288676,38.04301291976664
1120.2199026305243,420.36251116641495,55.56765719390613,37.993790602878136
1125.6302526980728,418.16172632370075,55.21395091830374,38.740055255372425
1122.2454093399158,415.39683152910015,56.27598548690111,39.421990196969176
1124.3431362301867,414.43676227170744,57.46834642928853,39.101749987272825
1126.7063256274619,416.5634804810926,59.414239791711644,38.05023005719192
1127.586075878047,413.6431825614271,58.4529140792708,37.80345841023171
1126.3346378713247,412.6878545752923,58.69341083943746,38.158306083956504
1124.0527362891355,409.8238131513447,58.60691468786584,38.86433203412
1124.4025965739029,431.4989902183953,56.722003177550185,42.50806601329506
1124.3238926278761,408.65214884040955,59.000311478333806,41.3261594533925
1126.9068684680701,410.6414841593,60.6197118407059,40.09778441279043
1119.3625885788874,410.44061787265105,62.60545250594476,38.83720405873196
1124.9658881447272,409.8993150527921,62.47588535503277,40.0634063678919
1128.6049872277006,407.5434993578857,63.393782031489266,40.19137769471412
1123.4195861498072,407.22797102095336,66.38732225285148,40.46038948799208
1125.0065648654954,409.70960201933417,68.12350531057882,40.860990843220854
1126.8922627275447,404.861899929636,69.73886949202618,39.66917577436887
1122.0994408853628,405.8725379167021,70.40982655950383,40.400470103798995
1127.31408450967,402.3266934644447,68.04423588075673,42.24072942244423
1133.8279154590155,404.2866575097219,63.415718913714656,45.67996515092485
1139.4532619527763,402.10963540144684,61.12498331166431,46.34131978955347
1137.688411510997,401.63106288014814,61.04019175220756,45.373105361933014
1135.8619593684855,399.9004502714389,61.819169738902524,44.37643251693519
1143.7841187566016,395.5461887437643,63.36304197044732,41.75753575092055
1146.008587990991,400.33253910598495,62.00145447220658,41.94895394754732
1149.2193597953194,399.480507266111,59.99120518903309,41.7659758395816
1146.4161668990248,403.08132484016227,59.08346602285957,41.04229144033954
1153.3874541169434,401.0957886451166,55.98542758824301,41.652450942205526
1157.454359070512,397.23209524587975,55.76870120312819,41.335184525036674
1154.231874288396,397.09800041613363,55.757713468489676,41.174445507549585
1149.3020532199462,397.2921398263136,55.972920847471386,40.68288757827263
1147.6501412647292,400.4299368305849,55.38792569161191,41.080425773352786
1150.5062986793346,397.8568599995308,55.33614460637044,41.23910360247834
1148.2622812662416,395.86009189055665,55.86124369813351,39.384220367378724
1152.5897206680268,394.3406967158888,55.69490932215055,39.64859955803014
1150.394690540646,395.9414181538809,56.251326872015085,38.43770412779956
1153.5964578060284,396.2090314939072,55.46062039768418,38.34368586132065
1157.989136197714,392.3522799002076,54.12529786497278,37.67381086223015
1156.6680713775327,394.70362837951853,54.01950872729411,36.88542162675447
1155.133016073407,398.46746456546765,54.91000761231283,35.992008289658585
1161.931342676168,393.32024712206317,54.08589946018105,36.207455631659066
1159.1890315006378,391.97791910762356,53.58952417042734,36.0567461910279
1161.504354118548,390.98504547477205,54.19247393499442,35.02290620582886
1168.2863794741954,390.60414864533135,56.271140003361495,33.192243552077926
1170.8336883129477,390.9185535100599,56.60591541365979,32.55576863218337
1170.5559960666124,392.9964210361678,58.82251390051164,30.406582831632164
1168.9478420679732,393.09807045538486,60.25079953135692,29.052477986614832
1170.1006879288784,391.8301644455117,59.957506773856764,28.54257739196818
1164.7797191113773,388.2547966017943,56.46229697200044,29.91690017034576
1165.7010272582493,386.76071876777996,54.662654400049,30.909861976615264
1166.8446152148633,382.13227063231176,53.54409902525418,32.54516827689718
1166.1184822950256,383.2428394691391,54.234325366749076,32.206272860550314
1168.1854518083155,381.2977811309471,53.96295047259605,32.86546008901177
1167.8229991040166,380.93732159695656,53.36025678950236,34.32362140123321
1165.1321019457862,384.56109813498813,52.874493709748094,35.447395872045696
1167.6224203530044,381.73721372950314,53.52201955298557,35.13920216334256
1166.435802147065,389.55180891221096,53.714963401804084,35.17507356321505
1176.9669993116415,384.49710893599956,57.77871925977661,32.57024069966005
1166.1610300073974,380.5844865191739,56.85366159842458,32.503435993601045
1166.921911831997,380.9087186812569,56.81923701389873,31.946516610713033
1172.1013080633452,377.817459541535,54.50254137121624,33.6757118005637
1171.6918226104026,379.73009428405703,52.75302330350878,35.099435148659396
1174.5105152521933,377.005201483554,51.92084166166264,36.59726732343681
1178.199154673875,374.1791240625958,50.35589085800825,37.81517228344687
1179.097927437232,375.88982114151764,49.74071444446652,37.680629058659036
1176.8554873850328,378.15805900919037,49.26666125694389,37.71058377622148
1176.4681561089258,375.8088316942223,49.76909170978084,37.21451404254194
1174.6701800189985,376.44932602882255,51.099384963577776,35.734690303759606
1177.4471388974011,372.8739999051994,50.85032322034075,35.49877945512107
1179.4534611651436,374.974322433564,54.45053221005974,31.57657057200083
1178.4200045419364,375.4817014423332,55.49631088162893,30.430884895922155
1179.8929631869148,374.7850682682806,52.60082311681319,32.28927615971936
1179.2926999184178,373.6129770642676,52.38106269007834,32.17046484581178
1179.725269378813,372.89236659251884,53.44722801986413,33.098145709614045
1179.9583244702897,374.0631427853586,53.78737004255709,32.81334511427386
1175.81492267126,374.51858416469815,53.46099261651676,33.925214670515494
1179.7783365644325,373.4039556333611,53.38111952333388,34.22741132572951
1185.4475029006874,370.37969167542343,52.87950567705331,35.90403777242261
1187.4895415592077,368.80467397629036,52.39677700367143,37.0441280317152
1188.799139259959,367.67103847097815,51.689054007133606,38.38977505386845
1188.4093180532152,366.5247274063729,50.47424284595485,41.0401747632466
1187.90543171851,367.63410498726466,50.517203148314245,40.72920656108734
1183.8528816758305,368.2074524311019,51.04882809695216,40.43543271047672
1187.6081641857427,364.6134737752624,51.16602336679685,40.200096331210695
1193.6098823174473,363.0779360077602,50.96037583721007,39.98259104864778
1187.840884712929,362.54181395223276,51.581591436116334,39.55086110515648
1191.4340483342587,364.14222546507926,51.62129310893074,39.87199670377551
1191.808438593028,364.65374902569476,54.265635992256186,37.2036865659592
1191.0047077935003,364.58524818934035,55.895947116186825,36.03373672166074
1192.390435347037,365.78344272909624,56.200240835208874,35.75592152734455
1191.951922827783,367.1420607218333,56.19830274272188,35.75291437945506
1187.8737776252335,377.01228861911625,54.26081881604123,37.66897497808819
1192.9776964695582,370.4410167858509,53.728576244451375,37.88121369308615
1198.4628438378713,360.46952122899586,53.51843747146772,37.22053154264643
1198.7965696936312,362.16502789607415,53.414116692809586,37.15092038031403
1201.3019209042632,358.80454908504305,51.6202226705397,38.36518774899912
1200.462672363448,358.83419028610484,51.552194932667014,38.13058814237001
1202.30440559034,359.0875451140507,51.714283636658195,37.40176067371801
1205.582273776297,356.24334290313925,51.11402514275689,37.90545608959763
1201.7597049543226,358.3636754061889,51.00116908366019,37.46523326924018
1202.6479343415656,360.212732068332,52.449192167747086,35.842399294533614
1206.752083669372,356.4908876700209,52.05239409165171,35.8062912240583
1209.0018694493342,350.9758212130241,51.27347124752798,36.24127563482923
1203.2135220946261,355.01364796984234,51.04721236717819,35.89811872006884
1208.1573182173324,355.67651464083474,50.71930216083602,36.07298640115113
1208.3520650432772,351.28474104645056,49.553085903753484,37.396699082109706
1207.703991697907,347.17449617010686,49.438636563268204,37.48165635784609
1210.2820111947956,348.05018353336675,49.186518521870546,37.810921938757815
1210.6200794730478,349.06388992152205,48.97744373928131,37.99041313659499
1209.9955597976962,348.7569889400247,48.9591092539504,37.91666291647551
1209.9711885867084,350.533351901798,48.92777478574134,37.357854075687015
1208.1087855607504,353.81318796583827,49.11053590491235,36.826165564487155
1207.4904029898291,347.1616846002944,49.08882422205888,36.8455579311273
1215.4352442069028,345.19291108168403,48.516870551288264,37.304249013335486
1213.727696574053,345.360233838299,48.57086019623072,37.20186432973291
1212.6017246897397,345.38907655309316,48.60427283189021,37.11733447035117
1217.158634923069,346.7904941688522,48.87156344594794,36.431270531122195
1215.650385153452,348.81852007525833,50.25462373503066,35.396679874743185
1216.64669012518,347.4885714058378,49.65610754633991,35.92533313947172
1216.6833307095699,349.14762196683836,49.64788634260058,35.98126035567453
