1157.5,558.5,148,95
1134.8286310587985,561.4229374107696,150.51399486059051,94.40574501277843
1113.6656983344997,562.8474566611816,152.68908104542695,92.88974603791303
1104.9188219271991,567.5778962520587,154.67625093333825,93.85912980833837
1095.9238416268247,569.7642034350712,154.58948997218215,95.23333175321947
1092.0786209434505,575.3388573836446,155.5427513166074,95.4432993180744
1094.1767042476606,578.6343006173664,158.49930770911132,95.89767143781586
1093.8952936730534,580.7154988519995,160.72713181012728,98.70208265858169
1098.1785331672304,585.4139209683465,165.2323395960358,99.4810679011276
1103.4007648415609,587.7648649573231,168.86270141210454,101.46384297105985
1109.9367425105454,592.7081460569848,170.60566347052446,103.50619894491648
1117.1190358304484,595.1782767394582,171.62831376246973,106.0464409479489
1127.1190726641216,601.5044916858324,175.57830286136874,107.65273410444073
1134.9300771461567,604.7712053420739,179.34462695060537,110.81449951026711
1144.315744441404,609.9233177979404,182.88494382671388,111.99108628012885
1152.6207119294008,616.0733004214602,185.91889409264218,113.95223332407528
1162.6718364102942,619.6928232898316,190.20231388196606,116.03622475364705
1172.2495798721814,624.8113921649392,194.51446445878673,118.6802219517156
1180.1060795483872,628.1617133547447,198.83982742728426,122.49185186639477
1192.3370374890485,635.9016200087206,202.2887632527426,122.87650395042677
1202.882324911519,640.3403085656475,206.03820871310825,125.36399546390214
1214.5743160172472,646.0484587410983,212.0893858134639,125.74548443139008
1226.3391467693577,654.9437817411148,218.81536684670397,127.50870158759055
1234.9038264218218,659.4094239420936,225.38774439004047,130.6736228089659
1245.0523158338326,668.3837441473435,230.1679951671116,133.03043977221932
1252.2302424184893,674.6973593372797,236.25726237588387,136.4655652737242
1254.7014939296,679.8115401052962,238.53185139661844,141.42818512994893
1258.762504006956,685.502589300349,243.46623154862664,144.83214337330526
1254.5398832790902,688.6195078357471,247.4848107956844,152.24683630827155
1243.0172272962598,689.7151869373863,253.48579832759827,156.64430230748803
1230.319389813355,695.2187031007534,260.23433859489023,159.43363163432326
1209.7250443450507,699.9572506179516,265.2499449171431,161.64464796913722
1191.727788801698,705.1628826463805,271.876184387728,164.5543713416024
1167.2975165225378,708.1950539552995,274.9853768047369,165.58162230446385
1140.4807216369468,713.9128063221846,279.3955393524577,165.13686834737382
1117.5857782170638,719.6623464540552,284.55997776102265,167.09333021059905
1087.8378315091832,724.3723475375477,285.51266740642825,165.8892379395691
1056.996410052315,730.5546331947118,287.4936045290659,164.2202551790637
1031.098002155824,732.4966756636522,292.4759197358584,168.55575090334173
999.7374851150225,743.2276601740609,297.9832948171706,168.50113471612934
967.9350501834421,747.1039191814482,307.26893982292654,169.89058912971916
937.4377912184708,747.1852416561322,314.60300404298437,173.9123003523098
913.520972229305,756.4460444152442,315.7191553152014,176.36839389798706
882.3623675439906,755.7551004048136,324.86308618463875,177.47917452147607
861.9793491616574,769.4549632628218,328.25629304659026,178.56797401298934
839.4379218053134,774.7790509885047,332.36418981017164,179.0968156234788
810.737788572026,774.2838288070241,335.8318662637939,178.9267046262213
787.2487610463436,787.5057392536079,343.1470647189286,178.42473222756274
768.9693964492858,792.0752271150341,351.3885831500892,178.40902963913447
738.6940836100725,798.5565685013562,360.33637124232155,178.63389203111035
712.2175522452842,805.7530622313702,364.2156006026113,177.02960964794383
696.4194842160168,803.5164662080804,363.2622978508374,174.05624384639162
684.8381819986025,816.8226129435632,368.81866690028494,172.14099321885172
672.9495276260081,824.9330851885729,376.90874569536857,169.2521282229215
667.06627223907,823.4050564224483,379.66187046684064,168.97390261587668
655.3311840594918,824.8715203683759,376.6798315472507,165.09360850832036
668.8200265214015,835.1538734219629,381.109974561436,162.44288087890942
679.9660951235767,836.1713126396393,388.20451334399274,158.93341654546128
692.5622669198253,841.1872084445415,388.50335707289685,158.3324440988109
716.2200328323393,842.2546303774311,388.51616642561754,154.57706094383417
738.6840089733653,843.8898160286898,385.6708503284772,154.1355537489781
780.5615741637671,854.2306830461581,388.6131492915148,153.06503359836714
800.8289733459433,849.1831757644111,386.52260460465686,151.95349329786683
847.808160592693,857.9474701167485,389.36068617221633,152.71103365276886
881.7667736615982,854.9833572307513,399.13699931078304,149.48768015231033
923.1545422001724,868.7565719214001,400.7133522586421,149.154599973769
944.2548564143837,857.8205310633584,399.73788460027,148.5481548531271
1000.0570280111078,866.2159623876382,408.58690223832537,148.00781192342228
1042.368943894366,862.4146493101836,409.67671801024983,148.21810917073637
1076.584085083997,857.686317126935,409.72267262943944,148.26561141907104
1117.385558762444,876.8937033570967,410.2232158975577,148.54191239204818
1142.2733043717747,858.7235812156362,410.23220323715435,148.56436504458782
1158.4350827008752,848.8651123086374,410.43175375286637,148.76560930396005
1183.132519952506,849.3270949084279,410.4520002042995,148.76368359528522
1237.4201987015222,870.8170098657611,414.53236138350735,150.43805327309107
1264.6307132279783,862.7515777945048,415.15978682580334,150.50634219195865
1275.5914587069396,857.0202802091989,421.74058158844264,150.06758079750452
1300.0436073431015,871.7687428188152,422.7423370982471,150.80893690252478
1292.8914405856917,857.9173602801183,420.7465931388085,154.37041917640298
1291.6333721369956,853.4300730438592,417.305635497284,156.0871878180703
1318.4541896971318,843.1461661278883,415.03749431562653,158.85558846217398
1310.835272138385,832.788231362148,407.8517098345783,164.31094283423835
1332.2447882416045,824.1493807059637,410.5312399780171,165.5190776651815
1320.635738451173,814.2258594276091,408.10762059408853,164.98178107416297
1308.8565151435027,808.0865302078774,400.81372417562216,162.69647089954032
1297.5649898483232,798.7373096399728,394.1190032496822,159.81621968557099
1310.1112682681803,786.841048378132,392.33393166825573,158.78495853863672
1292.7805533763296,779.5525900896231,383.37714840427407,155.57624148323356
1273.195509977296,766.7302560604849,372.92310313128206,155.18054804035717
1258.4898447131634,754.6441798790504,368.5849607126086,153.99838000050335
1241.3451198411624,744.7990510269251,362.1147696721561,153.43610271199267
1220.1704908891695,731.9131451368405,348.3902897682401,151.47319581451913
1196.0623712885897,720.9532695609813,342.77839891950265,151.0740732049329
1181.5058339524076,711.9127475571455,328.8136263600711,149.24964249061537
1159.6854749663723,700.152221514096,315.66703981064614,150.70929209878176
1138.4317039568652,688.0243463870527,303.1650424593292,148.71613523493852
1111.2535803938756,676.262459582211,295.3487334789693,146.10948339395313
1088.5609784369124,667.7648247842716,281.74674814068885,138.8987220832676
1063.7095575510596,661.9090589937923,269.68067094722466,132.72501771760633
1035.3454590892184,652.7834444572362,262.46011121746494,131.11637267619616
1008.3246686012266,648.0672734184997,258.52778766881175,130.2458198416838
974.6788902705139,635.7526791630363,245.49405214526644,126.69045783129026
933.9372134801185,631.3415442071757,237.33487494606743,124.45328519817674
913.2813772055121,624.1035307097453,227.92704431411372,121.94154422391836
875.1081056694707,617.4908703290471,219.47073144924587,120.42952206771187
848.1355350859735,611.2959415149309,211.1165368443833,117.38733855232891
823.856481660981,606.3555290794927,205.1367708350595,115.88643106365544
795.9890312434694,602.680793785691,197.22794373582724,112.990264256002
777.1301538165695,597.4122741504647,191.335269983895,112.10855920963051
761.3045785439743,592.2567622042902,184.690393386918,111.19831252060689
753.413289718849,592.0515019719836,180.3139289452473,109.99783175364904
749.2909403963944,583.1957098569274,172.34063176466483,108.16720505487339
746.5966645120461,577.858974987884,166.3396918432281,106.31622405853516
747.0400029350442,573.2357012464528,162.02804569982084,104.6838595142306
748.9713935006712,568.0978957614407,159.45695530654993,102.82562995563967
757.3733030510087,565.1168233753821,154.7899121721275,98.4313836957403
760.0943793447251,561.5995381068598,152.59111842209816,96.15890004163839
772.3622896427189,556.3239879025684,146.95408239668092,93.19555292029335
780.8984651325322,553.3248076402281,143.0005879050474,91.4246768206648
792.7382789697032,548.4218711057719,140.83589823765354,88.53071226939872
799.9625047970346,543.5152093911425,137.06672564496932,86.73960948552933
810.0502919196953,539.7331485451488,133.4359232953015,84.74034894762417
815.6475709052818,536.4865865419265,128.24137094216815,82.10890467686743
827.54742968709,533.1820786163116,128.00918300537506,79.97196034354155
835.1307765132653,530.5332744834709,124.33299005967652,78.52213591094807
846.1228320640802,527.143046553025,118.9353761332116,76.39254849901263
856.5187527028845,525.9242686565389,114.09114448035682,75.09159102255488
861.7468146470414,518.2383383304688,107.01984253803036,74.06178727256437
866.2586659653631,513.9055795839987,103.75822972049687,74.26048233276425
877.3381017309883,511.3266093692257,99.27398593281626,70.56586463396891
889.0348782498666,510.0028132444806,96.33109647736035,68.18729095905438
896.0113363502264,508.1743488773691,94.70509354579883,65.18665637843245
901.8425420126152,503.83854697547986,95.01934274975588,64.64623896540726
909.5450544921189,501.9204210125728,93.56601307354245,63.17857099925055
915.3404755457577,499.4942365724013,92.18063333966168,61.07543245526954
919.9745174268159,495.9071176689181,89.35261900874056,59.351730483233
926.4223286783609,494.2686467091,87.63908213941663,58.48929554349531
931.8865163179204,490.85242641100524,83.97636466234047,58.3767960845921
941.0126996376716,489.47323349502153,83.86788908620537,57.21207002327111
943.920265271486,486.86549488434514,82.22267585237668,55.457471529247414
949.2502910139406,484.0134569513075,81.95586778912535,52.85928105615838
955.0189386856546,482.194656264388,81.62233556617318,51.73035301645699
958.3869548986988,479.70615564573194,77.48203980748397,51.23915624510078
964.5425479750816,477.2333331290398,77.29934187306529,50.113991609935496
967.7923968376197,474.4393465957138,74.89022029636146,49.92054061832317
974.1970033961088,473.499701607887,73.84462693048513,48.321946939478295
976.0569916285114,471.3268385579185,72.81404373807165,46.659930938640144
981.5970059029432,470.93866334047044,72.13467957749984,44.95744849558945
985.7959401684819,467.17519322221926,69.27683528788098,44.29248458732782
992.2169436253048,465.1525793398446,69.59296455090094,43.654354297725305
994.9371167213933,462.9044053243967,69.1295318780363,44.07070858072744
999.8100467975576,460.23846911674104,68.58537655080634,43.899233541341346
1003.0000534696438,456.7544148629868,69.00621097829372,43.808793774060426
1003.0760304239128,454.51634556864576,68.46266584974833,43.46701978441478
1007.8655854767006,454.19315021598146,67.0555178246494,42.29837518666807
1012.666870669254,451.50121308447535,65.17153200526366,42.67713805951058
1016.4254031663294,449.77640417106954,65.73138253430598,41.119090105645924
1021.096832468068,447.9388947967948,66.78971083368421,40.343161007009186
1024.3793005027683,445.406800259458,66.50845824024711,40.00860404579265
1027.1845985698897,443.0089155915137,64.9652379712026,40.158651756689245
1030.3477668017283,441.0876026318575,64.70760033504526,40.62198178412842
1032.3068328382417,440.3627695765413,64.84202356849246,40.19830880633005
1035.0596621925104,437.363465464977,63.762527953260275,39.46825550714078
1038.3812259447811,435.9795709119883,62.61707824979628,39.359069418245404
1039.5247766636085,434.1009292575201,63.48657928107573,37.91676089855392
1042.9531338213253,432.1650447009643,62.335092190099026,38.20553490113927
1047.1927794052826,431.1181063757973,61.49749049163124,38.321301482286856
1050.5080243877842,429.3929612053524,60.37645989043435,38.22955636480531
1052.362675586973,427.60199206449346,59.525968250471706,38.50033504905226
1055.5681463796448,426.2511678939371,57.35817719865284,38.39358105709356
1058.3447531512622,424.9831621903678,56.476223559138354,38.230846037152915
1061.6221799652938,423.30434571416794,56.29936747761103,37.887727209407366
1063.3042227292751,421.5104319978118,55.72799581198686,37.631570424005034
1065.2954221882935,421.87851299698934,56.245979366718174,36.730444082137694
1066.134378337353,419.0362697978449,56.43231632253885,36.72819302597455
1067.6729504766702,416.3832424524631,56.1574836872555,37.02120284006047
1075.1877881962516,413.60564200651146,54.72903464175336,36.97775429030951
1076.089778027842,412.5944965867595,53.77589481761846,37.44181891785187
1079.160228814224,411.0224900545441,53.171330802201254,36.93549948190722
1080.8638900108072,410.1096299318441,51.1642318054711,36.7525542618764
1083.7502328675637,408.89262377176743,50.84871348214898,36.07947650400207
1085.8168981354509,408.2266538403879,50.66168228458259,36.32512720475266
1086.2963057294442,404.9909622090704,49.625514606960294,35.43072210665661
1087.9486583975406,402.954640368639,47.60323399180952,36.54303393178896
1091.5186332357698,402.27129677996936,47.1312867144986,35.447705692090935
1093.2940043653848,400.0316025937293,46.97182005511878,34.49757065458085
1096.7372635090776,398.6610743477454,47.50112725535096,34.61947804087937
1098.575952300682,398.8082416398653,47.49454146855307,35.31891233471829
1100.48628731017,397.63882198275223,47.48214393952556,35.985653550130294
1102.35685368686,394.90087822241856,48.061417393476304,35.39927598089928
1105.7330947709752,392.97103083864795,48.27972439424434,35.16920054964782
1104.633023198704,392.2688056180864,47.245794529432374,34.85036514527438
1107.3398249977054,393.39539385218643,45.68275939021532,34.30818114501462
1110.9044658233404,392.15688215681337,45.1033988712689,33.46224174499484
1113.2614842612438,391.2655866756092,44.26884048613363,33.19381106832975
1115.3909661153475,389.454668318309,43.373059218912104,32.25959690830916
1116.61203405065,388.81629483723725,41.90177616932928,32.03436333375382
1118.237674092939,388.21064378984676,41.72976052817097,32.012535512246515
1119.0002379705734,384.86598078701064,40.22022561710546,32.32655863894307
1121.3599474669904,382.729693281425,40.23564564682488,32.83869566935112
1122.661398124355,382.3398370211952,40.92887279663916,33.363237761976606
1124.7939704570717,382.93438928100295,43.39786939895995,31.667207685310984
1125.789696870699,382.711804300396,42.48694197339093,30.562675085176334
1126.9144990648892,382.02173831747166,42.56699698454172,29.158397893525287
1129.752943928619,380.7785874633503,41.49074729463203,28.609557903153462
1131.4279795740356,379.9737445015221,40.633741910852194,27.833087400951825
1133.143786536648,379.25798450666156,39.50591251841543,28.13779022282653
1135.021413347287,379.0937518225316,38.91343605426904,27.444257282919935
1137.9211527393277,377.9266921555753,39.84146383852993,27.26120385251528
1137.3773553968822,377.8220515888999,40.195118765036284,26.998735943798913
1138.4448545025255,376.9795837940257,39.57794705863251,27.13598296256098
1139.2673526201727,376.0167544290796,40.36229844325614,26.914097630306436
1141.907227818871,374.6333122037463,40.03444761812592,26.965565516211857
1143.530684129807,373.6837575734814,39.680300887551574,27.182260921418074
1143.2956627195063,373.58095230765025,40.206721281284274,27.016457321001724
1144.3661824494889,372.3095046874619,40.70582166395979,26.673395827626873
