724.5,336.5,30,21
722.7666228467018,336.90685084592013,30.01805862668121,22.36241580182278
723.5235024650556,336.24821118086817,29.642836406719063,23.140692290345267
724.6255990000285,336.5910986560226,29.346828693808416,23.722470801734573
724.678969536553,335.99968066524497,28.894403894827406,24.00798479898348
723.2293912845212,334.8136210207183,29.339596269860987,24.320752480775226
725.0638574286431,335.97144737756884,29.50846040029255,24.437174258711142
725.0188265575302,335.3735190344975,28.97596057133447,24.056225709362202
725.2012620165182,335.5478985319592,30.004802474728606,23.58559336000148
724.761767520339,336.2097792632532,28.985176096119694,23.68449814042343
725.9420895898248,335.4800602917186,29.98773244428028,23.071250546205377
726.1445636687204,335.4691454982284,29.602819430054517,23.338627532084598
726.8723421973248,335.066337519607,29.912205632078145,23.267165899824164
725.5049363223931,335.59560069671693,29.451027420118983,23.35770765679191
725.5474686375618,335.0105938350091,28.857241460634977,23.379568208917405
726.0564283639538,335.36681661839395,28.725076683490144,23.619803386045916
726.046567813291,335.5500809983405,29.229989078306147,23.08549496867868
725.7622119844208,334.9480810518468,28.75544039500359,22.270814424401543
726.8520706669701,335.327411699591,28.733167805524637,22.40506548523549
726.0500066805697,334.9207194559743,27.985773407173554,22.727378033851323
726.1357916176601,334.6838567991033,28.462228763972263,22.91781611878221
726.6740663675218,335.26654894639523,28.70803123812334,23.1247509229325
726.1585606204023,335.13444732605694,28.530370108099664,22.46215113858827
726.0667952326895,335.3108418998311,29.224179610527656,22.245902392534674
727.1495233668384,335.2888379209204,29.845430329334555,21.977573525907907
727.171580457011,334.1764467612144,29.963751238128594,21.91997785303812
727.7802724507263,334.5862280333429,29.839202249246867,22.48855209656601
727.1186656023162,334.0552262008356,28.797665486361375,22.552174345429933
727.5185640450513,334.58848944763236,28.912646169995497,22.901575622149423
728.4897882270164,334.2058969807844,28.702837729667394,22.87495868156914
727.1674137003811,333.941472428457,28.565453820508523,22.77820156862245
728.6507328381414,334.0319894261544,28.690859605885734,23.520038954216975
728.8411822953962,333.72651768015777,29.215442777601027,23.099866267276347
728.0575085045787,334.41767445976734,29.84285519162195,23.231358816789292
728.1467753157651,333.4744306550696,29.50081914521494,23.534411821959676
727.9311221358215,333.6247374510827,30.54289360052134,23.920679528376432
727.5673745942069,333.32106726555145,31.030297511348856,23.505586398537858
727.0809200347189,334.3101728073297,31.546889911664863,23.46008778046432
726.632488241123,333.19904687824027,31.150160267625793,23.4162927977545
726.9709406380667,333.2971837647104,31.25579769364001,23.75575973176781
727.2291445074679,333.1939534184371,31.10898222512706,24.501855241236136
727.7279622112331,333.36730702572305,31.041837239951185,23.636988528174918
727.6786262413309,332.32208917897213,31.189405531647708,22.77547329590216
726.4110865167279,332.7326338297532,30.591318498030322,23.677348858702345
726.9140320766185,332.4686199881097,30.17525514839012,24.048299367792353
727.4222676976477,332.7560552934485,30.450005254315286,24.097873160916187
727.5986259277257,332.63037501446325,30.742475571663164,24.050706822339837
727.7893692075504,333.06541764473076,31.230786101153903,23.71337958914382
727.9771996911521,332.81657379189454,30.88517359296909,24.308973406753267
728.4081076944291,332.0863461484972,30.871241648578277,24.314316750346432
727.0629235538224,332.58413868767656,30.105749989974044,24.693591364018374
726.8852367361972,332.24501600976254,30.498266492680365,24.338552988649685
728.0271648376552,332.2968090469942,30.516850073569444,24.397036452722148
730.1012240381208,332.3031832646325,29.67231208189792,24.527284568002543
733.7459681919071,331.76001197319806,29.433384331693166,23.589500644176145
738.5327332144633,330.9972705761089,29.18639021401118,23.06554905195413
744.4882333426971,331.2397967283,28.770295187490973,23.184955049442955
750.8295543145106,332.069350128631,29.934690887105944,22.541974632277267
757.3390832110191,332.1245382115703,28.901941549529894,22.543735952014345
762.7088691781696,332.37034104308606,28.411880866515567,22.316169278306674
768.7231621566677,331.43654744584677,28.11731285187635,22.400952731716288
772.5625474852656,331.36507670872186,28.264657875170258,21.982997188509017
776.4112479225179,332.6003562944195,28.137778652341463,22.337231414394033
779.96403861116,332.02962745544914,27.837592714443318,22.616494653730282
780.8619369962144,332.6356017109486,28.16583848963952,23.00010552788308
783.3181032412324,332.1156596428095,28.463174698144208,22.759088493069598
784.1002553827818,332.66509707929157,28.523104225800843,23.20511701779101
784.7216898856524,332.2145552219889,28.54587007405172,23.20465346747381
786.4069930421938,331.84335941433665,28.2967665576997,23.425364894411885
786.2207246994161,330.59604543388764,28.20946737064168,23.738232923877746
786.6028881187862,330.9944659587178,28.130152212740207,23.88740975123188
787.0681588313362,331.7744634426754,28.746844083673192,24.128540401182555
786.9094219669628,331.6424237142905,28.550721431913914,23.92098857059653
786.9891143761212,330.6759888619219,28.97610996577874,23.860936853887324
786.646947928352,331.3828907452021,29.237836648236375,24.100851719077898
786.3107417168994,331.554992040735,29.179888441603218,23.82958885442149
786.5024193247581,331.7955670510066,29.290473433746367,23.678855528434227
785.5062433741563,331.1463838391247,29.059062707379915,24.025001671016543
786.1793569788309,330.9348012776632,28.540011180347694,24.41704639073973
786.237924522713,330.53794419109505,28.802303581099252,24.573921643169903
785.4676428806138,331.0945711875307,28.43952575587358,24.425239934430053
785.6470726796474,331.08557179232787,28.99057240067141,23.650208765383056
785.8323777909721,331.6618345721347,29.531086725255825,24.232865115520156
786.1331899291855,331.38518018049996,28.024820975690616,24.612986291092145
785.6011729642789,332.09481656389966,28.58272751484497,23.808448375557337
785.5854626501546,332.05568035147655,28.894428489314283,23.150935175850986
785.3542079839433,332.42048861995136,29.168421167633515,23.171009260152186
785.5490674651577,332.25010816106237,29.45903029940927,23.072424773545432
785.8924183836841,332.3714822312799,30.128957568365053,23.174746735383145
785.4615618408163,332.79964827438687,29.63852523828176,23.0572167738505
784.996459007304,331.70099822999657,29.648614346053677,22.94191935120083
784.4078614365759,331.9212061877045,28.754044931014114,23.824849964876602
784.6594050003531,332.59996538813266,29.131923325755352,23.379334307965472
785.346788840509,333.08981738998546,29.10206278063773,23.476171645519685
784.6457641190971,332.83889367242847,29.286258760741077,23.464627244181347
785.0194465109347,332.8238350987177,29.370679700066407,23.43866973174657
785.0890855534991,333.2589248690874,29.157173778584834,23.362989672160687
784.2539196579291,332.4007115893442,29.002127697209986,23.336644503652717
785.2992548350503,332.4898922156117,28.942239532615613,23.581245597214902
785.425608108964,331.9134320098389,29.058508125049315,23.727496255203516
786.0340699107368,332.44043751074247,29.655675442345366,23.822190134381124
786.2149747225099,333.5037791933072,30.09337971260544,23.77501373852232
785.4454685520972,332.7905000722013,29.24381288738337,23.039675068525995
785.8717623657883,333.1838124954015,29.353545301841415,22.87149283087046
785.6876135625766,332.60520022882525,29.866894961956927,22.91510239936396
786.8934345113613,332.9334822142425,29.852819756371012,22.83243308507113
786.5940861492784,332.9630661457418,29.489066840873488,22.796562429301588
786.4457594059203,332.8621319305685,30.025873549179394,22.775761464641057
785.7508201374147,332.47821103002747,30.349343763326416,22.56601905466225
786.3467381531372,333.07157227366014,30.125769693791923,23.7287204242779
786.0927341213841,333.09105996290765,30.44846986111626,23.77083642576852
785.7004498911958,332.8223898027902,30.503082710747634,23.993548610151855
785.5727278171785,332.75487718765964,30.140139112867985,23.714762777888698
786.1564634659854,333.49797284407083,29.663693843899765,23.878944641775405
784.8802565918395,333.06729149599124,29.976103953941404,24.000785228075895
785.6395387940477,332.287936704323,29.928211042024444,23.70837447626069
785.7948092505303,332.6825936603224,30.371893199927328,23.54709084519643
786.0372215367745,332.8981550842911,30.245113575320485,23.33832716530987
785.0178552848256,333.05611348845576,30.24397088242361,23.38401889461897
784.8314873025296,332.8330058700992,29.506326558910015,23.626858091829952
785.0201287781945,332.12205480044554,29.302628506958204,22.870472279844456
784.0847040071316,332.9717768443733,28.945698024465834,23.28375458588573
784.8403080360875,332.948436243786,28.571741133096424,23.36114406557264
785.3359459124573,333.43077865061196,29.40475613546538,22.919224763701546
785.3134689820472,333.36813378052557,29.321518126502482,22.592130788372053
786.0505121601498,333.2634832712074,29.236916785841046,22.57808948274105
786.4903255544402,333.5925355757059,29.273028993816855,22.6417214138584
785.5531729796717,333.5342405324641,28.877975343467988,22.360321040952506
786.0906478935029,332.6911884042268,28.889312152443875,22.364366768449266
785.8737750975357,333.1905492769387,29.230863947658154,22.20496624338185
787.3708672679417,333.4504396570985,29.17969092372713,22.112586516042228
788.7430541780712,333.2824497057895,28.573804644845595,22.10090123032079
791.8301469706136,334.06535099629656,29.781244818462042,21.79258883835636
795.3557877352627,332.92127847818034,29.727294304143072,22.680151792383718
800.777947380107,333.4732169349886,29.39690752470902,21.823986732607104
803.4659903033403,333.5648363329952,29.409796949345,22.343063008651033
805.8325129656056,333.16095026516376,28.754631051858894,21.759072672509312
810.5355063305008,333.32833658457514,28.973464498076268,21.721398329018413
811.6509508161112,333.0072921694041,29.008340159195317,21.398906129021277
816.2296831379299,332.91582755109346,28.774021761545697,22.263674360653
816.819329192043,332.0850084317188,29.178413604434578,21.94631923697394
818.1043935285312,331.7273980638411,29.09142027982753,22.765919762680745
818.946195919291,332.4175577604949,29.5328834313182,22.543398607368005
819.9433028389526,332.83127053872863,29.391642126153407,22.816958324592107
818.923373288631,332.3373880642844,29.176686585079068,23.161111071839795
820.1200244533903,332.47560653214714,28.506770755675944,24.130041973906835
820.5724171310042,332.4328203144838,28.776829742976915,23.20844407065711
821.1137152329461,332.4691498733353,28.45505372604316,23.55517292506146
820.7783284555688,331.68343378145227,28.13427388398221,23.603030146170553
821.6966750338688,332.370789371741,27.939035193126394,23.657925978361963
821.3394928021778,332.169905191004,28.318970696002676,23.364674799319502
820.8924428354309,332.74754337858263,27.756542730689816,23.14542406062371
821.5272352073405,331.6875273056394,27.19019847986697,23.088634197926755
821.3328105108507,331.72213841814784,26.571604366212043,23.474733205980435
821.504407041567,332.41732464953975,27.540911889602878,23.1725852070028
820.2224127811136,331.8042664717315,27.92529439753403,22.9481300468708
820.7810940435229,330.9592055786067,27.72676332565235,22.874903046049223
820.6112264308235,332.21678527691716,28.115121105193225,23.436702515617796
820.4116410969795,331.4005708024657,27.919077659647588,23.72591923556801
820.313381373097,331.68801843733894,27.842460957100585,23.692130178855415
820.7023410798173,331.20663582097603,28.602209589458212,23.71976455258601
820.1941184113848,332.2784352451523,28.538233286063853,23.74010400880509
820.9148447110408,332.1954084823869,28.28463313681158,23.886825745711942
820.9189790769183,331.9249263528308,28.687610843732912,23.51174612882567
820.7361848139365,331.6165986889444,28.438355195359815,23.07624236527729
820.286431704421,333.0009932277623,27.778575835098742,23.184598263471223
819.9732915060598,331.99802577741497,28.086182661856977,22.78872929894373
819.734556362717,332.4550648864125,28.28228474609896,23.391390292580716
820.2632969032666,331.7724775207321,28.63408266366614,23.394994392543797
820.3888740229602,332.1429683091875,28.434817707682594,23.935985596196304
819.5053648944204,332.17595057301565,28.269227882225017,23.35165792504211
820.6081642916232,332.4495609839104,28.200486093352495,23.323146945896895
819.0883790740974,331.92487282281775,28.9498922360358,22.48799175200331
819.4690446267473,332.09888552578866,28.28356918459893,22.937158766073352
819.7676576655259,331.41938048960566,28.792067406176344,23.06896445221037
819.8772155388551,332.2571736204167,29.046047263050724,23.75384089837884
819.8422612854748,332.1180690445302,29.100361716635682,23.308093953533955
819.8819179929185,332.0421443503813,29.199658275339097,22.960397329497717
820.0532294072128,331.401973028181,28.74672547640298,22.978383319940654
819.6532024675174,331.73174397143254,28.434074488798622,23.714978149569788
820.05863337467,331.89204366546585,27.687527362128993,23.885522119705595
820.0271378950334,331.9905776099533,28.31234765227729,23.904225561753364
819.9992390220153,332.1018720205901,28.444614927111147,23.778704887200647
820.3249494667974,331.6606035966907,27.98018878719014,24.24660648351027
820.2954401707192,331.7694954159315,28.596790463867812,23.845108043448455
818.7151220746202,332.08418122548636,29.002534742606166,23.887986781901297
819.3153682254749,331.6511280931721,28.826053071945672,23.768780044209997
819.5416775472605,330.8081978689985,28.35377773810591,23.9822941132563
818.2800855392795,330.37635006709183,28.33010769546855,23.830349334794477
818.8535806613781,331.66360516540914,28.991179459436815,23.80114010070524
818.8816079886747,332.1624138520557,29.22938473950091,24.336483899817964
819.0883386611031,332.3901258924044,29.46972563852343,24.676359613103894
819.1678767337837,332.461681519191,29.382021696411158,24.21489327004581
819.4577823697564,331.5140645955315,29.289999576616708,24.270985871425225
819.5552219087178,331.3209326285309,29.468539616141562,24.069665590049006
819.280949276948,331.5857119054615,29.39361551463822,24.272877434230466
819.9385991780314,331.9719622287573,29.948182526659824,24.68113009338885
819.3555608795212,332.1385555630196,28.85266140543048,24.388982148967713
819.0579433794167,332.0417271546659,29.56107587915237,23.62046404531764
818.7192829158809,332.2039784291417,28.665111391909875,23.24082512224644
818.9614540831353,332.49625210791396,29.088495497631357,22.840122227605054
819.624167240268,333.39446136873073,29.11800817132778,22.844776109570198
819.2755750020883,333.458248581418,29.519378236882353,22.413717439636844
819.4652694057542,333.5816025886681,29.33554738968484,23.011662817498816
819.7459560596446,332.42278507597723,29.780426684955316,22.813390891264206
819.0278544566078,331.56800722404364,29.365055694077732,23.062157737730853
819.2874758535987,331.1754810153119,29.2989011957621,23.670671540445472
819.1075197603719,331.2961263542862,29.440946087026045,23.948034099111386
819.3295559539112,332.51011396569464,29.17531194299051,23.704083202382552
820.038599357615,332.79850988456565,29.345272769685856,23.366323022130885
819.419336879337,333.21700696863786,28.639889662812905,23.827434506537543
817.7487870807054,333.19963754629026,29.375349276327483,23.781925663642816
818.4775245587861,333.0831922874611,29.539746722816226,23.16440003177999
818.9416398875004,333.3854552835164,28.68004037793479,23.786380225488056
819.0862339983652,333.29177021676406,28.635928059696717,23.457682193564295
818.6787610820528,332.99684116866183,28.29983014525872,23.55232139522132
818.949663924269,333.44972279922865,29.007760547967486,23.366481578980256
819.2642493081922,333.9543961130195,29.54670184721882,23.14939009788934
819.2732774537665,333.4840835321347,29.44774610406543,23.23077002248133
819.5208887516716,332.7251099583545,29.261580766824512,23.29003584101103
819.5608930088775,333.14437494886863,29.158547733959317,23.088660947944817
819.8860291742762,333.33433578008123,28.83564964740538,23.531345448288562
819.9281331437842,333.3728701913564,28.627861504069756,23.574633285506405
819.5496050631597,333.52639895688,28.764345540220624,23.56675768622029
819.6319080771927,334.2706066883171,28.868129895805957,23.807015582667468
819.5604362090011,333.5676261961588,28.66435657196724,23.55411459312186
819.8346676087345,334.4559723374124,28.844171621592313,23.79214352113763
819.1242506714913,334.06956217562714,29.25462870793332,23.464421007163196
819.6084607480457,334.3762294394674,29.213648310804718,23.517364366052767
819.1442388290833,333.64897482415796,28.75342743610424,23.294261038297968
819.721105444952,333.88411258592714,29.070166023223713,23.37518119343939
819.753247611535,334.2692307288263,29.26011874531583,23.070777196623116
820.3508037794802,334.2687354585459,28.891328764579974,23.15890599016798
820.4337282423661,335.0783935104962,28.45662315832174,23.507644765311
820.7784507628779,334.6109918651959,28.644294321276362,23.168783922032162
819.700485545334,334.2186101245419,29.66790558208717,22.845481276921795
819.5379901672217,334.4152471729641,29.809665550309045,22.4905131337947
820.6343857053647,335.00318193717254,29.059569747285153,22.91222606247681
820.5209974835246,334.9823030721776,29.152754063981284,23.06123913241637
821.1758708715831,334.102503617305,28.944975465451822,22.46412963375193
821.0325704814154,336.06974611892576,28.68553381811039,22.73030731356624
821.9752104413615,335.7237470817958,28.709537159940943,22.436572892672395
822.5136001286214,335.6595952364674,28.199573036320697,22.250566678016263
821.6553901647051,335.0608004152586,27.29842460458916,22.630619650087652
822.567824593502,336.0154201754865,27.432533280103762,22.592806200985194
823.0409612122927,336.18698994197064,27.387386239082897,22.990381865612697
822.9993631330714,336.04879343911523,27.273367947111012,23.027778543921286
822.776202986622,335.75510446611565,26.936184101945003,22.666125041394615
823.2116910757345,335.94629902314995,26.97571515998696,23.48115449750366
822.806462293724,335.75170666634847,27.79480024622069,23.35867382773546
823.4071364608632,337.25511426789893,27.918302310863996,23.274658825792617
823.8727842874694,336.2776732913727,26.96331231602423,23.502925271880073
824.2638841983994,336.25566648378214,26.74768879572565,23.70843086564293
823.6188466461717,336.27294745371944,27.14096544468032,22.867043441663984
823.6292330001486,337.3154460953602,27.138881175530635,23.629289013539008
823.8562602185019,337.05169973492997,27.83987210198501,22.34641670619057
823.7203912652284,337.9167500104967,27.710741494692414,23.4892929664778
824.186953257893,337.2451662761237,27.56815635949606,23.85183881523661
824.4147127892571,337.129255895265,27.832758539927077,24.19424003881722
824.1191332430493,337.07991618404606,28.763495142511456,24.17005824715765
823.8190989664855,337.1626749756465,29.07302512113397,25.03422633683131
824.0035697809467,337.6442186860505,29.989141903471378,24.878554311520382
824.2051959316183,337.3693639196844,29.81914494256626,25.142812627013882
824.0282806667321,338.61574355039807,30.482352870476387,25.169044650415742
823.2205685240029,337.49636517593774,29.75293582904994,25.717543768158635
824.0830705886201,337.8014193492653,29.50029900759766,24.813133794493556
824.3464507811583,337.9276745667784,30.126980879711937,24.932247792222057
825.0441265924603,339.4811736208728,30.271894989289116,25.165025953608165
824.8303921957532,338.8839623691479,30.197716737030298,25.51652353127733
825.1609288262828,339.3602749301609,29.721945706153416,25.757473937378002
824.6994915802453,339.3893577997891,30.02311238579873,25.335741150101775
824.9605686400728,339.4900777970289,29.731260728791515,24.810398134290956
825.5011761537926,339.8648110450495,29.837552313114177,25.03949443932668
825.5410625099205,340.08779493728116,29.775223785216582,24.89711524027788
825.7911204274903,340.78263501105414,29.731561848267194,25.534812016230326
825.3410948464322,339.37840170666385,29.614103141504536,25.455338128405945
825.5200724043192,339.45391837467724,30.12960307928153,25.67626845966066
825.3134057740231,341.0847451260116,29.37280055899869,26.044675863530266
825.7955831557545,341.30822087812334,29.91268021787898,25.966405156121446
826.1343255892444,341.5408721361484,30.482940619418184,26.38991021177048
825.982345950644,342.0917746798058,31.634283927933417,26.243216651793063
824.9834414472044,342.3931247105191,30.767916293604156,26.28148886341604
825.5314869825503,342.691894287237,30.34068294205836,26.812045998307262
824.7166595683151,342.8223601975985,30.2867255697636,26.87302739325894
825.7717268647499,343.1529978902226,30.508066456555643,26.626619675759017
825.4444127761201,343.8355442126746,31.182336685747295,26.393288787807236
824.8179971576827,342.6752429800344,31.118034887297497,26.2624614038444
825.9775189721572,343.87195732494683,31.331823703185833,26.317008749042294
825.6072554073588,343.7487211115866,31.142401248374483,26.256870246776504
826.0294851113982,343.6944797775781,30.768007267823787,25.812007026358067
825.7408085223556,344.54288687981676,30.54488453359948,26.469271420695605
824.9115572361192,345.11478324104644,30.70018556414106,27.245197475526084
825.1734261394632,344.9954035529031,31.421300126538753,27.171828226080393
825.7379171031696,344.59356966745753,31.378548184287602,26.76576635005987
825.7815547572822,346.46554644324186,32.176622457489046,27.4654341301843
825.3838087772996,345.6725801161793,32.30043904110489,27.133057233793856
824.9426551326283,346.21532464392266,32.16760321211759,27.601406984256553
824.8784121585097,344.78785628925783,32.90793900704943,27.78401357179277
824.461775177,346.65369061704587,33.20100123714077,27.73423225324486
823.978177146162,346.9843097012575,33.06503111509987,28.056895674350862
824.130731074807,347.5335308399787,33.05300169046953,28.584254501950582
825.4598597714605,347.72251108616774,33.38766669654733,27.965854718488373
825.4642122989923,347.1229033750558,33.224077519094735,28.52488599424901
824.7214232936112,348.18903259297485,33.22470192492598,27.988007305822393
826.3037046585652,348.6558765812425,33.45970923417527,27.781103435043136
825.237466928182,348.8573610915669,32.700929444792386,27.3953298458909
825.201875290355,349.0145777125985,32.50836362318804,27.854973289267477
826.4037780511965,350.19888558609233,33.01845789265829,28.415615837725696
826.392222557525,350.9905847375768,33.36492150864418,28.186632151527625
825.9410954802456,350.24822464674554,33.80416352272336,28.0195332751847
826.2272646802402,350.377420152192,33.648073533571875,27.886446026268615
826.2651725701996,351.5040428499297,33.65518917817035,28.069836032465417
825.69612445765,351.17334689581855,33.23173172869927,28.688283408805308
825.7110767550603,351.3725202456928,33.69913932260825,28.705575675079427
825.67022889568,351.41418367948233,33.26596706291707,29.35648777524677
825.905066891575,349.9884567173744,33.76757261827005,29.464364009182468
825.6900886778649,352.52903285738967,34.39033080802149,29.096567627898192
825.2312342740163,352.3359992010326,34.73996768152849,29.450058171792186
825.5916020405593,352.72956218856945,35.80846871003111,29.12572893088056
825.478703492535,352.50798039878816,35.64508859783584,29.381732007981547
825.3732873976084,352.8718313375437,35.99944583371112,29.2855953495687
826.0268084866103,353.01891469176735,36.14981220680465,29.179322666101996
826.4492442968427,352.4633777143595,35.766938769907306,29.364005749807532
826.073793251933,352.8540151830615,35.70687585230497,29.98418336733991
825.8093207884928,354.89096881175567,35.8553502220051,29.45071169708916
825.6126502097584,355.517816901551,36.67845013694368,28.19376416277771
825.2162831543702,356.23708870726983,36.58499327390035,27.89687972157834
824.3670159082309,356.28722557303627,36.1158894511194,28.261443060997664
826.245035584515,356.56448994868185,36.152459289461625,28.401919076690028
825.9088309391011,356.48429499522206,36.051170768051314,28.164025981422668
825.0978037870435,356.6355322758758,35.87190532563072,28.249772791073447
824.6973327913129,356.98171862684296,35.82924522432501,28.12170070959117
825.7938994500538,357.65935667636717,35.83754715932942,28.193140964341247
825.3476582202067,358.798774274601,36.22941480600737,28.595602285007168
825.1115465975885,357.55540746117606,36.588458157394506,28.55630576413622
824.9934788508914,358.03145057117405,37.02005489531713,28.758296509516224
824.8252997752369,357.9088583222718,37.04855864937329,29.050305353134704
824.900494550504,357.17405745910423,37.65557321538515,29.817205857671077
823.4150939557976,358.04533321897424,38.65432590842974,30.1984582472968
823.5109468634611,357.6006638266826,38.44850903471049,30.119416360692824
822.9604617094808,357.30963697634104,37.84098514526926,30.300411639871037
823.169270022755,359.9614217560967,37.75485704361381,29.906649279781497
824.1481949992366,359.5533579932713,37.60934808423546,29.830541993138965
823.7457986739739,359.78912976873613,37.809507665605466,29.472044077143707
824.2179044241044,358.94214823222694,38.678426364998856,29.454637231753836
823.8466970752733,361.10056847708984,38.51598895757232,29.669041306251742
823.7549982123293,361.05168088884534,38.80404142024781,29.6514023798154
824.0714891717488,361.6044998792007,38.684499985176046,30.25729559392249
823.7293271374343,361.1032079820313,38.983719396605366,30.378267581006902
824.216121074107,362.784705888468,39.35997181331014,30.443193830768152
824.3757959899831,361.2078892504289,39.452277814976426,31.06840232373318
824.2503409182935,361.67707707919095,40.05307147471139,30.489315403334544
823.9754679182432,362.3035802109598,40.44626258336767,30.389909994987573
823.8607341169346,364.3022160985943,40.4609156189273,30.20539622404137
822.8179051096548,363.74566578291115,40.02691130364498,30.37328581902007
823.050677436961,363.97317484325174,39.831313268963655,30.87995477332937
824.0364630654775,365.18789755923666,39.97670003924897,30.95758973222395
823.1902482855917,365.27562933995404,40.13474824044985,30.689909894941742
823.9894194936046,365.8136392451379,40.43864504174768,30.8431372474533
825.1927590295974,365.89381588432525,40.814088986931,31.968685056173705
824.7059857581602,367.28768060329037,41.32653289372138,31.642323444853048
825.1745114420995,366.197531712772,41.21315724424722,32.414956612926936
825.1146583258312,367.6950185159248,41.07840485753015,32.843039102890614
824.2858782215147,367.1700587081759,41.67632575894683,32.415501275296975
824.294990236276,368.2466671383219,41.502075185597725,32.81316603603054
824.4691787195096,369.6176303951637,41.85014978010899,32.92576591838137
825.4493645785915,367.7491419566375,41.892828257254536,33.51848053201015
826.4184914320342,369.6791159001723,42.20048802929049,33.99400718353576
824.8961822093075,369.3307503219185,41.692931549659896,34.75442825724406
825.4065943857312,370.4753466105908,41.67020533863987,34.64507791101214
826.6936385360926,371.88266428742213,41.88034549323805,34.47749858839726
826.3175222727385,372.8469937503193,42.01202669568326,34.16607685500406
827.3699106122307,374.6427141467614,41.919866617626056,33.67414245343518
826.9823424102572,374.88744457738875,41.31086637681375,34.22103206862096
826.980389458866,374.688560482495,42.12285604018062,33.63054957838117
826.8231721147235,375.57133634053594,42.66429846742333,34.098186465901705
826.7917058568817,377.48799198216335,42.97968626610957,33.531474392029985
827.9635934810551,377.8090392625909,43.44212355775418,33.581782504978804
827.8271248894854,377.7202850653786,43.16609450566328,33.98516523861011
827.45484585517,379.20732178651195,43.42523964513103,34.331912874463356
826.7147084584046,380.2413893755875,44.0001283678896,34.528836517990655
827.2756518037288,377.6122018651764,44.64183943419127,35.37531054019807
827.3162223813999,381.5380401103012,45.78678887598922,34.928983472025955
826.7449007896051,381.5818810382266,45.804156985929794,35.47441942588591
825.9919977875311,383.31282352033,45.416353013361544,36.218731340475045
828.0950889033368,382.8194335618027,45.245167190098854,35.55751655993335
828.1581618714121,384.10626683886403,45.21302944771639,36.24953543719191
828.6469793327717,385.16014129448257,45.436251253750505,36.44360063027658
829.2535508355669,385.3125385340917,46.55425273087572,36.077151793143486
828.2895487484427,387.0605773393714,45.852325921535055,35.774357983337765
828.3899669017045,387.7975152024068,45.30769778378939,35.61226489804663
828.4831650922002,389.5370297776148,46.08562688213894,34.94573668547841
829.6240834735457,391.11002825198875,46.308434598213495,34.32998574247341
828.9638405829983,392.6622258227772,46.56672354946656,34.12249313198645
829.1744134164945,393.39866137474814,46.62602499933205,33.72176935625683
829.982468434933,395.2274891427581,47.330262070774104,33.05101500920476
829.3164781749067,395.6341681488841,48.16896319847195,33.59536994430795
830.6503989434768,395.09220829222164,48.317958678873154,34.588598691568016
829.9575109168059,397.1934404131611,49.09595354030482,35.371742442595966
828.7513110451976,397.52706946353635,48.452012554017585,36.10427670293153
829.7546725231878,397.3271986074144,48.35030310385644,35.77744462720734
829.727912076169,399.52815764098904,48.83903484816845,35.39396022355666
830.252713093529,401.396627042482,48.94794461300261,35.619588212896716
829.4016489984348,402.0335837692099,49.153505345659624,35.77994242632206
830.0740322361605,400.85311526946055,49.4086416959582,36.29510767702956
829.2729469053511,403.67203522255437,50.26048307879654,35.96073807028253
829.8831922660437,402.00458685512143,50.43815419741021,36.77871740580245
829.9490028929283,404.95606353679847,50.52657283776819,36.82392146865887
830.4648383778003,405.8588547982571,50.74352758386358,36.83878378935471
830.7864469583968,407.73194777091834,50.555455397562184,37.10631384030286
830.3939030957607,408.3119198686295,50.76128882765925,36.49724273738173
831.1456082324908,407.3027764090086,50.92250402315467,36.183201417990276
831.0763989904736,408.15969913158153,49.74029635914573,36.835890489664905
831.3938484269909,411.2805190823092,50.580794131387194,35.69948588109625
831.349263476469,412.33316390739606,50.977579507694465,35.51676132249686
831.1631185942814,413.4147670332182,51.28860707964797,35.19200176692816
829.9248279411999,413.2858408806167,51.76553633870251,34.61702435877954
832.2316325831762,415.61143566066073,50.755060092184536,36.20071798929053
832.1475818184416,413.4463134725578,49.590011023617464,37.52981253440487
831.4905686766974,416.2215464950028,50.08858783550798,37.713440262986595
831.9562206074995,413.2121842425955,50.17466392232501,37.79486018113598
831.7694073557764,414.5468151456453,49.953337268055094,37.61101920438591
832.1370365969034,416.7172019616423,49.77443777709568,38.18276347072684
833.0947156025364,415.4077693341238,49.65181450741775,39.31127320998677
834.2666050111013,416.36000467497416,49.37709113901571,40.262432772604946
835.999835918578,417.34540904314474,49.7696514730322,40.16757253815099
835.5110026316638,417.0731700705981,49.23846349288765,41.059709311028044
835.2992101406456,416.5937674855596,49.324089560150036,41.98531901530787
835.8407386569168,417.1005581508256,50.65168323357348,42.42788902162556
835.2963278213248,419.1522166689408,50.861384922948645,41.79716532208593
835.5551458786855,418.0772763663928,50.415077040979284,42.55956043719397
835.2766914750773,420.1136927378659,51.44720733045584,42.46148682367178
835.1376999130462,419.6624701017208,51.67944264093003,43.12537120883367
835.2743874126421,421.24546946875455,52.76523871917231,43.91855399988274
836.0588338214721,420.6129337930457,52.09680245962559,44.54807807056089
835.8583910714204,424.13596523777426,52.792704297112834,44.081520560858856
836.5760287955302,423.9436374649347,52.90462343074526,44.730933567745666
836.5515018477668,425.5120671746492,53.940971216830036,44.51474239175387
835.6276910781717,425.69787019998773,53.64966336050897,46.119913113273
837.2424647503218,426.3407444723975,55.21689019860028,46.99840202350333
836.7846420657352,427.169065045603,56.00126623333959,47.60928907627343
838.6744255666597,428.20892911188815,56.110976333751175,48.367542812917115
838.2748722295836,428.71130640977447,56.001624761133094,49.276223362100765
838.5139551497355,430.40157909348204,56.38693598529594,49.36575912338505
837.2975995744562,430.1616562820938,56.80064802532861,49.757178669830054
838.9279093812011,430.67637166102713,56.44180589691361,50.356299487279486
838.3057973532071,432.4388726847774,58.3125176720146,50.44767154439579
838.7512276327259,432.4290021966921,58.21563026366863,51.46717554606802
840.4806175455262,432.92944375475474,58.21521545898878,52.548964990343244
839.0697377480815,432.60819200166304,59.400406153168134,53.417904712820324
840.2228803375924,433.9072442001477,59.59519589645808,53.922968177169885
838.7850113412313,435.3294854431786,60.35517351810783,54.13932623515109
840.5936346652105,435.3837956526405,60.77478017772627,55.05270089272394
840.9157662967957,436.60394899055746,61.084757352625324,55.76503161230383
841.5395460148276,437.64112541457837,61.09928125440179,56.38311152196776
839.492465270532,438.04049239346193,61.83250182395817,56.74453351821637
840.0822381203272,437.77607914254145,62.48026288618776,57.37664681824842
842.2094435962973,439.10805175460786,63.12898470542642,58.32779096014842
841.4996540157047,439.38512268291163,63.16449732050512,59.082358654031225
843.4604584003077,439.6296029371563,63.546158099569325,60.44264597676903
842.3531617539121,440.14375754416824,63.48454516798391,61.22635530474493
842.8440041828359,441.70556061332195,64.5354287218197,61.57260566519011
843.7662806517367,442.4225816906497,64.77998867563349,62.389806501006845
843.7656754774662,442.8312051509784,64.85143053753649,62.78735048034181
844.1742886353808,443.5340435986716,65.90914622983074,63.19414065648728
844.2624150316872,445.20140323222677,66.6542989590896,63.59198642017958
845.0742069442929,446.16055044847917,66.74990323087542,64.56738983504835
845.8082092659823,446.38744247895255,67.7916182080958,64.69938648180725
847.4462546633109,447.2969272085783,68.28327851957243,65.6770671185119
846.0867040316103,448.54243002096837,68.35672652633738,66.78326200029375
846.8381402561472,449.2100988548443,69.55506249289107,67.4000204536022
847.3263062174752,450.72486627913213,70.04726597194775,67.94080255053706
846.7721902919391,451.47287139139985,71.29184769604501,69.09050954575983
846.7567334811932,451.2364359583572,70.31236186665647,69.44228157435822
847.4461025791159,453.04600055706885,70.8575811424804,71.05879725674787
849.161095510196,454.13506685007496,71.59861529999972,71.23442566444311
849.2655456891388,456.82181819155187,72.76569482381055,72.07993623372887
848.3330242167807,456.1159369434687,72.384461928132,72.9984756806785
849.7589618889199,458.03540179263985,72.85468506301285,73.40180425052898
850.1178469461358,459.5765652273766,73.95952940902681,74.13869049524453
851.4670048443079,460.8319332758522,74.04853343405438,75.17078110379953
851.3385047507002,461.9207192254232,74.60428578536386,75.56137970949352
852.4627262170674,463.760370607819,76.28399770095942,76.28997320478533
852.0567614124179,465.0244577367231,75.28360463318894,77.61206777686434
851.3844032222761,465.7962506299052,75.51522161307454,77.57474985419861
852.3117367025648,466.6253313863117,76.18647397932425,79.0754026136197
854.1591333123675,467.2987715561521,76.33549975800864,79.82954585819581
855.5349134367993,471.1148905808867,78.5950817329366,79.72481852304925
853.2498843504195,471.1490927653005,77.9318807593334,81.17743601323741
853.9902024809822,472.9013053126358,78.90703374875257,81.8142258034764
854.4222118224644,475.42994728419444,79.16020225526009,81.46358414275846
853.5473352796882,477.0358460404969,79.99776930582377,79.69470961174775
853.0024293160512,477.61716227677294,79.39380205196298,80.34507776815106
852.7136555636622,478.30746651040045,80.00312706362486,77.42729537983519
855.293581542758,482.10141089985285,80.98428068929866,77.53004968584435
856.3415018902134,483.4150102979045,83.57813973419768,74.79797059715042
854.8533768905132,484.83659271313593,83.95271989056144,74.14357415034868
854.4833754750658,485.55078596718494,83.42842492373056,73.48463237016529
858.644932838461,485.8812904020695,83.23288425314158,74.57498244958302
857.8244409236065,486.32998966805104,83.37817505687582,76.03239032668134
858.6696069729147,487.46276376582983,84.12310868014251,76.30120712349449
860.388206570298,489.82941554666604,84.73953698144825,75.99115718049171
858.1137613226207,490.8319958071686,85.24074800132537,78.72769986465624
856.2667959699014,492.86446623622516,86.23193282526177,81.91083195297816
860.0073227631938,495.00588665999084,85.95282813820108,82.0791309469461
861.1421394056196,495.13014490362906,86.62793419048809,81.99128812896323
861.9847963562588,497.7102082068317,85.98402725683381,82.89880152048767
860.908223529888,498.6992869797526,86.61204380459156,82.79270298502665
860.8628605749329,498.15584850748155,87.68073521941068,82.75527856330245
860.2703206209977,499.0385718672644,89.8960092340602,82.50711265806378
863.6561652243465,501.2950496941378,89.86453425847036,83.64513859974247
863.6409876246308,502.4662659589718,89.80815451708612,83.73339481549277
863.145274928956,503.08164106335477,89.89426824149756,84.25408198252728
864.9403360319106,506.5964872448737,89.990023678875,84.42298848545839
867.5076340112417,504.55921159983967,90.00821429865745,86.10949812983985
864.8266880599172,506.5264803480556,91.07748152380417,86.34404651557554
863.8876220815886,508.63177551564337,91.80398883642758,86.79025800404845
862.5367026970647,509.38998349947894,92.65581695838821,87.0886225589934
861.5801099579669,510.0816357109309,93.96524738383151,87.36560539323834
868.3175601986829,512.3374551315977,94.7658281952614,88.95323363560081
863.2474366831228,513.6674144845729,96.9136822991695,89.82087858134273
860.0287409057897,514.4941572960985,100.84142902209791,90.63786077821854
855.2690497928328,517.0551781506313,107.5955477104491,92.10549835447725
843.8584892256563,517.3929897446076,117.2467115893354,92.80223658978969
838.2518899370439,519.0590603958636,125.23094722148907,91.08697650638983
833.6889595695185,517.416333778555,130.2588258192563,91.6283269918022
834.1049370306947,531.1355602390162,133.82398026662904,88.63702680324015
841.3700630705883,526.3714788805642,133.86328876305578,88.60937818865912
836.6725578153003,526.6754048380769,134.42910824294444,88.70290113324103
840.6701085161897,525.7816455195932,135.1011717737395,90.28672817375671
850.0726956592362,525.6586452478259,134.40801279528338,92.55236226380771
857.7896928327087,525.7744685764868,130.99988904361825,94.49737711038223
846.8044544891999,523.6862729071353,134.75503693761266,93.00680344805217
863.9487067887627,532.1485944971166,131.66163235324,94.55260416069615
863.6943882703807,533.2544566095444,131.44166383841193,94.61485655876932
861.056393418254,539.8158471174502,131.32136252913924,94.21839777054038
858.0638539591279,534.2906238499622,131.12741691027313,94.21551417726903
875.4189777489204,540.131184724787,127.14656110906148,96.36273037224785
875.6116311629758,534.0460115661285,119.7631551614576,102.65165963972035
879.4720163162298,537.5374098645192,117.59049400033406,104.5557965236928
880.8764778266419,540.945332905659,117.18322172060931,106.07163397312291
880.2900178924983,539.6996658139432,118.15280783344886,108.47083076791372
877.2889286955843,536.0647967754386,117.42911395699431,109.95029129978623
879.9805365209528,537.6695824877603,116.6996492235344,112.71541295770592
881.9254892824854,538.619193980014,117.20191652897063,115.05478338631508
880.8238199844234,540.4133566699935,118.73450583261895,117.11699827682517
880.8311645726083,548.3498723577907,118.94333817889826,116.98867503799386
877.9389931905403,548.2399288915668,119.22451911483074,116.86357085052167
878.5901139819197,542.3595183690793,119.25253188901151,116.94981260116099
882.4068843979276,547.981872267712,119.49673658147628,118.57556250009841
881.1001510949361,547.5808827981273,119.52668969052422,118.60605285934878
885.1670427626052,552.4359620513724,119.82778236416964,119.08842930172612
881.3496914380639,551.7850641886879,122.24346013425134,122.14075775044391
883.0471469670637,551.0481233071902,122.24411104821313,122.14235702175186
881.9105780967727,551.7563075006595,122.32592674225714,122.44608976682314
881.8685100321105,554.6700182836563,122.65820742927379,122.87007153085987
881.3618332939818,551.2770469468278,122.65853330024088,122.87146313520577
891.8270302469045,560.1730244363705,124.21943291816443,123.69918031456616
889.9034294005319,562.8655045452284,125.12912543372289,124.67564356298257
886.1114902126387,561.822365628291,125.66711300750015,125.5154074965781
884.3892302573485,559.5565590972423,125.66740970054994,125.51579278294192
884.3879775453235,560.2897974718013,125.67092612593456,125.52300891950998
889.6172340308673,566.7943153370969,126.19297550289042,126.2635752550503
885.6688791010788,559.9267175080431,126.19547409030572,126.26713256688784
885.2552222949756,561.0821778670086,126.19610343294269,126.26768218739193
890.0714086066279,569.1280791667226,126.19702297852783,126.2690022118424
889.5383978585262,572.0741749394473,126.19798256172432,126.27048236772022
890.5158549806436,567.9925780075162,126.19868855007368,126.27161101845343
889.5701430294899,570.6714006070006,126.20076491793523,126.27321805008056
890.317684522889,570.1770498109337,126.20939521366805,126.28346630283573
890.8633042670887,568.5274827290265,126.21042892731735,126.28483350849287
890.5486216091842,575.0388613910015,126.21490194292359,126.28979967294646
889.9423681606738,574.39000409812,126.21705473767307,126.29270696951461
892.4463404191922,572.6475773868754,126.21806198863919,126.2940222631894
892.1727460421123,573.1050107653966,126.22232260849788,126.29911917390773
894.8633426080559,575.9318362814313,126.22540551649381,126.30340278375985
895.1194562026071,575.3404433630188,126.22717452473252,126.30513438882058
896.363098488739,577.7108686216709,126.22916094606659,126.30787848461989
897.3436498325099,580.6524709144026,126.23102898637627,126.31017262953053
898.1915290014252,581.9903536697014,126.23280130695515,126.3119866795691
899.0017871767728,586.6099053730863,126.23507521748938,126.31415828739816
902.0707613998023,584.6481193245189,126.23736077594363,126.31633291045851
902.1122370866476,585.1909099401926,126.24173129291133,126.32105776708
903.2307196895232,587.456975925384,126.24751211471558,126.32540486971263
904.6851679311862,587.7776281885708,126.25125866915833,126.32966845636139
906.4727628314627,586.8573703745394,126.25558271251856,126.33488378355437
907.9709696227125,588.2220909695224,126.25817315689632,126.33819405375921
909.0563397911426,589.4055053892379,126.26043167954153,126.34128313305682
912.4214678233675,586.086119918453,126.26653729742404,126.34782937715374
914.2926799047742,583.1727891745014,126.27490925689902,126.35406863195558
916.944142433679,582.2542451182798,126.27934735792155,126.35685041181635
915.5753027338965,583.8742925176883,126.28620883121256,126.36109018127009
916.2028037067191,582.998130854247,126.2889457630105,126.36200280610589
919.4585578352516,579.4394919171211,126.29641602342006,126.36572155122512
916.8616012353647,577.8099647113944,126.30215614914893,126.36735080927501
918.0738438893119,577.905807215106,126.3079810336152,126.36981861205253
921.7328653278344,575.2296435032358,126.31070019082787,126.37057949124937
919.6554857176291,578.7281992810505,126.32105780682349,126.37280477583528
920.399371858066,575.3464950280691,126.33975053090964,126.37676409888775
921.2850079859334,574.8196139175923,126.35155199165663,126.3793388625958
921.749447435477,572.982511014238,126.37871058735489,126.37947038754868
925.7262908268216,575.5309482296907,126.40464868248377,126.38728462759667
926.6684809061496,575.8100811709417,126.40882630681358,126.38784110998944
927.7653262241408,577.3319588019789,126.41119470149836,126.3881362633375
929.536404712064,577.260831618089,126.4253282917513,126.38937489887124
930.642001522286,578.4606452949777,126.43870559456906,126.38976543336264
935.0206898066059,578.7669601225793,126.45440559258067,126.39089945017784
932.3344860147047,579.4624251946663,126.4941033658065,126.39850494210242
936.5840733996304,579.3955086785536,126.50257329636469,126.39899547870422
936.8985928963515,580.4583918777386,126.51279422014109,126.4006011266909
937.126124960846,579.4776868614199,126.53000521910842,126.40096936803744
937.9832405746793,579.6320602171479,126.53634608949478,126.40152328207131
940.5434457691224,579.7638842925766,126.54718999145481,126.40222983258585
943.9388021301304,582.1327902143438,126.55719565496575,126.40240314656712
945.718956663354,584.5998163848308,126.56849279130658,126.40190906297269
947.7498374101037,586.4922112760863,126.57498150917284,126.40162749626337
951.0585712110393,585.7276838743044,126.59502220166036,126.40008912243353
952.8264215273487,587.8724679022257,126.62401985514,126.39571946407692
954.624726524931,589.8957627479246,126.65157506456693,126.39253100153111
962.2983652630452,595.3600487533088,126.65961971509174,126.38943300409876
961.8785067640197,598.9937512287637,126.69105686525472,126.37117891453217
967.7032026455936,603.9430626486463,126.79352443249302,126.3075003771377
972.2847588048593,607.6843620812025,126.88744529243803,126.25107807121908
976.2359592502231,609.6224957308691,126.96387373820403,126.20199309860448
974.5393109810266,609.1982790673907,127.09066142385146,126.12604013777761
977.146732890406,608.8469908764404,127.37761011103554,125.93612293343618
982.9287184539511,609.4832914041004,127.48016631763343,125.88009257897555
985.6537992216764,609.9318617019821,127.63809249389455,125.79433757402018
989.2116598799076,611.5984340577924,127.67729005779094,125.7653860979745
990.5328432660574,612.9556656231953,127.71729903904856,125.73555966294043
997.8648508946861,613.0882156356778,127.82130090696339,125.66638528067845
998.4754196911367,612.6395658491517,128.4282849084852,125.2078443744988
1004.1811710307852,613.64736157448,129.1983707741423,124.73645798510766
1007.7980972073116,617.7204629311277,130.61031931987858,124.07773727627342
1008.6153424461323,613.6215397114472,131.3342712854212,123.68784118188597
1008.1173173748078,612.2327162089498,131.93760947941493,123.38340442250556
1012.3632815602068,613.018654566951,133.95119063858522,122.53837337124051
1015.3680275747331,612.8581461646693,134.36082150589888,122.31593364937471
1011.910008262777,614.3180953212734,134.9592037187239,121.98987179018249
1025.9417748463986,611.8715682695474,135.80343133803746,121.4287184599359
1031.5708997354068,611.8960935975398,136.3106014317639,121.11622051768441
1029.9466629634358,611.784076321164,137.29084996397836,120.48680421376704
1040.8074346020462,613.4240634523145,137.82665556493282,120.23652344346088
1040.3683741823836,604.6037664309565,138.50973176750307,119.73406955857935
1055.1650052816462,614.3712200247826,139.3349656418322,119.33271636926072
1056.5624202628183,612.4485296384752,140.08319470643056,118.98930833454416
1061.2072876336301,619.2917988730364,141.30400207856633,118.46985026410401
1067.7659029116703,611.886145052959,141.89366373862237,118.11215883227105
1071.094914564065,608.3484966130466,142.0398545915103,118.00522185514957
1075.15981230562,605.1658005095727,142.57328292406098,117.61741443448634
1075.4607494595912,605.9104457615995,142.8744474318597,117.28759360767297
1073.503768503892,606.1229084728731,143.11722001068784,117.00433727738972
1072.30475757056,606.1358625758005,143.2685204707862,116.80746786445727
1069.7432084057907,609.7470663895475,143.31245456359048,116.73747055645012
1079.8221889827103,612.1228475491248,143.34096221324896,116.68774459562329
1085.4420600396325,616.5662580709237,143.36327105833047,116.64949457185743
1084.5664439510313,624.3822425589677,143.41931899806326,116.5795922247352
1101.0474659099582,638.2802290143668,143.72359104430757,116.21853968120932
1102.5958889823887,635.9340366183669,143.76440638770626,116.1733302342771
1105.5867640686529,641.018424319849,143.793827732756,116.12250452674627
1102.5179233610897,646.1407337741449,143.7942914647842,116.1140477590437
1103.5005010709633,652.255309893429,143.79063399942584,116.11396720520987
1102.6795066513366,660.1923657391274,143.79024901835183,116.11404913399896
1096.8096183427924,664.0798473255613,143.78737489165715,116.11528881047263
1088.2206784813034,666.2283115509058,143.78691773673629,116.11545574424127
1073.6202358745675,663.088712344522,143.78238671791277,116.11902074913557
1060.44299885178,656.5649645544495,143.73944286715565,116.1627127712435
1053.6246559080078,651.6277483670422,143.7091453704798,116.19271679504358
1055.8371698078427,646.5941682031971,143.70508373835787,116.19541172193225
1056.6879777438742,645.382010866601,143.70392552381517,116.19574321290263
1059.6757694482633,648.756343792862,143.6922273938434,116.19807129547844
1061.197326799636,648.7486193752059,143.6815984584328,116.19952740064932
1066.7949744311525,647.6247368246702,143.6675820335693,116.19837511005042
1073.2361993200238,648.1547585287857,143.66334359577033,116.19650245115957
1080.2608747561915,645.5411664473808,143.65494009134045,116.19127479921082
1082.8763295811784,631.7100030271408,143.66124656184817,116.19267635814234
1073.3740280258455,610.7694335342879,143.693097550038,116.17970128210864
1057.4041334471838,600.9069636936177,143.69499634551593,116.1782813267243
1050.6963433695328,604.0786481339858,143.6960305692719,116.17745598157967
1051.6742740285165,605.4517776473845,143.69820104498012,116.17465910579104
1049.9958718377543,610.1680738078637,143.6999794598694,116.17258195033237
1053.0220708587735,610.6770913404046,143.7024672709395,116.1694730968571
1055.47867545804,609.661488689555,143.70374529046325,116.16818176564956
1048.6651415379129,612.5365356153179,143.70667483975822,116.16535520778449
1030.8467413919086,616.4520595550737,143.72107242235978,116.15277423865089
1024.2839896172843,619.728910929599,143.75385008104644,116.12692948731151
1016.2714185065156,622.2250832872703,143.75654778738237,116.12424652437402
1009.9264649618503,625.4764318542136,143.75961433681516,116.12208951291659
1001.7886213956963,625.5669670579475,143.7609991158375,116.12078395815857
995.5269427398484,627.439704594504,143.76333242614874,116.11870753203104
987.9520603724104,632.7387267642364,143.7641999971766,116.11804561684328
983.3655817167339,632.7634117427957,143.76575183170868,116.11677488832605
977.1391203495721,635.6276934954842,143.7670640690217,116.11576575432385
969.1498803498455,638.8572224467148,143.7678499509457,116.11523600428286
969.7389852573067,640.4164436884499,143.7695845676272,116.11415072506516
966.0663047244356,642.6507461935192,143.76969322525366,116.11405602759254
964.8606832932124,649.0136426133789,143.76971919558426,116.11404134133166
960.8614277523627,650.1395917983532,143.76972731286685,116.11403657792114
958.4700681001945,651.4051330485797,143.7697284554272,116.11403584376394
957.6615462091524,652.7730789989312,143.76973227590406,116.11403331371072
954.5266579447501,652.1436705961519,143.76973339646227,116.11403247455529
952.638706767996,657.002730726208,143.76973626227553,116.11403058703253
954.6411601048505,658.4366852450901,143.76974037574752,116.11402820577008
952.6240014673884,660.4547695883833,143.7697594348686,116.11401685858853
955.161502005122,663.0401737331212,143.76976837892744,116.11401217585278
950.457678158879,668.0150187304766,143.76977475529773,116.11400912947369
952.3881773530176,668.7423628341077,143.76978264376416,116.11400531906047
956.0595955877463,669.3106858649642,143.7697833451988,116.11400489916863
955.3030957924042,670.2920129125492,143.7697836123878,116.11400473048208
955.7702579560479,672.3258846242446,143.76978393707503,116.11400454238495
957.2325651186427,672.3297747043679,143.7697856061735,116.11400386005968
954.378787191047,674.3638211822591,143.76979260944339,116.11400103653749
956.0687531954073,675.7673818740802,143.76979437846532,116.11400063881048
955.0323144485876,669.9126768439795,143.7697995299932,116.11399827061017
953.8140241900917,674.3722548817389,143.7698287717317,116.11399054733188
955.7665481807117,675.7582883037973,143.76982970588816,116.11399052876637
956.1124722997305,675.5718068812396,143.76983281380873,116.11399050419878
967.5201455744887,676.5148644131549,143.76984270079754,116.11398983656396
965.4781813346116,673.3069196519422,143.76987200127604,116.11398385560749
967.2894491103862,674.0938327395976,143.7699003540711,116.11397841515101
960.3331381860958,672.1567151812304,143.76992686066788,116.1139737709873
956.6588251861746,669.4511630674981,143.7699286867953,116.11397335981572
948.4850378843105,666.8737777891686,143.7699369291869,116.11397237523714
941.4535616327139,665.7114296104838,143.7699411720217,116.11397182893593
929.2040884939045,662.9362970333706,143.76999061027786,116.11395888602505
921.1255436944128,664.0129311627774,143.76999137938515,116.1139586366042
915.3252002521283,662.2396467803678,143.77000428124288,116.11395250097597
909.7403033875818,655.7139120015718,143.7700977380047,116.11391323700863
905.0505651066609,653.4186806301523,143.77031469367554,116.11392680621759
901.0760774597856,647.877165206524,143.77035727279625,116.11391120751672
901.7008490151661,644.6619108263114,143.77046713661684,116.11388659105594
893.9141200624242,637.7887731385523,143.7705468166691,116.1138813731108
887.675723283024,630.7043595920123,143.77068068047203,116.1138679888712
879.7196712576176,627.0923690378638,143.77129871934358,116.11378442802719
874.3839768435948,622.6988952095627,143.77213117228936,116.11364082016871
864.8343917414217,618.2261465174005,143.78202108784834,116.11259855582031
860.0928679928373,615.7309502523312,143.7827569882966,116.11240641984841
854.0959431923008,609.2826355519213,143.78473452785883,116.11201274990239
849.4232988082073,606.5775375806145,143.78568658763297,116.11176888898079
840.5870860350295,602.1217193334551,143.78595750875505,116.11167698412206
834.9950788343573,594.9643909934305,143.78811115160755,116.11086947216748
829.1202808493292,590.9470482325886,143.78936228783382,116.11042882331047
815.7564144719754,590.8005514295266,143.789751049089,116.11029097972306
805.0738521202541,589.8157274252349,143.79010469168833,116.11004551330586
794.4118220281905,587.820385333272,143.79030500572009,116.10987275762014
781.5910808891467,585.3958714723785,143.79043557184644,116.10975417075102
771.4445784934284,578.248322734416,143.7905701441602,116.10962936923598
756.1210464213262,574.5647040730596,143.7911153332429,116.10921851838975
742.4716532637234,569.5012536198303,143.79194609815502,116.108630909803
729.6713211956754,566.149210618933,143.79227798807182,116.10839493210554
715.6630518537656,561.5779178995748,143.79270459570475,116.1080512758709
701.4869981634095,560.3966355725889,143.79389743635886,116.1071828567162
690.4104222070232,556.1479246909428,143.79548815651773,116.10586578806053
682.4363017341888,552.8196688996403,143.79634073540362,116.10515216098514
686.6698637456991,549.763050513172,143.79968283106047,116.10218173604275
686.7425255032022,542.5100230114963,143.80001190229117,116.10181134566062
686.4235329326011,536.1717518463867,143.80006162644398,116.10171716497231
684.8547776088088,532.6673875160088,143.8000949540756,116.10154168676753
678.192590452297,526.2648856914868,143.80042019938708,116.1011667670114
669.0089999034253,525.049260491589,143.80054783698563,116.10083509808695
660.8194906644696,521.2668108028084,143.80132419145946,116.09996215126232
653.4775267923628,511.52662266977893,143.80562398277377,116.0968850134563
642.9365358238189,508.4183792445922,143.81057128740096,116.09366528144054
633.030834410552,501.45215214494687,143.8188805664885,116.08848836101957
631.8198893676143,500.9236166978675,143.8206602959891,116.08747379518898
622.5796069804044,499.5150641790968,143.82506794946246,116.08522277762894
622.3524426843326,499.8775077849494,143.82579024698174,116.08479126580245
622.0144500751869,498.9024159614518,143.82781247205386,116.08362628089533
627.9429793240988,496.90165076985386,143.8298156931648,116.0825208372949
636.953853989392,497.21739207524166,143.83434807106138,116.08019478120957
643.7683049682498,491.33422778213753,143.8551565127387,116.07024912931436
645.8215119734592,490.868342395977,143.8683957447296,116.06505113301917
652.191121561013,489.4831618683905,143.8960709064521,116.05203122428715
655.8185657941375,486.86987106455496,144.00122308990143,115.99134175118989
660.2415591755213,484.80890095580304,144.05606100355746,115.95503935488715
661.5637938520214,483.2533684899995,144.08174886008183,115.93526400949642
653.0121779951024,481.42057134156875,144.1173678993261,115.90993440489422
634.3775685312119,478.569212047816,144.14883552162036,115.89478267809201
610.9204235667888,475.89314306307256,144.21734863955086,115.86326552197349
607.8650373779258,477.9682634991552,144.25623272602482,115.84377766921857
601.1840080069181,476.41315219916623,144.39657935088735,115.76098990407283
609.8067349887856,474.84448409355747,144.4191247059804,115.74681587986957
601.8898529866569,476.8649244313676,144.47791943933566,115.71809768880964
610.4354521983817,473.73268502722743,144.5269744761945,115.68957919728689
608.2798736695784,472.11477889621074,145.11190955757513,115.37563218164749
601.1492803159459,475.4095994944697,145.22387517177472,115.31872524400134
602.1386777491485,472.97381911979863,145.42221630036397,115.222184395249
601.178643184908,474.0876226784418,145.63301961549925,115.12546376352047
595.1348287220316,474.1826513966208,145.95251893834876,114.98727748259991
596.5414473855144,471.99368048428164,146.09465482201142,114.91691044469532
601.6505307274463,472.2127466879197,146.54660486393453,114.72466721628132
602.0706766969529,469.8911106674332,146.64106863586014,114.68420074306587
594.4057258621915,470.15493529626485,146.69618686064612,114.66152378895232
597.9763538527143,471.5489222552515,146.72169861367684,114.6533769375802
597.9038247797463,471.6694115109924,146.76244999154736,114.6397990914036
594.7309221158965,470.1389019752978,146.78749710837423,114.63045761716285
602.0097471546427,466.7440779240125,146.82258508792629,114.61518111036123
600.3767779330805,468.6557971692573,146.8389025338227,114.60923058336294
598.602931222463,469.8358776187738,146.87167278004722,114.59809457599525
600.5605183466141,468.6841544244085,146.8968401594474,114.58976340175457
596.3245978232761,466.47342160677357,146.90862908970757,114.58399050621651
598.7175506859419,466.14837190503704,146.94451559235068,114.56892577712031
591.1854052941889,468.2984966031421,146.959432517747,114.56347035539125
598.1689924157324,469.1796772339936,146.99648440113583,114.55203525360537
594.5159456743006,468.14391161919934,147.07246678898488,114.53113976076727
595.6966659518188,468.91195674616677,147.23954954866932,114.48315382555194
597.527451332205,466.6547802657416,147.33962698600004,114.44878392871672
598.2174897910029,466.3726927367984,147.4742939727786,114.39964524999829
595.5346641923227,465.1844822630305,147.58270280997928,114.3545294735721
594.0828990530239,469.46244612825194,147.61715731795178,114.34191015246955
594.6229283966811,465.2541369164563,147.77050257761204,114.28001310083421
585.4968034603785,467.6445822192579,147.81279098398184,114.26251107819739
586.7541234742952,471.8121735578619,147.860362502847,114.24754193287818
593.2469161959543,470.56214991988566,148.03612842268367,114.18695896185358
585.4045196713299,471.8190284392896,148.1026686900493,114.16621890293251
589.1002633700391,473.576009603948,148.31736135014688,114.08776576928224
586.3076718420803,474.71442680434774,148.3996963845059,114.05650118122973
586.4661307444151,478.33198769276606,148.58415009627208,114.00263844590417
586.4950043605246,478.21476288849044,149.9292341380946,113.39746387416612
583.027231685148,486.634596217941,150.34343267263367,113.28075676918327
584.9765845680416,483.6302141113135,150.64599540059163,113.16498777377812
580.3429632762922,484.3545643760235,150.7855414707649,113.10722928419314
577.2119011564598,492.4706100214497,151.4307398811012,112.92812439660774
581.4633421518898,491.3952031018085,152.20739887314582,112.72425289990144
580.7737998324975,491.5664793763891,153.16875223378898,112.3900287887418
574.7839267434497,489.79693777978633,153.48083256718238,112.27373988538137
577.8983569385114,491.2923332103642,153.68383245197634,112.2030082250492
580.0644366932637,498.26842793977454,155.4834330727351,111.76103343404937
578.9698273676817,493.8597297599188,155.65336401383678,111.71611595971548
576.9984839091298,492.6605964755523,155.72195485842906,111.69208301111782
573.5308117234971,491.83946271835254,156.0689540666246,111.5665001074218
577.5360298319914,498.09153454537807,156.95608802521477,111.31125492364396
572.076808853118,492.4409808249838,157.39408282869724,111.1287936474176
573.3483789344037,492.23578326191597,157.5406699221842,111.07635238399634
569.107296156272,489.93721849051144,157.54338944794364,111.07483262916885
567.557057893137,494.066324157808,157.54408631919492,111.07459782556367
565.7662291821499,491.4848046113442,157.54521521566068,111.07419495858471
562.877766464835,495.8228756200525,157.545723177693,111.07408948245758
566.8216040170441,494.4075136555942,157.54600308973502,111.07400602936659
563.6478918820188,494.8761478722514,157.54664881886785,111.07379350716931
569.9921859239435,497.2507854239627,157.5475773311673,111.07355671258594
570.1578982698834,495.17405622893693,157.5493009686884,111.07293396292741
570.284403828999,496.7210532060654,157.55076002050447,111.07257285998928
574.416389593895,495.5066793534379,157.55207262370652,111.0721046473982
570.3905649347321,494.83991460579034,157.5530234311569,111.07169252434208
572.2709597645564,496.5305476004319,157.55441634466604,111.07129851040648
571.533674388123,496.31576445950157,157.55672889665402,111.07064694637394
568.4075266064535,496.387920421745,157.56058878743113,111.06915498472637
567.6360130516872,494.945039341618,157.5630418235735,111.06822579984811
566.587013604314,496.71746581300727,157.56322278145618,111.06815124641112
570.2036855626144,498.321634769057,157.5643099194204,111.0678678829941
569.4685412931103,496.9502018211607,157.56860199755647,111.06618155407119
563.3383505452532,499.3878256409955,157.57036251818562,111.06555633628655
561.9740431411182,496.9333578541696,157.57258598177333,111.06477362343537
559.1296973423366,500.53265478831037,157.57282765261917,111.06468428572191
558.8799329925928,500.1258322864854,157.57339774643438,111.06448792316691
560.6883936820743,499.05579578618534,157.57377613255983,111.06436750002526
561.0736272438045,500.2914682706344,157.5743495964934,111.06415475867735
557.9839323988908,501.1413568537374,157.57535852878348,111.06372772670558
559.6432285824098,498.88312023420013,157.57862197465744,111.06241853763952
559.7358947137905,502.5332920847662,157.5793734500774,111.06213152493012
559.6822702816962,502.7384573231985,157.58185960943152,111.06132177328222
561.1850002823512,502.5628940028731,157.5828058763756,111.06098246980417
557.0487325464501,501.5976162025454,157.58741560383692,111.05962697903345
555.7167903318355,504.3741201938931,157.58762213203943,111.05956619238073
558.6345694279771,501.7904847018487,157.58996570018422,111.0584587255365
557.5024233770397,504.1669270735472,157.5906562195691,111.05823692935037
555.1644112826909,505.8500043575666,157.5932068516105,111.05766921679611
555.2349853767769,508.0380275848864,157.5990864993539,111.05673591994385
552.83588877764,505.2062071964824,157.60311909664935,111.05540927328349
555.6858735457379,507.5692216310237,157.60555254332658,111.05496556917373
554.633761711319,509.37568380828213,157.60677876726686,111.0547436291722
553.0640467879995,506.2311671586417,157.6091227734591,111.05394843876256
549.7482533558498,507.57798603641317,157.60981700231684,111.05373421686944
548.0823524612497,509.3166203937435,157.61202150232862,111.05311722467737
549.1852368335012,507.5701686817946,157.61444902285328,111.05216932481719
549.3627243029334,509.3758937245019,157.6150084282834,111.05199805987489
548.5058372263701,511.6324959043934,157.61545736735238,111.051894316676
548.5809509541581,510.3853120177674,157.61636635946329,111.05159016884902
547.9921297510122,511.14222847885424,157.61922776553322,111.05080915362603
545.8826784878297,513.710684214327,157.62315379760165,111.04997572247888
547.2859527440497,511.81329854962894,157.62702469915806,111.04844377919488
545.677558212607,512.4799942893227,157.63311749210845,111.04682929279878
547.3869527816216,515.3571251702107,157.63714429582862,111.04585958770878
545.6048367836397,514.8886724155545,157.63894082329162,111.04524060933488
543.5866496479407,517.133070095537,157.64082483627377,111.0448134508385
546.6080340727577,515.1012222622511,157.6426101844149,111.04417756798944
544.3899168459163,517.7884694811044,157.64469893211205,111.04371325875186
543.8109245694975,518.416577928811,157.64607854115377,111.04338956981232
542.4081207558456,517.3060412513436,157.6508527775541,111.04189795449885
543.0410626014653,518.5008675138392,157.65389031452472,111.04114522155072
542.1112833697593,519.5837430698853,157.65663770930675,111.04055339786348
540.8754307787824,519.4736563715221,157.6575343983867,111.0402742460617
538.9278706097449,521.8749850859649,157.6622113675521,111.03936461864213
537.1717012110234,522.1205597706105,157.66372232680658,111.03886598300316
539.6902755069749,521.5522618285443,157.66764920326426,111.03781590608027
536.8743360649023,522.6301338697974,157.66848300504034,111.0375524286729
538.2659678083681,525.8170725936078,157.67030154820552,111.03717118512509
536.7316051493834,525.8105948635874,157.67244132758773,111.03667452208178
533.4303929807731,529.068789747876,157.6761393283067,111.03570474204764
538.504063149601,529.309224964858,157.67720919937378,111.03542735540204
539.2170785822872,531.4599420929981,157.6799030819478,111.03500675653633
534.6234019920771,531.7922885007929,157.68061668334934,111.03483230931847
537.2481465673825,534.0010854351814,157.68228147522888,111.03436164677059
534.4883387116798,534.5454607937424,157.68520047930593,111.03352687454496
528.1948898956261,536.4426031607514,157.68896514104824,111.03225425598225
532.9360921878247,538.8410265208175,157.69581764956445,111.03048596087639
534.8178871236018,538.6532744866594,157.69974393169278,111.02928585716835
531.101949103132,540.485590197811,157.70232462278423,111.02848900723833
534.0583621169767,541.8644138756533,157.7026393134657,111.02838811324969
537.1709763068259,542.1996411314668,157.70313229914657,111.02821441485038
538.7040943850868,544.6244698428058,157.7051506348929,111.02737901304138
538.3647985204109,544.8996477505622,157.70548911638238,111.02722091340235
538.0217432442531,546.4733342459846,157.70585945402493,111.02709122053712
539.0423245646244,547.1463415287142,157.70608557512716,111.02698244984242
543.5277378980675,545.8178714467671,157.70647195929487,111.02673236634352
544.3682976094786,547.0909292966469,157.70665554619222,111.02658692364724
546.0318234203304,548.6741854679033,157.70850055057716,111.02538028108161
549.7433942692165,548.7528684722779,157.70980440159636,111.0244727426642
545.6049005621896,550.4996021254976,157.71020058371457,111.0241870683838
548.6007094648718,547.9139558882287,157.71608161055593,111.02164749935412
556.393640779468,546.3880464086209,157.71843614549428,111.02033476138308
555.3245080630991,546.4091920652679,157.71896875996228,111.01999233836496
555.6952106000285,548.1024773693174,157.7198982339103,111.0193500731734
551.6766441076448,551.9660825671366,157.72034765965208,111.0187998794033
552.2301178577347,550.8560358954498,157.72592926144642,111.01588964368909
555.8347958910717,550.1618479756131,157.72887533493753,111.0148204634934
562.4706035541864,551.4974918228054,157.7327082103313,111.01341914724097
567.4998517309566,548.7711791508077,157.7335918077916,111.01296327298158
571.0105792799014,548.3931093280162,157.73402855893124,111.0125158972306
567.7098410451732,548.7678996421181,157.7348268994081,111.01168945608961
574.0795888228425,552.1097477737798,157.73514896580576,111.0113785702339
575.8055818414534,551.6754249065606,157.7364632283993,111.01017332688838
581.211798480101,551.6368650650412,157.73961817975496,111.00843935609811
581.2535620458355,549.2871862663748,157.74307131284598,111.0061340803255
583.2618298414952,548.2589890879522,157.74348378289017,111.00569479285643
581.145173486609,550.9152114340485,157.74429592596167,111.00488511483042
593.3558170882992,555.4502678405738,157.74594049581975,111.0033835552844
598.0416339278663,554.108461563968,157.75219127476385,110.99873040209211
601.93176964395,555.1142146492416,157.7654342697613,110.98508246349154
605.5563236433857,554.5618928535467,157.76767119634914,110.98268453337184
612.2899849078984,553.6124836394035,157.76965385090142,110.9801006866973
616.2351053565817,554.9863695267055,157.77184181445224,110.97705985578696
624.27616448868,554.8772707023613,157.77366262450263,110.97404486858319
638.0075780935745,554.4824370865714,157.77827485052825,110.9691505407814
650.497307964441,552.6932439170035,157.7919308182103,110.95265881733421
665.5606253805129,552.5996171233769,157.820532639244,110.92000366543137
670.3174104967339,552.7226114967438,157.82665224100106,110.91110653164483
675.0383166717905,553.9120545453478,157.88693352818927,110.83072664912551
677.2086765426845,559.1723150929664,157.89484587943804,110.81511219792534
686.4797400758539,559.8386054611645,157.8957517854918,110.80853044380707
690.4320127765751,558.0767601838227,157.89752674022026,110.80356012254516
700.7444317281712,558.4798399435946,157.90014261307138,110.79648028418184
714.1647763563467,559.4013647934762,157.9007028726576,110.79338898576084
716.572306111782,566.1835884400862,157.90064716107233,110.79297166211884
727.7227461911261,567.4634861157447,157.90050966201815,110.79262771934816
741.8525320179125,567.5661660304178,157.90024766779652,110.7921988906622
749.6507808117462,567.8814237849957,157.90012414403782,110.7918827468253
759.6824205165598,564.961371041523,157.89996974693148,110.78969100639486
757.5795414025596,563.8283776189662,157.89967417397912,110.78892140101301
752.9852786807846,568.1082228897706,157.8994401269835,110.78856814127246
762.7682168297973,565.5087181173794,157.8994012566052,110.788470628493
765.126721769537,571.5021855831225,157.89930260380453,110.7883133832935
768.1521144150995,570.0341566953714,157.89928824987044,110.78827228884998
771.0208191081792,572.3008409946304,157.8992691825901,110.7882034623763
775.4550266105506,570.1225787484478,157.89921297313302,110.78810951392734
784.6352173550872,571.8487943499433,157.89915765549125,110.7880373368057
782.1272672093132,579.557228684114,157.89914649355626,110.78801159689958
790.6400984295993,582.1973226762913,157.8991288807769,110.78797592417145
786.8551853669495,582.6254572478413,157.89912872457808,110.7879592560946
797.8203427201735,583.1543183349112,157.8990450690741,110.78785425312813
799.6766233676755,582.8742154376946,157.89903874274995,110.78780947017923
795.9029350155038,580.3561186555268,157.89902666296103,110.78771010246534
797.2591515744078,587.8437354504136,157.89878749159945,110.78725853810721
799.6946597024601,588.2315027534587,157.89866132492983,110.78713634452538
798.5049543088136,588.4678200594773,157.89865616758772,110.78710402737605
794.6109054968599,584.2607192661324,157.89861511851896,110.7869994405356
796.8626558368884,586.7138506658122,157.8985704669796,110.78695207729702
801.2083780179864,587.4994975293417,157.8985276940101,110.78688819575528
808.2198410697331,593.4454418033715,157.8985050476636,110.78684050475967
804.5835524874724,597.6168051012437,157.8984918145998,110.7868198019456
806.7169457803465,601.6000093418743,157.8984755250656,110.78680689250571
802.7424438378077,609.534399040254,157.89842975667472,110.78677487740599
804.2079691615033,613.1708194798679,157.89842646708155,110.78677380517436
806.2827951228041,613.4216735463947,157.89841276709578,110.78676959250481
799.8373420053638,622.0547482340788,157.8984059999067,110.78676929207391
795.7058749011156,620.744503551501,157.89839866679986,110.78676627550087
795.0334423580999,622.6490958896096,157.89839787120147,110.78676604253987
794.7884494156814,623.3306615081706,157.8983772544626,110.78675819857665
794.3147737402902,622.8718096947513,157.89837181413176,110.78675440204641
788.4201308877623,622.1960625625013,157.89836425246304,110.78675045862816
786.8280349369559,624.7749445181867,157.89836062067525,110.78675012697849
784.8766154795246,625.5204724642895,157.89834862072132,110.7867445629506
785.7658569168835,626.8068137982872,157.89832506957,110.78673906206859
786.4141144960025,630.7855184418956,157.89831821764332,110.78673803888577
784.9506937347356,631.3103399347015,157.89829849257572,110.7867370343799
782.8755117268596,631.4217110906712,157.89829118122876,110.786734712307
783.0265010418287,629.4837317661612,157.8982729109228,110.78672745168704
784.4015804884893,630.20380014615,157.89825230405972,110.7867227998193
782.8873541275254,629.1152204162563,157.89823452039167,110.78671309832723
783.2812477533931,627.9269077551144,157.89817286509202,110.78666748013919
784.1542144986795,628.4295541204829,157.89810528171876,110.78664238277983
783.4264293277814,630.3777281611452,157.89794439552495,110.78660395986708
787.1092479364366,629.1289734533187,157.8978438291995,110.78653738089946
791.1035931746659,628.0733845191266,157.8977625873112,110.78651006657714
791.7492159328613,630.9946615821568,157.89774373943652,110.78650287227624
794.0720985905551,631.7286598086642,157.8977329474474,110.7864910148967
796.1715323188173,638.0139340126397,157.89764564527673,110.78648868901868
800.7432890150465,641.1874290391477,157.89759220633402,110.78648601488912
807.0747628469032,639.6913376290211,157.8975686290434,110.78646995326295
807.9138893521601,639.0099727104067,157.8974847788707,110.78643978381363
806.2005776174803,638.7123549272222,157.89745890998384,110.78639136959036
807.9763932805187,635.8761126821989,157.89743201311938,110.78628644542198
814.0786383730768,637.4248608283575,157.89710194882537,110.78616009256965
816.9695396267671,637.3690104527778,157.89708313491508,110.78615392509982
821.738156925847,640.8992959424012,157.89705797747305,110.78614692168387
824.9919106998625,640.9487670663597,157.89702576421527,110.78613300766693
827.0204641478942,640.8479676299829,157.89697674888592,110.78611684649687
828.6506558646665,639.3726082145932,157.89690182517882,110.78609864321939
828.3435793280123,636.7366901172268,157.89677596604918,110.7860325582001
827.601834753015,637.7792464958782,157.8965392367696,110.78597278773596
820.0010363337907,635.9444876780436,157.8962048293931,110.78581368215724
813.9618970937701,632.5727377756089,157.8948160670541,110.7852129705503
809.336314495459,628.9556713158635,157.89467233319724,110.78504435894789
806.2527643308675,625.9159513078691,157.89332415088597,110.78476914774485
806.9324909683954,626.8885745762836,157.89303567569476,110.78468940854766
804.3249100561527,628.4578561369199,157.89221354921585,110.78449224562304
800.9545994383446,630.6213580852866,157.8887209887111,110.7806591406463
799.6674234432428,634.675673842329,157.88840757275915,110.78037791393952
799.5127706066331,635.4083357839711,157.88756335867916,110.77859315501958
796.1887237259244,639.8839332183962,157.8874457105474,110.7785385745545
797.5516964143185,640.8985839736367,157.88715832225137,110.77852629861826
796.3025537964106,642.7145843908581,157.88313946999045,110.77754613715426
807.7991559281036,649.6072639449951,157.8824293329049,110.77771955194709
813.6322710955737,656.7476591007305,157.87860805534032,110.77615919659
806.8186984066335,662.8016073754296,157.87483916826434,110.77597117145721
802.6404494560637,666.6522290408562,157.87423239345338,110.77544906809943
801.1452427782614,670.4323593623326,157.87320865381633,110.77507314176518
804.3057921479024,675.1829711352373,157.86780018911992,110.77437166768009
817.5607898672876,677.043254834163,157.86815748585332,110.76303440135328
824.0225699461612,679.4181186363483,157.85492123499054,110.75038732497671
818.8673449703043,679.7553779500253,157.84892532264672,110.74801663149053
812.0242829106119,677.205349501305,157.82660814143242,110.71627762289528
798.8918503884603,679.3546777536316,157.81778302951108,110.70519800996217
790.582140618153,680.0979815597552,157.77923254849406,110.65837338067247
782.1275677116344,681.4858836918633,157.76941722039044,110.58317252756748
765.1614559164377,695.7412450237956,157.7125752526545,110.41344769500897
753.4657172611694,690.6449257804304,157.7237084647368,110.35242077248581
741.206007897554,688.4221212713998,157.71910304136017,110.33449382884093
724.9935380973295,686.1623125811291,157.72242373983784,110.31508592650839
714.0151934629303,688.9361746182367,157.7171999859818,110.30542077571953
706.6322935289922,687.7716146509454,157.72069233719944,110.29263610888174
699.1162062733341,688.3355266321157,157.72173364427425,110.26123028943984
689.035490026273,690.7633485241106,157.72023071310417,110.22108089195333
672.8446141824217,692.3166352782603,157.73986252453457,110.17158890400259
660.8611537881765,693.4044747299711,157.76272836992067,110.1009831582244
644.993880441411,695.6819185162815,157.75259109173882,110.07137249273877
627.6013462576611,694.939778137307,157.71158766005908,109.97133226393213
611.7088882103244,700.7841010858283,157.67550370998427,109.94794263333397
599.9852339513162,703.742127631839,157.64056211966155,109.92789497780842
587.7481619915576,705.6914755870406,157.63458184783403,109.92428760272502
580.4818559714597,702.3131100215749,157.63397300912982,109.92358444358479
572.1978452420495,705.2520951810288,157.62316597566877,109.91558715467886
565.551359432607,704.4556112717088,157.6181083807664,109.90572340888228
564.1063182405017,702.3391425141206,157.6140663468688,109.8864662837023
559.456004638903,711.2618834407749,157.5949075976986,109.7591295281527
550.5315014955254,719.6906577456081,157.59127919531372,109.5243635476417
558.24708133866,714.2280943407351,157.58576539682005,109.51633617633128
562.9403027560626,706.7521074341074,157.59013856018478,109.4690195216621
566.8352477144306,710.898082051499,157.45600028235796,109.38589048938995
565.183922933141,705.7645711020118,157.35303204153124,109.30082266493046
570.2093558402562,699.4887063454593,157.35631457706765,109.26289038181979
561.9829017253787,697.1448145024228,157.35474318936133,109.25285282535354
564.6767821098638,707.0205156519459,157.27218736713544,109.14383560122377
566.1611231241221,700.0100587575735,157.2440173766547,109.10707517296794
565.3486763503574,694.4902165528862,157.24175678526586,109.10163617189436
566.3027989351644,700.1420770469216,157.01293150325853,108.85455423702453
566.7946773107548,696.642357083008,157.01144653093328,108.85186109263446
567.2197681179472,692.765042628655,157.005975342072,108.83773321536718
569.4239132210473,703.9443442931821,156.94159331905786,108.7261632600368
566.1561159343697,694.6501679978476,156.93701850173755,108.71603927704973
585.0088583978347,704.2980738960739,156.62726320423693,108.4610427247221
577.3008997595424,696.4708293902552,156.62019643293578,108.44310065194452
576.9396463295456,691.0747233965708,156.61431217093704,108.4308628301932
574.4521831605126,690.8737008357557,156.59171240778042,108.40898304146393
573.5261747757202,697.8405605562634,156.50676895373806,108.2570391110696
577.808430211649,692.560398328659,156.50358558912043,108.23075058196305
576.6167910150529,690.8588784255429,156.4914166053612,108.19718396736367
575.6686516245932,687.4161440572545,156.48262015464468,108.18695048522245
582.1671837081863,682.9919018065075,156.46334554729413,108.16930401603427
592.240439162428,680.3545955666928,156.4542261761873,108.16298755560535
592.46755142075,675.2010762178983,156.45239970832878,108.15956793033197
593.8827982772134,673.1197210615318,156.43882934839365,108.14983852659316
593.9333116920492,670.9798274175879,156.43371576820726,108.11910520314424
587.2081507241323,669.2140848891793,156.4320744471053,108.10730971601608
586.9354660223513,671.8666541696398,156.4256876786778,108.0944133156126
590.1832842764221,670.5463384692284,156.41347372568035,108.07171241043604
593.9571396249631,671.4881596186299,156.38545512040196,108.01513318599324
594.4445078465227,669.9172995010853,156.34978214949894,107.9546415239589
600.3514081784868,670.1712953254721,156.33953907463544,107.94572043859516
606.4806820249925,665.4816892481311,156.29744770476847,107.90164955748175
602.883818140854,659.3704560392374,156.28733355213168,107.88295912477436
614.673635108141,660.1014915524686,156.28217094201221,107.85421783223732
616.9635848646028,664.8183182735233,156.09316175805543,107.71967464182126
622.1411311511574,659.2743620796391,156.0795573524432,107.71022235905812
624.7629017214404,651.7009415195745,156.0714231676992,107.6937747554476
627.2543002282464,648.7752045071678,156.06911058541576,107.69150664178329
625.8167763903125,647.8018599660545,156.06574057259056,107.68667088023875
628.1626139793784,642.5939686038358,156.06529382799914,107.650804923107
630.2110364965843,642.8693316336639,156.0514314724945,107.60083943486268
632.0297502497646,644.3116597206706,156.04324715744497,107.59358852002065
634.2352565708932,644.7095180705652,156.0395406518195,107.58966394740749
636.0238656720835,642.8571107567914,156.0292412049434,107.58617165623785
640.4795385265513,642.9248575716947,155.98642882166007,107.55330156936195
643.0297775930123,639.4491920428926,155.9728179021952,107.53597271228118
645.8078965943474,639.0342613022569,155.95359294230533,107.5157739233738
646.9370072335162,638.1087132095979,155.95205876774932,107.51397057762327
650.8131433494467,637.8153187549058,155.95055272820488,107.51254845868041
649.1614990124722,635.7921547437691,155.94886748582752,107.51051865534254
647.823451288906,636.2974538385396,155.94403906098648,107.5033028233725
646.0240645326187,635.9250752429555,155.94111860800982,107.50052145377164
649.0870942349751,634.364526704727,155.93335669271292,107.49079016226797
650.5763819181859,632.5832856515536,155.91075022095973,107.46842143085698
644.4481534407126,636.1310611755263,155.90081480052075,107.45804409044565
647.5169591187263,637.3847905720442,155.8994332693241,107.45690223669557
644.4168372520213,634.8743494678613,155.89481961712713,107.4438405697733
645.2162027220124,634.9396481648193,155.89276045066606,107.43860723650964
639.0532709996784,632.5395761735342,155.89300164381925,107.41886034741295
645.6381349845133,632.8892672172973,155.8778301835897,107.38986598058123
635.0404952503712,642.7953733286172,155.6909757111062,107.12854002645643
639.0389262209136,640.4367760992101,155.66183561117853,107.10157430164082
642.4657550892796,637.8378379263953,155.6438168323454,107.05753224291077
618.2889650982976,679.1398471944738,153.07512693473686,107.88659033387998
621.962349992461,669.4687610656325,152.99761221685029,107.89795586685953
623.5521277080583,660.0282748171544,152.99437306784824,107.89644652285514
628.0347877877662,652.4287336523535,152.9797489977025,107.88161188709572
628.526511845727,646.5865253768849,152.96910464096314,107.8558700106926
630.3653078373834,642.5121412683051,152.9576511341553,107.77146796405896
629.3408607203482,639.6342985585134,152.96095477366273,107.7581511477215
636.7862514688961,636.0842003436657,152.8971915941593,107.65095636187472
644.5637829797505,635.6123388514927,152.81692649906125,107.41044194112568
637.7647273195307,640.7927182438184,152.68113831698034,106.83441213151774
636.7665810297838,642.9714840701931,152.73928697779624,106.6739470404394
623.9763935282376,639.9632200607197,153.25989994311138,105.64728229976915
626.8087513326797,637.7970528115446,153.34104112313975,105.23884935589123
633.6331219711366,626.5942649946959,153.1625591313222,105.0058431765275
629.1037718083763,629.2575196661261,153.16327074954617,104.99825097293747
633.6226948434937,639.2119005054424,153.1042826973225,104.76278017184711
638.6876714096045,646.6409874140693,152.9178643989296,104.17390900680024
609.7700165017504,710.6247726651718,147.65510433148032,107.14890804715054
609.9653173884165,708.7086928501108,147.63068747643968,107.14390032176527
610.0463610016058,707.6307948878286,147.33377855786463,107.19364082159346
613.6868309002977,710.6583106417175,147.20096433767756,107.15720060138963
597.1533471547183,686.5312562810924,146.51590868861777,107.45942348373566
596.227201439003,697.2683116584412,145.65687597146234,107.66140874945779
601.7641852962826,708.3728399647579,144.61538746379617,107.86749010541864
569.7452298264279,683.8642264360604,140.7906512602628,109.14229698244898
568.0384675373887,671.8646534698905,140.72275520627466,109.16969237389735
559.4805184529419,654.5718859140918,140.71909345619554,109.1703510984091
563.5589651766115,633.2648734776226,140.228729074885,106.80477687417056
555.6627160127042,632.3309279838959,140.22645888897614,106.79913964991349
545.0634894632211,636.0400048982339,140.22639992037745,106.7961687709788
546.1213111959596,635.9069783505364,140.2051661142132,106.77261293848635
548.5346694717988,632.0617344823569,140.18734241653527,106.75884313481788
542.6141076173151,640.9474729990701,140.17544374244298,106.75228181953867
564.8836855249749,649.0742607179418,139.8400700526793,106.33076370718705
555.1359592293468,644.064923679348,139.6760882975486,106.06113156721312
556.3692024761299,702.248133100121,136.80387555712718,106.74506885639994
541.340898565948,729.53491770251,135.10265145861663,106.572457912395
554.5702915639026,711.0411867394401,133.61220828842167,105.38852394559179
536.7415984968688,736.2095786229069,133.40464403542913,103.9194569726145
535.1933397363517,714.8620140881513,132.980442856886,103.57918597083052
546.6334994139835,727.6714151997209,131.95990311241727,103.4743825218925
530.1158683884353,737.6764191729343,131.48456814501907,102.95252728615054
544.3325183410618,722.1618491292195,130.35196718887406,102.14234977015833
526.05403257495,733.2272906092215,129.80433659475736,101.69714333814973
555.9570617285713,713.5620267059295,128.50877260950872,101.42063275291375
545.5563772647334,731.900963147212,126.32592116145233,102.85705874828655
563.5442037688615,752.7861088203227,125.25568675999435,102.8785248517425
595.3058703691489,734.7075160098107,125.6241905856452,101.58815619681413
578.3032070858288,719.42155720416,125.27172393990574,101.23469149418183
543.8176660738127,756.7743845439517,124.37113082917656,100.7485096751785
545.291613119896,737.0251765377149,123.94909484529313,100.48160107287238
525.057711725918,763.6201059471252,122.3366133855248,99.55826599484783
516.3461969930621,744.6748110494088,121.84537504117216,98.61809688558195
516.5608584749293,727.2100884668688,121.85170093161997,97.60670004726684
531.1746948344864,710.967485122849,121.46997791045727,97.36749707677116
543.8928310992562,720.9767432871248,119.06238789412376,96.31347639586735
561.8670740585296,718.9562943499424,116.7993304477021,96.68015994452759
564.2533183305522,727.0878823942938,116.97562663587108,94.01383916334788
577.7339495829509,706.7062324947346,114.44729397870945,94.3937944290695
585.004524368002,657.2774903549687,114.65630142494204,92.46220141200091
581.8587035186608,670.9174319468682,113.76883377281898,92.79414394467953
555.6917453635368,651.4497758079837,113.65165983882882,92.54097057635353
562.5351125930679,638.5835918691212,113.23983293275292,92.12328448498451
553.2735413304387,645.1083043026548,113.22658484485939,92.09416639808222
561.1691127034983,639.3176365580285,113.13209410666947,91.84535036455524
547.9162501961326,634.2847746234658,112.66154772288318,91.45865869218541
557.6609017902648,632.4479179340582,112.5750480554381,91.23751566442756
555.7282082289371,638.1324803057785,111.71669088043961,90.23840388890517
543.6795671697241,633.9519472513797,110.37116383571819,89.61015962708697
546.9183085893533,627.9309201298972,109.81430991494007,89.1709206296454
553.2928161008593,657.6968677442613,108.72223592451083,86.96943952071189
520.0918910692017,657.1068118807549,107.59463396157514,86.95537338735745
509.38818075945187,644.9977894547249,104.9576692046874,84.70616941510718
515.5044259185289,654.8917786653599,104.57659333687363,82.01079008653468
486.9654232434035,648.4470444878204,104.16399948710729,81.65980987446548
478.76626676113904,659.5127965176005,102.8083633318777,81.01972493285041
471.0869628562144,676.054846814575,103.29340115597965,79.25826324081319
457.60020941508424,679.8911547445741,101.85756082721797,79.39588170967983
484.2549239541421,665.349630216314,104.19962051933064,76.39157857111356
468.5381649213998,661.7899794663457,105.42349026822129,73.8562629926349
454.5266324388275,671.5555516485872,106.39258393006133,72.27254692169988
434.660720267545,664.1000001080528,109.56963332031316,67.53786398698743
411.36548343776457,674.3011424106427,106.68299135436766,66.86829830190736
398.52490235675356,682.082439500203,104.88460988732402,67.42133752943249
382.19749002504426,688.0962171859236,105.60751974950367,66.30233766756979
361.29998069924943,675.9917051281177,107.07901034727107,62.97772159820474
371.35405823923634,700.7357521659062,105.20316598551024,62.7652764740939
382.0612493590011,688.2657392982626,106.43458788063194,61.66620216611513
358.1568450411666,694.4389984340334,106.38843257856323,61.71826517160669
344.32298338809323,698.7818304663874,105.39626576510123,62.20855199476681
319.4877696647979,697.0345817519225,103.95222200407548,61.576865099376064
324.9757764401048,705.8515318315413,106.25143965002967,59.98336509806094
293.4249080735166,709.5839752276341,103.58256293078043,59.59202496302265
292.88559357522655,701.0670841507986,102.62446554976488,59.017269788171085
263.5804836127317,724.4427168181276,102.25857399554415,57.38771185928988
258.6835075476839,733.8013830284265,99.51792870736041,58.138886637088504
249.2547485646694,719.672169096534,98.35233790700147,57.2398221855447
254.06391044508007,724.212992712832,97.86066617610507,56.62791018278271
248.97906193303962,720.9418057088538,98.0010684741697,55.7569924018832
249.77850079060147,724.019237344319,96.02745880024258,55.936322951985225
245.27630389195556,729.2363454422783,94.58436424585767,56.23139695059435
245.650742306408,732.1717605550291,93.83678148211152,55.50610229893137
243.00852375965854,733.2915961639607,91.18857927329819,55.54290049052979
258.79942738361063,740.9315315406503,89.01317011942744,57.03881871204105
255.05197567698275,742.7639091798837,86.34644490607138,57.372602953223165
242.91728544647077,728.0732652093425,85.23811288655408,56.97023613513178
239.18054933632405,732.4727441428752,85.72935208345525,55.25264457551715
249.69635602554177,735.1885916457982,83.79392046062665,53.09338717087768
251.88245940212934,727.2755843370084,83.8402135751782,52.178856900209524
253.66914447279777,732.1415683101726,83.44195524922792,50.98587364869453
240.21634904570607,737.2216040955017,82.56717577679571,50.4142862501831
237.70820072782377,740.6250511566545,82.14781472050943,50.070834626667654
222.15661105270686,747.0576677849352,81.2552076895122,49.99704283149272
223.30812791133266,749.8500193676967,80.65674987356856,49.938139178013216
204.0856427082037,720.5622374910391,79.77880287194183,49.7648790091273
197.4136782117154,733.6306254869643,78.50255647097318,50.09981802494238
199.36958153763405,747.2124593758434,78.05506230595928,50.43033171999702
203.36937990258923,736.7545730251576,76.51632753905572,50.89125051333396
210.64833497213232,719.7668361052393,76.2812010218957,50.48899762887109
214.98530185178242,714.7850963449166,74.29467822695898,49.97084901413041
204.43838109868142,720.4076751470992,75.65598004422652,48.61866674818538
207.0644591275477,726.1187858859953,75.26975954581783,48.44687318542732
212.03807604149185,716.3227576501532,73.65520027580904,47.50565691027004
213.06709382659665,721.1007188727802,73.650703922377,46.74067078972102
218.89169770100557,724.8563402769904,72.73120765668287,46.46704049893505
210.16733659734058,731.5356235501096,71.82592593711755,46.70027194002476
210.66824221621513,734.2348339252314,69.20639883380768,48.027877312128524
219.65725397261397,737.7757427941706,69.46629574243411,46.60175012108683
253.08081022942315,729.5298547952132,70.35265805027436,45.813718832640376
253.72903426935923,741.1006689503627,70.40768571383768,45.04710037714851
243.75738380922218,737.9086749579815,72.74206935507752,43.435566686550956
254.26660531593433,740.9224246986983,72.45171661599726,43.1468654893936
255.03902257674196,743.5249067016841,72.9174290797781,41.333270166973534
246.8269346429657,742.9698522296358,71.86161815295524,41.81599185120254
249.78592629016367,744.8863200517407,71.45456536204054,41.1095972235515
253.78628522232043,746.9743765725055,70.41612121936431,41.020968023716875
255.1230762060615,747.3420977843824,69.19579387523288,40.83247692585885
249.681088119476,744.0745138563893,69.29772586764896,40.520631847258024
240.2253018330512,736.191851139053,67.91766057186106,40.81142746116208
249.10207359018273,740.5770131269329,68.08268327307403,40.56987134360482
255.86585672128243,743.952453074624,68.08919506262073,40.55599936272234
269.1115693740046,744.7027409255631,68.22152908118727,40.25262654189566
270.8531878158295,746.2641728550186,67.77377350362256,40.31375905893776
263.608291111828,752.1670444963627,67.07140926240511,40.718098850086776
262.54553563876203,751.482224655964,66.14492313225762,41.64796849495684
260.89682091497787,746.5606615699294,67.3950439837867,40.497456168960504
261.2020614407138,725.6726600985195,66.69443274434104,40.83490742080015
262.1935864133312,742.7448799851915,66.8004954120468,40.79681342328813
257.40408992523527,749.9906082706477,65.38546359292077,40.850569135046484
264.9853899197539,734.1976053817384,65.88170204637416,41.21608627138778
259.9692196621904,730.5891077003089,64.57326397453012,43.26344712441528
273.55722403157733,724.6035513076401,65.40024903739072,42.306851586255036
253.37894579319646,720.253675918956,65.54257567564821,41.831906678867796
261.6252785051301,729.257037398416,64.63762599224775,42.64605939456307
264.65865802441834,741.1698516332452,65.82018801875469,41.397740850329335
262.15941111904067,743.6591332001976,66.86997538010878,40.644398722443036
254.96230586579617,730.2627823187895,66.38844097089785,40.676039297677605
254.57484696294222,744.0321515895096,66.36902085796008,40.42343912445152
255.0423378694993,745.2960968943814,66.18983349325006,40.400970097537375
253.94750757009768,744.7184986165386,65.66085711436122,40.558612607342894
259.4633834397131,727.0318828355213,66.25013544588182,40.34530438730692
258.33612984766836,724.1529277611169,64.77937866429151,41.06768178477587
257.2867174553503,738.8074074822113,65.8177872586268,40.40808449801397
258.4206676310802,739.6738169039431,65.32845241166653,40.177435697796895
262.80058325720694,731.7365800087582,63.3991380339463,41.62121668001629
257.8705062681051,737.5502237023816,62.138454166582235,41.86687442263781
254.16817949434898,742.199981330917,61.77373365859398,42.210535047991286
251.7574644199204,741.6060068699925,62.12273190584624,41.45131384978801
256.55114632201025,736.666285084386,65.67367898156371,38.838366167307015
254.1130202244536,742.5278054893386,63.233753914237056,40.024113978178924
239.1663275098934,714.4829610907971,63.661547468582974,39.00592355709367
254.9737689506175,724.2853611211718,64.37518105715648,38.64922175708615
257.6289787624124,737.9033538556956,64.27520063740728,38.91911914646446
256.10091426721436,739.0603178237637,65.11577406065452,38.55458313644729
253.83885903513033,739.2807940768776,65.08054234519001,38.19811076127656
