439.5,629.5,556,392
464.96609267480846,637.8265030732844,559.3442333386572,370.00290747611325
481.1244492008026,624.4256157449794,548.7898402237447,344.72783304916567
496.3639744014808,630.5963821710927,535.094203780127,334.43783327929197
541.58050400291,616.0910853579644,516.3106615267021,321.7855027103848
565.1713049776237,605.4732281167251,492.27186486888473,312.0526015761849
594.90412413665,595.1899184438931,472.49337261923233,303.63667036580256
617.5664410238601,584.0345245033059,455.35884044982816,299.5110227157142
642.3763599559259,578.9042047967154,437.99612222101996,293.7293896461793
654.8153374938082,575.2796751353023,431.22593971322,283.55549256735577
676.9384519170493,565.3660037713346,420.0798529538627,273.5163140794326
690.7911304018633,560.3709984937503,410.3527104301794,269.53238210196446
709.2493341848927,548.2611527820312,401.9323640360235,267.16536067522065
730.0021942073978,537.674860861425,393.4823699313556,262.8410286392917
745.9871786605862,531.4038796197325,383.0948363382106,258.5883647443007
764.1277978383282,523.7593154511213,373.7185553845238,251.2963771239668
776.4255858444408,515.5521654506636,368.8103743699552,245.63335902497434
792.5342657482516,512.648403449526,365.1161089854536,237.52920777602887
798.9394217283032,502.5546264770601,362.67889535000245,232.54214659429928
814.2968888455684,497.74192272030723,353.69242349659146,228.19616335301407
833.0555378220829,488.83277193613213,345.0578411484913,220.38872079362557
843.1884953787994,480.2748913692418,337.86567751570294,215.20850893764595
858.0206227172007,470.6147215520899,331.26248595905406,209.3724306032405
879.0736802190514,461.21285242016603,319.1867114787726,205.8604605991003
893.9907764476118,453.3536931730965,311.2322443585557,201.98915124198209
907.0739868446676,445.65084244470836,302.8576182671758,199.59069590894228
918.8509088640927,436.1057986684334,295.9684426267848,193.9184880543446
932.7560292932063,427.8254708169905,290.4170564679123,189.03110222999715
940.1641988199376,419.15307420950387,285.1456296707578,180.97385806187208
951.3159372485597,413.1810326198262,279.94487828128325,176.68007733063894
961.4783090026062,405.0580646976878,275.20064002600753,172.32359447692113
972.3209130505378,401.13798974303364,265.2878040462185,167.39246690363908
986.2642022580567,394.21692457725646,256.53152425742974,159.19513936907822
991.5631512788327,388.05650983691794,253.89259073809978,156.57435800573467
996.4741480433695,383.61349665162356,256.7380593082952,153.24628959395835
999.8414290004936,375.0339026586785,255.82297175333017,150.3167448859623
1008.2534647068526,368.2269981556031,253.82017286386088,147.8603588201927
1013.5015146205855,368.2754804859039,255.13345971201502,141.1411387790895
1012.4889727321797,363.05316538009845,257.52475674490177,136.04045798779856
1010.3808140528961,351.26341686453486,262.8410841194782,137.31033162225583
1010.4243445436832,353.1088202006831,264.3241664687513,133.27803848063743
1011.8630155927623,345.32456155116853,268.1580106606996,132.12220439159088
1023.479783744732,341.9026034365645,267.69919521208783,130.10591387525625
1026.5551622874336,339.5155371850542,267.6057107355625,127.60272329840012
1030.2052367323436,342.63548658159436,265.13133082801414,122.62027255627919
1040.8066650927128,337.8538545755658,263.310274343953,122.41861016785307
1047.7604206678955,338.1696262986082,258.6757154005719,118.28424445244048
1057.9317029315728,334.80919310802386,251.73721745884097,118.24774887247284
1065.6014541969535,336.0679757976149,247.98162156382256,115.36822296113826
1068.8473413180511,333.7647695001864,247.8596696178389,111.996656032833
1082.9166458999719,332.30108523320365,241.5535793819078,111.38338271292737
1091.7097010987065,329.1478673341095,237.73916727946732,111.3578722426495
1095.9967566136906,327.32113558177434,234.18878092382232,110.28655808398624
1100.2609474119881,325.30317857805886,234.36263088138122,110.34563271026263
1107.826034250219,323.02842713530146,233.27309040625374,110.08997547142806
1115.375639406213,320.2392576225185,229.87511073283335,109.57681058702674
1117.2427825262666,320.6138728954325,228.5356517886548,108.81707865732687
1119.2164409455263,319.3603551953932,228.688831531821,107.08247499081313
1131.5619621554038,315.4470601127075,223.59869262158372,108.24163571742812
1126.6314817831865,313.503254771461,228.9074754020294,107.22823584403301
1132.6309821715245,314.00507264535986,226.84305641398817,107.23963859208575
1144.1729545035764,313.5341635108117,223.59792041562284,104.94396643675121
1145.7384610066733,311.988941061281,227.2143336049263,103.29348563061109
1140.0189006150838,310.20535010410975,232.53684915024579,102.07310659889808
1151.6280895567156,313.13783165622186,229.19057773120306,101.38912648235855
1146.5496090096906,311.4559104441361,231.5004408450058,99.86140108808843
1153.8549857656524,310.7974135197213,226.04587886104224,99.06295294754581
1168.79793238408,305.64612205585735,214.85915174303273,100.18679674045389
1167.034142504432,305.3065846563176,203.07613211124743,100.3493279225065
1163.0807708132884,301.8137883031465,199.78233707666993,100.59458915862501
1152.953289918225,298.4528074966196,195.44623227842862,101.68662440900749
1138.5733484053471,300.04780458303736,189.60177546839583,100.94820484066871
1120.1763006585545,297.39636195718265,188.0524809994111,98.38538843758353
1090.8941091217296,294.83807895277596,186.43446589970932,97.39683428536614
1068.4950100327917,293.5713279504697,182.40939240444493,96.91656723755064
1031.6647355436053,293.0348747372277,184.1968796802267,94.09497555394144
1007.5184858262475,292.0162211533442,182.0957807224075,91.82935434912423
993.7689784699912,296.6497325222109,181.34393048500385,91.32225699056266
981.0687364023854,293.79089462353954,170.76018494016114,88.9842115427589
967.7332243733346,293.92810230804486,166.96888960889615,87.09795287404124
954.1263454872253,292.8305166271574,165.24795699458403,85.75518324126963
945.3712865649602,292.20664376556766,161.85316622850445,85.28761657970463
946.8946627855487,292.3759742501435,152.46754966962487,85.82189333868101
944.659257202438,290.8606004074958,147.61515831922821,85.11053224658318
942.2821805394843,292.2258118612257,142.15897498388807,84.11127905560419
943.1069767756044,290.39191815478966,139.5902640812837,83.13194110731128
946.6629680064189,290.5836433488822,138.80497747639276,80.91898886672742
947.1476434312708,291.47304068890526,134.96414246208076,81.7581039012089
950.6580427590089,289.0475007411118,135.62500347322265,81.04508300438107
950.1194925232915,287.7688416819044,132.0737974989849,81.09933044945711
950.3048283066939,285.6881981837502,131.71211493943102,80.4312510500558
949.1861309644502,283.92662488236056,131.1860730426465,80.31235830433401
947.6803769099467,281.6268047315218,129.14982955332292,80.86578282089629
947.934307456461,280.615243892802,129.2486329206291,80.42133948023057
945.5465830640188,284.35209520360877,128.97561489142387,80.14312211359398
941.3090689169445,283.6300309789356,127.72277043204555,79.89881395065083
937.8060222921505,280.44125942838,125.40471800286633,80.02646611223247
934.7518404933815,281.8082218594271,124.52499628711095,77.83124796484141
930.9869398524095,283.4877995741574,122.14067789877993,76.38842699745233
928.7808089865764,280.3030576878477,121.99084117800516,76.22933327639075
931.086179612074,279.97218581702987,121.19380789216376,76.47138911551139
928.6605049191047,278.0455405806918,121.02539104699345,76.37969183377844
929.9534301941341,276.8426038144189,120.09208398125686,76.40526647547343
934.9043878902659,274.5219317423235,120.30010533622082,75.93973748978728
929.1826717957201,280.07590604536466,120.42521244400027,75.83565406287312
934.3268069197875,279.0373868954846,119.99206206530363,75.5096135669576
935.9489741869666,276.39325080892314,118.87952833717307,75.21292059423602
939.0851911277189,275.9440190427504,117.94034419576417,74.69836795139545
941.5756380828609,274.5822659170979,117.55594240808698,73.58694769059215
944.1649465653292,273.42526110781955,117.00641199770898,73.74187334695499
945.7574354148654,271.6897149813534,117.29605833715799,73.66031391360414
947.8494015115388,270.17292215666754,117.32765471443808,73.6643899473464
947.5813563672987,274.81329670881854,117.08429638719747,73.37173819460668
949.8312589899022,272.7510052411078,117.37669698110452,73.0827377585525
955.9028763198785,270.1721932245147,120.1413977674987,73.0316295912406
955.7033504901462,269.1921236671946,120.67263662261328,73.27455319893645
941.8723416693958,273.79377636029653,121.3258701471291,73.0551157062368
933.2831875100717,269.7022366121099,121.50585736404733,73.05446992295614
915.4345601605179,271.58364775018595,121.50686592675929,73.0533139389481
895.2250670239277,268.4310142355318,121.35877916724883,72.94183697644576
869.5829325307513,269.64191258223343,120.7606183020563,72.55643408601706
843.3228130584555,271.0484589057752,120.67106251559555,71.93451144662265
811.9031121591818,267.7000708298249,120.6225607374091,71.89818431403938
772.9115846580247,268.1077124397671,122.90059008672051,70.82899145445913
735.9342019232879,269.26754208669735,124.2044326875808,70.40750534547523
711.0091945831679,266.91452698038876,124.8793988931208,70.29888899532484
652.277965412067,269.4559419686066,127.17983649651825,69.41438410945523
608.6502765509173,266.39207612965095,130.14697665586783,69.19741950800557
558.8800286732618,269.406333941629,133.1528216700265,69.97062657215834
512.918676553887,266.2977370575678,132.97432182553854,70.55659172839195
464.74109091660137,269.4333903052722,133.31545682367798,70.9255106117581
572.1359240922709,227.31573558821196,124.5929731665154,86.33232476549281
564.1897631672848,210.8990676603429,114.0445482628223,100.93721620130586
532.7116473786571,208.37191420329643,109.11127651509294,111.78937144824731
515.7230829421545,202.18181944898032,103.16602162519621,125.80819048600563
498.0096710572229,192.82586127412065,99.28186890597439,138.10851670830667
488.9908232840377,188.70511580331117,98.30883908883996,140.56882414797064
482.9271627173835,182.24612471639458,97.71251803305093,142.8300486548667
470.71046623952935,186.7254805461052,97.62995575785324,144.19912474399223
470.52934032722453,193.37605072311007,96.48992608680304,151.90819174638165
463.3917058810052,186.8977311064012,96.76476400141642,152.72145900161973
468.8641527237697,186.07427173479738,98.41329283456601,156.59750788578185
462.7316024522869,185.5584274399066,99.20959363746256,159.23397820201876
463.5992315441057,189.06915811626592,102.28547164705513,159.304593039179
456.74335931630736,192.37237524376934,106.2366237662354,162.84256269506898
460.19451436341564,193.37363956002443,108.16126521885926,163.68713106624529
467.1059486281105,188.920520251256,106.03825218554962,167.67815834298494
460.89241953438966,190.83684103930426,109.54851349281358,166.30067050928741
465.5130607241372,195.16197847233505,111.49091091320105,163.5160709008979
470.89107063465576,198.50532423354787,110.82847138116409,163.65236269157842
474.6341946530071,201.92493030867718,110.90184329843017,164.583574415607
472.0446301636913,201.2319009322493,113.80457662569215,166.4411088258165
479.2805396009734,204.40969296665827,111.99921436824317,167.91570921411565
486.2914739518583,203.17249082006964,110.77062009254561,169.81687514672933
480.45659283463596,206.00588559168287,111.81384241009901,171.13888288251218
484.89601207377217,206.89040570305804,111.13263580268229,173.86146903501663
482.4409457806678,210.79936356355608,113.44079091226811,175.35169734093924
480.9633634238374,220.97036583665266,112.4792000920526,178.1105762510421
488.89174692746633,204.88939932239174,111.99876571686622,181.30763255494537
490.46410253795574,209.0743080903739,110.84877908636585,185.5296386601019
483.7196590770493,207.71534588800776,115.97651953247349,183.96217241419555
492.02223343675143,214.95952581390307,119.078146088789,180.21417994953498
490.7487778550754,205.70311682930415,116.02096241736638,188.42519071583803
487.64069631757104,214.3819772211277,118.79307623657772,184.9499818945564
494.0659247549257,216.640006423776,119.9350548294232,185.64553924608805
491.84106423766093,212.71919653180493,120.16536682917899,189.25187160278165
490.60481195521277,219.72717545551822,123.90803799817445,188.27811528147316
501.65758108020947,214.29990958062197,122.10256531386145,188.9707291088494
504.9598893141352,218.84394181508702,119.68274151407911,190.28783821352135
506.1697185628015,222.4497854284838,117.39675941373967,192.80139908677626
505.6663821333216,220.02530050972058,117.81574185647628,200.0029617605995
505.8176560123685,218.54321803315474,120.15530936543863,199.98194757820193
513.950053843267,214.57756956736938,119.77954031814392,200.42827011550185
503.3669703062127,216.5883248883126,126.09765773613437,201.3998205932267
507.8037009838285,217.34888995070472,126.82592028999724,200.78264171578843
512.5892692290298,215.80184185111665,130.01715253561719,198.14789285053175
519.4602267377389,218.69027094732593,133.20044954235524,201.76374785294138
522.5010265668128,215.2994809613011,137.02226432621518,203.5177863244939
530.1177531397835,225.65811872329158,146.8894422032228,200.15173181362547
537.6634579189816,230.8691772942259,153.2283540012142,196.83497568143687
550.9304215343295,232.9256107163318,153.06575524951114,199.6506696618147
571.7854002397098,234.12495654291226,152.1978673318145,198.56052854994283
576.6792359945696,238.5174196359715,158.65751788573198,195.53651504272153
582.8352679815572,239.51014710953152,162.00529443179494,195.73254500565866
593.2885581461976,240.74100995371236,165.15162917926267,197.00001767183994
600.5272145455724,233.29830024332006,165.99438336885,196.864028622532
608.5210387862935,242.23247357628196,167.3415065172759,193.98573504494144
615.0002389889802,248.36512748242933,166.779521628828,193.02929621826954
626.7601310838556,248.54798414678143,161.26555294769136,195.32677296048035
640.4938171053399,239.05775896848016,157.6811570645861,198.69579856014133
622.8391245878898,245.1344085058457,165.64867905651528,195.1612582359216
634.8791569249298,236.0394700200046,166.2249889594789,191.81248084187763
640.7793906930772,245.88012426185742,161.1190737933331,197.43906492405245
670.0546086945797,247.4990316012653,157.6795961569936,202.87916717207258
660.7869017381048,248.0910799036035,160.0949122499872,207.75413977867834
643.5272541949346,249.18825667058582,163.31574714044677,210.29784448751752
665.2089300243172,236.18882114981375,171.71548108541037,199.3880286824492
699.8867207574956,243.98917476665875,167.13686761697738,203.24592535556604
705.3163554407397,249.42694303651564,169.8362533188499,208.35543982882507
729.5139039674185,236.08426669374757,174.40159679075447,203.9316822081107
753.3099855747599,245.1530762248417,176.7516523298224,203.15215055519616
781.5532651741336,245.90540176747405,172.3797554585651,209.35727967309873
804.7509706480606,243.84796841784848,169.15975483775918,211.17882008222836
817.5101861422279,233.8413438478517,166.5817190748311,212.33298623665033
829.2408479319572,242.2244443633507,166.13923288372473,210.3609673265314
835.6543584130741,246.58735532977732,164.0781064432917,213.02201971222212
847.9071746336394,237.60957578626602,162.05105779337896,211.4885792633246
852.3932953611145,250.84910032283204,155.5807557132011,229.76226978372836
852.8711267056597,255.98654749500366,153.5136814027885,237.90584044167306
877.5729570862965,237.0549181131474,152.11981284676463,233.35349201170783
860.4986467773688,243.96864055000725,156.4458795920009,227.1254494308939
867.4851832464058,245.83942021551988,150.36795585046457,232.12419383367836
869.1154609377966,254.86963715864601,146.12554412319062,245.40069953512787
864.9978745186604,235.0610903019616,156.6750279366629,229.3093347988848
892.5298973483671,242.35508696465754,154.80507338025168,232.0106630413789
874.5467360875381,243.7489388016187,154.42140639916693,230.8793296501791
868.0348609659854,259.0653058394645,155.98937505498625,239.30111803276515
876.9716984719264,233.75279154157428,173.05490591187555,224.39859075165924
908.9542471642471,262.004174076985,165.19887918765514,246.88476146280897
936.7632989856879,250.72398477907694,159.05924579000694,260.9717819879427
946.2779466832468,237.81144919630142,168.60039466164352,255.90815545810625
949.3774297441742,234.6434298675674,180.76665307882882,245.98169290204697
958.2084511940952,239.39081349353017,191.17542933436505,240.52354996990076
969.4714944602362,237.24149340859185,197.05415185822338,234.787792500278
1001.4599893119796,242.268904457438,198.3121448522533,233.48835504607158
1020.2018934895541,248.0040492580663,193.23569626577356,243.77171358785358
1029.553196461185,242.83658508258287,191.15283637570522,243.57724950694262
1031.1974281474195,239.95825593455976,199.85207887857433,235.47576475884452
1041.5263439661833,241.04725654624906,201.99384432270065,232.1993901111185
1057.5527263619297,239.37233333346984,200.43495123474736,231.02246255433434
1050.023925735544,238.35519739041644,198.99526132622276,228.40468512001019
1067.6928396184856,240.78797359449206,196.10777021355324,228.03976369546132
1080.1859660652324,241.65302807191856,192.51140681014584,228.73483719283087
1070.872918501382,240.6327880102676,196.25295359727812,227.0455494059334
1082.7996213381512,238.73533115223145,196.0016860169916,227.51952032104094
1074.9315357607777,242.32383845016923,198.7536365455251,222.42896240034162
1088.7807296351823,245.98796519105895,197.9148252105701,223.10469003325758
1113.9395896221433,244.91798489470526,197.7925775891252,225.10259671534942
1121.116146818423,251.43456489102405,195.87653719709962,235.6341831635554
1154.2133343080573,235.80647477774696,194.52157216649496,235.32956457145116
1169.4751749070037,240.13272773661123,198.6081480555039,233.9632405438391
1197.0578007685247,238.91573335412076,202.90666414420446,238.2066874590625
1218.7375726643193,238.19942841539884,209.12492118597459,234.23565067111912
1241.4645409806249,243.55074394540338,215.12657126072352,233.61354309744442
1270.4863854433809,243.10741396466153,219.04299416725738,235.9778130155686
1248.7025919872194,258.9422380965798,222.89081894410276,242.02675686864268
1325.3575230691627,232.24664284703135,222.03354892206164,241.09732596952858
1344.8841677925363,226.2153683928152,222.17911067973256,239.4151234456508
1357.8010124055756,234.38954326575006,225.1429971506871,232.40757122541385
1364.8707675043204,227.19736261385418,232.26565056730084,227.6394579361655
1381.0639604171345,231.43356538244709,233.60346596732356,234.14870998042903
1408.9763725302064,225.44437943254195,230.79301213697352,239.0142261681173
1398.2656775950522,229.4570699201888,240.11314357944616,240.39374941915202
1388.5186499138983,237.86064415337833,252.97699177217964,234.97705696513452
1397.9636545066903,228.40592576849073,259.451353353517,233.73739028264862
1402.501613053726,220.21660079113923,268.64284251632466,230.09547122019458
1410.0663992362715,234.0633613793225,275.0995421212017,228.79450143826455
1410.646550970705,230.0308333017412,288.9221984149275,219.0467615753172
1353.7954671600423,270.9402541085657,286.98235902509646,221.04229014604203
1344.796603771481,305.5258899637366,282.37971365179027,230.59411139857755
1360.2710350518266,293.76916162353245,281.6022127501856,232.85933983977424
1383.0691674388627,282.8685046222341,276.8711310870831,243.92166486715024
1396.3466944558838,284.969899939671,274.76653898435745,251.71522907256798
1393.97489648509,294.01055489510713,271.8676259560482,259.4786453715957
1390.9132559544548,288.760955161926,264.0390609640379,271.9492227649747
1397.6467658346958,285.6713394731682,277.9077992106314,270.4112451408063
1369.7450719417554,313.53910963199405,268.6940058033034,282.4746036670815
1445.9760188047965,278.26352341026814,284.3109523775948,269.7245469072179
1395.5814983883615,313.3292500044455,273.50662431629974,282.98033650616435
1405.4975391846715,326.47660048253033,277.79852037397416,286.1497896080961
1405.8402715389407,343.44217159139674,279.94013168059683,287.886532674641
1417.4196357675478,352.3197834414963,282.030637468431,288.0947389098044
1452.6685757864077,330.86575791328596,282.8943297969724,286.9588000304471
1437.4277783391012,352.2712231724928,283.9243468078405,286.56745102027514
1463.5531013161803,336.79342065266417,284.05055002878265,286.45984527721913
1452.2378035295667,336.4033699370546,285.50194018353244,285.7015800743027
1505.6491490636358,335.90824394821817,286.2257982541625,285.29037786436356
1546.5898802308861,330.65490433841006,286.2750236652662,285.2445053553354
1568.3091697543496,336.95919021283316,286.29447016071356,285.22789242171325
1579.1934267644463,335.7492471539058,286.2975466821742,285.2253024525126
1537.1890949906951,331.29421620556946,286.36974781410004,285.17088712665173
1536.444377000461,335.70719258426783,286.4131608374057,285.14605899520325
1377.7253426221944,268.41285157980667,283.97963029800695,288.3093737178342
1409.0000821680853,308.4910332283101,272.03784673578997,312.3358704036983
1392.5573843400143,312.78836209237716,270.20613642744803,318.36805615843633
1401.872885037826,306.26109270134,270.0358759170243,322.79360190839884
1365.0178433826254,284.65152724714653,264.93177112169263,333.92860559405045
1385.7309885755712,388.37823807170923,253.9386325917529,336.57371224435997
1405.46565182237,297.22916559298494,254.39059537024968,342.49762806255063
1383.5109758984659,327.2924242821212,259.9951916848246,352.0143197586075
1415.0890109672885,329.15085755056873,265.69188933046115,353.0557516489255
1176.704545597498,208.39666724574704,292.6476488824356,325.4836598010422
1124.7092122163117,212.67677021233413,325.3421910865866,295.87298287468275
1234.3009013318278,230.66524254581276,337.00771194142254,283.1029134096027
1230.9465422546916,231.9529541457041,349.41395290684187,266.06132839232043
1193.4752485928823,245.87323440103975,373.44247948664963,246.25570191373419
1253.3653868613285,257.6652078708639,370.30492462734554,237.93699404102773
1220.7716169634255,267.1323731297757,374.4722878764768,232.62024171056072
1254.1616451145226,282.3112397835511,359.3145606595243,236.5542410209632
1195.1932750406531,279.36943040187145,368.51732644207925,226.66497835084263
1220.9881170983651,261.8393031430316,367.47172021814237,232.0535852352433
1358.3614244682083,331.9548536923871,317.52272331068855,290.6159503435948
1420.581336412101,314.22946236799976,265.4415114696904,354.61213162451924
1433.456959626198,338.04688214978137,254.51614718249073,374.9012418610316
1450.7318922761203,320.9347963479512,244.72739206940093,389.74181931646643
1400.7058405581538,290.15049371995883,267.77929395475803,362.7850338969783
1363.5928059770815,279.74063494196776,280.6615748270909,356.2783713317567
1438.7396513464764,398.3115072228474,267.8459045090549,384.1042116811892
1418.8997019903256,325.7997971767643,258.65516881459064,399.85922861509
1429.0728951557182,388.0784977802054,259.53162622391693,397.61416598521
1448.3515235262878,364.9825649655888,258.52400273858893,401.8829889716204
1425.9168055001703,295.4672576653479,250.46541996604208,416.60819015920276
1371.9831735696891,203.93219167227628,264.34046248406275,415.04619816977953
1288.0022174954456,165.25205859787167,273.4998785766035,405.40663166102183
1260.5851466613592,141.62788027558344,276.29530373904043,402.22127791651053
1250.2188610321205,151.00002506405292,276.87173811899646,401.61253475642536
1235.3786305708488,165.84610936132776,276.89385941002735,401.5826629931537
1254.7456227738837,145.2338528617374,277.0217427959415,401.4301219263504
1256.6868875833914,153.76668815188498,277.09004159029575,401.3484314059533
1258.476841456671,147.25131230270978,277.1013184815873,401.3342054146243
1395.7157586262508,228.99637537071948,268.97751598501765,417.8197667162382
1394.961667088691,240.23495740551007,267.4064351110705,421.3976211424318
1393.727938092224,246.5435750623324,266.4223019610005,423.9870873850711
1395.0757046692252,253.07560404574477,265.3579504584472,425.79319570368847
1393.4255355479277,206.1802131889445,266.2283900995506,429.61419957110763
1393.1729365783103,139.6491298807407,278.0272168281164,417.6894251803824
1381.072687746317,215.5083975877761,277.20391845369886,420.4095842434769
1384.0788741362533,215.4314535473521,277.1964444043905,423.854208687401
1370.334448688837,195.215666898866,278.8676438206044,425.9468929345145
1380.3435700197263,230.96973416311792,279.244943283507,427.536055113337
1344.0571224076846,211.663784831234,282.2202291467519,426.176529981018
1385.132193595902,188.5938027748903,284.94365769427264,426.1691520420382
1355.26191158768,210.37677568624744,286.5748237054448,426.5174459706754
1398.6873399428923,216.5692509822617,274.1785216604759,450.5102163667662
1392.1920090530914,218.83255385711973,273.2476443211246,453.6860469330334
1402.0302838974417,208.5034667956613,271.646576128673,459.82229118607216
1406.9626472339744,211.30681402537408,270.33838619441815,463.45599054486786
1397.966290563171,215.361564105173,269.9889507047954,464.8203962816524
1388.682955794689,212.18382021329927,270.3224256058336,466.3752305240607
1354.2470942575762,190.92670670727236,278.92785768314434,459.57677518703525
1397.1794205403355,204.14753929785206,279.6897726706189,461.708596198191
1387.8340344237329,204.31086205629805,281.007692941984,468.6881279423618
1383.6842988363367,204.93664088395082,280.22517750655726,472.55958754911467
1347.399312596348,192.2662245364902,298.9087466341469,461.11485373384164
1390.2109053392082,197.00075946797108,299.25334996650207,465.0207421790591
1384.9383100090658,259.3617792219767,298.96341472437274,464.6499810691994
1380.0982706956881,215.93441252792212,294.62730418044055,471.8809826577648
1329.751435238136,199.63365360727002,307.77754591386156,464.4605654100306
1392.3700212138333,214.73904810519448,303.3055822218998,471.5293216451591
1393.20687876877,214.30192626243868,299.1648111107807,476.5272867322581
1381.867829752338,219.1497914670921,296.23361140002703,478.379461611078
1373.1911061225128,220.68544668409703,295.73205968984894,480.1654020336646
1345.06713046416,200.94660739549647,297.11827026201235,479.4141340841237
1353.3858260606376,258.0523388196558,298.4359049401586,475.5683992829033
1385.020594336089,210.69783463023808,292.1727521472288,482.5410202494517
1340.703389406453,199.68354575948916,310.8274372373728,474.05430804162415
1377.8280579585373,212.58949279039265,304.0300416436556,480.5601226819045
1352.0038452717702,208.95408368424927,305.88624539441173,481.28246020401104
1329.8333719082643,274.25371951665295,310.42575049278776,473.7920004091328
1296.4681738261697,280.6787918384534,311.474820332066,471.53438435826104
1321.7490232066987,228.26698085353604,313.9687822101755,467.53016761975834
1358.044947742046,229.03721516078065,311.5606593624306,471.3234408359551
1322.2131019730205,214.12906295702592,314.4807729093369,470.407218663033
1354.8358394107004,230.17966456607314,314.89435628713886,468.80354227755015
1319.1481856731828,225.07447834248268,317.51754737746677,467.4326297991215
1362.7685745751712,225.34428668811415,307.8967160520101,473.70054303196036
1315.7915514380586,204.30380628321092,319.17994686455796,465.4695994922745
1282.538867501681,188.05165916659,340.08519640997304,432.4648065194515
1306.2412393771351,275.0380487030101,340.1229468954467,431.6588848909907
1339.958554377606,235.34950967001132,334.36519852937204,435.15376161591377
1289.3098781375347,217.27447856350014,336.5403766896155,431.33492614656285
1326.4335274752395,272.5697663533259,334.5205530926243,433.10318978178697
1294.3090336029534,197.26276471861698,340.7481159755066,422.557807307221
1329.1800089135118,230.88823593344117,334.8855449734225,429.8144502215759
1292.087557002635,216.0820324395238,341.0795221514678,421.9350456185914
1296.2629549660596,238.2749170382237,342.3059567428311,424.72807702601426
1324.5217526906702,232.32292857963415,338.94808073642076,428.92376371920216
1343.328039468835,237.70451127183898,333.31950518201523,434.62002083217595
1290.8557127592621,223.25178884032863,342.312949320865,418.84978595672203
1306.0589243562492,254.1171878373306,339.1629198341044,424.55143516698723
1311.8485338198022,236.89908811082526,336.7967561168898,426.5125597870497
1281.719916709071,198.63370630754977,339.6340760162438,416.6232106332114
1276.6963922182658,215.8960380372074,342.72687271053064,411.2315966255769
1281.1501690216296,256.74252415235384,343.37698957981115,412.27526147214553
1273.3667227711633,216.63409424268568,349.6240969775514,402.8277055738443
1283.350140534162,229.63300533266187,350.86201899749557,400.08219825683193
1316.9053014422057,271.99644579858926,345.21236063282345,407.4301827987015
1315.714430172692,267.67555211481226,335.4486573982505,422.5925017246708
1296.3836594336021,252.5017412097191,330.55392371656757,428.41078849984365
1305.0221405566556,236.5351492974849,332.12480403986734,437.22460972067654
1348.3202394154207,246.75029781845745,322.6761073385265,446.16281403845664
1318.9313932280784,247.08482171692634,320.10164374205465,449.9211746120884
1337.7653139799604,245.74071144340186,313.3902292790292,457.8438862797189
1336.2041719342885,215.07592514292688,313.87307611998045,458.48134742392193
1315.183530651358,211.31793772788933,313.4582298853422,460.82862733513775
1356.446931516615,219.36402956590229,299.21248900439826,475.4369975147737
1334.620050060622,226.30638414997458,298.3639924399206,473.2646727949376
1328.7553731772373,194.61143137359875,299.3747807321421,474.63857759262237
1302.4796518622666,184.98377956211965,310.0700485596848,462.3675793081692
1345.8510275345857,199.01792369968422,301.42965365496434,469.01196766338717
1329.0313607575267,189.3705687954425,299.51225798311316,471.5637672967709
1324.8334054218888,184.97378537406775,301.23018847802587,472.7324096188919
1298.0739245860975,174.4797307356112,311.4033655335625,468.26081360137175
1339.3750966892744,165.45867657608886,299.19017432713684,485.01245283391916
1340.4488061240563,171.2061465181066,296.75917339085277,486.29551107540203
1335.2066600888677,174.06655899420662,296.70724760765506,483.8986539639767
1335.7621670850576,161.05071765957584,296.1963494480152,484.2658961307032
1333.1791287482465,143.38539492809852,295.71332216270844,490.85088423302096
1332.220547303854,136.38624020314612,292.31849375642764,495.41082160253455
1319.605422532764,133.78219886054703,293.7290654903349,498.2347215436035
1350.2132666646867,137.56770003481378,285.8255467978782,501.16438145156843
1352.3019191369212,93.84351546957703,281.49636222823415,507.8556890749643
1343.867021510564,100.5508222462322,281.2834643924698,506.60575218538565
1359.731624255527,118.43246972618908,279.9044090344217,504.73078256130043
1352.502674723883,129.81249290039221,280.2795685567022,496.24987180158166
1356.5614504544408,100.48704467272688,275.82084063562013,498.9884186051204
1360.1004214764716,100.38966207820192,276.0018046879607,498.5898764806044
1356.40624276393,58.60548774379811,274.9314948642504,507.6618166932959
1366.5088968010577,70.77416990805966,271.7407752930518,509.868878521895
1355.8798960941137,82.41610993927688,275.1573563120063,508.4673615112344
1354.6997147216007,42.90804254652022,280.19202209186005,514.1272742081817
1367.262245656026,65.28424566787402,279.4067775217256,513.8092091910595
1368.6433480096218,89.60672212651755,272.35820175547025,505.0288432192846
1379.266462980218,80.29887716225954,267.1264448142149,504.73559038306723
1391.2498867426143,61.01350671673919,254.63173684500248,513.854058579854
1380.7093992288223,37.599625555978605,246.7451108685682,523.8918566302182
1377.0690519136565,45.79094476077307,244.74852117890606,522.9517914682187
1374.6092936850137,30.53817203819608,246.03648490239016,526.8006796640468
1374.4293712164442,20.395002534722266,252.1261742583435,525.2769443172997
1380.9779054062824,11.313931164642838,258.4632633262411,528.9906913705884
