1375.5,803.5,353,273
1370.7843722564355,796.1148100679414,366.5479840607257,254.53835624270596
1369.3904659440786,808.4900898977215,370.21492584148575,237.9822847286389
1374.823924649745,804.8907289084347,367.58853801905843,228.76688582868172
1382.6398446159924,800.7489002710823,363.3608724883491,223.70023185541453
1388.3641697025287,809.6967288116613,365.59374089276616,213.3159740804978
1398.872354007256,794.6606185777443,358.4177431104057,217.11523484500697
1401.7333160679548,790.5854220409051,357.4160254427926,219.57742451647744
1407.7667342232617,795.6301212466245,358.2322574245114,211.07844084098866
1416.9762083197331,788.0328374148578,357.92611272017473,207.00544412158342
1416.7987949421738,786.024177126121,354.5117272359954,204.45785522455088
1421.3052965268196,782.6143061331167,351.0697524539943,201.17151169864692
1433.0652527842476,782.2846333796873,345.0984608746328,200.92065803542533
1437.7565202036185,774.5460943212305,342.3110981287956,198.30735810953146
1441.7009143053642,765.5162448398291,337.61596431551595,203.23482534603608
1450.0306959180175,769.9535086668583,336.04126064565423,197.4646495439436
1451.3804561865234,756.7272205424467,331.3096877690274,197.02115269240016
1467.518623335767,760.0500155169012,337.23956906170105,192.13997136512995
1463.7578226706323,768.5063579152974,336.88857030124996,181.62348865637796
1469.5249031468445,758.7741341732624,332.1382632693936,184.92927189952582
1470.8765126904252,749.4585285754642,326.67393263604356,187.00983247100726
1475.279613797568,745.2422811035691,321.9497463083293,188.3473335314659
1480.891281787019,736.8902418774248,317.06385479325485,189.56143949475756
1491.3677320417714,736.1906537889218,311.52409475289625,187.53916696440766
1492.5161596311466,739.226177789253,307.037451605763,186.51754214523476
1496.2427560106,734.716464002426,301.69022855837886,186.71590869607553
1502.752423398337,726.5021642716329,299.17555042850705,184.84144810443001
1507.001467157436,715.2536566666495,293.65318878992355,187.19816535706653
1511.7672357068238,713.2468673108812,279.3552043239838,188.40324489142716
1520.0477662617309,713.6563167613225,279.78323832885803,189.3723737228257
1517.4086035757496,710.777621106019,277.25085021665245,184.38960618594155
1527.2311403535841,699.9019979672596,277.4507905430577,181.25792777384964
1527.3644132840475,704.3836026735684,273.00362425286573,179.44580125699662
1528.946734155195,695.962724979132,268.5241869962159,180.02670988019116
1527.5006454182223,699.7490465727012,259.1006617463177,177.113185220658
1535.8896719434463,687.1057045295323,258.0098961008959,176.77990357361082
1542.2636393387493,688.659815555342,257.69698748465,176.9168490846242
1544.128253243489,682.7389746529822,258.4191308650252,174.1564018783488
1542.9622883035977,685.0761579863404,254.02201721279712,172.8221229255975
1542.5033150190163,671.5290906487871,244.1293602349139,175.91507334359574
1550.0965116481998,675.9041429524232,238.44367417605287,176.53581177336315
1552.6839763053558,671.5132387607674,227.81200837846228,178.3384002856141
1558.1606313611624,668.4178041738181,224.8221139979959,174.09536442216609
1560.7248665731743,666.8417442612986,221.03319464189028,171.40744290274623
1568.0430500122766,668.0826741420179,219.84332040060178,168.23748631519643
1568.8624330565087,663.3841086405957,216.24728075072477,165.48613630128452
1573.358677562879,657.1663247443392,215.12011268022655,163.6767865702959
1569.431149296828,656.5306725861363,209.5577447775581,162.30006176144184
1577.5557599108258,652.6491916614731,207.43999246710462,161.8112461763123
1578.015113426421,653.0828438599914,204.5463856274178,161.46356223858336
1583.0982440818327,648.5214640100206,206.61273330834666,159.1346178333235
1585.046764747529,648.5683273587457,203.11217199783357,161.5506449682029
1582.3537889883307,645.5778242027876,199.14305843698367,162.4136393509437
1584.7106671564527,638.4897218768284,198.57214811079808,162.8438736095561
1586.1612061439084,636.9929457416429,197.4666553967483,161.5080980153291
1588.1827213130555,637.2641305419236,195.61325092236174,158.05562499906898
1585.6151023902053,634.4396715183444,193.45189814818167,157.7258998231136
1590.237569871444,630.2986846179102,189.949937336207,157.2025136830459
1592.6425590245838,631.5578989286239,190.64384931561915,158.20912275953896
1593.1933006478307,625.6372910417334,188.33845388303644,154.32954899629436
1593.8320790362307,625.9742643878253,191.3614668179443,150.45416861816886
1595.6539042264178,620.7223825175433,189.4747431952094,149.308742069201
1600.837033685422,621.2142986592845,187.92771998970457,145.84616123225905
1599.2769179529878,617.2557229278374,185.20575922787498,145.8660458983285
1602.4752497852721,615.2522790979525,181.73278600330025,143.70661347401764
1606.5317103593093,613.4686852541496,180.17691831815134,142.36176127353264
1607.0571212605846,613.9357329777964,175.857472555944,141.96388855455035
1609.439946475576,608.695873798262,173.31063248649244,139.3422207188841
1609.861262042168,610.303656599923,172.70787224516496,132.8642093747394
1610.6110684925964,610.625743245296,171.23453633610157,131.639821970507
1611.1267479324986,608.9736341204799,169.3713986953283,132.4933812032068
1609.7099809764195,604.9783164438703,168.7362170448227,130.97707280970195
1601.6068198141381,605.2809675621461,173.0055927852641,130.66456538254113
1598.0488952643575,600.5940879311487,173.0352291783176,128.55573341150688
1595.3982172773108,601.8570389284062,175.9754285524462,126.79717546635564
1595.3318831338179,599.6286172047439,176.436842163246,127.95121069102234
1595.2762768660114,597.1720352968833,175.50482807322285,127.0843215468121
1593.40867389806,596.705845001376,176.96168465916833,125.01470251805733
1592.813159167277,590.3666405765621,182.6198443149707,121.69628419972916
1590.2000974907487,594.0606987212635,186.48986488850835,120.26271665452403
1586.348902298151,588.1413657989907,190.02655266167312,118.51982639895522
1581.2671403920542,589.0308141299449,187.83869534981113,118.72746275838368
1576.394922258729,586.5940883043452,188.64855515646946,118.0374857367054
1579.6792359302785,584.4742654517815,188.33648589067093,115.97718083828292
1576.5867081679053,585.1803577207072,187.44690958941544,115.60054457873103
1576.735343485778,582.7089873144835,187.464502479263,112.47309081893772
1573.313197694917,581.6892905001441,187.46791885943938,110.8727217320619
1566.5230132367697,578.4217207647102,191.49977811830226,108.96529054088286
1560.129298835468,577.5507197946046,193.6149097895218,108.23483092547227
1558.1672392318,575.2307500954907,194.9866504610897,108.18897721642827
1556.2825091833174,573.7352581608449,195.32527390814903,109.42195776345768
1552.632572642505,570.1008046265525,197.87395642900927,109.56964778352486
1549.1885556867107,569.2010940868996,200.18613374543156,110.64707312342043
1542.5726301639381,566.8853475567553,202.00974945594777,109.27040217199254
1538.417641245235,564.1354847078225,203.39726261282152,107.96379250361883
1534.8037583835694,561.7389051834242,203.5058313097486,106.62127429383473
1530.5852243105164,561.8990257308445,204.69522647086336,106.45773441975712
1527.8010785455601,558.9694501363051,205.2935097142941,106.37942447205604
1524.1888279861537,557.4729291571412,206.45165366934344,105.86253339432773
1516.9307069137362,554.8276957702528,208.1282480829806,106.23147622729019
1514.139239537983,551.5606764330407,207.11835030469652,107.58419828559714
1512.927683658434,550.4334732464905,204.94098697355435,111.2979722231839
1507.7716303003604,546.531327210551,205.4252259911981,111.78383469213733
1505.1746077453954,547.4689604666103,204.7110902015231,111.53163510046124
1500.2696805122569,546.1496604375888,204.0016699598251,112.05200160364396
1496.018274980622,547.4144501187322,204.7424962477256,113.51375563945163
1492.362743151405,540.3688864788851,204.8208543003241,117.9803499186358
1482.5652572033905,542.7862489477515,208.81241246656646,117.1501856494404
1479.9231160858321,537.8428918182375,208.98422279669325,118.09858269568579
1471.9168562091193,534.3619118238832,210.92159790276835,119.7513512982391
1468.0138006439902,537.0708695403991,210.7791449573016,123.13184944614693
1461.482376179325,534.0378014535183,212.72970150713172,125.8477170845432
1450.7582110571502,540.2781989972715,219.74497411371829,126.4045400206565
1435.2332289199476,533.4161085974212,228.62838638001003,127.65276764997962
1420.2345650627033,531.6300183995024,238.34993331527605,128.00060055697975
1408.3468346516242,531.6031377632748,248.63214980119653,130.25071967675555
1397.7024241860452,531.8222308706421,254.24056403385538,133.17799048585766
1391.365519549696,529.5076997709183,257.0563976642384,135.9212313067689
1387.838554410757,527.0020834665943,259.81207581018856,140.437796899835
1381.6362252188785,520.4850774802048,256.83363839973117,143.985982937943
1382.785790740376,519.2597328493109,252.4437746399774,149.42621473044062
1378.4340520740689,519.7842692899933,248.66630092876773,153.32085134130602
1376.5424970504844,515.2747303710057,244.87651865637716,157.40902899481006
1375.8717821501132,506.49522259588423,240.76696852545103,156.81356465727168
1374.7352473953854,515.7452188161878,234.99606357633172,156.34475386547723
1369.2861241316523,512.7425235233698,233.738298052024,154.47082065958932
1368.6922524753002,506.9877137545933,230.61129998644873,151.53680370437058
1364.1702915280514,504.99993130487985,228.72700445395355,147.09791861758504
1359.1154007191847,507.395048220502,227.80276974623848,146.08294466720565
1352.5393584387798,503.43643127107583,225.16006654923086,144.09962695482398
1349.0206011912132,502.66355192418445,223.48803545302843,139.0774852392814
1342.8134329971301,499.0690877872221,222.36449173184928,136.44805031807053
1335.3468883386329,500.7842760574905,223.88688714560698,132.42090629308927
1332.3864157305861,500.8479363299716,225.67144079697104,126.47763123615181
1322.1539169363432,500.4540374479479,225.0807947514009,120.87399365247788
1317.1397894956842,501.9122129937159,228.27747158189874,118.66743391422321
1307.8326450823904,503.61657233480935,233.38633860861012,114.70845478325624
1304.121029688994,505.28644699468185,234.79102141546142,114.93106857221082
1295.2521334344099,504.8552676356443,231.7852707123484,114.18000609862978
1291.9302292819825,502.90750460476676,230.97580048365165,113.1038107433743
1288.336463592126,500.4006656042236,230.7157081087466,112.482714788146
1283.7259629910322,489.01177203956104,228.65726470081836,109.3853305120883
1271.9234095518348,495.1813058441365,227.98625591171702,108.32195799251181
1269.2997366871978,485.65357037943517,228.0822086534512,106.1641872149834
1275.7315899391322,490.4098209630255,233.3116934432857,103.28786501335247
1264.2442136397133,493.53094445337933,236.3020036027732,103.97766855545973
1253.1017771950544,483.01900948285515,235.32702825775368,102.02282188500209
1247.597188720007,488.0312400481958,236.68617340392905,100.20779138120875
1242.8565229747576,481.82825342801095,240.43979357135203,94.95212480112784
1231.2947026657364,485.67501094298154,234.78862850675358,95.90497298617817
1223.954850688801,488.97578439633446,225.05765808029352,97.80118656486658
1229.23094409774,480.01801707759745,230.52985420005373,96.03290076306767
1217.4269647163155,484.89026677122564,225.39904317750444,95.63846335448864
1209.6981082379368,485.87347850007245,223.457871132561,96.33579282689584
1212.5209864902092,478.0437384500674,222.57392045464158,97.59954695951157
1212.2972457188612,482.3204752206972,218.2200989959713,95.69439600751724
1206.8577517004219,485.00669072549215,217.42276723412337,95.5954716168076
1212.8164368433866,478.5957688739303,217.29669779895067,95.9833898501079
1214.1208222918726,483.63024288524963,217.0703911915943,93.66280066896311
1220.3161510953717,478.4607542535892,216.40409963505715,94.6501761822282
1222.519719215697,484.5856238290824,218.39018243235125,93.44198259065107
1229.970751851016,478.9511733413014,219.60580788204152,91.6435530221933
1247.167447576535,474.86653373759884,217.24336361894623,93.51595722931279
1247.2935517113713,469.49004229012945,219.06328041467293,95.81819619761755
1258.2386562753634,469.51548772631514,218.53176468657435,97.32339268325282
1256.662239715746,473.41847974889674,220.4083308885874,96.16739056664463
1266.2248016580977,468.6854590974061,217.94545313920506,97.65952023861787
1266.339078674633,471.656417169135,218.72649952933864,97.06517429634067
1264.826211711391,465.8742935382885,220.48393623953152,98.65013715986373
1265.6305670657555,463.96260195291376,220.16993551104116,100.0743524947799
1255.5334537972224,468.54364894027157,223.76190469754764,99.64195507284046
1256.1446897122275,464.297814140675,223.30928556277578,98.93998547834988
1254.2435002429513,458.6292750181705,222.35059322089717,98.83366408652975
1249.9230962897716,462.34827177679324,224.793902213717,98.07098345531631
1247.306853351777,454.51856908423866,219.87696246420109,100.04140909422897
1241.372517100031,448.7104189215239,218.24830242049285,102.47032804793966
1234.499961702752,451.16796261702444,219.19592919933814,102.3916554919833
1234.1099618798557,455.2345438384773,214.3596674872437,101.04202647102468
1231.056452694161,449.3822271776092,211.57121002045005,100.03941564776889
1228.2818572956387,453.94146527189207,211.20420785216376,96.75205285960527
1228.2432001746015,454.75403482057106,211.17788059828393,95.08524539092383
1234.1019260661296,449.68243494672316,206.9550053426539,93.89444450202151
1230.1029160560086,455.7119804384945,205.39246098560025,90.6062381489806
1226.8992671697865,459.78221852404073,208.001390168865,86.97439489584656
1234.6997199298698,453.5707593298437,205.91731232667067,86.06541040378349
1230.192928100844,447.4518615734996,208.83569573256455,85.28475172855501
1238.347554516612,453.1290438539184,203.05137503769282,84.69773307551277
1234.3307418082745,456.10829733139167,204.02486074005193,82.95090925207577
1240.561238838977,450.74002915325923,202.9858197979952,82.36166168516121
1235.3702339065094,451.5344419627565,205.6078674499168,83.32097532316381
1228.1825101031998,449.8088178868524,209.8933168990632,82.51213152254124
1223.5333748010323,447.80219378522094,211.8603865869274,82.42567537718526
1222.2192258973932,448.2372473256946,211.42798549254508,80.80217915392726
1220.001119137691,449.1301834304614,213.55438907046783,78.38254528062146
1219.0283533624706,449.3864985542151,210.74527814565488,75.28416583547352
1210.3013510603114,447.1398017338219,209.89208607665307,76.05377302340518
1210.7002360574775,444.52839681579417,204.73600602931367,77.53135352245857
1204.0667167323227,442.37538765029933,204.61325450831978,77.52648848252682
1203.8171589996264,440.54895994320657,201.66904541590074,78.58604632755191
1201.0443787037157,442.23490453535703,204.84230373554095,78.21863699444253
1208.5935072301245,442.00861416485156,199.03860228531954,77.3599203245601
1207.0552934658133,440.17292735363145,198.29538465217306,77.55130237656559
1215.0977692706113,440.4266452259355,194.83713646124204,77.45644645434247
1219.1018615146231,439.81450131433,193.57793635065195,77.24252138196061
1221.531686258815,438.19942244464556,191.57749480935803,77.04942341617347
1221.100804240218,445.67405676269726,190.70967541958618,76.7326155139165
1222.4917780919088,441.3502347504456,191.60886116666825,75.92780895418458
1238.2198425127722,438.1360060687472,190.04047824362323,75.47102786144494
1232.2843903250514,432.7984532435958,190.13526507602737,79.56041515331648
1230.6385391205424,433.572571631321,194.42892209845664,79.42769923486208
1227.1427370400374,437.4496133730754,197.7804592962214,76.34292092543636
1221.8059054861733,434.5622441897355,195.87819691088885,75.77875056291278
1222.1872457435568,431.1806194545007,194.69687493147822,77.14894827248463
1221.876130079156,434.368354857495,195.65564110980873,75.80455906439315
1216.7161521856308,428.1486266957497,199.67884016062897,77.44170608224475
1216.9918486243068,424.2110521366793,192.8524314762842,78.97507768735301
1216.997073862054,422.36826295161296,194.6828657640831,78.2300588168033
1211.4736117515165,422.7519166360246,191.02464840899069,78.14057105365156
1204.1495034083416,423.28726561888374,189.13400020405342,75.9164822030746
1195.0633610578589,425.21831025374104,187.485876744424,71.74320259321836
1192.8275556691146,424.38640094500107,184.4420478041589,68.77663733330336
1189.981274985391,425.78468220131145,182.4748855599192,64.763301845215
1182.6678171004364,424.33588128521166,180.14483238969046,62.64251491827463
1189.5490578920524,425.7973680542014,176.8360101509184,59.64801856598548
1178.331876379777,424.7000581072698,176.47650994646432,59.85170595098073
1177.0778021839762,418.94895129111546,171.84079690946385,61.628918098045304
1173.0438742882666,412.21231472582235,170.28573373841198,65.68469457912036
1168.3265956489104,405.9317273487464,170.72295937633328,69.2411077703099
1167.666672075886,410.03123821839137,164.04602320816093,69.83914648612225
1170.4350889236148,405.9820076138717,159.7684461691386,70.63625458718097
1169.4837231825609,404.7509946248912,159.8321221005417,68.6521054640242
1164.3148534227457,403.7603327136799,157.44138688464244,67.75408227248207
1163.1788194041153,402.61160020595554,152.6656692222602,67.35859818194618
1157.4886584315786,404.723752287819,152.8913300627239,66.52123816766562
1153.1328890066184,406.01591436243956,154.3356351619754,65.03995389939764
1150.152443297354,404.7911524072534,155.3345220828317,62.7221108687758
1144.0652904970111,403.5471169746158,154.2826303339858,60.662285913510146
1143.2225918724353,403.248801905195,151.04114507226524,60.25010362027703
1137.6302869598862,401.67011516830894,145.5090371069607,59.60380419473473
1134.5119944909666,402.6722455597199,142.05004835565012,56.977111476132556
1133.4259637119808,403.26165916944063,135.97710157085518,58.43263626939008
1130.7453564800298,406.2336635367199,136.7890341313095,57.2496069445274
1128.3253021637813,405.5724446423145,134.1327665935045,55.71542655613001
1129.1264320086814,402.4099469948559,139.32342069240514,55.360931501552415
1121.5503958439672,403.29165746785804,138.50058774242248,53.48029535878938
1120.1689573388073,402.37246467594434,138.30027438897213,52.92795926854313
1115.8783932632418,405.68038540294964,136.0497506270148,52.55131421787938
1114.8774265871934,405.2132295604586,132.10326310974466,53.8574833478161
1111.522305163856,403.4233399383386,130.12513141289966,53.86374763075078
1104.7028297506308,403.30930971574423,130.4891450524597,52.74194880117393
1106.5273086703792,403.70778846576144,128.69692075728653,52.08570427277019
1101.9091738667212,404.43126016585467,127.70432423630305,51.41067136629743
1102.811049466104,404.80877528623927,126.63895284383099,50.57257825971628
1096.0906695961705,404.4173313867995,125.83670772411308,50.198544698211535
1094.5768197568414,404.29210046560127,121.49002840028712,51.69329692318894
1092.0697446857619,405.9120279987327,120.02182246630596,51.009453808305
1089.5645819020006,404.98508118188124,117.28463615602757,49.847956188398044
1089.1906701709502,405.43740027737454,114.52394680078082,51.01619665921573
1083.6809162506545,407.9307511453884,114.90545329356624,51.03349213045287
1082.1674228354466,406.60171419374745,115.6921474218172,48.678406592886134
1081.7881705628506,405.12307281655825,116.7359556680421,47.2347470785386
1076.0270610988161,404.52243407010354,116.57852027499939,48.54470905498329
1073.0485647456344,403.3185080533661,112.14943431858896,51.786281000255784
1071.9894437535504,403.2528415086623,110.85879323287172,52.02596393184306
1070.5988111970426,403.7007874123914,116.12353577366349,51.640168883150565
1064.725836729589,403.2982658641096,114.67757804071849,52.971720392622814
1064.703538711801,402.9641265569865,112.87756532575034,53.557586984274096
1063.542746116986,402.6528075080189,113.77044623413249,51.91759796478049
1057.8287406489098,400.79956028249705,110.65788648025936,53.39553214144679
1057.8537234120865,403.0256550414588,110.9862203761013,53.45800830672307
1056.5355239565868,400.9093673237138,112.53863776129327,53.827624166848764
1050.8262056476146,398.76472265652257,112.6609218983426,55.269456480295815
1049.366469685393,399.83792174086085,111.79192258193248,54.38111506367906
1045.0703235986225,400.55709754727917,109.4705324115437,55.407922251519146
1042.9442497544542,400.4105687459208,107.40075807747735,56.618394856742
1039.7491643163332,401.1813183290273,105.5350513484089,58.035718682798496
1039.0758741897644,402.78935080803933,106.41314228513423,57.149456564040214
1040.459081603501,402.43792347252423,109.44138520760251,55.601787564121395
1032.2610214333993,401.915057342471,106.33738042797788,55.900980293529955
1029.8926819153482,401.91198081770443,103.24102610664744,56.5999864819529
1029.8261384686714,400.5159477071111,102.61699520031055,58.80300070118082
1027.327485749263,399.40410271519886,101.56844563216094,57.943978592152085
1025.6277988013196,400.29160408471637,103.50624018109107,56.436000770260065
1021.4588367794795,400.0019006467786,101.68628784371734,54.274319541763106
1019.3821939101645,402.02067999140354,100.48762929782913,54.1290999636045
1015.0783544152595,400.1803703421518,97.94867122210748,54.56370385440172
1014.7078563656504,398.96553398681544,97.84708728983532,53.97875582232771
1013.161001098507,398.97402219792514,99.21640392155977,53.40114030729424
1007.7942568725337,396.67789483395796,97.6550200864591,54.86701236505942
1005.3964634435833,395.574734536427,95.95656117129516,55.9916149432229
1004.7062088334411,397.9878867120897,94.8043552016236,56.358628413925146
1002.0430548874359,395.992987107079,94.48651725049316,56.78627064029628
1001.6853147776817,397.0830110394963,94.01953037647169,55.97834995723253
998.0654006515473,396.35726623475034,92.81242017058615,56.35657511560183
995.8680361428454,395.81543132740126,92.79419068516219,54.69905950984901
993.6759100906365,395.3847112496666,92.61908225493245,54.49407023874903
990.6555682015676,396.99610395606186,90.91745796709388,54.570990736852224
989.5416150605405,396.1872024397018,90.17543566831195,53.83364587242293
989.9335884471798,394.3000593334777,90.71736030834384,54.48472988276957
984.172955056225,393.05153539822845,90.0351131963593,54.76278218085852
981.171629865607,396.2078633151087,89.34431495755834,54.185175338844076
979.4999997338783,396.1404026887032,88.48288471483102,53.79654642092332
979.9810605962068,390.34218444388677,89.15376218234941,55.08855143340496
976.8112878291282,388.01039831046927,89.050960749194,57.42218725174588
973.3109138950197,384.70854256965936,88.82537605318154,58.858887093327084
970.8741146839627,388.93388113815195,87.98880098327267,57.469780965835795
972.3248802404911,388.8199331588595,88.95084798437234,56.532192399797204
973.0291990970966,386.89910204238504,91.33390746354698,55.97009803320451
966.0917516202827,385.4004275211894,91.34698248557038,55.803151516047066
964.0403319366276,383.21502304089034,91.69240595711341,56.921350280095155
961.2798701152321,386.83864770419854,90.52509794900394,55.65510367385585
962.7579724849062,383.7315829462927,91.77177556669079,55.82159743721983
956.4173802295863,383.62346539235364,91.75829916445537,54.97548667272669
957.9462321145749,382.85699969699886,93.62519054284397,54.18559598285016
949.66477609857,386.63598965208894,89.31705697735774,54.09346194639065
948.2276212365014,382.8553043162349,88.27954966224313,53.979141799433435
949.338898489486,380.56385048714395,87.85668781139756,54.46573060375723
945.3077567767749,378.77482581293566,86.00050908889139,54.48961549144772
944.4189965755379,379.7349584749504,83.97319435752651,53.72891148211265
944.703913973512,377.04933162031983,82.46742571866014,54.52012122524886
942.0649906310113,380.58524093863696,80.90866611912496,53.28964418006609
943.1442467342076,378.35988290949865,80.7060068581751,53.24803061449718
939.8019545852083,373.8735227761416,80.22126658112902,54.1722118457962
937.566526119492,370.48007660157174,78.75478678069794,55.80806778475869
936.1654433206606,370.1986996680948,78.77246435755157,56.721817435340334
932.2577519751701,368.077123995365,79.1366355866221,57.10179620698554
932.2046613037165,368.47207882997856,80.62098671846526,56.36312632494632
929.5543473495813,365.7298650585975,80.24536363755371,57.193063876852285
926.8838862997335,363.5647996508551,79.54675880051218,58.390666665264895
928.6212139688753,366.9944280125029,76.63393919248043,57.53880432412399
925.9108270158985,367.23527027962155,75.473240004557,57.3790296305812
925.8455886915572,367.05389794803995,73.49205066098222,57.06299849041415
925.8017415023027,367.33682956371916,71.71251786442463,55.470942859103644
928.3770066968392,366.5976481412299,69.85978531052078,53.57836864077281
926.3054293729489,368.15982097832284,70.88970175228629,51.33716916778431
920.8761424958758,365.2513637819361,71.67079426058822,51.29550172868167
919.8479150249043,364.8338935810463,75.45421786326777,50.28065307578658
912.2306138565843,364.0594733878603,79.60942204614895,48.97829480292134
912.8321510569892,362.525676269072,81.3598712362473,49.103565255408625
908.9988593243498,361.8228057747198,80.47975825713885,50.13650728789382
910.567716711965,361.46560535664014,78.8568827437786,49.311480288903525
903.6163031787735,358.81977591255134,79.0889858599846,50.33613814214096
903.0970428083147,360.3995880835513,78.02570621819925,48.784037564905105
900.3493422736191,359.4123897806038,79.28752663988948,48.0761707149877
900.22872756787,358.6237895152502,78.33472838744606,47.31648533182464
897.6504276224215,355.6715639938353,76.5727640955457,47.80749980846757
898.7415319134279,353.66997684160515,74.42273684224048,48.518275923789986
898.6959982025803,353.3157883752894,78.68113527520993,47.48428042958503
893.1091684344188,351.92404312171783,78.70497389824446,47.229555382758925
893.4842695446503,348.0724073327496,78.65431968632049,47.27846118548952
893.5600811668394,350.1799796627645,78.34612145672799,45.796596778160676
888.3896232792814,351.58034563276345,77.35961397774875,44.217539941653385
888.1011856009858,350.776768240633,76.10749121948008,43.62230879755129
887.4472286324761,351.9815171451728,73.13105948591996,42.753978450196186
884.6538236598909,352.1408716191118,73.89607255012535,39.985816880931296
884.8494220649958,350.7676119851274,72.28719690791286,39.43838043527413
887.5485837506054,349.3626420257807,71.02547268367108,41.36039187534259
887.0227842382034,349.0079143628928,71.12390560332501,40.94584234253533
881.1059685041075,351.3818316620898,72.16258468194712,39.75255730716259
885.471527604737,347.3644079453203,70.39966968408555,40.476109086437745
886.873569242394,348.40087059516384,73.49717732363254,40.768648915474785
879.42565700674,350.31091961162406,75.2680147230557,40.01552951962896
876.099440794213,349.8352219949941,73.53699688780264,39.899446682622234
873.7044648143764,348.23982579133065,69.24664885412548,41.48441670139803
876.0190796651864,344.8256850544597,65.73762527241931,41.93880230393235
875.3035634743645,343.36017827794126,66.93055578861521,40.28771627310873
867.3001068078206,343.6775680089691,71.50869426519398,40.334166191517866
869.6055654842979,343.11118751648195,71.98240840610892,41.14978058071355
867.9527736086761,342.8522250019185,72.07518835659522,39.95272384864651
873.2792127053747,339.75088973434396,70.91021978678425,40.55256617955506
865.5492882161493,340.04337141573683,74.28013390027917,40.5657642732291
867.2046939550228,340.1779429440193,75.57127282867147,40.01610087306626
863.2798592668144,339.6273944274656,75.41754152291026,40.86534310775853
860.6960440962712,338.02524275965203,74.69274454856986,41.277743048826466
862.4906206242563,336.3872478512855,72.67082025162944,42.10936740802812
865.2236860983625,337.69858969153455,73.1862517690372,41.41289172063962
865.7257930808439,338.70896495205795,74.60473268915106,40.26252450905611
861.9986959734429,337.25822458637487,75.16442200921387,40.89063910296424
860.963995367709,336.7601772544559,72.21469559026177,41.935319193394136
860.3245359365603,334.6502210337706,71.17157468075567,42.014911847935096
859.9375194522746,334.94953846944395,70.12274519525948,40.83140903938075
858.6979578544518,335.167282117628,69.45510829510206,40.14490349157016
857.5461612104093,333.6103198873778,68.6637230882784,39.15351468818882
857.9607352503625,333.60828107223085,68.53761588494464,39.251801079157445
856.5400482513631,334.764737849556,66.54174619759527,40.075039412456455
856.9107614739246,334.34808870996983,67.11228965268273,39.06575990527486
857.8080679106353,334.51212330331873,70.42797711676232,37.034873205314554
853.5624778749825,333.8847150960497,72.23950673701634,36.79000930406215
852.0996851906813,331.217711928394,70.94066706331891,37.67207427915756
852.216357708911,330.88977139729235,70.74169859586303,37.70983316530024
851.8240600707651,329.22733979535906,70.95732334976182,38.5553251304888
847.6662168467313,328.88882516202983,73.90503457234321,38.93567558491803
846.7034803140235,327.0602501516727,72.77935852437463,39.84842042877672
841.4370637225364,328.84923787433075,67.35922669237219,41.56593120733568
846.7382803659992,329.0318161082227,68.11548751842028,40.37521841911611
846.2435922067347,327.8289787675744,68.34503852224344,39.600715745468285
846.2194451418856,327.25148726455694,68.67634864189122,39.40511210159514
841.0975584097483,326.4249882352289,67.0295608030571,39.541103408894216
844.1820185361526,324.5178630233165,66.91345676450331,40.0957262126745
841.4181407217708,320.2210557967822,65.94116725999804,40.87937062332763
841.2171886236804,322.32004862847657,64.27094021161281,41.07356318568659
843.051980344433,325.03124765433455,65.9144021152517,41.325265185293645
841.9873591527519,325.10889340901025,67.63583100751207,40.671076131974665
838.7577975184448,324.03708542945253,66.71877290007255,40.406121825428514
836.9880040600398,323.3808326354116,65.25991699321104,40.380744518869655
834.8422468516579,323.18156890845154,64.07078932180697,41.19038645902803
835.3751308945167,319.83774027365797,62.29676514823763,41.88869352134153
835.2469571832312,322.30050869462946,60.937877979975895,41.75610455357245
834.4550368584846,321.3312527396892,61.14389035437239,40.61369744396087
832.6329889666862,319.76990248438574,58.79014023411763,39.602690361797784
835.7882000078372,319.0744042632413,59.271017568574635,39.71956812128108
834.0979326267949,321.18191579866243,59.465764346229236,39.305300776652246
836.9263183476816,324.56607325650305,62.13856380187553,37.52164826279276
837.4867665435821,321.0709141291141,62.22179864984654,37.6713515822003
831.2134230910901,316.34482320847576,58.91766379512899,39.87080343672629
829.9668815364045,314.6413972534101,55.15562370613842,41.88743254702245
829.1531860859455,312.92501095305323,54.45081596737945,43.172200231368734
829.492100974696,312.4476698216903,53.020066490094415,43.95075519191965
827.601423478685,313.72913679428723,51.92726485201518,45.04687886864457
825.5632086584625,313.5986186281163,51.6077006437593,44.20057060225972
827.7639107477659,314.1752920068027,50.99413942358857,44.29977965209217
829.3864665973969,311.2673347819068,52.09991216469295,44.46205763138583
825.2208564244104,313.31168027628945,53.24038261973446,42.52987837238751
823.9937462324323,315.24060061220484,52.74357313668793,41.0455587911762
825.5725492635357,317.7411062996652,54.546974082585834,40.43118162632774
823.2314027500876,318.91227245705124,54.420374825388066,37.88767722947702
825.5812330195963,316.78160852227194,55.89560961335119,37.361542174371024
816.8695177387274,319.18073052381635,54.89398790214079,38.08858958826823
823.3306195403688,317.3806159835219,52.643717447410744,39.99030525647352
821.9838488287593,317.54346802814274,52.88728053603827,40.09212519449133
828.9575720848553,319.98762936910896,59.11517861262805,37.9457724013409
827.7804462819809,318.08851892981573,62.92046274738256,38.98857438652078
824.9931373482525,315.43103535267284,62.7374499687168,40.990631847517065
816.916338242117,316.29240838542955,61.24213609025239,41.34275877425472
819.5733223643332,317.7159306888945,62.93703631855257,40.43628808381551
821.8509124420385,316.3763245692307,65.76822639834934,39.48548514412591
817.5099768833795,314.68407887077495,66.30744865187694,41.27182728637866
812.2047387115721,313.3400127774787,62.49770144899599,43.471582349151575
812.9531757400526,315.87640624903116,61.39561836843839,42.917570816984274
807.3904870044157,313.367364315421,59.535713274322646,43.11990226471693
806.1569606025672,314.7742732057023,58.706189682587734,42.555773470986324
805.8526973131798,316.98431255544426,58.72971992261411,40.843522959746
812.4510552367935,316.89587837784484,58.183842366591946,39.796698851418356
807.8125305468274,315.227671951878,55.6088269060771,40.31101800207178
808.9958784957468,309.97144595912175,52.80526877251071,42.044271564170316
807.5193704744933,308.3738916401399,52.12781631294302,42.61783557169373
805.5941976541039,310.96672879551346,51.773267458383046,42.48176231554763
806.4026045620697,312.92131374469324,51.36931181127696,41.59756538850785
806.5686687461246,315.0789691488813,51.953323096941986,39.21081120500972
805.3853369404292,312.76707491094066,51.325207595430335,39.09767005993716
805.6539440793734,310.12113622730436,49.939105698345564,40.55933984649195
803.4907744977705,307.5269362088422,49.714748790127345,41.108208314129165
804.2387346275993,310.26870731476004,50.001630264468474,39.71244599965812
799.7111361275178,311.7663277118464,51.76409861160408,37.47032951831354
801.0052026909466,308.6152991860327,50.868699620458415,38.28708840804486
797.7757678935545,309.2570114708563,50.975077880501246,38.097215158034416
797.8270068738153,311.56973239062444,50.93124207481128,36.66762932825638
800.4321420892238,312.3126802290821,48.94427483909714,36.545020161624294
799.1131489340315,312.423945697859,49.006437336040214,36.164766412656974
795.9483181797297,310.08652817357995,50.37094278113105,35.194423668924216
796.3588315350023,312.052253845581,49.374010858226754,34.40361239725035
795.5227870391128,312.2148204804755,48.79811007837286,32.661964081677276
795.9248305932289,313.70670001045414,48.95874544060432,30.98028392183846
797.7141151600113,314.43222286223636,49.92973508737066,30.007659639846615
796.5684930408764,315.3587411853004,49.84583885344726,28.852036172305752
798.2660705424687,312.47435296408065,50.317145685694044,29.75643299727009
798.4807806390202,312.8519624014611,49.9745419592438,30.45295756561977
797.2290606802987,312.215397541241,50.460242284358586,30.47156860636978
796.7096907158538,312.27648366432965,50.56430640208774,30.257401754202064
795.1491298500579,313.53699360697993,50.0714779123053,30.59173793860612
795.1552283455992,311.1607454165961,49.67061311066916,30.07439999391854
795.8945256585403,312.4889228123188,50.18916266931058,29.71398535038606
795.7550097821287,312.7744070825033,50.78249937355494,29.240347184402367
795.0903058251896,312.255341783,50.530184403861156,29.044775853410123
788.7082412763908,311.85497087385227,50.31456315236308,28.706857488093707
792.1473952828344,311.70985659405426,50.309307433722665,29.957921177929272
796.5570759101604,309.9028367032243,49.93754736647256,30.905886789421658
797.2266466133415,309.36489207344675,51.83372584478271,30.410432107613012
796.1154051328982,308.74659423107346,52.611342407513135,30.894868364876118
795.0972160974819,306.55737662960183,52.42809819401785,31.790990500205645
794.6707663363022,305.6365359056855,54.08194358458151,31.821471586875777
794.8845776581968,304.3493563163665,52.689448211246585,34.04060705715196
792.9915073718616,304.88535325873187,56.110508738092776,31.778818243253944
791.20789646356,304.2667445981274,55.897100223140455,32.183144674021435
790.3329673216865,303.71608748238657,55.89987726593003,32.84853667768213
790.3836506612507,304.3770406605129,56.490204206132574,33.78003191535714
790.637504728271,304.7948829661975,59.70897166508141,32.60595680625371
787.6240737574387,304.34255482060314,61.03904263338546,33.02700539614653
784.9336052199703,305.1201901477225,63.48727760527333,31.915157938669058
781.2397640334515,303.82160026881695,62.55033839957524,33.226954054529415
779.9329176889297,303.4887287664927,61.799247814625204,33.681766968881284
780.6656800862893,300.35787457743993,58.47316361916333,35.14195143517317
783.4109050123659,302.5928788443651,58.59122722125774,35.02346440836183
784.5128287762536,305.2771121829261,60.603176490873196,34.17041313395012
784.3910057728556,303.0317878110743,60.18247325226998,35.54825936150794
783.2095217631928,302.7973867441473,59.31977369254348,36.35614935112822
780.7409225403891,302.5455249064913,58.837314854499205,36.33434598623084
780.2157728037758,302.9359686032231,58.05170702830084,36.755434845462084
777.9396367424558,302.4007841078148,57.88891621475465,37.06279147015369
776.4001897345411,303.91135427975274,61.452922919332515,35.13062881514911
777.4205942652774,304.70937358409606,63.07224189097149,33.80465305643651
776.4330338862952,305.68708428474264,59.58506216157481,36.209871560494065
780.2676197821589,304.74241596881706,62.44580952225337,33.839155255613974
774.2476187726551,304.439545451594,61.71420743958612,34.067635205702814
776.4702985713126,304.06477884324113,60.929947939496415,34.62540268079081
773.9943664359339,301.29594912263207,57.03096375265649,36.62929063777183
770.1078599403266,301.7251124562429,54.94778564117581,37.88007674779052
776.362356853045,302.2662508522286,55.35783472275945,37.53712589658318
774.7264767407113,301.93700301755507,56.667781583227736,36.684256985807025
772.5144718653319,300.19097633281115,52.36553366850338,38.85582838019095
777.9378814161022,302.71805563691737,54.53737665303015,37.79383976776889
777.2466142411067,301.4604032640012,54.034392632172626,37.01422683266233
775.741343863323,301.12702255539256,51.932543583454276,38.05188316722578
775.0556572934079,302.24470932603305,51.574247736365194,36.35498245529299
773.1204744939735,303.45262545103856,51.831908879804274,35.08018136648677
773.9040756559682,302.5052838731614,50.82676431467972,35.12086929622278
776.3356355234487,302.4443018395171,51.96996775652866,34.63083935410111
772.7947757956952,303.7542680107029,51.12392857353947,34.05084668544029
772.2831633592235,307.7025771742984,52.80063724562317,32.50631514548721
774.7224202644426,307.247042867986,52.531504110643965,32.332097238082
773.5878014804929,308.09329041214323,53.6337498308431,31.493706437788063
771.5704711686627,307.3899272034183,54.86828152365475,30.504132839103566
772.2852370398017,308.2200885424798,55.64259541006633,29.553924350205524
771.0115989590012,307.0286691637526,55.308118662573484,29.84895520208983
766.3148177974464,307.5030511618541,55.653801695694966,30.828464842037103
769.8912156840431,307.21877828238803,54.3439388671741,30.9175194097665
767.3727780404671,306.1957420708706,53.300138362054426,31.599496177063635
768.5811355357132,305.78741622960763,53.68477953768769,32.297444097985895
768.494867975045,305.06652356276214,53.55166629463827,32.56262173703752
765.9847632588295,302.4448538029717,51.868296841901945,33.74453628123935
763.6275287973837,304.09748172869405,53.07575685556638,34.00645419726263
766.6455837920626,305.08375568155986,55.114986383383425,32.436737801300374
764.1703065469417,304.76898446256644,55.383239871241145,33.2812815417971
765.9732513825818,305.8131083394154,58.93314953657543,31.78531604203004
761.3489658724965,302.39927372400217,60.65300494362154,32.696116557229615
757.6821500419471,302.04315566970945,61.07420202692053,32.44397913002106
767.253358445287,301.00619259970506,61.135851953787004,32.94943440010157
780.6612062235652,298.7490012584051,60.09172136387209,35.79855448501149
798.6234592336606,296.80246484778513,61.291495299759056,37.43926911556645
811.0970142111854,297.4937819075216,62.11398538190328,37.73374285353134
827.3615469867253,297.44317908090716,60.674980736910285,39.177276245707716
842.0778889736914,293.678283597661,60.01354558370424,40.25642715948487
863.394174712994,296.4716665645351,61.18144325780297,38.93623372874782
