1208.5,517.5,597,207
1181.0480051263755,525.7045323744603,620.6547106592008,189.7173563870829
1169.2610638718809,531.9604056127798,627.9596893887419,182.66691173633313
1152.4890033687939,538.2017811478463,630.9989528419339,177.44109185126706
1140.2898150433857,538.6128973448649,630.7542932767947,173.93091896273404
1127.8772086141444,532.9027490236018,623.6119988779665,173.45466804713766
1125.5261590292207,527.6827624376929,627.6475009680958,175.56167818807705
1111.3461664927772,532.2146512228212,634.709361030343,171.76344340071824
1113.4196372819267,531.2861690045364,627.1374859854936,173.94865112539242
1108.4985454795008,531.601442240753,630.8831375485147,174.28727837386944
1097.0462644342779,537.6420839606388,627.1829600940907,171.51671680363984
1095.6525644291742,538.4736801429326,615.1400950426296,171.20784564983887
1089.1906511926588,535.9131212884704,613.5438064992094,171.94908591906417
1091.1860465415139,551.4514579078054,621.4843443680611,164.76923740812853
1077.5418319675027,549.539994358525,623.134021936881,165.99736307430516
1070.7061158125225,540.7579389610281,623.8159947579982,167.64584170788768
1065.341000163738,542.240156809376,617.9655385644504,168.0673169127149
1054.5304233120935,546.0952984852186,621.2737912307199,167.70595785253445
1047.459851565695,549.1564205205701,614.6644739121349,165.70715681027758
1039.334597618229,548.6045283959932,613.5103158759591,163.45733127212083
1028.9422121320708,544.7194128728951,613.3011725286335,167.02554162801377
1023.4319376865967,539.5086831034753,607.0909044233199,168.91026422459407
1015.7077795071064,542.5728849583642,603.9308696903468,164.1440205076877
1000.8006435829226,546.3990174980634,603.8062289477559,162.97789683110227
987.228556958493,537.4555233201155,597.7034741614436,165.48989667321922
979.3957031022849,545.6283975751053,586.4633318307883,159.49435443887361
968.0235609079697,541.4819409743252,584.5798726319829,161.44375955496832
956.7213482665491,536.1500629663541,581.8023655531993,162.88638031040733
944.209627617366,541.9789045043015,582.9046917503563,160.75735756963496
937.6416877853569,542.2528724984402,581.8091509967903,157.32415754483065
928.7976054566086,538.5225685851572,576.5529780538254,159.85656790200375
921.5145781446154,538.1473193624478,578.1514243332467,162.94140027165298
914.5736737067443,537.9673014038055,580.9568033571703,163.7108059224513
908.0647103805208,539.5520283502733,579.4072172345047,163.63182235824144
904.7093744524766,536.469196934669,576.3094399646216,167.3774282037984
900.4065874599605,540.9287498533336,576.9988608698442,164.8853388559718
899.0148618853161,542.0404449672759,579.4756755617036,163.40946597358973
889.8381797951902,548.3444544747017,581.9749811137029,159.60368421301166
888.664403073477,550.212726402976,582.1856653768612,158.89226669810688
885.862431054536,548.3983935383977,582.0079276182734,159.95790504713915
885.062789399715,543.848053148037,583.3969692188753,161.92594355442696
885.9808830882439,540.1233221423652,576.0513257157673,165.5320817510786
884.9105579367579,536.8030420584528,576.3883742923836,167.580153972988
880.5420311504333,537.0011792081638,579.4480044527068,167.24273681781557
886.5687815590113,533.8366468939819,573.949350336542,170.29262658683888
883.5486481013248,531.4962784946422,570.7652875175088,174.33984133902487
884.1197712740986,531.6527800963231,569.1907357301465,174.7360980156917
883.2890787752266,532.0721659547897,571.6698671187021,174.08524809937654
885.6874306433436,540.981472410464,569.4535890707559,168.38894271213172
885.1475304466101,542.6316638381072,563.2274940851862,165.96075038618645
885.0307397761806,537.3874939340919,564.7770618953991,167.25057237618455
889.6494756094089,535.6236283497684,561.1368793776302,172.43814412276177
891.2184542803702,542.5489197567807,558.0262032030663,173.01168178664983
890.7313916298477,537.5828610083337,561.2712473512063,173.20462178457296
885.3249695508819,541.019606799974,558.8784412245344,173.0621161164116
883.0796230873517,541.3325138290443,557.6870943097736,172.4510150888034
877.1478720309758,539.2183168827765,557.8740550888357,173.01833671078708
869.199826133389,539.752703437758,558.7120636053677,171.7669611868282
865.3557745994713,534.3201431692675,551.2786795124853,176.01512459619724
861.2071632346498,530.6777578338567,548.6510556395372,175.65022000902695
856.657266269961,529.4098223464277,541.8340067108177,175.7764323395112
849.2252080907175,531.6099454587667,548.749453427931,173.8930314045139
838.3842110424748,532.4829432217654,550.1586407699874,173.19282749000757
827.6036144569209,532.6733142674923,552.3218507993817,172.40392535054474
814.617365018217,527.5309260974752,548.6987576763848,174.13801518201063
800.5872532408191,532.6818544891421,556.6482631497292,171.1227740764176
785.5701690613711,533.1443736358841,557.3179559612024,171.15908426072
775.5891258234445,532.7527318727319,556.5052990712736,169.09942971472577
762.2542266138304,528.3499333017085,553.7875470648444,169.0340451939519
753.8426337530441,534.8820485976389,554.2038823488524,164.17530649112962
740.303024341638,530.8095275783093,552.780585773552,166.51938500042868
728.1636410184078,530.7657115110866,552.6760314608277,166.56479948394326
723.2522928607473,529.1878477532805,544.0144293633522,168.93705398360675
719.1095994836297,526.734013246468,540.2674474876094,169.2315330128656
712.844416987541,529.4937346663587,540.8845332143321,166.97061160790832
709.4774309492564,528.5980113561025,540.2759703630098,167.09284261492067
703.4058381676032,523.3434483638897,537.7450146389243,166.2510013775834
696.3824745468473,530.5010818765763,534.6176573998546,165.9664469908547
694.90703624654,525.685907233247,535.1415685435105,167.82840250993553
690.0248822625488,522.5304767808002,530.422461844592,169.35749580508804
691.8631233277345,522.5415173487938,526.469367746414,167.75464865485418
688.6311105642798,520.6946244552004,521.409075481004,168.5989868172835
681.8556377709073,517.9068177242586,522.6355844032284,169.40901077582888
684.2369810396726,517.9956903680092,518.3680272528306,172.84647376177875
675.9278403866224,513.942348155182,518.0319164751432,174.34921486657095
680.3770025738971,516.0284007090554,518.135136747034,173.63627615441922
674.38366492243,511.25066635623097,514.6772494076974,174.20426994714862
672.1079655836502,515.3166722189754,515.2065656052467,174.68795303991993
672.0482060129303,510.2778451776185,510.4841008742619,176.4938227562987
672.4047618264497,512.5699432788767,506.2496297895938,176.73545564730222
667.3282173127442,508.10285964929943,504.62224564643765,178.5283666739111
670.779761566806,507.23071303639335,502.25086636076696,178.07057099530928
668.4505519373604,510.05087503334636,501.18695189002176,176.64283026462965
664.3822578525234,507.3855581656059,501.7889776054139,172.54391414621105
664.0985654783303,509.93706137127026,502.95102640101743,171.39644012664573
664.1694593778366,511.4659702860413,502.4872055115932,170.81396944420456
669.0596102229771,505.4630467800548,496.9898949243591,170.71631900569008
684.8216776432832,503.94528679865687,484.3692752786046,170.81823511813826
687.0436696578595,502.6641629039908,473.207342114668,170.5749855658869
680.1358672994422,511.9261736476758,472.3408600448458,168.44533948412703
683.4709792370701,505.583386527503,468.78671245454666,169.7995309012828
673.4557153545331,512.5053835531992,474.6709543657061,177.60927300011406
679.31065409419,502.81764868572924,474.170953554347,178.31754811112262
676.5859810729887,501.3371799956661,469.8124318084473,175.96288957210697
688.6882544937541,500.4263940885434,465.2952469742826,174.8821679272318
681.8225921292308,500.9245271263667,464.2441052662657,174.82304188963096
687.3556954506605,505.8302030265331,461.5364874646234,181.21344632692734
690.056563081116,508.33399517700366,463.5466425329835,187.11259568082443
683.0997359415546,501.0740524489655,465.79276569393187,189.32966183363646
689.7900617218771,501.63935926547845,465.76855894051096,191.25918163299866
692.6902875829614,499.82154711884533,462.37146112438586,194.94709848222362
677.1299843960517,496.4188876525224,470.51109956146297,188.69682377175045
698.9138947426899,494.8958526500697,460.9030627188519,191.49454918175692
699.7311053073295,497.51108200718835,453.85839047499996,190.8029500316244
710.5357782820915,498.6057530645639,441.5589386075893,194.820210290408
711.7716213563369,496.5552581991358,442.7474352503856,196.77857372818448
707.0650651666565,486.88566337439545,447.6164270975381,190.65127386401173
707.2302175921822,485.4452679469963,446.48451364744886,183.93496792515265
719.4674221620025,477.04618025709743,442.9136886938475,181.53176029267945
716.8981924968443,496.02622689217486,440.45700225904824,182.59857740363728
728.6902155481635,480.79746522471373,439.0414308765163,177.10178237551696
724.8858510988556,495.6342316140423,437.7056508189609,178.74761213698798
722.2623986529493,497.33124616906906,437.045829431358,179.36759454814967
728.2811931386624,492.4764175600004,435.07535128476707,178.3394764141529
732.4656013283076,449.9768545005987,438.0808827523593,173.19631118922928
729.5708611808524,479.2986182033015,437.7385646327273,173.96854544873136
740.9915635561581,467.2910525217235,435.3326616865205,171.99586118458416
339.1352754935326,657.6478774647339,437.34799771852164,187.12213444094994
312.2234492398378,660.6234787346282,448.49820771507126,194.60282687551043
321.2965689796511,644.9353599890909,463.22625240444506,195.0260243945549
314.3361974695988,651.9757792454657,483.350982913091,193.30559035397857
310.03226262228844,633.5334476975061,495.4217332005891,193.80347444145173
301.329972198552,646.4249933296556,518.7970001308317,191.53409317219302
291.3167865144808,648.3457522322497,541.2837344407928,193.2565924904447
265.3943561786932,645.2757475288524,572.3251284623352,189.26171681417702
275.8702025735176,647.5906849439533,594.4450264346409,193.88770669973707
266.70936948806764,636.5444717545835,607.7662652578172,197.26157271852335
259.7860536900496,638.5869429882198,629.9282092594851,198.28594696148832
266.46632772841633,638.4263622660544,639.29039587428,201.02719080378031
259.9280425097968,636.4226189277275,651.6089729941093,204.3129061409179
281.93195752570904,625.7221597213875,650.1343561318923,211.55796846795786
306.9424125315596,621.0240004461675,639.2976110699003,220.54318615447482
323.7136226518842,624.8220153474598,640.5237751798375,219.6731647442587
331.55225552395984,614.3443177124242,640.6409959683347,218.9349285883863
346.9718564219183,621.2691211242275,640.1175614141113,220.13787816495397
372.6223435045732,616.3691491691662,631.9018670199725,216.1136381555091
383.9295722693846,623.1564762512219,630.1688142403545,217.89662811637285
391.7173802276482,625.7318572041754,630.4644018046114,212.1285580224901
407.4657207539483,623.7703457535517,624.1011161786901,211.3549852334332
420.9477388272941,613.3632082938212,622.7218862405871,211.90744638605747
433.59532425738155,613.1784308493759,620.3167747710149,212.55239034269817
444.3712479892507,617.4953407584542,618.8000211701826,213.77971645885907
451.24869035318034,617.2046285514915,620.9170217333126,214.47380317343
465.4091377582088,615.6760777268871,615.8604997736154,215.64295355621545
493.4830456932183,614.0179210512625,613.4041978700043,218.91120751763373
518.1339356431735,608.7568712382473,599.6741916798187,219.95332105236398
537.3631490171858,618.6031125347499,597.5875491843323,219.51385555485217
551.8184170562881,609.1604975329254,597.2249713705772,220.1213054521084
563.6975257330944,614.8918608816225,587.6940370952158,222.50629848742489
567.5481099047726,612.5536015851245,593.022121367658,221.74702667878623
577.9846789855178,616.1781667678108,597.1648858803919,219.28982333526864
586.3920955403311,612.7548536292561,599.6819851058658,220.28800363030194
600.1188874460466,616.8887033941512,602.3872504172896,221.9397536072101
605.2854094058931,609.710219475754,603.3443781308974,229.85840582833185
630.1075946414062,602.6654354733122,599.8800049154033,235.27270302477328
654.0314509325837,598.9044108646319,593.1349634139135,239.4841902887374
665.5458287309831,604.6431096148499,583.1432240745321,235.66603434078712
684.0979391392079,608.2843855750822,574.7679640233391,234.62770276695372
732.1137241480144,594.6406460251321,560.0181437192199,239.30157082322324
727.0003287141038,599.7739146545308,557.2896655265426,238.23255838183144
742.9392153904101,604.3286896768567,553.3120496203483,236.4279607048527
766.4723395880055,592.6452989351404,548.6463403502509,243.69748982636693
800.9476728432263,595.1486016858382,543.5661028382945,241.9086620710172
796.7266576746549,607.7769041541077,542.9300748042874,242.15655289181763
836.2062677760612,591.2487213232141,539.2979284778406,242.6390027920966
836.6177153910749,613.4519332673171,538.1081855909947,238.57468866046105
831.8194524684486,617.5613589050092,546.3857100986266,238.9020252171241
863.5053319412523,612.9817040295234,540.0366067114783,240.1310406854285
878.8700796012512,605.3312953615704,537.2856165897886,249.52992037608064
891.8782540160727,616.1488111541119,540.6371037209708,246.0070494187713
910.7515098441763,619.0746806287237,543.487222573588,245.37271735611904
875.8086600190525,607.5852739650411,556.1967310877129,245.3728597130129
886.4235634985406,613.0670789927215,567.8274685494423,247.03965272805624
889.3727714197128,605.8222801330344,564.5931151109982,255.0086268508446
898.2812093762691,605.7738693197768,560.0655827722532,262.03263307411294
915.2774344012314,596.4448155256484,557.3233066078105,267.9070499544242
900.3663222177299,599.7049359837808,558.8824634020851,270.1461141445682
919.2503666719838,599.7791200299553,558.4817931951575,276.3690359582771
878.2337648708972,599.4306506161971,572.3479645566308,273.33428512358086
915.7773072717389,605.2683534958678,567.3948806121175,271.43925846641207
874.7781013827985,592.7188639624833,575.5842539332631,273.6649262271764
885.8431376055258,608.9565372894305,571.0402904326286,262.088032569625
886.8705367015882,608.9474917856071,578.973412612213,263.3556648776462
897.6810657075425,616.1615813332514,582.3686003328457,260.34042234451437
902.8993354844174,610.8634394618508,575.9379489299399,267.72050175750934
892.4908083273626,612.0565041242056,583.5824846907041,268.7578240669161
877.2151986002793,614.8169931436406,596.6414404227912,266.6041754850028
912.331179588869,622.4007877757399,590.2059891417643,258.6833114177725
867.8504785751553,624.8531975713368,597.006699608761,260.4982606489685
902.785474589828,628.0864595192236,591.526836314635,263.8389392019467
881.3684309097692,620.3663009875085,591.1579794844063,265.6089040941633
891.1390470875164,612.1529219060401,585.9644124229342,278.5436007361093
896.7355243994358,614.3252278958915,589.9125506273797,283.2503457321993
879.8727806662378,606.518865359886,586.9899598391662,284.96478800122395
910.290929282451,616.0305117478795,576.136700309037,292.0780849836823
872.2024000743085,625.2087192398665,593.5930952403685,285.02613178320416
869.6809916823937,631.1036746409471,605.1117046594206,280.21392775110763
878.6930216606878,644.9113946823657,608.4091430723072,278.4404205776757
904.7468051598007,641.4455773754889,599.6963093292834,282.4606190736564
891.3603366548164,633.1280247021476,597.5220967719742,285.8263487649365
894.4977575895248,638.6296674526026,599.4018950523142,287.33694249574773
897.7898515974463,637.5606567350064,595.5314910310392,292.01406133802914
889.7983180145192,652.6550095080011,599.629188220287,290.41529294968313
899.8569543366123,642.7707120886523,596.5601289322144,298.9757516773517
878.6757361645168,651.1380399369187,605.931461163931,292.0973474531775
922.0399323076116,681.2824792929624,595.3404818505767,290.1049548248286
884.3124101449839,683.4447944901358,602.8290263232111,285.5369051264138
900.4946191366762,685.8815663392735,592.1202226248764,288.4374880894445
927.170415530486,697.4242531613553,586.126236558941,283.2246717056439
885.9645767214195,702.5761610992452,592.0614037266747,276.3024344662091
906.7237672007624,671.1350367488221,576.0532186309927,289.43148476902377
897.2940799927236,694.4727805145794,586.1033304859013,287.31892222486033
910.2966701966961,706.773739561702,590.7634098524242,287.4101671355725
893.4808866668604,709.5092622109871,595.5935240466875,286.7075412623825
890.4441293775201,715.5939839978146,607.0985291275111,290.9753994724331
913.0187133786966,718.0660649657893,597.2172546307249,299.0707242156102
880.7201363000468,696.6901275389881,613.739392366042,301.5196244232027
895.6452510078295,713.7695868856356,620.6529427460218,304.635881033916
889.6985052977365,726.4230052652592,627.9905865997714,305.8871038759508
871.068489172412,740.643597237683,635.2077601153652,306.67906401852485
868.5007568511128,737.8736587240321,619.4767284427872,310.01798776316514
905.843916120404,741.6784013586187,611.2165809872367,310.89394457588696
900.6163869773436,751.8605998581543,612.0688748060369,306.3923378939402
934.6454022548371,759.7753455952559,603.3923390322101,301.46932570093156
908.5855864480991,718.5974346115379,593.8289673341487,308.93226154682134
886.6864135835399,765.7341987738489,602.9234366624313,302.04677555753335
899.3510129506883,760.0435379589992,606.6340825555623,300.8580313047335
890.0053706798149,782.695994689391,614.0781274082033,294.8808674382733
917.6336468916633,775.7094123254817,607.9999225789977,294.7599207899676
900.1452948498713,772.8421788780408,605.6893918814212,293.73209817264717
924.0182517514764,771.749464239123,597.7182893352394,299.6999691903171
889.5762373176535,792.0929648495373,598.1705943134201,293.0971050006939
914.1679061987938,781.6477841526003,593.4868537687335,293.4810823935219
680.9324469942103,505.3580618497481,572.3184311057394,299.69103717219656
328.15721177415725,508.8331067505867,594.5733062640244,272.88576033783215
328.8000145270405,517.4566623883144,608.3318628710867,254.2542261552819
331.6410132575668,522.117168853359,611.732103957499,247.96929002577295
144.7011130611573,285.9142979543524,570.6741871939921,259.06371882760834
154.00292630519704,261.0601556934917,558.0334961130684,255.4639032749391
156.27018469243183,285.2543617924889,540.1170730976129,260.99481894937674
165.42873676512897,269.8950315966972,521.226786142265,261.7052859246413
168.1861973233361,299.91275079787846,512.4073287825197,262.1285654230643
173.1936575660075,268.3209939855288,511.0805782418193,252.9731689009544
172.8719013563328,290.1010774263142,508.8702219976007,250.23394405929898
239.61794895101661,514.5338799356357,493.5555142170823,245.049983489482
138.51443303251165,255.9370391221663,475.01657868590235,231.64826432675716
170.88192968926046,259.4613886323872,478.3433286447231,224.5420341220323
120.22694383802073,304.6501156315007,470.68915938962783,221.67599843486096
163.81121691248632,305.04145254527987,466.7253726123113,215.55970664358424
143.48856649061324,305.65493867682306,461.5373180305433,205.78110311439266
137.40525298907724,303.23373192161444,449.16853119631656,194.6505732272443
130.95235478733582,302.2484052846588,422.56051681959525,180.6792716973595
124.35736181146456,306.375511350143,388.2230957461745,168.63550136506902
137.50964854601008,311.3320208032444,368.44288306114714,159.4537438022149
145.71923243617323,313.81930026748813,344.8690181845144,155.27181463572302
154.25677887843796,312.80143956219547,328.8464987650276,152.45470021230489
148.82314428799322,322.572569455136,321.93778302756937,142.82991076642978
157.74856796505074,325.06855648867577,320.6462867325741,139.29740764479442
149.33903824522844,325.2910277362548,314.70802459515164,137.10569067939406
145.9729256135226,323.0204999778539,313.0477720290165,130.40362437745233
151.34553182390357,334.18390651320124,305.0364682415926,124.67380173161564
149.28474080885357,338.1863647316728,303.43831994165834,117.29735573899035
148.96674543413695,345.1059955005758,301.7259411288676,109.01110935199387
149.12601093649448,343.2082089415346,295.6600745547861,104.48975274935805
147.88532467046832,339.78285853661004,287.08630254087336,109.15851897850528
152.05066577854797,345.2911075202188,286.01638255252954,109.54116881281067
153.07384925423213,341.4250431525106,280.5524422200656,109.23486502915833
150.26727802793823,338.7652150597725,273.74770596220753,111.20962208128526
149.8785558183136,336.4456577263269,269.2879008353476,115.92152954044224
155.3287970463636,342.1742981706539,275.3442997598589,117.2922660392554
150.83398391449117,351.9882194925158,282.007125186062,124.48532720666901
152.71281939221717,356.93950412906025,289.5455652027689,115.05277340525886
147.8096400001857,360.4389063637591,291.50675693568144,110.85591009491685
145.84452689316674,369.4304754523108,291.14797444984595,108.47389738058658
142.42075831361504,365.62269235176376,280.56924710469747,105.45602486579799
145.77957923233737,370.94249406143535,276.41541926762716,98.86756771912708
145.6171856345959,379.5934183437819,278.24353934138264,96.78840753183894
137.34236537063333,381.53905169195923,269.7262777455285,98.63395005508315
138.60651055419407,385.85793409793024,272.3221063235211,92.39606786959305
135.1833829198115,383.56455965527863,259.9694948287075,93.23545078055284
139.65933698695605,387.1435312682634,257.8324983159392,91.52211456027335
144.44911520441008,389.87659165127627,256.03800238088945,87.36822956714573
134.9977588492067,389.2393137679322,248.43350733687993,82.91055388672112
134.63233767840683,388.9451330350653,239.0331644023729,81.65519473199814
135.24022676115575,391.14615636720885,233.2817564302004,80.28003262435388
132.7754769468644,385.58607547845764,219.4148946083955,82.44215529105682
139.161193715968,383.39994936326366,216.1479612248557,82.62069534498112
136.42869990461713,383.9925160534434,211.06457040588106,79.57394834938358
134.2242048693226,384.16790143419587,202.3956063951528,76.96806601015444
140.0884405940604,390.139664142647,205.1814460011233,72.29797053861103
143.6600613089825,392.46160865821713,214.860360124322,68.43044775906017
130.8529630306141,394.80115468330774,213.52973854159742,67.21886583813009
123.8125278552474,395.1563954884711,199.80565563528376,68.25286425780772
133.7400036454726,392.5163037176935,189.9381048765261,68.68949602794686
140.9038993697793,394.8356775384257,182.45402221758135,67.42600156327106
146.18571908598932,395.685171580394,179.52693399825475,65.4808388741549
151.20346775029006,391.07052863903345,171.45928070680736,69.02119060897027
160.64582348364752,382.33384734058416,162.5851975593321,74.34060757136663
173.97957489843475,378.38203120355246,156.38992408223265,81.41774878126091
181.27134865104165,374.41148145716807,144.14672435543255,82.63818068902732
201.37346653115065,364.0693343843052,136.23901876989393,85.83706579741204
226.63785048192972,366.938017097718,131.92617906504677,89.0823228553687
240.63560879945283,381.7067597911534,133.50767918473028,82.84614132424899
254.15594644643488,379.70661238754997,126.73669536927108,83.59509856550125
279.1973973600433,379.9892900824208,127.65865601084374,78.23617832183135
279.4148396422438,380.1700942800959,123.1606646313003,77.67758197136524
297.9175953737506,379.3306316129875,120.14537016755474,78.13681267713909
312.81938698541995,379.4883451247337,122.67297613935236,73.81778527130959
319.6248078937488,383.56022754655197,128.0133851259594,70.35730893898582
327.0112535787068,387.3132351156288,132.36117948052524,65.63515036986593
331.72103900330376,378.4575241135476,132.68997101315432,64.15560983870299
333.04156335377036,382.14775474421776,132.81907750169748,63.623250421839636
335.29753870001423,386.9950704107866,136.65101675001392,57.78221695169119
335.67702777207677,388.7844959456218,136.56261477496946,56.18806157656532
339.3343144211238,391.2422495897921,140.96818078225604,53.181238163042565
334.4122481603786,392.57739484839476,143.32416359732966,52.1324418243822
340.45716734150994,383.51152864830664,137.82712118368858,53.22949538506135
338.1459549834116,384.45329295372466,137.83637602447524,54.18968139006026
342.81376840920336,387.10194522752903,134.45268049261304,53.758613281337944
347.884040563691,379.47639237054005,134.84863370839076,54.51655029747478
347.2667543215981,380.07012682516824,133.13326344283615,56.56071127819141
349.41311509423724,382.27461992722004,136.95683531908793,55.66904430941199
354.60825804286657,384.59855893696283,140.671644141778,55.73237260094794
351.6497051684396,387.84561703346645,144.2240188169722,54.53975714903915
361.8306828888424,375.68621989075854,141.63482260669082,58.27954563363174
370.8410515467461,379.0673023577008,146.57938021672396,58.37558860622808
371.69745877885043,382.4720431126264,152.10915406177145,57.79707111626803
386.25459603079094,382.7131264708746,152.3496989716604,57.93332587747369
399.7843728569264,380.0447962883234,146.4115545195352,58.91286566453236
410.6172831079412,384.5029362849522,147.20761683642627,57.5579674369326
419.4902212130012,368.91224940424246,143.18012977754887,62.811506544528555
436.42260691991646,382.2624526892572,150.8646710313179,57.01361950504908
436.7854595753752,383.4262185315359,157.63930270259164,54.19090873894463
443.8676502848642,385.8376670449396,156.81785839432155,53.9738917953721
444.06553023603107,385.13971304831534,154.56455197166602,54.670313196036304
452.9101999256324,387.4876609431116,158.13930200273205,53.033473465210896
450.95444016694455,371.2708961082644,146.28847803870892,57.72876476199613
456.85526686165235,369.80005876956636,140.5508426669253,60.4600679105324
453.1849169857894,363.9024604555158,134.04183533317408,63.37156976663444
462.6803693962934,378.3653501803525,134.83712993454287,61.66985963997962
476.4709748200019,391.2272850527118,146.13633754041675,57.41054801766888
468.73965616356736,391.2051065878552,155.74648831512292,53.30451218174346
462.00672652285783,389.2324928878324,159.76380773835908,52.217137657485324
458.54108119372404,387.8880309224908,156.5926514689545,51.81595444566834
460.0184180363083,387.8037562837553,155.57244022878353,53.18940372397965
457.8908478556608,371.17807759215134,147.88530371019053,59.787094601099696
459.63696396715255,369.01363279567624,139.55974651902477,66.52137532669119
463.15256436508946,385.8043440369001,143.58762390003045,60.869535320186095
460.9396074555334,371.3456912706326,137.49773864565782,63.92144250412012
462.03591792822914,367.91953267366034,132.24852820116084,69.84065355300365
462.39238855960986,364.1092341605724,128.97854356572665,73.63065732571587
465.04450883590323,381.9214355045179,139.7220447847987,66.07202701666407
471.7138385057133,383.28523775996325,149.07175717002684,61.81600604614131
461.0699415352469,382.73006348313544,150.65138063537273,60.313168416066986
460.6342887702963,378.4092457175016,149.10820349571765,63.3753790797182
454.50242507584716,374.4549566392094,143.87830452922995,67.75371684543822
465.95787116597376,374.550749003453,143.3208375465622,68.20983477376964
464.87006222714,372.45551272070986,139.25941491288108,69.59255768672674
465.8843646079737,372.1301405444207,136.61977151002588,71.71570927245898
463.01409137531306,386.37694357561855,138.54495053944254,68.93821194534605
472.5805627924866,385.34829631131316,138.3670516141612,65.89596845388598
485.6322824646461,382.5377310473428,137.75310023844008,65.33329489849739
483.48617471234553,382.77218017598955,134.59391591453743,66.92818455153055
486.5563075790169,379.7133537743076,134.75651766315738,67.24410133966748
486.6133236102787,391.1710280442725,140.22776941196116,63.08027739773899
489.4008447569536,388.4711737168811,136.7822512801808,65.1409362725728
491.0205899114191,389.5583220761995,138.66649770982065,63.948853838963515
497.63587338993364,389.7630173874258,137.99130727893697,61.90425916824139
497.94127163503276,387.6992697293439,135.4083286260198,63.41736156512572
500.3200902075592,382.70238620976625,131.40538729356047,65.63948206488516
501.66613969797805,393.24888269664825,127.46276365814549,65.70194236117396
501.5415732004069,387.8296584428696,120.0494780716785,70.15406265443096
510.9386180611233,387.6002022101109,122.33969694364808,66.56107564466451
511.0880775150047,384.6478336923223,124.10051022706071,67.3859033378682
503.26185938252775,384.4080727807158,119.68396085337145,69.5490208977806
508.1570919133229,382.2612650082662,117.40836438801131,70.4215823847542
492.74693831021744,312.9548691324976,107.26543706402178,78.537868855961
506.8609898104079,311.15630413911964,106.13572232529984,77.8015623316239
494.3822301137509,308.9409188752419,101.06844605143846,75.24772990217011
501.89696700473075,319.09621154247026,98.75723214831606,77.46106347108848
503.829201681714,318.04655041828414,92.91513009284895,83.89084082041795
504.05856767593735,317.0606005130642,88.4403710153359,89.46494796587118
510.6023581030294,318.80412716839487,86.19671589139337,96.34893879432624
513.6846960303747,317.17824345686296,87.9185318197473,100.22607747156303
518.131076341389,316.5440147424207,90.69093560541113,99.66886608417107
511.69064947041585,320.88767060677475,91.14948636379665,102.3479526109169
509.139672187156,314.567008076516,90.78533958325113,104.83509696692472
515.5109860152971,314.50190156239887,93.20948731238887,103.49619143251732
519.1302741818732,385.8364685817588,110.91375249247548,82.03390536186868
509.17597707522526,386.9410687102292,110.61085081476077,79.08132935440965
519.576320922188,391.282269258818,120.72827990236101,69.54197396039024
513.3968360299857,396.13383666273313,129.42620121911966,61.23901907761898
510.3434612135016,399.78557960641507,131.56236516114052,55.97275548560684
508.2440314340962,402.4438795858779,133.4885322943721,50.61072932038796
507.9152424474408,413.04301214756555,135.25976382021793,47.69619693155523
510.00125585883836,413.7462474009999,141.047726146149,44.53470561950578
511.829232156485,413.3068788793204,147.78706104363278,42.09093200310673
504.8608081391288,411.13473125163324,143.6836890109877,44.47869545423658
504.4449344827598,411.0929880982858,142.46466627477776,46.614192120245676
504.6937483234148,411.2298506698218,140.3215513421029,47.498266730820845
491.6584297564802,404.49152066250934,135.425161810528,50.915437138933086
500.10011136157084,404.02503782633016,134.40128109813855,52.25833020784604
496.3675249607635,403.5015665318501,131.68780930461008,53.015810918604885
492.38652899156824,405.2014387250474,135.69428739122358,51.14582442348089
483.8229099484971,405.5788214937637,139.06677813985723,51.31588876522601
477.25472455749116,405.4319107202505,144.44297720023366,50.36713730160939
456.00426825969896,407.29356520840474,148.66356248380544,49.21281561362348
443.0910016428992,408.9117911667809,149.74617662990937,47.997572851555034
435.958173296984,408.7372569586345,150.05054887030605,47.39587744715807
429.9273860351674,407.43097662731714,156.05743395425077,46.945044606683986
415.50733878537227,407.3358619986066,155.03247324872316,47.80421744457941
401.9039319169222,405.5976061989417,141.79215996968526,50.62176258529101
395.1044102965337,406.9381493563816,135.2182082951728,51.76126075723741
395.94113837735347,405.4476497482939,129.02950530331825,52.133976868645426
384.52478063343904,335.474103360379,111.33547433364498,72.40138143393379
389.6830666342487,330.11610433492285,103.73193286613031,84.5770016177521
391.7967171550164,324.9323971922185,100.27806114518356,93.02066182374463
394.91382641002866,319.44863097385064,100.2705251037952,96.62813222443323
391.61969976879493,321.52535574306114,97.75639187924499,104.52356650674182
396.7916126379637,318.08699817727114,98.16981056562562,107.23182064328775
389.2615934013399,313.01977534342166,96.52655944640826,109.02802643522834
397.03058247563666,314.36719960459294,98.13446597620779,108.32440302992352
394.4961230816769,317.2244695913517,99.35152775966428,109.58252421972169
430.23770011051187,325.18375195542734,105.53774236952972,105.19495238054806
441.0694793438217,331.8299417023527,109.47295051529959,101.04222387531338
435.2008548287406,337.8776252883454,113.0590008143131,96.36358434639772
385.5421718823649,319.60731665922225,120.94901001366591,90.45576332457237
369.63291687904126,315.09244129974945,119.86617366060648,88.15534019361277
364.41754765296423,320.1134155693939,120.01587832880793,86.94292204688452
363.41011824098024,327.86108201943483,126.92477914313011,82.58135466528651
362.3749307463818,386.68932690707044,131.67421797590183,78.35046954568864
352.6901474502049,390.06634341572897,144.22240367970574,71.73836220975026
328.25792173305945,406.2647098273256,154.69721382384046,65.53318340937221
315.649261350374,392.2993092279267,147.82282084013247,66.97714831117176
305.1788778660178,393.07051353067504,141.49151227911625,69.2115894788688
289.2304837305542,393.6960846610277,140.2243587919946,67.21809365776922
279.51689931169307,410.05913043773455,148.5982299564951,58.37472904905158
263.7530802810114,411.25394307497646,154.2497357518354,53.76326814909933
240.93982483872233,409.0334721790716,147.66300714364644,57.066365919335794
229.1138950885701,410.0301524741211,150.68430295537433,54.341129691789845
212.10012207551443,408.12399086501557,144.23921061128783,56.879585436102964
192.45362085234376,409.8693371474057,143.48087671651965,56.5489980351398
167.9301836403376,402.49299077441003,133.53907217695445,66.29564581556309
158.84857587484248,407.5121686359546,139.12370973619534,64.8535150759555
138.2777245597485,405.9858591769803,142.74506710598163,63.45435414679438
103.98090414876395,416.2320805912823,138.3588957745124,64.36123700642958
80.80238105191833,419.28906500087436,142.387786637705,58.441193493260215
61.27254842958256,419.2530669719901,142.031856066948,58.170043153327576
37.30175998894424,419.93204094244834,143.3216425745117,57.61710574199294
19.022740014234472,422.14263578754685,142.68027752041343,58.69535889413035
-5.886362735097023,422.6863175921357,139.79264715724892,59.360238847272505
-7.097638371674492,422.98780685836874,128.73970585931824,62.88151824547785
-7.358498419281219,422.5562722931787,117.20286489800186,70.82012367317284
-10.426856159699078,422.141701066654,107.33677058845177,80.09530973151917
-14.282499095042496,404.8002838270697,98.38903628475559,89.5008255863829
-4.181985058380214,337.93730830104425,86.31208157261587,100.7621838805565
14.412028231298123,301.01080969140685,111.49269345611432,80.99376026143494
-6.686299065766356,307.40435193801477,107.15440247708703,79.93301928647519
-10.25127723057031,306.80381561631305,91.64852477773755,87.64348274659446
