994.5,475.5,262,199
987.4907298802323,473.4911720513703,252.99913748734667,200.14157301212182
1003.6396262118968,467.5166513996491,240.15241290402918,204.47025014771575
989.1619392428547,469.3520668007243,238.2980078453289,200.53449359123687
1002.7414808619966,472.9704049846469,237.44723254672698,198.86135045217054
992.3062431515211,475.50895860285607,230.03168782199182,200.45688127832383
997.618933324911,474.3916975664176,232.9061750125287,197.20415148178463
997.5489431833657,474.33076419659693,233.8157354043537,197.704483313477
1005.4598273156089,473.38551018404394,235.19612722610108,198.0200184746957
1000.5182486538831,474.2959491129156,234.6492113241535,201.17267949976068
997.5382717821711,472.41663811136084,239.8926075895021,200.11523939499108
992.0777469232053,471.4881597951155,239.43268329377042,200.02021808830892
988.460868733127,472.2876856077835,245.3425747235556,199.79618868287935
992.8696495370316,472.4440800736112,242.04696801219228,203.51901909639997
987.7226715088966,471.6502346643106,243.05503000705528,205.87642842572922
986.910076436885,469.7664718826669,242.22064631437846,204.36038907852094
992.2748100956604,468.45923314790923,241.6572510022991,201.68837642646258
989.5841711762332,469.9194027365497,246.02639244971124,197.150404316422
985.433153223782,476.4435682008766,235.00513149859256,195.3142282647362
989.6838868056033,474.7752800180879,230.2581283475991,198.25986930092938
991.2104282532398,475.97301749805774,231.5166941468475,195.56920191844276
981.1649418558645,474.82403668244353,231.2166660623676,193.17367137277392
987.3531983776379,473.4086354093039,232.77912365103745,191.53117321107555
984.7841591384496,476.5309662715024,234.70858295218096,192.44920867206204
982.7472857929333,476.42043858319374,235.07288607324915,189.14172737549768
983.5813194307655,469.6807865327902,235.50664245881813,185.52484695377217
982.9395779034544,475.93956031062066,234.25920936853254,186.42088607024624
984.7887082152606,474.7613455526821,232.22848086641298,185.28152961136175
986.0120685002079,475.9020383512677,233.69166371016104,186.85498674233148
988.7868028520659,475.87631186205675,231.80653781720815,187.5604596309316
1001.4407586558173,473.3108862140623,226.09457162033408,192.71894694816618
998.3070451008524,474.18465478004543,226.40182711620417,192.36874966537113
1005.7748501935314,474.9701939984426,224.63439676490592,193.55373671216074
1003.2812040876455,477.67526176506203,221.9858669454713,194.80141905466184
1020.1880767702451,476.8979072358595,229.2799907068706,194.21890184720908
1023.5738842473318,478.94497014441095,233.9733505132289,194.84358639778972
1032.6337701003324,476.1770084889015,237.89198386226295,197.95534961620024
1039.8475251944142,473.88510495766485,235.466697180982,200.560113795858
1046.8487206423656,474.5952050331882,239.30704524853218,198.6025453673156
1060.3337569885994,478.13167292695846,241.15947424473893,199.55127898322735
1070.704793420562,478.78038186951926,237.59229693356315,199.2794926514411
1078.977235526989,478.3073951773807,243.81562842010547,197.54376740537936
1098.5351872858062,480.84583337909555,246.0392448472536,199.74927426600112
1104.2956849555567,479.38167151135247,244.7976247181625,204.76051407228124
1122.8388603869407,476.8131424550909,244.27046142464653,206.45259620342998
1139.335318058404,481.647089889389,243.4972431358966,207.23878209775148
1156.4870809626668,479.42831906096274,245.25671158959875,209.29102156652337
1163.5768212390026,480.40282339756845,248.27210289244812,209.550994957156
1182.0778608820328,481.90432352643364,248.3928406451755,208.4378731499488
1190.7487996441703,481.47637720304493,249.10377387964976,205.1396211434043
1202.2593948507192,482.6130782539621,250.55446374442064,206.62672076958722
1210.490683982781,481.3600062868961,251.87841277566946,208.67872548523934
1219.7819388131477,482.6279935907805,254.7208645041631,212.40417377528604
1222.866586286969,482.7435351969285,251.84640219404713,216.10118042925586
1224.1633270567665,481.23832883901116,248.94060537254518,214.30416963040858
1224.2593043103743,479.3233251303049,249.08959533752096,210.475190413087
1226.9924329359342,478.28247183254575,249.53864888382884,208.84133646627743
1222.7516131452505,481.6283630093468,245.9401391462415,210.34414312960598
1219.1746916732154,481.4507915992204,246.30894396571483,205.47009278372514
1217.1330256265232,483.3179699588526,243.66449027041065,205.08524581691591
1218.8292161846684,482.5538696102161,250.01777538782383,202.90217765964286
1212.0840137421058,484.6992212501716,253.45189792323083,203.52612544166413
1214.2347164437135,485.1880464341872,253.62709127322677,204.63388683369095
1208.112833942066,483.77766203519786,250.85788266548158,203.45374617595553
1208.4226768605924,483.5725876996522,252.9804996167033,204.24677500099523
1210.007397938508,482.88906840571286,250.2516539785296,206.40877165350946
1196.330746292331,484.32344000363736,246.46445853475427,212.09633683293362
1199.782477646235,482.8736446555093,245.24418297255016,213.0647747589402
1206.3547530019132,480.1178653525335,244.4716322640998,208.68276850595015
1206.4323665674399,483.2616861650087,244.7062033717435,206.6080556362332
1201.5320273142502,480.96254666494417,244.3385315959306,206.6893635589945
1204.4565934803804,480.5612939911298,245.03448539022799,204.3252969467539
1205.7025841943152,476.3728633255353,239.40780560106288,205.2631436708092
1211.1440714755474,479.8464800647532,239.11379101899567,205.26176743723005
1211.3666226171497,477.98267040406756,241.01299187346336,202.58460456187413
1205.3153905557326,481.5202256558347,247.0070832343896,201.63269619875467
1207.2101420454655,482.55366147390384,245.38524054340834,200.9551704236555
1203.2759697108784,487.43353336785026,250.0890615399092,204.94627440115556
1211.6024706619903,481.69728774415915,244.49159968601253,205.3114948902563
1208.910095472935,483.1803023245912,242.24199987810897,203.03373088937417
1198.6952192829224,482.67075817332807,241.49614938893245,201.95535501027825
1205.1767511357393,483.8366300000887,243.1564864433713,200.40522710410283
1209.1002473113078,483.6259281470063,242.7136486850781,201.45807819559414
1198.5058306189007,483.5976703397399,247.4015079454147,200.84081798249764
1193.9489745735402,483.2254289453081,245.03840667151127,205.0338548193239
1201.3214013527001,485.5305599080365,239.3787213780633,205.43759513571013
1188.5251922195523,483.4034532310658,236.76912281713376,208.9665438299478
1199.6549651895245,480.06828046746904,234.61067732224336,210.82980511761468
1207.7606028150203,480.9419015132817,230.4607060890819,208.98302016915238
1208.2102440777048,482.30742084734055,232.87612455699377,207.6420348537189
1205.5370860396142,484.15053452366624,235.4107837068923,203.91412447121428
1194.5243946270891,484.49498178911387,240.65358959094908,202.1649273410097
1200.5779877148143,484.8299609945616,238.57003150615606,204.80780541469
1187.367106641749,484.7842294885951,244.7873370005294,204.2568076673602
1191.8750984910448,485.8090773378018,242.84704144408596,205.0068331516049
1184.475083279736,484.0380771615733,248.06455247370917,203.38562379390203
1187.8012820257302,486.4711934299816,246.4242315333013,205.0870304438655
1183.2017551291929,483.29899196309213,248.9334256947772,206.23755796862
1188.6881817067108,481.33157672327405,245.57501518844373,206.64035404704637
1184.9543517133293,485.3915397249385,241.4131639250095,209.37070216668667
1184.3422053986492,484.1652045934816,239.4747076272064,209.59430628160248
1186.7051576243662,485.68765664219893,238.69310946447104,207.26391994561033
1184.3530048007337,483.6210518284463,239.52485669042633,201.95667738995422
1174.0019460529068,485.94351736410226,242.08494835084468,203.4037277734842
1172.4663465499034,483.94325115947584,244.4123228540268,204.38005343773148
1176.9056610077744,482.0920276606964,242.2278756112003,206.89571142642
1168.951358696585,481.2162011689554,242.5310132137704,205.41435026787127
1170.5341060778974,481.3042134215401,247.03321712839613,207.149933576593
1177.1838665874668,479.24089182805585,242.17648309731112,206.47241500005381
1184.4315401751976,480.679009439507,232.702103178576,205.02682342250662
1176.3566066578103,480.6386436732161,229.7985692434898,201.33148680813872
1164.1884094568868,482.33552274333726,235.35977960534166,197.30216657733018
1175.774097464803,480.14271867695413,235.45476349219493,194.3359436368766
1167.3782139847206,484.076578075544,241.23212020784644,194.89116577869038
1169.2098000841024,486.6179277794008,235.57267191243835,199.44889511485297
1159.3645522796733,484.2176125275304,231.8565192016841,204.0185286720685
1160.6372621221938,484.4281316873998,231.8774269030306,205.28963437937583
1162.855423349957,480.18729762842315,233.78981121769084,201.51104037721922
1165.736527679614,483.11688054924514,232.70163369605677,199.5445572899687
1162.7853881863089,483.7703404873521,227.81079741148946,199.4231591163923
1151.9358244137572,486.4365861863784,228.93423716028303,199.30853645126618
1168.3339124190172,485.3291885596956,227.03401815297488,201.16308413121283
1170.7167231395038,485.9591914713924,218.88920283522322,203.1069051199638
1164.587318345209,484.4083133913192,220.08555503993622,201.14975604215994
1166.2366997067672,484.3238249511576,224.6201622034008,197.72513372418436
1162.9072338105868,485.13120409798034,223.9545376652894,197.3969881636317
1167.0577357535615,490.6738624917697,224.47667317388022,198.22335862812884
1169.0542199395722,489.20749414881055,226.8761438627223,199.2995750088527
1165.8140879061232,487.36235910587715,228.23336518121215,198.83943391919283
1169.494958686195,488.5180878828105,232.8664368172449,201.23117184360692
1165.0213570438148,487.5293910865811,232.007056617064,201.40444527653904
1179.9276893034448,485.7124913510205,222.15622887373422,205.72270801098165
1184.6054874210263,487.83866980561174,214.83093049745008,206.69365670051826
1189.7305900401852,489.94614169041927,211.31914375936415,208.58425276736267
1187.3935334254877,489.4960042916651,210.75897915762124,209.29297422319942
1185.0795243954358,488.75822480073913,213.0338621543226,209.50569641909271
1186.165473038885,488.6395822067833,215.91002680986907,208.16332766396658
1173.7865717607342,491.8003322047167,222.11610858184457,207.98106681784182
1175.6090940298163,494.0583932485772,211.60471961512977,214.31712504261208
1172.394856175153,490.8911587602621,209.65415643840447,217.6143518600955
1162.3130284144895,492.184181934869,212.4824086015061,217.00870210140505
1157.0311617152538,488.1121352421465,215.62550602500647,218.54873153291746
1149.6114683093174,487.1884926233108,218.43699628383888,213.67253528655007
1141.3110606655362,486.921416905869,217.2502026299349,211.56532250129425
1148.1768450566249,488.7881000689305,219.5409759831864,209.75982170637167
1129.6900659015723,486.67848384828324,222.37062350091264,203.15373835400806
1131.1564031700404,489.470779252388,218.42328876186764,206.91918147425997
1137.9583912677197,489.6751034280464,219.9152552078039,206.4841339208928
1133.398406879613,486.1081353633074,227.95649675301337,199.0233714863491
1126.7872785553272,488.5310062552773,225.19509849298112,204.35765537989607
1121.2816414518923,487.78413894814287,221.105069055054,209.3065966039024
1124.8779975661382,490.1818718775539,217.47656563465057,212.55212734152556
1116.3278112129328,488.32544918637166,221.4846479157256,207.27642658132874
1116.1468921596781,486.0011601814381,219.82247844650658,211.50533280579833
1102.9890732013087,486.7395632002241,222.0886154236196,209.6090378647075
1111.5152761106815,485.69439856624274,217.27741207944717,211.22467271180807
1122.7507238891412,487.1390742063438,211.1584598661678,214.70587749057364
1117.2228248480983,490.6383965171727,209.67095920009854,216.21963918096128
1119.1586388053959,486.48872696157264,210.71945129805331,211.76391938987996
1120.2507467990727,489.2661412574669,210.0234307749352,210.55935192187405
1124.9205162939313,490.79950842913354,206.45725273883767,213.46360344234333
1128.2394078587445,490.0732650839552,204.34168400678317,218.2939904554342
1132.3662609644934,490.30634837502333,204.43117649476588,220.3568224815305
1137.5729701982482,492.25604125085795,206.1782620434819,221.99413701114395
1141.072458271969,492.8370151942461,206.0191531117448,219.0389888193754
1143.6924338142687,494.1116759752201,206.4481982680945,214.2252079126149
1147.1265568976744,490.9009496526624,207.03738619929828,211.17337162909087
1156.5690086819072,495.9897884589975,206.06078606037067,215.17824096307706
1168.9435319961149,504.0368643302545,201.60211569817483,221.01824624782097
1176.897280260476,496.4681847574853,206.72874535435915,221.1892613719573
1182.0088159091172,498.9171835178282,209.80547439300315,221.50640287120524
1184.1501570667822,502.1102901743541,211.7421478889717,221.26250075812598
1191.033376048964,504.6085657119727,210.4804240198931,226.43874913596648
1201.4912919719288,504.0202875646309,208.07395732469467,231.56220103670523
1194.618966513453,502.89789798787933,206.9202618776598,234.16009711714693
1203.4885604307105,504.5142850397222,209.3768305772595,229.34154477664478
1208.13970592177,501.88007522721375,209.85471479300475,226.48272423482712
1219.498259494571,501.9182589522836,214.66372767366454,222.1035135715304
1207.1287064532708,504.1327542046507,218.4122907181058,216.63182944355026
1231.1041242173142,512.3266590471775,216.75621467698187,219.28160830482034
1241.9956292912295,511.79660743199065,220.05446112900003,210.6802881381957
1235.8741747659683,512.6435248513586,222.27048432644955,209.23900053233768
1255.5607267052205,516.0240787889672,224.00931170146066,208.79057562387902
1258.8375954610628,521.6138306870979,225.26036319854552,213.8558293603721
1272.3179496826697,515.2437671610296,219.29857405224283,210.45971241438664
1284.4607273203878,524.2439707021746,219.91059784846396,214.42398263478466
1283.2022698816288,521.9647943714463,224.66161310575717,209.92179607107596
1298.156734991457,525.7753396465267,221.372549126313,218.04554397943517
1295.9309002871425,525.3631634541949,227.73141758482234,216.74736051258787
1317.3586960399803,531.829930207404,236.08496926631472,220.23211867707465
1315.5679259398191,532.8745799937362,235.19668034390068,227.46887756520533
1326.8596504903742,535.8661457925788,239.60658071691648,232.6480603539855
1327.189126137544,531.1654671245253,241.64918050479656,232.75134710730902
1337.1119987793102,537.5599294079416,242.51761155232978,234.5318950266734
1344.6883273232954,539.4204463886497,243.6510230336217,239.21863465539573
1358.3188927144422,536.5225023783682,246.91189202049543,239.0043379341476
1359.766846585451,538.1814762579633,249.72834112393082,237.0667684097863
1368.3493822735018,539.5380770275066,256.9851172844859,235.20365366663344
1369.2680450260068,519.3636532263909,246.72150600897336,238.04834675921376
1387.3407330806185,537.2778622776688,252.16795472024398,228.69426452047318
1402.0554610996905,543.1785121011594,262.6813259027381,228.7420534092309
1403.464241974283,546.1737702746886,263.87576771379656,226.70622143873095
1417.2570516991418,548.1978189159661,273.3215884547747,223.28146399727774
1426.2576421154492,547.4283376559143,281.01808502307586,218.01918941780872
1436.894270184033,548.9122171203072,292.28772447451456,212.27967754872253
1440.4313220804672,560.0203398896751,293.86547470946954,217.1902323284906
1454.129941426202,558.6177632949061,293.7921846247433,221.99798859776143
1463.7033406449132,557.7754923659172,293.99969051304913,227.52100337012223
1474.900868140796,563.6835573864229,294.4934059297151,232.96605460134302
1476.834482433233,566.3677525084122,298.6703273113624,236.4669993151818
1479.7821260371602,567.6743058261455,302.86210248437897,242.71195112220087
1495.9740208149847,570.7440027198286,303.0463856910258,249.36593220773818
1507.7000204578103,569.3216744166915,307.5526360025126,247.82073650650196
1518.2784498846768,572.1129542213945,317.65042290641054,244.25324725491257
1518.8247370649844,574.7088666181884,328.1085503077228,244.26053760351024
1529.316494173665,580.0974705685587,332.4013147348554,246.89906007790864
1539.2511246780484,590.2483858115204,332.261345151412,255.08483551063884
1545.8498768228478,591.994660873541,338.11423052841127,265.0169582702806
1552.7586326810194,592.2970139439647,341.0872623230841,272.37976266044006
1564.2677653201742,596.5514336232898,341.67304317788773,283.79566068958104
1570.2712339114573,601.1284390175989,339.4364895744531,295.398758152749
1570.31440843252,606.3488001625283,338.82054471178037,310.55178773660134
1570.8688369474448,610.0973363118619,337.1664518323649,324.2151120535574
1567.1427060165108,611.8187591704466,334.6570537000377,333.3628745712364
1571.758894295576,610.0417248120297,336.11389175099663,346.2274613729951
1557.3594381027287,589.322582005395,336.0731384536375,348.9219135944921
1577.0206088367506,573.6433366741385,334.03474975891476,340.5962351596075
1561.9527667289276,597.1052912747732,338.1246629583892,350.3071994427859
1582.6976321697225,556.1635941035471,332.62199465020694,344.90509204801964
1548.5346792354455,606.999148176336,346.24417579849467,349.89894042662917
1572.0744636403304,580.021084684037,340.783684290083,345.1061878447969
1539.1137971523012,593.7957450800325,354.7308808592689,347.5191457157181
1538.8018302977853,607.5466794206927,362.96334143673835,353.58554873297555
1545.2201368199035,582.7231218922826,364.06481245372345,343.3625121001609
1502.3733820195073,609.4181423638217,373.7089740793341,345.0872550960296
1502.4823522089873,621.396608002191,378.9195079297207,351.75625320610754
1499.3894392956277,607.3076976192035,381.4615267975553,352.1525639279089
1479.7315545556032,622.6552499559849,387.3062808645449,359.29149246022183
1476.0800256660884,620.3908290428597,387.09180221086683,368.07160415520946
1467.4851050385819,601.4146053109158,386.67984545293115,366.34222148328945
1466.7796398686237,614.9287250348623,391.08528438594135,370.6873760116626
1447.7375329149727,646.4116893227748,398.25749923911815,376.4874382529408
1441.2011073249128,613.4277650671912,401.1000776001731,375.5726484857011
1434.8128564485805,619.2565077200206,405.5866517452938,374.9308455203278
1408.3221332827625,613.7565490661111,412.8319380962473,367.98993150028775
1417.1334865563413,612.686520899539,410.6771418695939,365.6976321494285
1444.0200666785424,579.8926131348264,400.45784965976515,356.8234800565607
1409.9305616679728,598.5982460182997,397.7776591078976,352.55345986323084
1385.9136586010534,652.2633367725598,403.51050279198853,356.9937573197304
1379.3425716785655,612.6434367013856,403.1151312356776,356.0573960183391
1373.5921433965982,627.9163227546865,403.0455904929566,358.24654105372895
1368.410253839826,607.4846925159886,401.83354555677084,355.023933519936
1359.340331095266,623.6811395402783,403.0752062636801,355.7817166625031
1337.9882670945997,635.3263487239481,409.9730540619759,358.5276707395885
1324.2637713081176,626.0606797781759,415.5119576365847,358.2601867653501
1342.1257491190947,602.571553240318,411.41158421287673,353.25828578329447
1336.0367002613043,612.0612554787465,409.6718679174893,350.90910075528177
1299.1952807051007,658.346309411259,415.7609111249792,355.6506433364294
1302.653870895967,638.0770310019265,418.84097200321594,352.75169220097763
1282.2575658639903,659.586056143959,424.9074373016538,355.291327579239
1273.8878812024825,653.0649607450472,430.29488178459997,362.5974352629503
1283.6835314799587,616.2286707833609,424.5369698174161,358.7483643593722
1251.7678813911302,669.0905600312769,429.0545881829462,361.78693170521586
1238.4798548138338,660.2790960424775,437.44228452993207,368.74682295058585
1229.5682424180413,655.041164805295,443.7480710783518,374.76079856734907
1219.850236314519,647.9328658042684,447.26349044718745,379.5847294715378
1208.2112364048853,646.220405537335,447.15458391360056,383.6341126300717
1202.7490554075275,645.6221026794809,450.4699050239916,387.209901083643
1193.5038831866982,653.4205003135144,451.1854007859904,387.80157983756294
1184.830053099368,664.3489379809348,457.28338978898194,387.1073767034423
1168.8199506735527,665.8544204782359,462.57178064618233,385.81392648801574
1159.0630127033005,670.999587329459,467.768030127788,385.30695756154773
1149.8567527023895,667.3990914211197,469.30759561507267,387.7060300598149
1138.9834530020112,660.517358789143,474.0087420978871,389.3469347174339
1124.3377753715151,653.8401363798707,479.8982744554895,392.13555865027035
1114.2212064897567,658.724829042589,486.7302549999707,393.17362357910594
1105.6184683737497,651.5565008206265,493.0685494289421,397.3072072935896
1088.2884057625079,642.0240870986361,493.23375941552024,398.2723242904114
1080.263971564188,647.80573317994,498.0262276753498,396.2038045067466
1077.8799403943287,654.2520323893536,499.8749753476891,396.9781752195105
1063.1337641149375,647.8770147656139,504.7025503999613,399.76845950887866
1076.7005949375393,595.345355550825,501.0904362164529,397.20883588839115
1077.2492455629088,593.6643389198302,496.8430343085442,382.6668017577487
1084.2614810272205,594.971258016595,491.1901165134017,379.3459975541513
1086.522538393348,587.9180481455925,484.81507349273227,372.3390445716575
1102.0891288868297,574.5876195781251,481.48232287293087,369.2788489523072
1053.3797482819753,649.0917059178835,481.88792643150583,369.2206800491812
1078.4784101016578,628.002485593619,480.85005892542534,368.41224161041157
1047.6822803331868,652.48040810922,480.9423720525032,368.30425783750127
1050.3677973825365,654.5886860468072,481.35278134474527,367.29899985145795
1033.4923639581357,662.2107086613505,481.4911179395493,367.291004388914
1068.9765276928572,643.153300153366,480.15848309307574,367.0155377208456
1031.8831849418284,667.0500316785584,484.0837402151585,366.6421799624497
1050.498228361522,641.4098837807737,483.13016182703757,366.21117126091326
1017.9454247783606,668.8637320056421,484.7209937767403,366.180638043527
1032.9510763806798,674.0165338828162,488.6071583361567,367.02703749935625
1046.4775976825688,648.4396865466641,486.7130178643442,364.4559013826722
1053.054812663381,659.0859649799985,484.53944830134657,364.0945250814022
1075.4790788860355,633.6699219437205,476.3908575642703,360.95563152776265
1032.5383878843104,655.7049075901714,483.9755320723127,357.97059188814654
1014.2167656386749,675.955445511375,493.8904428942767,357.8320197146601
1025.5093807042094,650.1466003320954,497.7160850785685,353.25293911838384
1033.486589172467,666.2372435074567,497.7054849880774,352.1519668752152
1006.5783785650624,698.0823313765006,509.5954769969877,352.60756447866595
998.6251085436294,677.3319985396831,523.3893677204326,352.0311990104988
991.4435164354225,689.5073358690927,539.0772665944002,356.1321487003294
985.3957338920784,692.9311629028291,553.3565916076858,358.06598337296305
984.0203857900794,695.6623579010941,565.9664623053576,358.7845523562808
982.8340177149817,697.3374549891926,575.805927607864,360.5494188836491
980.0759429029981,699.2905039480634,587.225087226952,361.00631205775164
982.552838460646,693.8498938675535,594.2913363719931,363.4697401475546
983.8808715397156,691.2460381664271,603.2681995038906,364.934300558324
987.4554195848348,689.2294526876633,615.0545656054829,367.3663483530461
993.7461427868576,689.2793751803611,622.8532537704393,369.5084774184008
1000.8494954422396,687.5671462062834,628.3507963367608,369.8851820730178
1015.333541249026,690.6025088186973,633.0339600488904,369.3953291284196
1030.4713502623988,633.9983470976056,632.8882392440719,368.27825128358734
1032.2479757004307,634.508251698358,633.0443904792963,367.04072239724246
1066.2331832789093,629.9830342354268,631.6145849615037,365.8100298940713
1052.065452431106,622.9212385692725,631.6880596967803,365.11543979717766
1070.2475560774856,623.2849462206294,632.7987988464254,363.75486632141207
1088.9410171005366,627.6892512065516,634.1515116465482,361.94140449459115
1114.3405776304205,693.1691573792526,638.1074693623369,361.9723115141053
1127.686301260207,700.9608921205321,640.2614309519059,362.28510531172054
1151.9668995500865,619.4043346905369,641.9774966012499,359.8061271505366
1142.1721739221043,681.9367590335914,642.5044749938801,359.60738566124246
1163.2684553762929,682.2636984065502,643.6567897527258,359.02042070357436
1120.61399429078,724.4527577833126,648.9806202099529,356.0363165029157
1179.1825560990042,725.8262075730364,651.9597029982783,355.1723979787079
