1249.5,891.5,268,184
1222.2464290717623,877.359457027087,270.81862818047875,188.7946785166902
1204.012059208161,864.2009816960467,266.3206384234749,187.98402702219641
1192.7539948826852,849.3785276429816,259.5400733297519,184.4489890582479
1178.381193964207,837.1185829318267,252.5485813538661,177.40866370156317
1163.6902120015334,828.9484690704335,247.63965496960685,171.41924771520044
1152.5844224110122,817.316502865815,240.00344612188852,165.8379812830666
1143.6636560480188,809.1839212705584,230.52657193267004,160.19437981614038
1129.3079096935567,797.7524380534181,227.05569740374364,151.99161743986565
1117.5216394593647,790.578804778331,217.9305245901683,148.74826728144438
1108.4548397344631,779.8127974835861,211.57833718451778,143.41696280334372
1094.8360970354518,771.0529578961407,204.1030070057285,140.5122831251393
1081.2560463223524,761.9215105874284,199.41969447597847,135.84626190785158
1069.3176567828984,753.933037225255,194.25487625283048,131.8866260119255
1051.4041036825495,745.768275758823,188.98332567523317,128.51593073593955
1034.8973768778105,739.6338983704172,182.7454230355477,122.02223607651429
1018.8391658198614,731.6063101715557,178.0578082000044,117.77791579676392
994.5887504683556,724.3112621857989,173.28623946881004,114.34155973581635
973.8467989849505,717.8817117379762,168.8041491424887,110.3954505960074
956.1794052549947,708.9675019561195,164.93190170635575,107.47256548352385
939.39836765958,703.6652350959042,161.26069001303114,104.54001814884381
924.4377726159846,697.0947705019747,156.82822276913222,100.30257575523123
911.8884072950233,691.1234563734232,151.959443113009,96.26210810301656
896.9844970153033,683.5834710444136,149.12972120539678,94.23718309116491
887.2135734802453,676.8279984193824,144.7082493140083,94.09563167551264
875.6385446405529,670.0735686667454,142.31879381776707,91.97479932385608
869.1355109730309,663.0729260156819,138.68821063808875,89.35091226188638
861.5243662355906,658.4507136996335,136.4567448564173,88.7871246526849
852.3890031269485,653.0923880323273,133.858480232897,87.47377526450572
844.1273004618707,647.5217449832576,131.67795180904395,85.84139823912585
840.2814873885243,642.7382559126813,129.13555015922674,83.34539287495672
833.9544559299867,637.2546386090908,124.46681182218364,81.96989892063667
827.0014390791086,633.2563270367749,122.06788079196765,80.84299478081496
822.7311263184527,625.6138828918931,118.75229410197002,81.19044903126476
815.3585733601575,622.5143538747265,117.28380263126756,80.15997147074488
809.0852493455388,617.9038784793534,116.85216363828248,77.51818543542467
805.364074454777,616.5762805746959,114.47313942588386,75.61071233602294
802.3340809208901,611.7808769138854,112.76367436696968,73.70834210391902
798.1566871527428,609.8189723149858,110.65972988973195,71.02808681228687
791.6393347292083,608.5337118902153,110.96832790085585,66.97641430111238
785.0844799426925,602.9816644031021,111.68944694312725,65.0532855361598
778.7364787233821,598.0690018533504,110.81113348159627,64.17781441095607
773.1571035577434,592.2308688947113,107.72729335837509,63.8129591702695
768.8603098508237,587.7317880459417,106.0697915092946,64.3635836856377
765.2647151428838,584.7057935061762,103.11262485452372,64.84074892598271
758.7399549693884,581.2494136206852,102.99057420406487,63.71342228350572
752.47734023952,579.0899840409124,103.22911137362365,61.38988844698244
745.79022755088,576.9059016934543,106.14737151845718,60.91620734879711
739.7326179945796,567.3278137523054,105.89208387470505,61.23931815140801
736.9465915188041,567.5451118859104,106.06992725840422,60.8604756732954
735.9125547377371,565.1504453830723,101.4058577784116,60.48953962320431
733.2612294347506,562.5875450817247,98.61006475004098,59.2627434397596
729.4226453901443,560.5955468965155,96.49984472525526,57.34201800499702
727.4242414872003,558.7717045108674,93.70120920347358,57.92672532086843
725.7077969757776,556.2809141318438,92.53801521046216,58.03837242699377
726.9493641072315,552.7904718361906,90.24726135109862,58.48103262780604
727.2338066579757,549.4147743535622,88.6619364252116,57.946659244314475
731.904528340398,545.9715834268046,86.66716070875975,57.449546631777295
736.5009013379581,542.3662736454431,85.82971903303819,57.00454442104024
741.209765858252,536.3501426426276,85.87738085177068,57.55518768527217
744.6707426032352,535.9095271409797,83.89511714738347,56.19336841891851
746.9314428306476,534.0946148888557,83.59917243511885,54.24983609343002
748.2299309664959,532.1457742942455,83.08088978401744,52.61666688845621
750.5774532992513,529.8891444253001,81.31457472939329,52.12607234241386
750.4284316920097,527.4465812466239,80.75768750429062,51.40663633574568
752.968857748173,524.8099459857403,79.49265952840292,50.66463701763192
749.8448717677005,524.2886185167928,78.35189863613346,50.136691213341166
748.0151383966715,521.298717511816,77.88470625156181,49.811341685439075
748.0823959535821,519.2624083590298,75.66888969405137,49.988584566051756
746.7385325217892,515.5410161784064,75.2926329164148,50.8534072775609
743.418591003003,511.2697721413629,75.60738660596508,51.47829914833245
739.8444184878426,507.9645285835925,75.53452861651472,52.29018381059039
736.9227178101756,503.6270133782753,75.40642627129085,53.779703504428724
735.5653581993372,504.13181351610444,75.57437989510264,53.44379260728099
732.2022457373969,500.7621772587628,75.14032926383578,53.24531662746999
727.9805499077675,500.0084238742277,74.99090098441695,52.650900506036585
726.798262954672,500.2351503085516,75.17437207165305,52.38714486905589
723.5892260740425,498.8569828507965,75.00196665009435,52.19739264841655
717.1732321793056,492.29759930280204,74.30151193968493,51.9046326771809
716.4267880470774,492.617546264595,73.26714529809655,51.04757732845418
715.879385000589,492.8234493336384,71.04811566097422,49.32664109777086
713.7465716532131,492.61945944450173,70.5173009827689,48.39014025469087
712.565836157424,490.6816743791445,68.97759685764807,48.41303907125305
710.477453385703,484.58250434373207,68.51469653370887,49.13136579761388
707.7599421584451,485.0975335765068,67.25590446655873,49.81029689852558
702.3073509496575,484.43133550895334,68.55389735860611,48.04455183385886
701.6542151167484,484.80066461180695,66.72759671139642,46.73329938558611
700.6936497125964,483.8851058083904,65.87159645642562,46.155533436165356
698.2017199845816,482.9717020796757,65.71606214251517,45.94567884681941
696.2530200096872,480.5505856767794,66.37442322390447,45.76640517603434
694.2715353046082,479.85269208927537,65.74608768239969,45.357445991875366
689.978359293118,473.8950768406438,64.85194016743212,46.26934249422014
687.9929112132469,476.20860837014123,65.1701235645344,46.043608562462126
685.7688340914838,470.0551167720789,65.0283134496022,46.42986989949383
684.6222712264656,470.6092718815461,65.12972895359977,46.48177000267455
680.6933295822865,471.1009589175146,65.52285029593868,45.540897007724176
679.5674733611975,470.96622270695684,65.32658841959812,45.59661672415141
676.3988577354022,465.7168824944532,64.83482561024273,46.49625421668139
674.7856423939091,460.6154553099665,63.37968967478277,47.94914014406156
676.9165073270967,461.7367724981392,63.153664940463514,47.95360682256452
673.0063891861796,462.6704231823488,63.10048025794083,47.87555797974333
674.1971237437225,464.18577498537013,63.100419480904506,47.87525732451541
673.1498613125385,464.3593049733692,63.10028719569996,47.875017804782004
672.7625800162708,462.22301577667366,63.10019844335223,47.87482081269147
671.7457475050273,460.4581000158083,63.10017040963234,47.87479719794285
669.3859094927245,461.0617673760375,63.10015181107405,47.874770806159624
667.2733322928119,460.30853707302555,63.100047208584506,47.87470007056651
665.38603371151,460.1384662266078,63.099988266369756,47.87444411349507
665.329729071998,460.6015551204948,63.099970014778194,47.87434243840985
665.1781480570924,460.76130651881925,63.09996785459524,47.87433693384779
664.7700087482998,459.03558467280624,63.09996720445263,47.87433518026439
663.1170907765896,461.2975983715423,63.09996563267489,47.874322244430594
656.4251977298418,457.90014436141206,63.09990411191948,47.874215725
654.3919399573343,456.2618433767567,63.09985852101487,47.87398384768143
653.194974771522,454.6623963920822,63.0988058265949,47.87237684833741
650.9554846914004,453.45031821757783,63.0986168960013,47.87203721681301
647.7518714920895,452.3840804936838,63.09829032752502,47.87138570808214
649.1752770473313,449.75937979654896,63.09825170045492,47.8713463510768
647.7088991184233,447.7189113665622,63.098227213524154,47.87132677434538
641.8245685736479,448.3575467187436,63.098083881126705,47.87106855684237
641.5111583787595,447.0185444804541,63.096777047225444,47.869172283845145
638.654094389867,446.44247836206705,63.095129735173465,47.867435579319384
636.7814888923115,443.1646685291869,63.094867688482445,47.86718935138767
633.6259930815926,442.2911802103194,63.0947816026167,47.867089841085175
633.2705074941715,438.14626460331345,63.094735656662365,47.86700767481527
633.09680225485,435.2062532469301,63.094468603784094,47.86693369931205
629.9815089268054,434.16352245780496,63.094432006653456,47.86690167035919
627.601085495661,435.95639723510124,63.09439191482466,47.86688455521132
625.519833058963,431.8340090638484,63.09432177301452,47.866844969515455
623.8828604366827,431.09287121924035,63.09411857292241,47.86651403281424
619.6451186656851,429.28125517462297,63.09387198789743,47.865987779955375
615.9294356982333,422.8464155599124,62.88474906370352,47.895281539382786
614.4080030662873,422.4597962705981,62.607832881130314,47.93707708986779
609.6411732844753,419.9838484198616,62.70305312206187,47.987836467160776
609.2819757560504,418.4771965765444,62.68432676622902,48.02986847633655
608.0604903574254,417.505611224342,62.6981973143262,48.06439665613224
607.2177193874674,415.9677073750178,62.7770241074936,48.13809833550632
612.6184784328523,418.86152439610123,62.76967091181787,48.134497866738684
607.2070263602952,420.4876295853251,62.7694715755338,48.13374295151026
610.3794014167783,420.98002958883166,62.76905648280839,48.13335061188484
610.2323383740934,420.7119992874056,62.76892641040914,48.13324722489321
603.5970504381896,418.9112967426539,62.75977814004005,47.950734571554
595.9213120365947,415.6402256086682,64.90948664231833,48.19567102552088
592.2523701965436,416.9309372402603,66.43603434284898,49.24394925493981
594.8574128845509,415.5976638052012,66.8015817683253,48.764517799183864
591.3153880399162,415.28795022158874,68.03166008926495,48.14950098628788
588.2353344648881,416.2777369062119,69.41462740287474,47.31098941548507
583.4800302976789,417.18437868619054,71.23668414379121,45.91668565647491
584.5604972054618,413.3172808481751,71.59182427158964,45.9012747941811
579.6645190261274,412.5992270193668,72.43498001382024,45.56117437242608
584.0198416483116,411.82164825527303,72.51486765064331,45.44508014030999
582.0766523085723,409.6614153531543,72.50783900656747,45.39125139107859
578.9679206846637,408.7545326532539,72.98961045992861,45.39460506886175
588.7440830320944,408.2101456040433,72.98690145992525,45.39206792813205
584.132240632169,408.83053943366326,72.98171277763498,45.38839583649922
567.8620705332255,391.95572508557285,73.51688057875162,47.14494312877549
562.2973196375779,387.96886905137137,74.41529025671292,49.04603939857311
564.6322291288851,392.4108551239721,74.74178584295483,49.53621497163943
569.5674450654026,389.53058387683365,74.0549120294984,50.40555822225125
562.3842684611802,392.08449777613487,74.87673284458458,50.928919330147274
551.4445545255365,385.35867725036934,76.760526040686,52.12797109954342
544.8964667939408,382.9084996970049,80.53778522519218,55.47903426430257
548.4187710111371,381.2030216480563,84.9281896549939,56.73622262316772
538.1563353590134,376.79704394154527,87.11450559063901,57.776940810818964
532.5237633872306,374.88243956854666,87.85327288067369,57.99336777206845
534.274290615763,372.8287212455975,90.117595850498,57.04556205808494
527.3889832912461,375.9586734831086,92.62019307828767,56.37439660367337
533.8494699648953,378.90329570561465,93.31716553898715,56.34150159149526
529.0110897329909,376.83528091666034,95.47035442355825,56.43265230419561
522.1249541907371,372.72308110312014,96.49869664854991,56.33299593491157
521.4926911118341,376.142082955951,101.5049702340679,56.67358594314864
524.2869660234928,374.1309214805685,102.34969671877158,57.03261407850866
512.7584632438574,370.72974869991793,105.72902181495914,57.13363856765151
508.0361043640756,372.9159963779045,108.23873457503295,57.07352497844548
510.4735789041064,372.69623302507205,110.56704622168039,57.17612579558539
516.1533142988918,375.56744036029977,110.96165651944122,57.220309220194
517.8737880604027,371.07916651397665,111.15224094251273,57.27977344218771
519.7636305289863,374.6435566391384,111.25735235328703,57.30964566471436
520.5140261999745,369.84899863855463,111.40257722671953,57.35743288912174
521.9198564425914,364.27128942920746,111.73031779382192,57.45713084975883
528.3351496545666,370.0720440339961,111.81152455345295,57.48372050985065
532.5198968818011,371.00275785309157,112.15196650611622,57.55975721965262
536.9706360117257,370.9796945504231,112.36313464351213,57.59092839950443
541.3174249511452,370.8993077696418,112.53697339360923,57.59938217766319
538.8414336601087,370.2660594456719,112.7238283491428,57.597411147299425
541.8740089283543,369.2339813515654,112.7423287436263,57.60135729727273
543.9985966922139,368.0844425667361,112.76699998437697,57.60036086912588
547.0081303002386,367.7466846842495,112.83811491424146,57.607441392497975
548.01603914877,368.0030350072607,112.8909765090139,57.613106637136546
550.4664651287396,370.4026312199872,112.90885403174516,57.62357993667599
547.4424270090286,362.74205233447395,113.12438245847441,57.6459649415907
546.7698376905013,359.1125844585009,113.23934046753347,57.77463022304987
549.186710626812,364.5163049832986,113.33325905607155,57.772399912325646
546.8371325372143,359.19675137989975,113.4434860854198,57.8810248039222
547.6555902638981,362.92041520188627,113.4710106856395,57.88483097071327
545.6454494090465,365.6080586548175,113.54240262622235,57.876512469387315
545.6911493438425,364.9925254584829,113.57538050960056,57.87780595945477
546.1228142412851,366.4501675892346,113.6112103005794,57.88939677523821
545.7634454531762,366.0191513609455,113.6246097934287,57.89266794169417
543.5457466667658,365.9835835258007,113.64112265153105,57.89566807228254
541.7412871711927,368.061762267331,113.69593668049049,57.925038387554025
541.208375485833,365.0648246864101,113.73344278684547,57.920553854643195
536.1351646165513,366.0300865775306,113.74513545249442,57.919231628368415
533.6151072072295,367.64237675828116,113.7541454733706,57.92030098190383
534.3883393685741,366.9138944363484,113.76147892640307,57.92415322139076
531.7516017766426,365.20567778224586,113.76867256844135,57.924787143385146
529.5650507910315,365.62054096663746,113.7795303992976,57.92473566870546
525.8236619511769,364.7457698873882,113.79030768286036,57.92297159850667
526.5857593112605,361.8434379603258,113.79294370575055,57.92441858131057
522.7967859635504,360.8420807353075,113.80052547216509,57.93099124580042
523.9939668705783,361.8218706758288,113.79945937178616,57.93578651570439
524.2155883323023,364.06108158876214,113.80263609093797,57.93743850809371
522.2037841493201,364.35798313329855,113.80496985370762,57.940261953976794
520.6386256055657,363.59523169832215,113.80628068370326,57.94420623498891
517.0382549201505,362.87485705343653,113.80998521297026,57.94401906296135
515.9881203886566,361.47475071383644,113.81391554596767,57.94350393724136
517.6582372918828,362.51821427080915,113.81270239014307,57.947527490888085
517.5893113685536,363.71614785289097,113.8056028106031,57.947474512307494
516.2916507939625,361.62626536017996,113.80990018081584,57.947076118316595
514.6286613907989,363.1621246606888,113.81482902256113,57.94079369562888
516.8775383998427,360.8817764694767,113.8186876360479,57.938467848913824
516.6790031921429,363.02386546133573,113.81911802235635,57.94002813845947
516.0309436028759,367.4507350443446,113.819146823992,57.943276451247016
515.7435285478055,365.6567671647238,113.82227074855147,57.95666647426601
518.5447087514206,363.6616465247188,113.82380585156433,57.95709105710438
516.1966260248436,362.07974848661877,113.82511661171768,57.957956305405695
514.9271642425415,363.261939806615,113.82571989410539,57.956528570601904
516.7879756225179,362.63331913891636,113.8259347703459,57.956169072806986
516.0066562180596,360.8369295041525,113.8247551534091,57.955378468940616
514.3836102582055,361.9450294487183,113.82325491050943,57.953170351074455
513.1433883385284,359.8326171582713,113.82277664909465,57.95275426400346
511.691647626761,359.9520411516981,113.82259799805935,57.951937991292404
510.624561013703,359.4378532848451,113.82249192274048,57.9517554767577
512.6882708161928,359.4518453061289,113.81564131089665,57.95379497710708
512.6665991286412,358.0966725917482,113.7994074188509,57.9511857200134
510.5612530539497,357.770965983258,113.79864779832752,57.949726180263674
507.912160101981,357.8491570105037,113.7987003648281,57.94894521448204
511.6135181078006,357.21764714205403,113.79742801667561,57.94866970710078
511.2732030171593,360.12568278973947,113.79407725921719,57.9462938684894
512.0412441911342,360.89860939421715,113.78490437939234,57.94489253276961
513.0384973485249,361.1701508362435,113.78001553021187,57.94430674155479
511.4707441936622,359.6374589584872,113.77841934293086,57.94320425910735
510.8356880364538,360.8194369634996,113.77699098418726,57.94232843255534
511.9623950826219,358.4326041574299,113.77236503333297,57.9419002595723
510.40872683293765,355.75459717018805,113.76355881679451,57.94528367295334
507.8186160324767,355.58057622209407,113.75143087687027,57.94455639368387
505.87792430441016,358.1577523159133,113.74938649935525,57.94516826492875
508.5836881099967,360.30156678142373,113.73996063028548,57.9454189817083
507.17597302777887,363.1593896321922,113.73603842485558,57.94677286866
508.7401230350933,363.11542254532543,113.7338849521287,57.94637395760294
508.76565672777497,361.56977296855536,113.73298250497652,57.94602664303257
510.1188733443985,361.6358081978777,113.72898457234211,57.93585676714812
507.4929254541954,358.38965281373146,113.72465477956621,57.93483658762021
507.7904889795579,358.8752438924053,113.67733506685738,57.94203553778932
505.76483033980105,360.51555924936287,113.6731547537895,57.94047918670495
505.64244346042267,360.3950598711341,113.67190198570549,57.93983584605361
505.11844115420126,358.70708795416203,113.67057462185173,57.93899229105472
507.01642726047436,356.7446454486328,113.65185127793225,57.941536256153846
506.44174149900533,354.1026560243432,113.62334497750375,57.94636162148333
503.26284589905976,352.7757853541449,113.60596515466332,57.950480110724534
504.1840034838183,355.69011626567135,113.59965258654296,57.95125379410652
505.16013100738473,355.1892949710975,113.58826720941492,57.94981050614163
503.203485277967,355.0115791598663,113.58285129158945,57.949284189582194
504.196606647216,354.3679324712619,113.53971446531175,57.937302923409256
504.46298754072956,353.9481095668179,113.53289573326775,57.938311969838814
502.6849917656674,351.0146067636688,113.52815666575458,57.93920209573882
501.6188636633669,353.68578412528376,113.52101023743846,57.941061996679124
502.16732318184256,356.05695227482596,113.51867073922264,57.9400665164046
503.37983551131384,352.86733353881016,113.51535124250593,57.93893861846861
502.20103572523993,351.4195387660938,113.50408291811354,57.938765788489526
502.20960309514146,349.5765077419595,113.5033971875898,57.93878118736643
500.7796898938855,351.47294728288705,113.49619772527593,57.93799713603296
502.91599150028196,349.8211952066672,113.48158320365313,57.94129963547348
504.008805444931,349.0002578987564,113.44762749274311,57.93398639716295
499.13927420308164,352.1934246662442,113.44183625824941,57.93285111395672
501.37095904504866,353.0197835910354,113.43883868151862,57.93226064795931
504.0778780407947,353.45825682176326,113.43372513214071,57.931600081681694
502.85597283833926,352.2852855642043,113.41541426093558,57.93251571278628
502.67770704388727,351.5428762875033,113.41295073302781,57.93290642161014
503.1785789648848,348.2456959097958,113.41198792969078,57.93305717414494
503.73604752392487,346.2058449983457,113.40963213063282,57.93300805513462
502.31360298727634,344.6771355248756,113.40784830428062,57.93309353282791
502.3079402149664,342.19168360368127,113.40157113995537,57.933029951378764
502.37496896767607,339.0029254751235,113.39972739409613,57.93334242791904
501.57831542679753,336.7763452039384,113.39924545418948,57.93344324991605
498.61833715837156,335.28050014444625,113.39645224887043,57.93393528835069
499.93147410219234,334.2124628375881,113.36605838373171,57.943395974343204
500.49527664735825,332.92639450200477,113.32697191042904,57.96778689593939
498.9379666490736,332.98229692772674,113.32033457328771,57.97191035417773
497.3715700727718,331.3506639674026,113.31467317052656,57.97370381005162
496.6694800391911,328.59588952885764,113.31044049893885,57.975678911820864
498.059057020676,331.2500999201156,113.30677805990861,57.9772165003171
496.70615734612375,334.48668831470997,113.30303798087859,57.977616455592106
498.71574708575906,335.32324245258076,113.30216847437256,57.97739676745185
498.83949776353205,335.20792948771776,113.30023010817045,57.97712260973258
500.82157233160854,335.86436241162016,113.29038990851357,57.97748655285358
498.06996042514277,335.15978314366015,113.28599210875035,57.97683531588822
499.7330273515862,333.27469698470895,113.28012372865075,57.978194434434805
498.6089504050362,332.3105316492228,113.27618485009027,57.9778264450373
497.31831051176704,334.7825440858875,113.27101879068921,57.97762012758203
497.5800328313644,338.2905923084273,113.2702318430759,57.977091478359355
498.8568507315163,340.31951089092877,113.26943619459136,57.97645467450675
500.9813028783281,340.27918770706293,113.26627986911912,57.97474166276988
500.9774966221465,338.69882535522,113.26428334191596,57.97412788173743
498.5175994489008,339.7322005135253,113.26280033565462,57.9735667624164
501.78665426166555,341.47219240170676,113.25961682838677,57.97312958156319
497.7458925846244,340.7841593924053,113.25039075651618,57.96769864719131
497.9466930072548,341.60255501346705,113.2482300997665,57.967462089061016
496.2408331974542,337.0638583691275,113.2464089247558,57.96610026999295
499.5998249543886,336.4195397245554,113.24554978375795,57.96579143754417
496.7074499239335,334.6329053306931,113.24366012025169,57.96486965637246
497.7324835374022,334.0894610477475,113.24146997018572,57.964446497754544
495.0588124486963,331.6812905563647,113.24057918393503,57.963859783139
495.596915239311,331.2726332402863,113.23933760914386,57.96306953486767
496.26594610308075,332.6904416273062,113.23625745927458,57.961953500687144
499.6169720821384,332.90339968439673,113.23405693969116,57.96164561508582
500.14678899970994,332.25508994637585,113.23130748905888,57.96126598102783
497.33408382822523,331.1539869542234,113.22198820858087,57.961078363097734
497.88164869884145,333.70452538160947,113.21655076464135,57.961038991090895
500.6515255589585,330.77023448157587,113.21501961899939,57.960415134541726
501.5769669580029,328.9026137144501,113.212637100871,57.95950623333158
497.4319892969948,328.38829519931494,113.20838065167584,57.95868679925809
495.7700475859446,324.99633338401776,113.20576197104164,57.958432124718215
496.5210051315733,322.075205432989,113.19743931246457,57.96016167269474
499.76850887394323,320.2465135759586,113.18529214145286,57.96745527821956
499.39666682042076,321.8544921172829,113.1836361812235,57.96820938546568
498.1031117908393,322.67989928937965,113.18114367456295,57.96878665381314
498.6822669871768,324.36116553724264,113.17684431963258,57.96980278073702
498.49787090136357,325.48073710002524,113.17469804033126,57.9703640437926
503.03061358044874,325.38454499646605,113.16541142254916,57.97244561094261
497.50332554509083,328.17381560427924,113.15391326702968,57.97116706643882
498.9924346783494,329.30874764074304,113.14950910123761,57.97159687884948
500.9782303103844,328.4081800502043,113.14679865960322,57.97158423643257
501.1499152559307,328.3200118692073,113.14396040801319,57.97044147943385
