1078.5,883.5,247,197
1060.0979780512823,868.1518648235715,251.85779856366878,199.2398226281307
1041.44443001687,851.8721498021197,253.10151852842287,204.1356065700923
1034.6909840507242,835.1329825964915,252.1566961082894,200.69383239887793
1020.6910889064601,822.8158502735297,252.15943038503502,189.14861811177056
1019.5112798444147,813.3833200364126,250.99846907322592,180.3339107870087
1014.5409791468578,806.4524358214263,244.03323361986767,174.89210288873454
998.9409157969932,795.194380208612,233.28164077333912,170.11200923726886
994.8910358108259,782.8584721599083,225.0439190530485,161.52371132800778
990.41612887476,777.79903922125,218.90459680196557,155.50606448711892
981.848313264934,767.691735725992,214.25709908730357,148.60949252896347
977.2975361734719,762.7373875194854,207.5143110271645,144.8172769931553
968.7239112030328,752.8389086925476,203.8253862794552,139.78436265685875
967.2189374098577,746.9494806042044,196.9462729795983,136.06437917737927
962.3875068020704,736.7926581835861,191.86220273003846,131.92107713347687
955.3803782359012,728.5323442665366,188.92519471511753,127.79781940460688
951.2728642402507,722.4925301623823,184.7662867902452,123.9102038748579
947.6954297799641,714.2469906712523,180.83041331611992,119.00978023912336
946.0135474749427,706.7967935792266,176.45546017392562,114.55757057777055
940.9443326541528,701.7178253891274,173.46800150768942,111.15756010114077
937.4171346457111,697.4928988676036,169.36142121422222,108.16094062054734
938.885564457265,687.081136456893,163.60758369602462,105.59982475700808
936.6114307483097,679.9918719419476,157.40800030221425,103.11228948027275
932.7692473177481,673.2128253893351,154.29192090327888,98.9277851438014
928.3500767293316,668.9796018184077,152.94451434245883,95.56194157225454
924.4007842191262,663.1203704981377,152.18755249905695,92.0902266482378
919.0481515489316,658.1667909505614,151.13767405254214,87.68057417134585
916.503272066279,653.511198875023,149.0968179375598,84.53641850473387
914.1924240127428,647.9528726927031,145.05452824379245,84.60781422797841
912.7922837529767,642.0435835569232,142.64751332337394,83.50595626318696
910.3560399069477,636.0918106579534,139.18904519743364,83.06654761199093
920.1021462781754,631.6939000264282,127.71777348845738,83.6323665508899
920.5002766339611,630.0624258110117,120.46895212154271,82.37868004980476
920.1736352356088,623.7119583533997,115.83309865201448,80.65616088834786
929.3644084062063,620.9608767679915,103.64024405357662,79.76058696488714
931.4382808273326,618.1633923638632,95.57834233408718,76.66882246965028
919.0404799250543,615.8073935332973,96.64520850435918,73.1698760676593
917.6805993035032,606.7726390806636,95.55389176222708,72.11402261403602
906.1103679612861,606.2596282918456,98.2217082364491,70.98550329717882
904.9406815117839,603.1220727866244,98.09582974644525,71.07758157002041
901.7569026761877,598.2255395465819,97.65736143216522,70.20569257949634
890.1281949967881,596.1679547774909,100.99320661713625,69.35090066678114
876.9396934741948,592.7299350414361,105.63244165555426,67.80334571570401
874.4875237930048,589.2039908240372,108.21119071313055,66.23442754285212
873.043961570839,588.873057872204,106.53774707159016,66.12413155504034
864.9341080509186,585.5987434158778,108.20247575980474,63.90271383127112
860.3996238480015,583.6099877739497,108.30455450503166,63.8767080345215
850.25215189981,580.9674184186396,110.50381884231093,65.03684220395785
847.1368817542805,578.1901045157772,110.87664500627136,64.8467422614897
845.0729065421061,576.6734495692331,110.7816321810505,65.03121021467815
840.6691124177812,572.6716269927289,108.1801865033278,64.96293458246306
838.0037089442137,569.108857842653,107.02899661472748,62.56312767517966
836.2754727688358,565.0281220030404,105.58390364720854,60.303158003365766
829.6544276337416,564.6468861737852,103.17826336603099,60.40811839614817
828.3830670703853,564.264651278684,101.64634122983239,58.805794061951154
826.6157927995324,560.6629855873713,99.13345125308771,57.84608242009354
824.5489722052527,558.8399803782768,96.67163783900007,56.1424267473634
822.4518117372892,557.0771593206923,94.6960463021637,54.873694969130426
820.0088307461784,554.7739711891617,93.21910431061843,54.980426965028116
814.9866622370233,552.6108670673484,92.715329069741,54.80999554511948
811.9514243092367,548.8240446649866,90.98510856314749,56.6896434369154
808.1280441662652,547.3106299912404,89.87688195718272,56.253375501155055
806.7168902850755,546.5415196066905,89.09720256481776,57.24894937451015
807.5021148575619,542.6712742350364,84.97067297410806,57.687285436054026
802.5164888382858,540.833539499108,85.48117005757996,56.57894929691225
798.6913828576403,538.6183271245892,84.16391933166268,55.911154072723804
795.6131745402179,537.9159591812125,84.37473366196953,56.084323634585715
793.4236283065478,537.7981139881523,82.91153992865651,55.55001290332417
790.1126236042397,535.7198458102934,82.561755219,54.74822540571196
785.4336827028877,532.9735252895524,83.02006176690824,54.692067231090974
781.522264579961,532.3516558803155,84.70254022868461,55.42508093721413
778.5737017184631,530.6380140387737,84.30475398711684,52.99074356617747
774.2941468236705,528.7552636868595,86.46328409349617,51.385500566272185
770.7137450669534,529.9449596431765,85.63022724821488,50.89974586145928
768.2234682922236,528.1421258344701,84.2974822382041,51.419577788803004
767.1629396729002,527.4510522145182,83.8289552308154,50.67161258404562
763.6284353598049,527.1009841249619,84.1048667802946,50.44251615233787
759.5534002015304,525.2229150991103,83.98987371647866,51.29020708874798
759.1162633252527,524.0340250688913,83.93868987077536,50.48355925520414
756.2525717353947,522.0010156127353,81.44033412229501,50.24719281036484
753.7849472163175,522.0828104078839,81.45882513137013,50.150827022058934
752.5221993027783,522.6420966562538,80.39891211006713,51.264844274985364
748.769328712198,520.7964719257781,80.1787581850993,50.81366186599418
750.269333337948,519.169217050535,78.13046635101114,50.573069288496086
749.2397582354113,518.2562954740393,77.85344315976523,49.714041332263996
748.3258433639382,517.6143987494966,74.87559473096655,49.38402250625049
746.9817638889143,516.3596653835917,72.61462015905441,49.19910664871624
746.05064702781,515.8584765252674,71.61685923355682,48.71292402888322
741.4212129095351,515.6289386051723,71.78348950636216,48.48494479575303
741.7352920112619,515.7871967378371,71.08892932847365,48.32262040137118
739.4015687423075,515.3787847192467,71.18224930755107,48.64240501953465
737.8812009287194,512.4809616898125,70.90211324589852,48.21402837907832
733.328090012309,510.770878777233,71.68001360641779,48.008444729104546
733.1818987105127,510.3623986702939,70.64006444971389,48.42558270803451
729.5148066843867,508.3100817972104,71.687845051924,48.0518210187268
727.4613686890169,509.09038074450496,71.69980609367367,47.88956113983021
725.7893615419696,507.28581611924614,71.49371461194814,46.4918518039893
725.4905528930668,506.88743815363443,69.71336964164324,47.176012969360734
722.6197570648574,505.4743400255821,69.23738250680516,46.76236166866108
723.2213812498687,503.44770574565337,68.53920869544697,45.89082296459082
719.5377380029619,503.06239731947875,67.33116832714786,45.36148060626072
719.0957927253078,500.1875116509695,66.45578280147694,44.674646258540314
716.6300036422329,499.3949118714139,66.02372424196507,44.570245868649124
713.7783274018553,498.7866097047729,65.86039551319912,44.900384141766786
712.0889519599199,496.5032818343407,66.45418653144101,44.35688787268454
710.6068998886316,494.7002796098069,65.52463446111227,44.27091419765787
710.7409024441266,493.86667647180025,64.5907724986309,42.78344745456088
706.5313354665572,492.9888266882318,65.09698905111614,42.12813407855259
706.1217940398785,491.6632674757841,64.09394734774116,42.519362573196105
701.9280403813266,490.5200073681562,65.00602723665453,41.98677469047379
702.9003786601811,488.7703123091982,64.11707627315621,41.6086519096191
702.4840283982252,487.6512920646376,62.60795793278859,42.74599623060902
699.4319228916281,486.4690601309418,62.065607611302866,42.434185309533746
695.8887588702185,484.644253729535,62.49318193439441,42.2451571265145
696.2428649072848,484.20962939958685,61.623683237908615,43.282463829142266
691.2203154689555,483.9473835192058,63.795324985661686,42.58595461618114
690.23104781542,482.05091008027756,65.82614646033576,41.28879618088893
687.949147847484,480.39247651502535,65.27435459743447,39.67750199154517
687.8120468223624,479.3604629792209,65.47756167677845,38.22575578885805
687.5119113865558,478.9104956208657,63.444180531590035,38.67189144363392
685.2630013413265,476.2933204220783,62.2504515651714,38.94627652516751
682.0163860259275,475.6251194659638,62.58329449584042,38.242790715126716
684.2782873901756,474.3269712467237,61.21203280632722,37.939264448777124
681.6977599568163,474.3349963628002,60.77441866088676,37.723827397709
678.57404437348,472.232743673563,61.64800615590951,37.08376796813657
676.5473298282433,473.53009552674723,61.07955388019515,37.39477464760658
674.897362375581,470.9193201500115,60.8669310640643,37.16884083968105
673.6123264227281,470.11574985588237,61.21560185294071,36.346150762044914
671.803576860907,470.2848076709819,60.96524690028713,36.08636405119407
671.0815100300472,470.047358565732,60.96646776347791,36.793661340522135
665.0733908124258,469.090904194818,62.107981945505564,36.27509672381659
665.360906997591,467.5132574937963,62.14841929566806,36.16942741545923
665.799227725106,467.25324913491465,61.33184864683583,36.22842462620525
664.3906445184205,464.1549983649579,60.92914694491489,36.16706296619285
664.1310144222601,463.9256596944352,60.62396726587898,35.97470732324781
661.7693888669094,462.89221866995086,60.03463249604296,35.318343941347194
659.7484653622867,461.2671804314183,60.05028588580174,35.78937799716424
662.3761998169491,460.0643519918648,56.76060021600891,36.77491782614072
661.7278183040901,458.92725500690364,54.91740190503783,36.275896343413564
663.1830220873484,457.01088609412903,53.701733025195736,36.38148400470904
662.2243266615392,456.3379068870481,52.081008436549865,35.578450878155884
656.1545487199414,455.7282264424495,54.0784865018438,34.82708000042098
656.0804805710253,455.9351811185597,53.750335426035605,35.555605681758124
650.2039425024496,455.88981509133725,56.188808572070535,35.10216369964024
650.0055961976185,454.42176416006475,57.65627536241354,34.256820839564455
650.9008667150282,448.595710289411,56.911854760021484,34.487836714266244
648.3769740431717,452.04574337925754,57.56647919629333,33.48769650494493
647.1520496155482,450.8480421805507,57.303824441346045,32.677122373040355
647.1528242868033,449.581387541334,55.62081777909343,32.318720503245146
646.4009120749103,448.00118203321955,54.1335909824446,32.07932379032327
647.3862012040786,447.58039835600306,52.843852716772574,32.39714930508446
644.4891813387362,446.1882181173915,52.89227252342741,33.21583961933283
646.6060024571726,445.1495344838234,51.602956152106806,32.998452219359585
644.1607183169406,443.0219733906918,51.99372783931177,31.527986927157166
645.8448164100467,441.51445490191117,50.24271551976666,32.32579342235735
644.4901095928698,438.7223288415123,49.262669025826476,32.59195242788067
644.7687897728523,437.89715108474604,47.94448182235934,33.25033760592402
643.5276206833873,439.03667382567846,47.044593457411345,32.91946317257455
637.538925706697,437.3699034659579,49.116396008584,32.00483638314521
640.9910548271456,436.0000830980914,48.95678175975357,31.812831084829583
641.8348662824335,435.08160131752436,49.094023476399386,31.798655644568402
630.403239817853,436.2836607378191,51.49390557482975,30.361741010953217
633.1814183300363,435.3038342269484,51.20522747167429,30.95369969135473
631.6780206434655,436.902921073464,50.93665473603569,30.575305607741548
626.5813353487949,436.3693328878432,53.29265726901031,29.982304679463617
624.2712647442993,433.8896277133581,54.39041351889007,30.06576049234088
623.4931366656937,433.9233234007793,55.333203823765544,29.419975598943665
622.8679032848387,432.56106695944646,55.961717928064864,29.74454113693698
627.7730859257148,431.5074962236462,53.45323123589365,30.230818399110404
626.7656734081955,430.84748687765205,52.445783104870586,30.326959892503428
620.6333223313042,429.0893397023091,53.33611157378888,30.431186561716242
616.5993461958751,428.2894880737065,55.57416723939035,30.428041129131774
619.8829403854096,427.05109173101863,55.81699797077074,29.761119518394214
615.3160828932499,426.51828372633764,57.0417687236622,29.861348904348908
617.3103457002512,427.3038257658788,56.46531729586245,29.665082929731312
615.1997286791847,426.58672741591374,56.40401461529589,29.61196389680184
611.5852941482229,427.9895868626828,57.68759181410476,29.551639844469545
610.4832322916479,425.6859168338421,58.38067804633884,29.482519451449615
610.262056413339,426.02001566342886,57.95967357395523,30.07772447125663
613.0651299898838,424.1444623503958,57.01657353537143,29.46635987206789
609.5907644322167,421.4111922905658,56.49257022705657,29.728106328012792
608.2905990305203,424.42093272391406,57.10300151851574,29.493654318464824
607.4630044739783,420.2719499407275,56.82958658799376,29.929717285412273
606.1561681050341,421.39481076491495,56.62099037875454,30.182359903760634
606.3262383884166,420.8464948541515,56.84058058410858,30.47474933062938
609.0440162138622,414.8700108028896,54.30116052864384,32.25059178877922
607.2247717223124,417.3397844430086,53.411295451010176,32.40669923750386
610.3282268251065,415.1831997586551,51.844021616553334,32.1289429996945
604.5152804241816,417.9458987784523,52.322971621636576,31.94295013269257
608.342912521903,414.6764169820088,52.29976242793997,31.698337886766513
609.0280984275704,413.48644456432356,51.08795935605341,31.9011977316061
607.966982395307,412.7818538867423,49.14387667355193,32.08667652387602
607.424036841662,411.7757373210648,47.99678218260966,32.55680185305922
605.9191465501511,413.74724467752264,47.91941674043791,31.77314330463137
606.28742674946,412.5389308592644,47.86485643918557,30.677915168030992
607.3444514811209,411.74104837621366,47.49345595566234,30.39611835383797
606.730494869498,410.5480946976709,46.93359155470766,30.27948399184276
604.5413017397078,410.4580850705708,46.37396381990917,30.593270835240336
603.8853104012751,411.80282270239223,46.58216052255283,30.438898788436703
602.9165370161796,408.6612980430756,46.45456865750218,30.55634060774406
604.3727273570021,411.1870243878378,45.63755604358461,29.99714188276193
605.3189229447775,409.4472592136688,44.9773881055351,29.907444083826817
605.1828805601264,408.2954063297255,43.68138147322966,29.88993268178443
604.3413844651986,407.1545234716996,42.96488736350149,29.799273725676574
604.3749250222677,405.780375204658,42.871272840120405,29.759031929265138
603.7094673554302,405.3975693306944,42.05076078345446,30.164075019746527
603.1931441143082,405.18962822704754,41.60568612928519,30.5018929255636
604.7630837197664,404.2426712553254,41.095376560963324,30.372648449231967
603.2910967850033,404.09730948220914,41.26629456039931,30.17135021117223
602.0903272730585,403.6588543490039,41.51809756325953,29.686295202419856
601.3844042004272,403.27357064618616,41.30357990203031,29.351322702853256
600.3390287159195,402.7534567425707,41.35001113789997,29.291798654558328
599.8205145703814,401.89362582864817,41.6795855879398,29.27147544329383
599.5150276347276,401.2338173882647,41.75400269458078,29.10038288260939
600.4376914532139,400.4864310187998,40.98357942703963,28.841241057486975
599.9035482425696,399.5890556607929,40.49324792936489,29.048597810877745
599.8502319621085,398.6984448071565,40.2576189207162,29.13222619803534
597.436015771738,397.43050489409416,40.159635437367385,29.279217382339183
598.1895749179948,396.97389066451024,40.050171470271756,29.398622732083673
598.4365356299452,396.3533861235948,39.57352768988392,29.41791917926794
596.9030565552657,395.9149657023554,40.22068878896552,29.351954399021082
595.45600565459,397.6368294060147,40.22754505076744,28.594818179947072
595.2870226722962,395.6571997096386,40.418052569909705,28.72523956882392
599.9460109868126,394.7934806651214,40.55804496297162,28.791181878334125
599.1133447240575,396.9359527863538,40.60655054772028,28.74784455451942
598.3990234742977,396.96760236117115,40.608531423549685,28.74512194904618
597.1699331874446,395.989081050828,40.725694282165975,28.712385543098442
595.7853984162133,394.563914073672,40.68155930080491,28.692446697185687
596.2281793180022,393.8632299449899,40.68153477982528,28.66509536690472
596.214818110445,393.3619536122298,40.71731721736993,28.646304814435464
593.628737083773,392.82945762911794,40.754707176842054,28.74446317281013
593.40650781397,392.8386574779094,40.79637448344112,28.777838559883467
593.976862713209,392.3231867932652,40.92724424344812,28.804848513568796
594.5512021542315,392.52665976468785,40.98281108563259,28.7834098111598
592.8710269185927,391.866555659123,40.9874728103827,28.805318063343794
592.7772052386609,391.07175767260475,40.966515540708,28.81390808971615
591.8836126363208,390.78811829121116,40.91595062421917,28.817728261693194
593.1656792109563,390.6481096732804,40.926998120114355,28.948876578453376
591.1714636313305,390.29116049883174,40.833569284642174,29.027619201338215
591.4881699649663,389.9004288437283,40.72908918193799,29.051216678890714
591.2830982127297,389.0126892569832,40.634797009127006,29.10796694961193
590.8327763729687,390.3960930398411,40.57932755665315,29.052976812741075
590.9579124558041,389.1356968698494,40.48390521374793,29.000816296778964
590.4301205370876,388.07597362634505,40.33748232095133,29.01956157111714
587.9782191475002,388.2755536805602,40.25161870560674,29.040532424766745
588.6710938519668,388.0072524990659,40.20085522927873,29.046452363124374
585.1083199995404,387.0533162504949,40.16724566021928,29.035529739966012
581.5953629725669,386.01468811217774,40.1490342787634,29.064387115925694
575.8482380766408,385.2238780498096,40.13262635141935,29.098347989776357
567.4930575092285,384.6155194111095,40.12660964843953,29.112587755056726
558.6934068491157,383.9975538663314,40.1375123404369,29.13514770068619
551.1562118265438,385.09242607993644,40.15946684827683,29.125503701186155
541.4573542020827,385.39306587974096,40.16081449326713,29.124914239427337
531.8709762750641,385.4699900973055,40.161615438190175,29.124895913709796
528.5360442752602,385.3676496619481,40.16217491660978,29.12457423088758
528.7968872084916,384.1069484755147,40.162375996087306,29.124622198926215
536.8577051403951,378.0898339708062,40.668237727243856,28.899894861080774
534.5370117517531,384.5869340655827,40.15180876551147,29.497223076382433
543.5780680477195,380.30807530092295,39.63685265120643,29.96583970263516
541.859387344315,375.5788116898401,39.53776944624771,30.024987762062146
541.5317301251129,372.9984441911845,39.534488332482944,30.027073432110374
540.4312003951026,365.2128082360472,39.71085763893505,30.122980021132655
541.579575621248,367.3840704761555,39.713908286731936,30.12124928873659
539.8723549432555,365.34892762061,39.69045615025152,30.126749613125416
528.3975759478906,373.88224735020896,39.74299512199696,30.00139211292432
528.3220223507867,372.73071140388316,39.74239147319961,30.00223378174735
520.4974779796923,389.8322168909067,39.42179125045714,30.514277462602465
520.1609007064526,383.34187655655234,38.99184069289102,31.03035304796309
523.1289909320981,372.59991980173135,38.55376933024022,31.35393311838834
542.573056862181,352.64390990771983,38.33930913202182,32.203407863218956
