1750.5,667.5,152,74
1735.0561590948557,670.3641534142137,155.71096872650716,73.52790144761991
1716.3009784735978,671.1077465935491,157.0058585066102,74.89427897493343
1701.9801742147513,673.7602589682765,160.27328206684066,75.03253312858939
1686.9494420551398,673.0949747263566,163.61596736494266,75.50980723081075
1671.265077077048,674.1928768854146,160.4344474567888,76.09272468520871
1656.3769741284627,676.3523567202026,165.1067961107596,76.22164250851381
1638.3181217866577,674.937682899778,164.98060475006014,78.25953524217638
1625.2030915776259,680.4128165877702,165.52673205766132,78.33382833722811
1611.120494626377,679.1115152416972,165.75197689716248,78.18972735175922
1594.580903954041,681.1338705185697,166.22160648085415,78.14084724466608
1578.5540003928834,684.555570224391,166.1657326006929,78.25326809426986
1562.9310409225704,683.701108079576,165.55175300040435,77.85091332408976
1547.6577190960481,686.4193567151133,165.96231370322238,78.29330448269107
1532.06790043843,687.680385972307,165.7052131258165,78.77760364254213
1515.1256670997489,689.3104250625629,169.49520302409962,78.82450603741643
1493.3367643652598,694.7401880857171,169.8934231064759,76.93080110470544
1469.5165926449733,698.9826460526511,170.6220893717802,75.49493616485142
1445.7086230016296,699.3010179096663,173.0169971012505,74.28795636481746
1417.0510013004557,700.0302633383278,171.54690606702732,75.29056755496578
1387.1931911380807,697.0574489285003,170.27671681159208,77.81710135673289
1355.8339101274157,696.23120196795,168.7347685798715,79.27045491740621
1316.1171473826043,697.2684655762304,168.16947994302512,77.94552128327884
1283.2982960925046,699.5297425150071,165.8050951476951,76.75891526936616
1248.265738478578,698.416756169476,163.67368840830352,74.6036996063772
1206.7260220886078,697.5169542440713,163.25002713139855,75.38949115363108
1165.9810907699248,693.1317873281581,166.05195678088103,77.98875329816488
1127.8120081610878,693.0745310886147,162.43717231588178,77.83616612333955
1094.853255317594,694.5517844321382,159.21696503759387,77.09900568735286
1050.5564799543304,696.7080953340657,160.2655805941123,75.76539113815346
1010.7476396519473,701.2821267863218,161.06107778918397,72.15261665054587
978.2024812770221,698.0993142938573,160.19452685427459,75.47990658632702
948.451603281492,699.5606075882798,159.88486543830464,75.33730748988992
917.3459258129817,703.4007361129146,158.41668762810826,76.8914049474582
886.9669172018685,706.0212196261041,159.65126847588243,75.48175077817783
862.5171388412247,707.9443829734818,160.67364646844254,75.00867635124379
837.9883334887757,712.5709312057802,160.78207139076252,74.04372404162567
812.2634743908038,717.1651139089934,163.58368341339883,72.54846804083668
788.3485550924968,720.5297891493042,164.91354867461712,75.28381854432857
772.1670593458225,722.3210287238514,164.58565075412344,76.12045493071675
747.7083943361827,728.283250617003,167.9617441177876,76.93442572958128
725.3070559602959,728.7078517990262,170.3871997992797,79.96146922492133
703.198540675491,731.4025302703661,172.6769416991896,82.87219347543801
677.360497529264,741.3893746245669,174.85569438876416,81.94607418598746
657.8127275256579,741.3675141149319,174.77098403265043,84.89444630666421
640.7032852871847,743.6735481596185,177.97425323992948,86.38718628530583
614.9991246583519,745.1903634660064,180.0571168784649,88.38452655391427
595.2939794170911,748.3412247185335,179.01771251276108,90.71507815882569
573.510478957729,753.1718852395771,182.5315270583003,90.31303173354172
553.4338020419405,758.682366248982,186.0190974746311,91.23787039901222
535.514623508209,762.1507506654478,189.33000533898442,91.51241562516825
518.3994010878998,766.0968353741661,188.76104314299107,94.69581337776734
511.0499978411997,768.6529516580241,191.78824269581241,93.96689321532364
501.90667235006174,770.8136445736809,192.09536279995183,95.5282275977657
495.58168891129355,771.9893144403434,193.79214817951953,96.91315414032474
495.10624066245333,774.243836055801,195.65140845307872,99.25805882962052
497.6005731792209,774.2872905195114,196.06870361017712,97.65351000426054
498.3693981864101,775.4758894091466,198.46834809410024,98.43499352640893
502.8202681759106,775.3882224170056,203.33621991198757,100.05425392891539
504.29181048123877,775.5097440715457,197.60644927481766,101.23856071597788
511.6141626112068,776.2229837824297,198.58172727333658,99.00662481236665
519.2320418766611,774.8208290543682,202.58743992326384,96.7840854146365
523.0242379361399,776.2466220912324,202.37883036382942,96.24530022418753
529.1856524406305,775.1103447772128,202.04339274655962,97.94457173232288
540.552322150502,772.8933356414269,202.21445004352495,98.72880099864395
542.189575889021,773.6142270713086,201.51964077673338,97.94296017388265
552.2183678164381,772.2260143827211,202.9290199107872,96.22631922936293
560.5681773016901,771.0321062805797,201.86431003715558,93.27143451239965
565.5392740624776,768.2771377115126,199.27357625547148,91.37928544328558
575.0715832640221,769.2372798143489,199.9702550099227,90.80560729228154
577.8607405472251,767.5898445510887,200.880659361022,90.33995924841273
589.5394195615961,766.2701706395437,199.07427379628706,90.51246787273327
599.8114180241892,758.3445925031837,197.94741646744637,87.9269588131295
608.9326732762056,759.9341373673353,195.16596004433154,83.2572687337314
621.6039130154414,760.8135628649441,192.4523880159343,82.02304073744553
626.2570032643644,759.6514361901942,190.26501346156965,79.27324399236524
638.743841455883,758.0003456824893,187.87120395789492,78.42538003688418
650.663415835694,757.919064172014,185.31872678883497,75.98315589737012
660.9267934776504,755.2992078749927,180.52025575134277,75.28589171261447
672.1347903310882,749.7992724878227,178.88163419011033,74.2050000271791
683.1728338942186,746.6665337865228,177.775818442429,74.15051495510617
693.593255856054,742.9188606569902,174.4975756950546,74.62436938269455
705.115631574386,739.300243913651,172.64509997576658,75.00014343907071
714.2392359604371,736.8705929847022,170.61178492120655,74.91294162082704
724.9863468043652,733.771118691397,167.6747853647728,73.88429275657813
738.0369365503852,729.4726566974364,166.13089391818042,72.62251817940236
748.1454913671001,728.5720655951568,164.15058979279934,71.41109609822064
760.114962297532,719.6593608807543,159.85249651199575,72.32336855661673
773.6056912945678,717.4636319345782,157.43124552837565,71.16477038043818
784.1754643159544,713.0868426219142,154.70759168815218,69.75329860669324
795.3102486575787,710.4217432315827,151.84995714057186,67.56964514425084
806.9378426406574,706.0045424522673,150.50936104080625,66.80359477273757
819.9319456197153,703.1944318148976,149.52579542884197,66.04419597170246
836.4896099305085,699.7587500877819,148.23808958731104,65.72354596534326
844.9922233193554,694.7932949038135,146.23393090255524,65.0907341730307
861.0233608404624,691.4075539534606,143.62348183905658,64.5738513176293
872.8593414626915,687.7815963545903,140.62568888035588,64.28318187600621
888.7667693908684,682.2468669857825,138.8828153480914,63.5391362938085
904.6854539151601,681.4113330741001,138.47133236791993,60.77898936096851
918.6582219378058,677.0585433067452,138.0296025086017,61.19965790515995
933.011774221825,672.0346708027699,134.36879947446627,61.11103520878913
948.7816388074641,669.2805394264834,133.87962587747575,60.87532050829739
960.6159061933857,667.6674917837602,129.70548262679372,58.61125228781739
983.4163148013532,663.607413328602,129.3812581918466,58.74736045966524
991.2123834146428,660.4949163202457,126.7640611746178,57.40061210002771
1007.9899137869536,657.3303914426041,125.24919994513346,59.13377147446663
1025.7607525968074,655.788676730576,122.12766422187906,59.449837181040145
1039.996447747143,652.1371168603193,119.15178195612438,60.127518877110845
1059.223442439495,645.4855379749146,117.00532952268489,61.91410672034355
1078.740906759249,643.1033016687514,117.09035285708174,62.43466898612047
1090.2273895873402,640.3707938008267,117.00653010209214,63.3000204480697
1114.0943933039962,636.1963735958852,115.70297205433661,64.37974045280392
1127.1362376751765,633.6856865201656,113.22524171432443,64.252984114132
1147.1351247709563,629.338214740186,113.77014370542912,63.764269725419894
1168.8905521269394,628.2918141361799,111.03710644284237,63.715995388169475
1187.4833550267372,626.1320006583576,109.17253329038421,63.597695246951695
1205.3264620656566,622.7779324325502,110.03185445901504,62.48476597502331
1225.5004949111496,620.3347190107359,108.8028266052568,62.86376979700135
1240.5872882342226,617.9645291653499,110.21440547411069,62.55762679874319
1265.2451055156268,616.6068464789166,110.62379315964782,61.9790989536699
1281.4513862788915,612.7197732729763,109.245120804464,61.43890455562753
1302.5973970023842,606.535938263988,108.93011199588193,63.56317049168082
1324.5749214728344,606.9411073771017,108.97800541350627,63.82926846595382
1336.3074309547394,607.3960623860845,109.05982297197278,62.324434922436446
1353.4937614721255,605.2424040089439,107.77338816469987,63.679742433225826
1358.087772509919,602.1812121140397,106.50533735757242,60.34663499935063
1367.0044385974634,602.6433445743374,104.88173657125023,59.30168622717368
1372.8906370512314,596.8788456492176,103.81820542240843,58.061326327264595
1371.8148080383498,598.6862751266983,104.77356198655718,54.84976730212948
1368.7180130858649,597.2500662958527,102.68437081566167,53.9986722481827
1362.4556222876797,589.7996086469791,103.405530870143,54.9957404271081
1359.2349100168597,585.1838657916219,100.35152697900867,56.43212806638399
1355.3475678197149,582.099807943491,98.34650177347552,56.541046614000166
1347.3857936304983,580.688264482904,98.7998420151666,55.662772665795075
1337.9610325709957,579.8474922291806,99.6142480133056,54.16669047170406
1333.2147795546507,573.2896438377768,95.48558393581308,54.33103942173619
1325.8953625063286,571.8518125102438,94.11035735486507,53.45298357120183
1322.4138357238646,566.9061905652212,91.95140428559611,52.16723405342698
1314.6643776417166,566.7073743416101,90.84818814415009,51.091134891516475
1307.1447566691259,559.4264795241868,90.99854194179474,51.98064289753264
1302.1154315418582,556.8527068932474,88.57849436949076,50.02229586219552
1293.0164520685728,552.0367736205251,89.4125178175818,50.43883701688038
1286.7790828365432,552.5921964624332,91.00676955789324,49.310114877099984
1279.4616767791347,546.347493517318,90.87125068104767,50.348433651944845
1272.222299281677,546.1740692615152,90.82967479879176,48.89814286807675
1268.1989258803728,542.7817123280304,88.25297814140669,50.03133968980556
1266.9327090041443,541.3643587645204,85.02475592412445,50.019573246384624
1264.7956745221536,541.109790304694,83.21294748298975,47.621736940258195
1257.5029062234855,538.8204577477309,85.30511138165318,46.02686021909167
1251.4051580610746,536.2631586545987,86.63622459419277,45.24453277011961
1245.378263281047,535.2719610141005,85.12394964421262,45.37338478035346
1240.6122273560045,529.6033681486249,85.06187740885284,45.71682327932088
1235.4199667548307,528.8266173922735,85.0127348126959,45.65766448188597
1234.2143688480305,524.5199802159339,83.01702801788177,45.34036522021226
1229.3140142694858,524.5637400719279,82.16646322059904,44.94902359187042
1224.08846430352,524.531997903536,80.63969700410877,43.680254456287344
1218.5632278976345,519.5375594071431,78.87438273747725,44.00022305723814
1218.4463632331801,517.8019739538673,75.29262972674488,43.86157968232892
1212.1246639832177,513.0565849211889,76.14862524325648,42.76161128648434
1207.1291621996145,511.87922220499274,75.13828342333943,43.35540011567579
1205.9357904645767,509.0625583962979,72.73265779547869,43.30758159444636
1200.3153526814745,507.95462732272324,73.12584001102977,42.40023334574201
1194.0571295831512,507.43701362261953,74.08647053655878,40.71338457621424
1193.889517679993,503.0189692762397,71.20620090076382,41.037783275476016
1193.5631697741758,502.83180001045497,70.24477347892909,40.072407407761254
1188.7353648582446,500.3769277403265,68.6706565978674,39.92520590289444
1184.3281369431177,499.9088291511032,68.98014122582511,39.48720039504448
1184.790135336746,498.28328094949603,66.58519570583462,39.005460372217755
1178.5915206992493,496.52723211239004,65.98375192932491,37.995803325421605
1173.637208925322,492.21315038145246,66.8747444751521,37.44483116356221
1173.532627883429,491.3486241701517,66.13299321121735,37.58702093754476
1168.2275252341328,489.3502612779907,65.79870758973544,37.6458045723662
1168.0786207412564,487.07723950906967,64.26127994705303,37.23892740706272
1162.911462964645,486.71158262179455,64.26397453109404,36.05166735957237
1158.1416676786291,485.51690481589657,64.31596227863696,35.77594654009493
1153.5821168008206,485.27960983906513,62.49918755163163,36.91822736662553
1142.1387803856821,478.80994294716623,62.91559307683219,36.20665881062434
1128.9419993982187,476.6049958183527,62.299656681788676,35.296883704727314
1115.2290430187088,476.4346106500075,62.042529075414734,35.0715111090502
1095.7904433644676,474.60037381026615,62.05731786928162,34.721681547339436
1068.600882907744,472.79964067863244,65.02878498595943,32.80137571438513
1049.0560975435712,470.94505965637984,65.3921439786385,32.22690655104825
1035.5358700546751,469.4661645287881,65.39315404153757,32.22679175661752
1023.91297473728,468.1131945830734,65.39317050436982,32.226794223492554
1020.9959105331621,467.45798752184237,65.3931727931533,32.226792952826536
1019.3639674719064,466.36348704364656,65.39323904675328,32.226775022999796
1021.0203772187688,465.9550689544773,65.37756940496052,32.23358315735348
1021.3703368638547,464.9826179963065,65.37690922678284,32.233979290475986
1023.8497321082771,462.8121597818935,65.37418406267935,32.2348453048693
1024.4540341243905,456.1382842919295,65.15001899309593,32.37802177170182
1018.6637092631339,449.63631002376917,64.24026852455212,32.70262388620581
984.849758457739,453.3864521046492,58.378473788414524,36.537838697338124
950.2486564461267,450.15499905665047,59.098700955009065,35.82294680770288
933.3379857433557,452.74674199974584,62.238438598990626,35.039734667945126
919.2369626655839,445.27372709162563,62.943683212823856,34.481274065554636
944.9884728862825,470.14943096297935,73.00593074871043,31.405504312854845
928.3596871087187,470.55879090022194,77.05819537331949,29.561588725300084
909.8547789906813,476.4258704280072,81.41266367863074,29.531349063922654
889.388360391249,477.4339105385091,84.2132994871332,31.410877313736677
861.15400749785,475.85978424687795,86.75917441935984,31.21602835253159
878.8298824738004,482.4327785584853,91.4212240777499,31.33594433738149
894.4782929314642,487.80754949054545,91.4304951366506,31.45281077280359
915.5844149381517,497.73662997579993,89.49574075960749,33.94241568411684
921.1934058451102,503.5615267213697,87.71016521436547,34.48889122141795
925.0005322511923,502.96308143825536,91.77126564713055,35.158077500254144
876.9377405919157,488.82278910294195,91.22140891540182,39.32527180286834
902.3555107391268,501.5975395490685,86.60284074947269,41.0844620112265
914.8164638835586,501.4952242142554,85.57138487741801,40.92799782843472
915.9057817720377,498.02637457808936,85.77419543283568,41.64246384841811
907.8448415031934,500.9397883763467,81.247680031365,42.937157576637325
930.2810279635595,500.0207785638077,85.06839396479576,42.741358021049486
912.6144073225742,502.6202866857687,82.00549716356687,43.76239394891455
902.0956415941654,493.0369945697797,81.31983933284896,44.394211096990105
888.4507700678537,488.20007605418965,83.39110731410561,44.117645353012946
887.8585293583549,484.60427139834655,83.54314401549628,44.563961033770696
896.721570757176,490.9197248019615,83.55403756465212,44.6793756119214
891.3648116843858,485.8327155750959,84.56549071338753,44.461672349574556
872.0507078371281,482.7754713058135,87.07919831133654,43.32284477692553
872.3981355534441,480.557747619002,90.25895127032365,41.75983128041765
884.0176268575638,491.75140526143934,91.04989167689139,42.729377328523235
883.2928980679418,487.9079621140785,91.31387498630491,42.59737571045563
923.2474507122251,505.0521210852639,90.18830628170312,43.920050152555035
905.4306026959988,500.806370918913,89.85001771404414,44.04947303002513
909.6845516347305,497.70866888823537,89.32000148300513,44.37000762832923
899.3561497956869,495.9679879740037,89.41373429430845,44.26567113156006
894.5439542885008,499.9392955356544,88.2497054619527,45.01249430006491
908.1066313539251,494.6098462380929,89.50116661468407,44.76989492544698
899.7400321935604,497.8034582644989,89.82350760132373,44.66846587516484
896.7546986985285,499.606744400039,89.82614722693297,44.66758451935134
888.1524709221084,493.6754833798939,89.94404056104268,44.65499906296735
890.6331607617112,495.36282297497183,89.98026082772155,44.64918376706312
882.6289338075123,497.3130937785991,90.2887745505392,44.58487773792117
887.6575343942969,497.7424012298243,90.299584596891,44.57797362722361
883.3890897545607,498.3458016215724,90.30380975903594,44.57415891493002
908.3416905776221,496.5665162288181,89.00328288997956,45.436246410082845
960.3802692329491,511.5893281128431,90.4864483502983,46.09181828314422
997.040864385523,534.6749571952347,91.9195102810136,45.595378377486654
1029.4326897727433,547.0287267923776,91.44225219863404,47.2866684424377
1051.0607451784156,545.2015910141918,93.76750433562444,49.03347213107149
1033.8225625790599,541.5306423111998,96.68753353261116,48.67250043359058
1032.0352417619338,544.8958040390442,100.74784748268752,47.830921510644515
1024.3504029818912,540.5239116574477,101.10109507938068,47.5752122985725
1032.021903885808,543.7043564241686,101.28253084559324,47.626103426483596
1032.4105358116306,541.6570842676471,101.7863926027479,47.3004535591521
1030.2924059229742,541.3440383312831,102.22401179228251,47.2078894106943
1027.6855752918957,539.892782998008,102.80397392639432,46.842622674223094
1029.5085241511808,541.7447727203482,102.6760901635919,45.932389545570594
1031.307782238909,545.999969428144,102.59795023513347,46.53627918298983
1034.0134978116375,545.2210470405682,102.56110632498716,46.23467003404792
1031.5450428558308,543.211705864759,102.93564750308694,45.879688606540995
1033.858124538928,543.9219169836701,103.07451332587158,44.63593554388686
1034.006915710818,544.6405227727084,103.18683834210755,44.52188218682793
1033.2688205099344,548.196594664747,103.15571215488717,44.69989091343023
1036.0264620147434,545.5425362661708,103.80389120915152,43.872135947544095
1050.6718861571437,547.8188665122585,104.69840967380665,45.19608611792803
1045.2156523865024,549.8963255036347,103.91034719871959,46.60192015784236
1054.4800706916,545.8742880967334,104.98844739900954,47.41375626041979
1054.6355749169368,545.5347697638131,105.64207097077144,47.45742558170098
1043.9193006319601,543.6152124264203,107.80733205168798,46.343426076110056
1044.9828434636784,546.401124141269,109.38317613228386,47.20870838389656
1043.4247884101042,546.8112069918346,111.0418064521188,47.34227247005134
1049.0229565258355,549.1867165691617,111.17598764116514,48.44989161782746
1060.1244210215377,548.5756336766223,110.49921650423286,49.061293300580616
1044.456292970892,548.1657046830941,110.47510394912578,49.32265144654808
1044.4096939081612,549.2062585906773,110.48409014044469,49.086623575078285
990.308479562855,539.808338082138,116.90594158264207,48.39953118733793
992.6094396188404,540.0758128391483,119.54197269801381,48.22706626508261
1000.3143650719074,540.410272091512,120.65058440106378,47.92496186747077
995.8209243538121,541.1390767168319,126.75582026164759,46.408404225426224
1057.639872389637,547.647539055079,127.23120415162754,46.42863478042747
1013.8338477169183,540.86636732454,128.9276064290945,46.38519195556422
1002.8622120184241,542.3070494680845,132.59196140597032,46.9928568970049
998.4349785433824,539.5824980823828,132.77692677929596,47.3234884059921
1042.7953891471357,544.2076575827066,136.90791944821737,47.001829044709396
