1287.5,488.5,29,83
1284.3390856098479,487.09880248739375,30.759101720827246,82.7815859712218
1286.016533150018,487.0589708922919,32.90785315151271,81.66916782229922
1283.2993970762764,489.4592936232092,34.19437633836095,80.79414779671453
1284.4936722693658,490.1721447260043,32.24343460978044,80.92093006330823
1286.8786951615377,492.76720365677295,31.122886783386335,79.58442715555822
1286.0639281662393,489.1887962391109,31.658456756577472,76.3082986047597
1287.045453791548,492.7636031801054,30.671190962563443,74.09412945475988
1286.887952103459,491.72488575824883,28.636482574722915,73.79003528391588
1286.189586175765,489.7035820754489,28.871519322465236,71.68050970980462
1286.5531717907274,487.736276182545,28.263336178605662,71.560694056365
1285.9605472871453,487.41805081576797,28.279809860266816,70.56991973512119
1285.0676616109772,485.7783797309704,28.189157875292914,70.6083541265496
1287.0205436318051,489.7204131935449,27.846618480162615,70.84500613610771
1287.2872360933698,484.79168456039486,28.62630064866783,71.49198539733715
1287.4187179337182,486.23692506836767,27.633738456213983,71.57931007430577
1286.8154303445829,486.5652220067883,27.5736519398943,70.77866875464628
1286.358246430551,489.8197602894928,26.93397532405273,69.97139039583817
1287.5023805969554,488.96645604736443,25.769539298915948,68.4140301668885
1286.1829917511445,490.16539660677216,26.93181706050477,66.02068742340467
1287.5770805112847,490.7274944624521,26.258236888674,65.9281212513556
1288.4512877073396,490.67554373335383,25.87417110358745,65.96550611960126
1289.8210713521798,495.6892979150734,25.105183456570163,62.67775686296697
1288.4791162633594,493.76222605093847,24.021238133386074,63.37254546987124
1291.4157438744908,492.6236714360389,22.72605169026142,64.555823310443
1291.722432091567,491.49686558704684,22.574096751133233,65.65169870117965
1290.2053856978662,491.9757783732744,22.492312382215253,67.70194885854553
1290.167345579711,492.03372006577285,23.004189582149387,69.2747090421305
1290.1439409292877,492.8905227529181,24.075551671682945,69.42699388095876
1288.649584272138,490.19969635756587,23.915860291510338,69.39229072006249
1289.0270353003582,490.66512115836736,24.463079715733254,69.24048372076328
1288.0283499044913,493.46434157054205,25.45904083112787,68.40307826360393
1285.125389434434,492.50153146103673,27.354203738666683,67.11479455114704
1286.851890644134,494.1790086919641,26.700866003520936,67.5131810356441
1290.5946698927983,491.01704752387656,25.901968961133374,65.88204801117368
1291.6915833181652,492.45634524958035,24.008487965583065,67.5055574782976
1292.9062707741928,492.37791261481976,23.956198314298213,66.87148880536404
1291.8251352154507,492.6857971688712,24.241141472356954,65.10027577754266
1293.070192936411,494.9998648282923,24.552001625930856,64.01807422848263
1292.7840367423025,494.5083339361823,25.584887664698154,63.70394273716859
1291.2887305527327,492.489552518601,24.472177517897144,65.84458270312447
1292.1790011956314,492.6253742364121,24.241081740164233,64.76518563440457
1293.0158507032,493.4728291913011,24.136296153459952,64.91273964470136
1292.976913522748,494.4779350000136,24.178883667903335,64.96556331855855
1292.5207977208927,495.5948097761928,25.57931747178735,63.861784740956985
1294.3292504644503,495.48344651919166,24.799513351615488,65.47654405990411
1294.305481638499,495.60492368499496,25.230571524178117,65.05492540661035
1295.8698928256788,496.64522017940055,24.653196036151257,65.50883792455193
1297.4812775413056,494.58866502870535,24.20440595506122,66.46112932869205
1296.0657360103432,495.4165824703809,24.850582442828276,65.86044121330276
1298.5723736403193,495.5378988635754,24.706990422492837,68.20112747758748
1299.115127329543,494.02612743115526,25.137472540998445,67.20343213510728
1299.136421012931,497.0831884951215,24.776071658688203,65.00096362864723
1301.78893896122,498.36560607043174,24.462594658772822,66.08892317878902
1300.4464723571243,495.1044420387869,26.292345885454985,67.0018755878958
1299.988499787567,490.9975470219688,26.791229416786905,66.95851936066217
1301.1152058105965,491.5450060918031,26.313603212759233,68.49907686210446
1299.846631022016,492.7294189479944,27.45114126583998,66.0763339185489
1301.385531960956,491.76967282052163,26.487789096673662,69.40268033737706
1300.0299061146113,494.50091174197144,26.676261274133964,70.97579612899605
1299.2603535090248,495.54078418419203,26.410601716485473,70.69379847325723
1300.739066900251,498.7303607588432,26.57432229294303,68.54633361530608
1296.4555208828533,488.9103851257718,26.387195377994523,70.77744207554801
1293.2085581409092,489.6139476537662,24.683088667227196,71.68698196992636
1289.0467915249703,488.40933610417915,25.843944055265148,69.07868583064896
1279.9952203958205,494.6733358686977,26.139918309707262,69.07105380982607
1271.7431495346514,492.11641801396195,28.373451059099928,66.58095723735227
1261.0307750360787,498.44654269485267,28.623027429337604,65.46236519198746
1250.6553752940065,496.63019312270944,29.41040151454636,66.5755932809472
1242.0500161864486,499.225808562643,28.262340484867565,68.28135657723924
1232.0276469308874,490.5341303959155,29.777102600285595,68.25026935733663
1221.3409344445563,491.4397580247227,29.735692718611524,69.34815911810996
1216.727903137051,493.8961779225677,32.1919154034044,68.83451617105052
1210.5405790467555,491.1598380685543,32.29872850222325,68.15842703424086
1203.2938505836494,494.18002803483694,33.948411002739064,64.85980175400978
1199.931762474448,494.5657502391368,33.38807766058288,66.24330226007385
1196.1275421104835,490.2277231775831,33.66086177707648,67.29209137950451
1194.6806167020823,495.6114606919242,33.09126503622013,66.55685744468184
1192.6937332149653,493.4488068141177,30.44547584120768,66.84075312484532
1191.3514247344897,492.1976809885773,28.86576615339829,66.48745282747522
1193.2848375162994,490.84476010872555,26.865676166635353,67.41599496525656
1190.8671909211182,492.7076994347752,27.809039071466653,67.58352900279267
1191.7173333108199,495.7440494887894,29.101466584236096,66.43038113311832
1190.6428556075225,491.8646411050422,30.92892608416932,67.22960695225876
1191.6745791078713,493.5833131341662,29.11101259991535,67.89808247779669
1193.304659355143,496.26338004431443,28.99629645101696,65.18500442543444
1193.5765363674943,494.74052883909076,28.166921902510417,64.88510635910364
1193.6080064008927,495.48725529488604,26.595077630079878,64.78801371559639
1195.3081114463043,496.8565649772881,25.049991772887836,69.30190426331126
1194.7789458320722,491.83698504888997,24.493099994543186,68.91038223053617
1194.4156641682146,492.2150643724801,24.16011684010908,67.39781508693191
1196.1113368686417,492.96310929153503,23.83867726696602,67.69566727738288
1196.4912882599426,491.795732082246,23.521030261695707,71.54655561696
1197.6630202026486,490.2820243188518,23.818841875873993,72.3452809044824
1197.4158956992094,493.24167208349377,23.8874948442362,73.1068836469717
1198.717819386538,489.46081954051715,24.01329818975084,73.03381890849751
1199.4480043962214,493.8985235105287,23.88417118284459,71.88120725506958
1199.9928554582648,493.7394769174548,25.366980807406243,69.63943131425027
1198.6837637973176,484.40190959877924,25.932137359377943,73.61629623677035
1198.921648919019,491.8119218427545,26.14986915700192,72.60583209036872
1199.9461508242055,490.9286095143833,26.50303358542851,70.79792587793327
1198.4905537142818,489.5729801796374,27.76215990631126,72.19929749740942
1199.3610496515096,493.58871831854196,27.867421752796346,69.3635854329798
1198.9997339081415,491.00908449724886,28.668621992562592,68.98204474514017
1198.9537119137674,492.3009076940123,28.408017665105035,66.47479680514871
1200.2347808761522,490.03061730292416,28.010407246770527,66.97480413574593
1200.664329870421,490.5200983943248,27.685126197615055,65.68971545919543
1200.6255808456933,491.4624299462502,26.96776089615124,66.7682741713837
1200.2587063210158,489.5776899406131,27.28066930825746,67.67987490391769
1202.1221950065928,489.5980910018299,26.757177986846692,69.89945437540666
1200.5430376551776,489.1867273802226,28.246056021733395,69.14101562933276
1197.467733321348,487.29120000607594,28.628606303448073,68.75340918383435
1195.7189443937784,488.61676779730226,29.001502516361484,71.36534620449629
1192.5792415656313,489.23467553291766,29.471037298086067,72.52236236195655
1186.7962248962274,487.47707994340516,29.15310704040956,73.33642585100972
1180.439002497745,485.55484967014536,29.872267037618975,72.19368364458951
1169.4152586463852,485.3019358388154,29.21340077913552,74.9500734461086
1162.7665728912345,487.4395555882622,29.88407316222166,74.44837809450465
1154.8712266374775,488.76044453598786,32.787121143177686,73.12646197679936
1142.4151050892451,486.76291595970656,33.98162988570161,72.62837851650539
1135.2391940056707,485.2282767200066,34.0650821845607,72.39614272780737
1121.4595387996133,486.7461503486558,33.771727269843325,69.4288673690261
1115.6506276765056,486.7219547324587,33.72757457008692,70.02706243713942
1105.5171921245515,483.4562042495008,31.789685068052176,71.83135620712788
1102.7294311501096,487.6289777413964,30.90845346565243,71.58647986748878
1096.57738323994,485.1047320481507,30.45872216756189,71.89182175977493
1091.2450004222349,487.01794858971016,30.40221263836137,69.22695553454471
1087.513929782157,483.1171438494568,28.900616043975514,70.35062968699286
1086.1059523471763,480.20200801540176,27.505977289989232,72.43243678483607
1085.5482552043698,478.7632935357843,27.53432270700715,73.85579206925442
1082.7525780177893,478.88627650441634,26.447336636632055,75.06935511910896
1083.990063982537,479.6038810367934,25.636817758580523,74.7302606922172
1082.2104656259655,479.13635580701066,26.3193216433339,76.36203183448761
1080.6071821742953,478.30273441253763,26.603316530137974,77.05126210981973
1080.7049757377226,480.78581938343075,26.823074427619215,75.80025235048808
1080.515941223187,476.77387886440835,26.63607196901588,76.30806999353891
1081.3853776021815,477.5467336693713,26.4303169111121,74.08026788541339
1081.4022076689214,477.2444944554268,26.482292829863898,72.71657334281184
1082.6289892243399,477.87041984206826,25.738015725879297,75.3081636301663
1083.8905625449668,470.01023964754074,26.061360856800803,74.97189221018317
1080.4531752795554,477.3101550275349,25.58359839284294,75.42057800174773
1082.3561902749416,475.0684825822934,25.510548699585286,74.5234890995743
1083.0514438999621,478.6742740196075,25.723226538638578,74.46742095744176
1083.1361898217924,474.44203655233156,25.698757816989964,74.83545074005485
1083.4463419765661,477.78768618309476,25.88966648591773,73.4607155914272
1082.1311289442713,476.76166449850587,26.226724107315853,70.77777653788321
1081.0145620791566,477.88237534058146,25.822090789022,68.41606619524575
1080.133119857192,478.87445349685476,26.342180577990785,69.42856122648719
1080.9931631261175,477.42307966742135,26.622380966051928,70.3213686358811
1080.5828819085773,478.3849110333822,26.15467282466274,69.56921224262572
1079.641444273,479.02808045414497,26.614847435579826,68.36066158053771
1080.7161010226282,477.17517838160893,28.195798158494036,70.34060208135858
1078.6173813224734,477.41918155856666,30.36710706901858,69.19281775347065
1077.993391446893,477.46806123127567,31.16541771182583,68.65521658598931
1079.1771739104083,477.65036956750896,30.52990954821577,67.79233436657138
1081.0716023167497,475.2096798521752,28.78012046372884,68.19869761024887
1083.1996063409329,478.0762805557281,26.98097888897447,70.7749202427326
1084.479337885494,474.660232171345,24.807445004417076,74.36738771562807
1081.3872092755023,475.3537251895135,25.60212424072965,73.46309029778268
1080.7554030092128,474.72956757388476,28.605719945597713,70.3556610524
1078.6161701330311,475.639279298782,28.989952780623888,71.71028427693224
1076.32665863589,475.17100840979714,29.502111137652037,70.88041441577009
1081.0353094608286,473.656906004569,30.471866273872195,69.94556151829288
1074.1882274788934,472.57924026383773,30.165774167850593,70.24299046372658
1069.0022383424725,476.51388193952283,29.812887756460434,70.58920314983428
1064.9277833176411,475.66322463911627,29.847977114961225,69.64595624821519
1058.8411450855613,477.94649629225563,30.370460753166817,70.55883588973856
1053.9889273632914,480.93275901134314,31.445550513014176,71.63434966965929
1046.2458078964462,474.69041064034747,33.84760861713432,69.41385019589337
1036.7018672143734,478.4509767210422,32.353327972348865,67.28287529819174
1031.2460745865667,479.0168391104954,32.82851623627066,67.39696560834777
1023.3641831743769,479.4999505640838,29.406480552208418,68.31556888326902
1016.2651555734476,481.6748280934814,31.745018978826575,62.82691289626193
1006.8780878962014,474.2104919615586,33.158045436687196,64.02118563866716
999.1175526605284,480.18378581672937,32.41447832329337,64.58123809018701
988.5360469913245,478.077155323346,31.77859037498063,65.77945923248092
980.5283346730496,482.92364232661726,30.63572620057002,67.07070178009576
976.8044336883081,481.7698769392702,31.279400706713158,67.19505500592427
974.1571016725832,476.0756108932013,32.08693125801193,70.25205820613218
963.328953201647,477.7627138800299,31.713708562512892,70.48741671839984
961.5585538310963,478.7427775753629,29.28620031527006,75.03544604953373
959.1390237882923,473.1427026579605,28.337324024189535,78.77613482011176
957.9303035017488,476.6393592062866,26.58999528498571,78.52183196803821
956.3301307597893,477.2644567495576,26.094445004653394,80.35769722847967
955.9187097575752,475.57931017961045,26.457724984906626,82.03002503738699
953.5757806863971,477.4301425184425,25.453329281022533,82.53972174898485
953.7776046093919,477.7371350790852,25.87592802811,77.72863371828973
953.9240122827073,481.88111974527817,25.30915671665388,77.10079868210033
953.4904721818357,481.0594417006031,24.96210163242037,76.40855012956669
953.5459124764093,482.57989722830024,24.919345142391947,78.01011802322242
953.3526763828414,482.49204694285766,24.940293511369607,77.27222150655214
953.7705236110163,480.3322462819033,24.745866533548323,78.37960983094013
950.8899537487478,480.57352917860237,26.12289884466325,78.52856676638659
953.5189002599475,479.96999726982233,25.515931127260565,75.84283318816617
953.2966223089755,480.7146220317145,25.525921279633764,74.88549210646585
954.4324081551496,478.33510222512746,24.54591935959248,76.67058271190098
955.2907155418918,481.82028935986386,24.424729618759798,76.32858925844104
954.9330653868966,476.82752575888856,24.448503350372686,78.90702933428548
954.627306351957,481.40942604608347,23.950666481172043,77.22791128279958
954.6648789930667,479.2457158654945,25.363785341811116,75.14205266179326
954.6350024844337,478.6199012002907,25.570126562552602,73.66188777151629
956.340049169336,481.40589312773534,24.87503823685273,75.78272365434034
955.2457389915212,476.86233575929396,24.759517664146827,75.82636403642144
954.9756214479447,478.4473403430694,24.017207574288705,77.58968142643477
955.8797483437239,477.5818729129629,23.273023284934172,79.82996971623862
954.6872627027562,479.01775413270775,24.26151482020309,78.58151198507427
953.5650488960819,477.9298042801966,25.459863626939256,75.11139990257826
954.3888249411332,478.58149154143695,25.589347578220313,72.80157329219415
956.1583900751873,479.07724549223246,25.237877157684384,73.86442364401074
955.627601174387,478.4593722887151,25.71352726223239,74.01465083948696
953.737265205487,475.02824607743867,25.82602812607064,73.37949864474507
953.5442469136236,477.35205496675525,24.83973897936363,73.75334183798593
956.0342443918289,476.4314588671171,24.798766594276927,71.64997063377255
954.1025111233257,478.48390021226004,25.19306450063922,71.80142955980328
955.9399898092394,476.1066796233438,24.393865513461595,70.68060700384258
954.9054906867093,475.95893924748907,24.472181663588096,69.26434823836618
955.8830922054266,477.75712604691546,24.171412199786637,67.7980480572765
952.6338222602304,478.29182601340074,25.659148488876664,67.30546592855302
955.9499681317632,478.0627433035857,24.027545265938258,69.51997196546031
956.42810872764,477.6021043939476,24.656534758724916,70.08896892459198
955.7702797527355,475.7662705002429,23.644059291896156,73.13371583998256
955.3129046271716,475.3577869159019,24.63354347186373,71.60083728968561
954.2045542825992,478.0537685183763,25.573223205446006,74.91361819267381
957.4366655445258,476.46595908648624,25.371635059409797,75.8327769259825
954.5526776052976,475.18779752561994,27.562264246661776,74.23435142407143
955.6290107843753,477.2685825289337,26.105720989696454,76.01306660369154
955.5139993997973,475.63668877171756,26.949843649907514,75.18626444496222
951.8408247228589,476.3757142488681,29.075183232452453,73.68625768636753
950.9226447295018,476.21935291365656,31.041936062658557,72.7522938860219
954.1927871609554,476.06948053970405,29.327832562384238,72.00452747214655
952.8166947754562,476.89597875490506,29.818889467300064,71.5443432887891
952.5407870189782,475.76012862280805,30.138466592050783,70.77400714245891
955.0357858115736,475.5719268767021,31.22071701895785,69.61058079142398
956.6872480663427,477.314259247812,29.454813398820974,71.51284209136125
956.4070352097832,476.45909893102225,28.480272482521276,72.04657922472276
957.6348265867513,477.59708924896364,26.65021112248506,73.36120250643907
958.8979432315055,475.27785483997576,25.944995465077795,72.17858225829968
959.2556162826367,475.5696983059412,25.30745015325671,71.3197489490253
960.9301412151716,474.4303234295559,25.160768619895705,71.69777382575218
960.4843455695876,477.1260259396009,23.954280640499025,72.72977432376149
960.1917944326667,476.10380777234326,24.20037545945324,70.81984684054044
959.5346806636313,475.9645999498155,23.621001671878965,69.61950675659146
960.2431938255371,476.5966114717625,23.978074010109864,69.33535611868174
958.8755218705455,474.7829688438899,24.135998596963553,70.4920042338403
959.4817075124856,475.9794575932055,23.75457330456878,72.0828865625891
960.3887448553868,474.2141424556904,24.655651164890976,72.23221749481223
958.9421909982254,476.98358635768466,25.244909272107044,70.09164031379925
959.2889665693355,477.10680450795365,25.954618130220233,68.13457300571147
957.1902462398506,478.4597423416537,27.899297866810535,69.35564340100595
958.7151199657145,478.44229212659735,27.347992827835924,69.36490237317244
958.3239922971799,476.37200499107024,27.735917156413347,69.50862479917245
960.0836253080005,478.2310568019528,26.76656111354916,71.2165190896402
958.1881578042285,478.10146946836454,28.13016053722567,69.4705539655519
957.9720900174971,478.61637722509624,27.21134906050432,70.37845596891205
958.5543189372354,476.30159276954436,26.637454222203836,72.81196989104221
959.0614728762374,476.1301955191585,25.900155786162866,74.5621146127749
957.9065594625839,473.2346680932392,26.186859865484966,73.82817942222692
958.9003582480238,475.8674927949328,26.468673323967046,72.9922621620872
957.5019832070502,477.34998484561777,25.974266199344708,74.29027108673677
957.3828649061704,475.82884245942364,26.15150147003712,74.71386546504147
954.546132249872,478.32058582068737,28.299565786643555,70.98542506108882
954.9309589395111,478.0753251451243,27.793208406323693,71.08748564306113
951.2195019773444,476.4758661503167,28.48511902769227,70.46309203570002
947.2588514609099,477.5943754869153,30.4928297481152,69.12248899434573
950.2684531805676,476.9878955757319,30.085278826796596,67.8906663845506
949.4321957627903,479.21448876607224,29.1043127996695,69.6993690017427
950.7813891244056,477.02306753097275,27.50077324079669,72.50937924580944
946.5472253614118,476.14738867085066,29.60300699511428,70.32851408823171
948.3649113012304,478.6420671230887,29.64267873927428,70.84085029183811
948.9000519740979,478.2209432798718,28.86614785397465,70.16936179037594
948.2556539739012,478.6920453562987,28.285240345217176,69.48560536551972
945.4052033807287,478.8676727462675,29.098942414688253,70.91099167349027
946.9201877041132,476.65292412517454,28.935813077353096,71.78530406848702
946.5206764654857,478.3862692793237,29.88532878404936,71.00067394875562
944.1857837120406,478.4324355520331,30.907045266016876,68.85080068136719
942.0729964985325,479.64715709186066,30.024631429798646,71.65473084626436
943.9271835123263,478.4380329934684,29.41146050067896,73.86344470646063
943.0988306686659,481.2326148500153,29.178430010808487,75.26997054700504
940.4116580074957,481.0857313376744,30.416578336083845,74.85668896843791
942.2127670681158,483.05454988773033,29.249868604273416,75.00901019720192
943.1373751855326,484.9570557199612,27.943460514397188,77.56374043235195
942.8168226012915,479.77321745844995,28.321276478755802,77.2943563022905
943.4194040169594,486.8616828164826,27.677730889647886,77.52189064764976
942.187040315411,479.43427751565594,27.02358825843321,76.97393994100885
941.108578384386,486.2753200523315,27.289239045107323,73.41482768976407
939.1520341365459,481.2771228689534,26.86349844195569,73.63144860029357
940.8732358222761,487.9743600724372,25.539602498913368,73.53270211007842
939.1821241391661,484.69495572210053,26.012835630388725,72.38433532895422
940.4134995076109,483.9052053053596,25.981623260524444,74.34556900082544
937.5319358404573,482.8139097329995,25.2479924505842,73.8770986835373
936.978501729884,482.78023913034104,25.33877733047902,71.77460941749237
937.3783931548182,487.5230924325244,24.51457848503487,72.02622362552654
937.3084705230191,486.399923289306,24.852737714574037,77.14978604138557
940.2925863679712,479.26225233203394,23.107202700952236,81.78268210639285
942.9910506456873,478.1887991286639,23.68710547990732,82.14761081574883
944.2068613494565,477.06896609193245,24.5118746010358,81.02721905369326
946.4671077504839,481.41032677757926,24.22036562723985,82.00397366227827
948.3130012068103,476.7837757540555,27.165713656873287,81.83541282136926
952.077401046213,479.9600317134448,27.639081349785794,79.49450317802734
949.8900718289897,476.8716900345164,27.775046164055247,78.386051621653
949.8100245619654,479.8549065334793,29.16330970601626,76.52416742253936
953.6588698891493,482.8732054313436,27.709978305458755,80.67513326185221
953.0546087014417,479.37397747554587,27.31807281163919,83.46540248289102
951.381704522805,481.6916011552455,28.697000745465274,84.00750651740277
949.0873723434707,483.11180080023667,30.62106661717136,83.34690910926662
950.9729462359402,482.75660979507626,31.43906276678295,81.70690482554384
947.6641424658827,487.8604727384583,29.9229770472214,79.35753172176021
947.684227066087,486.6199498235933,28.955669531692827,78.70642783169481
946.096708695017,490.3193754503058,29.399712179426388,76.55141623479373
944.3600572009614,489.16670046138137,29.168735381562563,76.31117520898636
945.5933462878443,490.2143275319235,28.966537116414614,76.01139673589168
942.3244922188698,491.5493509963829,28.270907795519197,74.25070956909155
942.8230614085571,490.3438817040961,27.864022768732436,73.18136677282597
942.4552024096827,487.42414863216555,27.381423740615297,76.35306117346644
940.4348391066765,487.65010792146415,25.83802091985939,77.792079723743
940.2644885860232,484.42848140706894,25.571793336273906,79.06752744714532
938.8526715168807,489.23030346001303,25.169086484045682,78.14837802338477
937.5795617049572,488.6010434836113,25.538833801341504,76.75945684193037
936.1077922694186,484.4518551747839,25.752987490641488,78.97483448543674
934.662218585376,486.22727106055055,25.68529485467036,80.55002323819292
933.4286907204065,486.1422745774979,26.401694531978727,80.2826731843381
931.8683572893317,484.82514577018276,26.943486678625234,80.1494902771226
929.9180650190825,481.6973902213672,27.43942829392207,83.02642079105951
929.860805154945,479.9811235843006,27.98695936911957,84.0260570811708
929.4197718230749,481.88260822301527,28.364057218394073,84.23921117087862
928.2200099168624,483.73213911623577,29.87762937506441,84.92260142601799
926.1405090100718,481.32501412391684,29.251368697109246,84.59970402299626
925.6427845097712,481.17876568793844,29.11054828673217,83.60429333384388
925.0141309336686,484.8610895288969,27.99575646894292,81.93941325398319
921.9751124398274,487.8702407296064,29.689191791239956,75.67699402946238
922.0037264862041,485.88469771546465,28.73217679131825,73.31208534803028
921.8111908359568,490.55805559395594,29.019273605235618,70.13639382400316
922.002382096261,486.50102566688156,26.449011345641406,71.01902136536074
921.0198341380335,480.4628989474951,24.753597498494468,74.99325479226196
921.55263532746,483.985564143536,23.960468362646573,76.29630229461138
919.1177371992659,485.39035428681757,25.643626165866145,74.59203389121234
917.6420593690626,479.1647803655345,26.701888984468873,76.1062427009394
917.7572107801236,482.3494266593614,26.635146228907768,76.46814948549388
916.9778318285952,482.111275275421,26.887394227951688,77.7401325512738
920.0904805267902,482.90994258442015,27.914189897617824,74.7665480016181
920.5206384424836,485.53571773624276,28.11460379311493,74.14352840252246
923.9411935852779,483.493249656116,26.69630361949578,76.02466741492992
925.2775167837251,480.83360225046727,26.759465618951367,76.45791564236423
928.3974636719506,478.69508811401835,25.56791928891597,77.89684417352503
937.7150147329011,489.93724555593053,27.802504993568594,73.53186680895095
944.7595802606626,485.68609257095704,27.984946141245782,72.8609206845838
948.0603287463648,477.19031669975186,27.570999389040566,78.063630558423
956.042862876148,478.22783196787714,26.847198743845432,78.82850432161848
960.6076437666708,482.755099083738,28.29783923803597,76.85135329943084
962.0635629180834,477.3125247726057,28.698688052961487,77.56067074549381
970.0016125049407,481.92906738907726,28.34265639181214,78.40023986024214
968.2531820080108,485.5534824828952,28.253962310133964,79.42467388446221
972.325430203836,483.3172232402776,26.920227068000308,82.45704663210398
972.9306742061159,478.4838460956176,26.745635587848078,80.90591610335437
973.5682857487811,481.9165697670768,26.313328299426026,84.41650024585289
973.0482852302091,480.48497164491874,26.027069140767544,83.21695758972385
973.9279492199205,487.5619120783965,26.019989632075728,87.18309326181316
972.0662082559323,479.6328375763001,25.727592036912267,85.28568220039222
970.6579408440903,483.92099711803485,26.148774173171,82.8695226919263
971.6308637569432,482.55183997247264,25.13941794081448,82.55603471061768
972.5461029427831,481.2902248562207,24.66017377442649,80.71253246193689
971.7096624737185,483.4654730501287,25.02644562455486,81.9363529329958
969.8037752698589,482.02994660794366,28.006048806915324,79.97121396866211
970.2965310653917,482.13962227423883,27.303733250287998,82.82151212629626
971.3933328896735,483.1300190939969,28.844440719255395,83.52730924180076
968.2134078884578,481.29820160342564,29.436212708883623,82.9597699453144
969.937552073197,481.24692654679586,27.428529872669127,84.66202066707154
972.3236432954865,479.81695981902976,27.34103783442627,86.194775378678
972.1758922701682,481.10583777782006,27.712488497546268,87.19205702782943
971.3630199321383,479.5498852505634,27.867694997446904,87.81160428035056
971.6521686374177,479.96349363471455,27.369014590684046,90.41324045887049
969.9824048952861,479.5706762824351,27.088628605059824,89.67911255744613
968.0875053762404,479.10210054045274,28.740805604427763,87.84010896742669
968.3075068521006,480.5659203640307,28.469500343292008,88.48326744963168
964.4452698910263,478.57141956522906,30.16643567403744,88.9158882753744
963.5665247649479,478.1830701472845,30.83174402004534,89.14924843357588
963.2138620655434,484.1966609126754,30.784092345380863,89.75590727355751
957.2015587155458,475.8609985331211,31.670762295822122,91.1801881139333
958.8184454400302,473.5117206287588,30.294867576447583,90.76622366037981
953.2505489278323,478.3629282864975,31.597286049293547,88.55225826137539
955.5168736439327,477.9517305213842,30.367860720502616,88.86320560823086
952.6643701742721,475.0767244008751,31.330275642160167,84.99554535676417
950.5511284323667,475.9169623842157,30.760394264887744,87.7853392720726
947.9729138189056,474.38979174122096,31.56087099336109,86.65916450318556
945.5552587557389,470.60893412615064,30.29118413237539,89.15540553054709
944.7391578261776,473.0797342330393,30.78688798035791,89.1174649359454
942.7615342681374,476.2493316038176,28.01388745543386,93.64815728000715
941.3109768853568,469.7587527904786,28.4703631150694,89.62312003024779
941.0436284830985,472.89241694576054,27.662378630228538,88.65965433998792
937.9506699875603,474.42785677797036,27.15553441622734,85.76213217930025
937.1692419527595,475.6928095437532,27.786765675380664,83.79906963102562
940.5800544579594,474.86512958374556,26.55923232649652,85.08857261997919
943.49456686168,474.02785770246953,25.89434350792116,86.56239067181035
945.1820038362072,474.18998649704116,25.768578671210186,84.28130962102948
946.495635539262,476.7075234374828,25.862727235688318,85.42219042874828
948.3435582243236,473.93006381533405,26.100921644824023,86.85681024595891
948.1734007928462,479.04845830125697,26.387574937543036,83.88367847955882
949.2062996273116,481.6053618791399,25.5439452216794,85.45794606089545
948.1677695915519,476.4086463812891,26.704938138189895,86.99072171749401
947.3915873327085,479.2366634067582,27.688876116180424,88.36634558913329
946.980921408136,478.52730388502584,28.698377079297494,87.12725160414763
946.8699328572925,475.8101336572792,28.330947283697675,84.16514655098794
945.9143289730398,482.43048313369195,27.542473235651222,84.22730878064931
944.3652117291178,477.50425203884856,26.441681887880137,85.19064760212947
943.5266042430451,477.8852978496814,26.23507015559187,85.26375056394646
941.994086144561,476.7215586273028,26.516402729522103,84.09398833853929
940.9165749970543,476.92147761598784,26.683859994552,82.67260509925487
940.1907644710077,475.6185764558291,26.367335638810182,82.18954479266912
941.9108267308753,476.7035477118743,26.11528729009925,81.92899721061848
942.5892070773684,481.06513446337016,25.80960296976091,82.26434005649085
944.57773900171,477.87720362593836,24.900415377697612,83.86325330432194
945.8828916190099,474.6297772129688,25.16525083358925,81.36082400754283
950.2598183266183,481.0071715766072,24.985001740424998,82.86191423582642
951.2934501926983,478.0224411709194,25.89147618204879,80.35051059471027
954.50621068818,483.10637692446994,25.35702986348931,83.76479275780531
957.3794719244045,473.15680272530324,26.449369886022346,81.99768791724199
958.7643707889017,480.5033012500852,27.91607071178857,79.94982070886567
961.1519658258673,480.0742581068648,27.670527990156454,80.32134066434372
964.8113662670697,482.0704007938097,26.253150067874937,80.72789675916935
963.71325012862,477.1040530031709,27.63724921782115,78.80763728039405
962.7464089116995,477.23570974061226,27.624089042396697,79.23577317555856
963.7093343966823,481.32707389404544,27.431906249816606,79.04412810251976
962.2541778325307,478.1561044747635,28.511828819025684,78.59678867801802
961.0430166915495,479.2332585087134,29.913288394624956,76.3645358504078
960.7169650763054,481.10835153111213,30.249177385839076,75.12871560082863
959.7731124275938,477.66671946254115,29.53946531805242,74.29912335621853
959.642002804413,474.2766445857567,28.83864143347113,76.373726893396
958.1130034476173,476.1693845104534,27.87825405906301,77.0507923914794
956.4071711331783,472.8136665252785,27.078501238572578,78.73469469060969
954.3665914390475,475.60500210402193,27.50761730518763,78.515028696892
953.0406011543159,474.90355828429847,29.305054990952073,77.072761949642
952.836041658355,473.41420670333906,28.407842068751055,77.63620473684239
950.6569122302805,473.7499825413467,29.222011610823927,77.29462608663098
958.7741785790613,472.55735797854175,30.635204147909953,75.64561225193084
962.2522953493522,476.78704439039717,30.042798539246917,76.00690998021098
965.7787314936938,474.72727738845174,30.885260420828683,73.88715454288484
975.704607255722,470.6743529723158,30.552771480102077,77.51616114290363
988.0694051407218,477.75484561673744,31.483190627834936,76.50623032948411
999.1662827786794,471.7118295935034,32.79251092530629,74.57379795344352
1011.5804340275341,476.50583096908395,34.684242699208255,71.48290033651624
1025.16018087368,474.9472851748162,36.07840662421918,69.43931331642904
1042.8067485663998,469.4841534167389,34.03789157069638,75.96083440777349
1055.3355348972193,478.8373859265075,33.70825955190679,82.42792919573387
1069.6039774347912,474.9276201976694,34.05902440172575,83.41222921202436
1075.7390015016765,474.418468010403,35.93127528166075,81.47927344803297
1087.8410161365682,472.85739337479447,39.009718735057845,78.37024917724261
1094.78862546891,469.2690119165206,39.958502395841165,81.7300381901051
1098.4690352114371,473.8207556205266,38.43545518033699,85.00344972303014
1099.0722623534423,469.78373641672476,40.04510486765109,83.04923260073237
1104.9982891935326,471.951695311433,39.46856398947514,85.16953399134132
1107.529544235432,471.71160204376696,40.16465533198283,83.08316880463151
1106.972018289142,469.70265959668916,40.74915438408594,83.22952006960577
1104.8780830203943,468.13770365058417,40.27143026587376,86.30345940610817
1102.7940552607754,465.7748135440076,39.727247950860594,85.95177210796601
1103.7003587878191,466.2325007769073,38.65129501132449,87.89632249942534
1102.3649608815385,463.42778559376995,37.900593293381654,86.4696569349308
1099.129564371762,466.90707283627614,37.08961791774585,85.63432313765482
1097.891898720164,467.881995621431,35.95502274761037,83.24668756476481
1095.3575908398973,469.13561612223384,36.175744008306125,82.71750293320389
1092.1986302573066,468.99345747613097,35.70030916920496,83.57623106306771
1088.915702333352,469.0855401801854,35.85289290362385,84.87880562578043
1087.5140051006763,470.23027102782925,34.78084202458636,85.70256576266692
1085.9728835540586,468.98160622546504,34.80495762157598,84.35355822640503
1082.9081300078024,468.5598929095669,33.57918330189601,86.30365277389751
1081.3052745379382,467.58614326938977,33.81249623269494,84.8013553118486
1079.604351418993,466.3347043293555,32.55199091728654,88.4027600403962
1075.3316485220382,469.57628427558154,33.963859027293026,90.90577437042653
1072.8138129616905,461.8216114640447,34.08122918864771,92.84195525836435
1070.239855140666,464.2101895989782,34.08393205786411,91.31233595962439
1067.9795147466396,464.4464345514501,32.459723739756285,91.41026056421089
1066.4126168478836,463.5478758936919,33.61544799942782,90.43103549437073
1064.622595794201,466.1013163590977,34.36985842396369,86.34536190701824
1061.3439453942237,470.3925069021499,35.642143240087734,82.77296971610491
1056.6590597268691,470.9265468269067,36.96107798487965,82.10853622402311
1056.9330842971235,470.3716320579212,36.51384425049641,86.66070848892642
1052.0750552527968,471.6553558597025,38.49899284748692,85.05121081008463
1048.4019052565498,471.286596754411,39.85912074124284,83.43646346412177
1046.321738000682,471.16543658420767,41.05900675588719,84.99038201655209
1042.2362199627603,470.60226635861784,42.033188384867834,87.36162120065524
1039.524248382122,471.3724085419604,44.86071496077226,88.97237871383473
1038.3484409304656,469.10012651687805,44.02851046012047,90.13112560111514
1036.3910636358983,475.8846901582677,45.4583786887507,85.60417737113484
1036.5907318473678,474.22159485380917,44.71160530514238,85.0897713633119
1037.1820071084903,470.694316291979,42.42169271253144,84.98443917072453
1036.7842080473208,471.4018531443956,42.306085214898054,84.32365220261508
1031.9091373553485,472.0205550300883,41.17873694224922,87.27115794004865
1031.2090851521673,468.25414892655647,39.91215390576965,89.01725163990618
1028.8394275347841,471.3855733203205,39.11386870684051,89.7418258719116
1028.2311382286111,471.9697286343348,39.594863330888245,88.16361565932075
1022.2226211342805,471.63210589640374,40.88365036490019,85.405590870863
1021.3878425849869,472.9245001369418,39.121429629137225,83.74531387055319
1020.8839432931328,467.9834362760935,40.591688090854575,82.3796224222301
1019.1515972712934,470.3755178589334,39.78950971336926,80.8238123646281
1015.4438929274327,466.29312537457605,41.03959117336679,79.11418327537683
1014.5595750821557,466.2637990297525,41.56572888649879,81.16268430750827
1012.6701044589108,467.84037647189433,41.44608064442548,82.5759118654635
1011.7114748114327,470.9765957802565,38.81682142465884,84.51860071497256
1012.653367723571,468.8323277497798,39.39639749829685,84.62702925429389
1014.3294864897944,472.63066265369,39.09272818826098,85.11623816088405
1014.1906701337958,472.0478570207204,39.13604739795724,85.77729658829738
1018.926980151095,473.43653551032315,37.32779027293825,84.25337070715489
1022.2229794630148,473.81406301710047,36.42475261807567,84.30273805726097
1025.4833045643377,477.2472156609433,36.27189642603711,83.50614492874884
1029.54021153441,474.23979063614144,35.69251309041559,84.48192631932612
1031.101964797873,478.1496484824312,35.147113351362265,82.64963122009743
1031.69420301814,474.8124334062733,35.66867765852021,82.88633248340224
1032.5111538066794,476.71780625878523,36.23066212783603,85.11318068965944
1032.2163311707689,479.9620594649066,36.58869347115182,82.74341868516282
1031.644693440605,479.528173980399,35.12510897033145,85.5975168765143
1031.9397355384624,480.01492588539304,34.84944412487495,84.00492949336746
1030.7877255439357,478.91239410072166,34.44490930670695,81.66312684331675
1028.950769772423,476.20009795023805,33.65763487763822,84.79071411638117
1030.223578014658,475.68127379857606,31.70717453228659,87.8615245121278
1028.5606082244994,476.1749427891099,32.22205588476227,85.49439351932284
1028.131581816061,473.3285424340458,31.765748885504912,86.56356637915168
1026.256973518839,473.9255789462474,31.00269351226757,88.31096595939414
1024.1342181201794,473.62014504049074,30.96453590852882,87.3058601657552
1023.1313002802322,476.15047154858803,30.636361459482007,86.97947032613774
1019.48832186559,472.63060155615483,31.27401010829455,87.90359643048895
1017.8746773366047,472.0247474471591,31.131967973951358,89.04902851498028
1015.1972812063342,469.7284224088933,31.636019626669366,89.00149031197961
1013.8337485368568,473.8555318718195,32.2209548093624,89.80530872925485
1010.7795250891916,468.9483948469093,33.30151020489343,88.61985025845544
1009.1437376920784,473.06908359042615,33.86317007258431,89.41077352631162
1009.1786332372299,472.88209274400157,35.04391634183946,87.32166106016497
1005.6777266457843,469.9212670565762,34.668087762134114,88.05094979441216
1004.279301304131,471.8420081153979,35.093320855758236,89.49456298660286
1003.8847333455418,469.988692158883,36.29300728321344,87.4127756244574
1002.0259396205095,470.05785755729516,37.117885137809346,86.98621327727932
1002.2389137565747,467.0615728432333,38.59871657805837,88.73518796733305
1003.6832149106049,476.3791219015851,40.00403456264078,91.56804699353917
1001.4927952515484,468.19055711421083,45.69475525138931,84.95455883000595
1006.2009394720794,478.20459140484434,46.76978830196964,83.40188635544314
1011.6238631572296,476.7245216412716,46.67486601890422,81.99493338427082
1020.2521492021608,478.209557661573,45.06338369892866,81.02814143302939
1025.170066490666,477.773238532338,42.248107239954386,79.82546777395994
1029.4841414505556,481.4204851527919,41.045274750267495,78.59030592100561
1033.9004588969362,484.4007678298752,39.51430337412456,75.25860624491307
1039.5928845440524,482.4870424961268,35.93141944829105,75.51535330049762
1040.0343222205577,487.03925137332703,33.7716383060871,72.4174452448208
1042.783682256899,486.5487726294572,31.870923966409855,71.41018356568088
1041.1723656338859,483.5434212953826,30.76677060593927,72.51536507230301
1038.04482575695,485.9441249645922,30.229163797253317,72.16879430130618
1037.2118334674838,483.1959106136304,29.804311387434392,72.2245921355836
1037.1808317836048,484.0385446110769,28.81034722503557,72.13770406392888
1036.5787523398933,482.9092807708356,27.83022285683377,72.18868640952039
1033.6259753241134,483.7640200488902,27.49943892968669,73.85404607706687
1031.326284163706,483.0964261374954,26.957420828251948,73.82528410579336
1032.2986331046181,482.3471828717198,26.36948167875046,74.49177011841509
1029.598787832588,481.458626318087,26.449936404428286,75.23203718437911
1027.700292206256,482.7661073425409,26.945352194088294,74.31229373663662
1026.0241161650822,483.4403179565787,27.268810110104358,71.30162125343799
1026.1240713794712,482.2731679827999,26.763586745003437,73.7816881608533
1026.4463074139085,479.25763071929623,28.667681401300968,75.93577046290767
1030.3558862734299,477.5533667389619,28.04295666820333,78.12773051581938
1032.0545786933417,472.33022311035467,29.065873962030146,78.64769688144142
1037.8742746741934,479.7006384718859,30.297194616830826,79.04572135583152
1040.2107666149232,474.23622725059886,31.72375741404063,78.92577936155791
1050.165715044978,470.5945244668255,33.11338021177551,76.5370217353757
1058.1569762421866,477.2401262053814,35.14440740427632,72.65442401743591
1068.8295407407447,487.01203076349873,32.8815067464506,77.38041024370612
1083.5015622682458,475.16645385921845,34.03009057138384,77.73161940919118
1086.589538653949,479.26912722859714,37.245484166384415,71.45822421934564
1099.0962084436221,477.6896798504652,36.788215818500085,71.83164976122849
1109.9482292447492,477.1456415748247,36.58183335386116,71.62364237366064
1121.5285624239377,482.5918731295084,33.090710824838055,71.70376904180824
1126.5240281077877,479.5539705388257,31.587447991011768,73.48738609817988
1130.4733604904407,477.2534990178347,30.838157448199155,77.99759058319422
1134.5057919767078,475.9990857983609,29.986196189777438,76.47506467131493
1135.88558934133,474.628049098111,29.34301027032371,77.58252709431235
1136.7333852006532,475.7722660487085,28.716264856789508,79.16399266891764
1134.6211068737916,473.88064659751285,28.140627343763114,78.6263073773218
1133.5950084815045,474.5574460539445,28.6710474373392,76.72935912515126
1132.235642785498,476.70965310747226,28.387835795533412,77.82705471986668
1130.8710573170074,473.11065167618733,27.806960445535765,77.0411826297763
1128.0170482837234,473.7465191736387,27.084493997471192,79.02910075959727
1126.7221463060066,474.1377623445139,26.674760634853747,77.86973873366642
1124.2707234035768,472.2890824051849,25.813808965365357,80.20180021828145
1122.4518264614949,473.3776451873031,26.4579343085577,78.32682364945657
1120.907188199815,475.51081357667863,26.865314394589724,81.38057122677066
1120.0393278694999,473.0030182536119,28.659978892337953,79.00002481013026
1120.7484469412484,480.1527782450274,29.634384531661834,77.28302486178326
1121.795219506347,477.301213404657,29.515374993238446,77.02491793129228
1121.0872346123997,478.18320533217445,28.925362556141486,80.22579604075844
1123.1781178337292,480.0910831837733,27.66048671531206,80.64239393754337
1122.97690908703,479.34382383695487,27.937477580639705,77.44000651521438
1123.6691074929067,479.1388341795648,27.540390815135652,77.34742384279983
1123.9701626727651,476.37991047937805,27.334351321323695,76.46810411559407
1122.1614552191204,480.27847849640125,25.913154256937275,81.2112705480306
1122.1722611979303,475.4586618321792,26.40517412772935,80.16933087812968
1120.7602383492472,477.61756086670636,26.392540326730735,78.5905900715753
1119.4833306982598,480.18005431703534,26.070711441111147,77.80028593104112
1117.8779509666635,478.1038658254862,26.205572750425915,80.81469202226205
1117.2215985589019,477.9863616599445,27.261440715152062,83.72697645112689
1113.9390336229744,477.62748741748555,27.451941313880745,81.63749242423586
1111.739738990747,477.80841726572464,28.195477031422357,80.36786215763958
1109.0733172631885,479.14632673572254,27.574474542983157,81.09668909354522
1106.2853538107204,475.2732324169099,27.97460034983397,80.72899200351594
1106.7226424818127,481.8620800273024,28.393226833930413,81.79535091767603
1107.3769121218152,480.9091899181634,28.432510279531215,82.13170469867129
1109.468007171865,478.9485452512284,27.399949842942128,81.69361247798233
1113.4679723666518,478.3414275841104,28.378739632129687,80.21692771545602
1119.3517111999479,481.2054811568298,28.309598254841006,79.61347251742492
1129.2061139052116,479.4436881687306,28.412332700842562,79.96268555240056
1136.8770285915468,477.0391226754641,27.894393886551626,79.22248700160205
1096.0525058410249,453.6356857990255,30.447863764460003,75.78514953827214
1107.556268289292,456.4981765446823,30.657844207109182,72.28517175325962
1117.270415401192,455.7204940378861,30.731887681822755,71.10341618413922
1132.2811218491975,456.9248826567762,30.592842767435872,70.09376785346629
1147.8477351351312,455.7986210799832,29.69057507249469,71.36802464034733
1153.678812992681,460.370944190409,30.751418697747237,68.70365952071987
1165.5208923132705,459.81221066547187,29.959227347800137,67.94682779950014
1171.423761504373,457.49336976296615,29.21809148547344,68.08793352749564
1178.1034501719694,452.9419718385355,28.610871393069587,72.03496229729402
1181.7092390844148,455.36201305112166,27.638604337829307,73.85949439083967
1182.7814697996548,458.7709528594938,28.390950079160607,71.44234830876181
1182.9923701725804,458.9934437820494,27.122418676286234,70.5531651046837
1183.6220814800813,459.4591323257971,26.074463794989704,69.73753061686517
1182.6802504687719,460.90860806392266,24.847410887575204,69.15682953785102
1181.668839600925,459.11633088853637,22.703704849939445,70.51099274939972
1178.3358179082816,458.97680302457894,23.38066283698113,70.1074476592569
1175.408131651428,456.73032252673846,22.322054181559395,71.5358138320813
1174.9830377275205,454.776109499166,22.409812255888355,73.69136862509254
1170.835445160947,458.62639191704085,23.457418982427207,73.7825431140552
1169.2117163018042,456.3021829671152,23.56004073643203,73.29352132804657
1168.2298084434065,456.4317770163979,24.81614642721707,73.23772944719519
1166.7470983986182,457.75051073646847,26.58207159519662,72.63526614117868
1166.76430076743,457.83225858150007,28.537030748207833,71.8128659697617
1168.184744908838,456.03102823990116,29.916634652493237,72.27485160293801
1166.1599586428108,460.6581236314129,33.521833598840715,70.07783556164784
1166.5063216838294,459.3571728573196,34.563018015718285,70.25553799185832
1169.7627788918917,458.4646720106947,35.333080231629815,69.88152528321783
1171.198601723027,454.11057322740976,35.449856128724626,72.77387705063276
1168.7810411446917,454.6263557470954,37.500256054094336,72.38110532289042
1167.1390286443116,455.05405127537495,38.296724380065626,73.94790698349124
1169.0962929783245,455.89951512046787,36.908696511928916,73.70852362183946
1167.3165849860163,447.66085914071607,36.60104291017962,78.52781543927068
1165.488259324594,449.1586265801178,37.04038442439631,80.66658650193094
1161.4233766494256,450.50936958874445,36.07639559462399,81.28939129086517
1161.352168951032,442.056730925707,34.906001292796816,85.43690703733452
1156.5215593874736,447.1584524654262,36.29887739589205,86.11050491266954
1155.6413004550411,436.70297289685664,36.596693061947676,89.08082809296337
1152.0960518284996,446.49207838533334,37.55168053619383,85.980390136089
1146.6465847603008,454.1591572684317,37.83149712252454,81.26519892018194
1146.7593606887906,436.6694594264237,36.443805365135816,87.81120237247637
1143.362567361666,440.53790934377514,37.195559845169306,87.37802257095996
1137.309632391656,449.34234265087923,36.53220194760685,81.77151425113684
1133.5770307358125,455.4960611984242,35.649322121289075,76.75859638169962
1131.3244466425022,454.1371048235037,34.841316372821304,74.72712511114031
1128.7200244171277,457.3715606088846,33.270755927028816,73.0922236928744
1126.1875769090218,454.64801366210526,32.74238519830355,72.02177410238615
1120.5562797623884,455.32069073414414,30.540536484161592,70.68781342277782
1120.0190057197633,456.7994716874539,30.018191514266633,71.12726723593428
1116.8550449588392,457.2652234079531,27.079437823486064,71.39243329010378
1113.2777456600104,455.30499766506733,25.007337720097553,72.41480586397638
1109.309859282099,453.5474512981996,23.991199614603442,71.85499415170713
1110.0085969000309,457.35191819941076,24.03414191071832,69.10344811392093
1105.7153349901873,456.06230607079175,23.4637667719937,70.03225511461187
1101.3290213542598,456.66119503332476,22.629540877951765,68.75773642414211
1099.6292687741484,454.73326533785956,22.225527155720883,69.3081575609806
1095.0686241225947,454.23158967662954,21.39841734242659,69.18665796822461
1090.228685539674,455.4901487808181,21.95305943884921,68.77984009609396
1086.6988722237727,456.30076817671295,23.13084954148235,67.89048682528225
1082.3382915550285,459.5060541762051,23.739921667011885,66.93099653847253
1077.885250765098,459.4772407474379,25.577821629887485,65.99166724353684
1075.036094484411,455.55593270090117,26.238486431871234,68.07588896408608
1070.8819911823284,461.07815286308943,27.239064163489886,66.38075039738952
1066.062105966099,459.9194349422769,28.328086483036444,65.79583629291812
1064.2035120019555,460.3248526189134,29.252961631765498,64.74926709092145
1059.2514975754634,463.66457893284075,28.88434727841122,64.65325514494609
1057.832386217309,462.7154793279106,28.438853604527104,65.53297737683333
1055.8240694836634,464.0842523674988,28.629694910811686,66.58341923204658
1053.908067901767,460.877129129889,27.961783886347828,69.26859520401331
1051.2058816250228,461.4367534604272,28.015653374802945,67.53840670694791
1047.5598261168375,460.5993500701167,27.705108300962436,67.1950547388551
1045.471882189909,460.894469324024,27.833704407877356,66.44549667065932
1046.0358562556944,457.05554475541925,26.20804908941662,69.81731763410271
1043.1287957798568,460.36117282509093,26.592402448087824,69.29658281906777
1043.068609602262,453.57684330665944,26.40118475739924,71.80651748798081
1042.5412037317535,457.8882550425183,26.96687180963255,71.2688437010453
1038.4066808764467,454.64912099498633,26.53566155157609,72.36652742883616
1038.3278963910554,448.11143158643665,26.31822187206385,74.36954797865786
1037.7114941531684,452.8839448877992,25.69323102173726,73.14277825516291
1034.9521479601053,454.6279769155776,24.403925090023698,72.48901337411596
1035.346804882087,451.0187702003667,23.876889851454564,72.96652437666455
1034.2042228947782,452.644952178963,23.373866233719436,71.46560022724998
1031.4528471932817,451.34602553721345,22.726039143086233,70.62350083097971
1033.3316676820152,451.769761296632,22.036654648153796,72.4024902603959
1032.4554901097936,448.72957137056295,22.259648848969878,73.5754503629109
1028.6397108152776,450.1656808831798,21.675441814426513,74.05673422798648
1030.0718922695141,451.76078058492493,21.729545553040722,71.06857661152624
1026.147497717712,452.314369264879,22.036177734056835,69.63638914010144
1022.296272219034,454.81861395625924,22.96264231693781,68.12010503594215
1021.6537013404457,451.33209480986704,24.26878365756609,69.07357814390161
1019.6919075566814,452.6445842777822,25.662651159367243,68.74127156676283
1016.7113181700091,452.30890558417127,27.80540394423207,67.96770644938555
1014.6147896223705,451.1744273839467,29.381379777825963,68.22122039224928
1012.968514401897,448.7111237401022,31.207621087915314,69.11642065563272
1011.2395085683359,450.811010133663,32.58801644649787,68.35126569338517
1012.2063931179673,451.6053227741314,32.79758519956117,67.80334332006657
1011.4800871009329,449.7266651628961,34.18393071001003,67.54588233589067
1014.609061253451,454.1934809463505,35.58799331839238,67.58299752820042
1023.0838442730716,451.4043044853869,35.839964684616184,68.55255067374634
1027.4327702877783,450.81760191424104,34.75097874107429,68.49851130820164
1035.415629254668,451.6979153510683,34.477490343357246,67.53286844063157
1041.6078740345388,451.62591593130946,34.672637840061654,68.89228478178921
1051.3966972458393,452.0734625213904,34.54272973873837,69.41306988154383
1058.4374820197777,450.16516164640257,33.445095146068184,69.50436020996318
1062.8674437236698,451.82119494604586,33.87737696032065,68.37977939792229
1071.4808552163365,450.8410885296151,33.887131209500744,69.69594897555757
1073.983630943827,452.25832205509556,33.54560179040041,68.64648111472808
1079.1392149474207,450.3760936263485,33.45895953306958,69.6028504825652
1080.3766406333968,448.54183601056036,32.993438355863496,71.3996255552544
1081.341085308503,450.1893336982425,33.591123550942186,71.16696321387857
1081.1132393205392,448.6296723368392,34.70967753667594,71.22666778482665
1082.1989756373596,451.25695501452583,35.437125737099635,70.7545771528741
1078.4803357176177,451.00177824756884,37.95849331999722,71.44721154510978
1076.9437320203879,452.4554415483268,38.13281338917165,70.5350266253551
1076.3418383661217,450.87358670470576,38.35562769911842,71.75961572561602
1075.0416625422508,450.25598193483927,39.12313619997648,70.41909461239838
1071.559043347915,449.6505690626456,39.19173259801374,70.0745118960001
1070.890435605975,450.58965472001734,39.386515825448235,70.5698987705907
1068.7668606452967,450.93414670174275,38.84741294246135,69.85916030887304
1065.7964744007743,449.1959875777055,37.432325539913194,71.18634395595475
1064.4455385377955,449.43698712937976,36.38832277483789,72.29649677708022
1064.5991532397024,448.83132988551347,34.762563001424255,72.69097011309893
1061.861120464064,445.3645758974048,33.88289316199347,73.90007465689587
1059.7516073166146,448.9091135041005,33.079963398921166,72.20662750310666
1060.4671621667856,447.4992094808936,30.727923432777875,74.22307448590759
1056.6741441194729,444.9809855385042,31.55219885248885,73.57890414076448
1055.3418463584549,444.84187671724993,31.676609909973145,72.68417034952972
1055.095187929871,447.6204149803168,31.157694434884707,70.96511356214549
1057.3860224508742,449.38671110012945,28.827449534109743,70.39927528349008
1054.3859466938793,449.0798884065471,28.063422762958783,71.37444802027497
1052.7199535616467,447.21729722879394,28.45277297663079,70.86519622919484
1050.423488244546,446.6402136529491,28.78825802862621,70.6222182143093
1049.0459353231952,447.31867251317294,28.364571917153647,70.53789268828662
1047.856427178356,448.21421387493865,27.965747074888974,69.4417698278733
1045.1389275823024,448.8363540612613,28.725529126206276,69.64548115173108
1043.675937114377,448.85582268616145,29.234932539267696,69.31224549808243
1043.334794693609,445.31354742094993,29.36642104875689,71.00240520667987
1041.2022762892823,448.53019101877095,29.1811390385761,70.65949449288192
1040.911896299209,448.8666523634623,29.168579845613337,72.02278363211835
1040.3910680654487,442.57733982854177,29.00799533525658,73.65207248390556
1037.39150230134,447.3994006754082,28.872320324369458,72.99112679636909
1037.1074771079068,444.464904013112,29.04393506694971,74.49706832002542
1034.9176662977911,445.6838911575957,29.102090271749653,73.20667766058064
1033.7415213273484,447.65307673116945,28.969518366323463,72.50673345381855
1030.589083421595,449.1117144063199,29.36078312745283,70.56748302427057
1027.866560748306,448.1858873167838,30.04183296354197,70.70721761650401
1026.2729181249824,446.3718615588416,29.08090528258714,72.54895616122917
1024.553124106362,446.318414125051,28.976323187074918,72.09889671660184
1021.089145192362,444.74781132218914,27.97663723789647,72.93248034398647
1018.949319534999,444.96068724153565,27.036223388063792,72.88216297521399
1017.709433344227,444.72120182224086,27.041581287744194,72.5785563739419
1015.6710807950935,444.30085366861437,26.328676546153858,72.38615543949766
1010.8803574485676,445.22951270541375,25.5695611642383,72.43885441894174
1008.6081455458393,444.15744975172925,24.97305517945015,72.75715514559732
1006.564290566182,445.75380648097973,25.27565616483757,72.42396958856642
1004.6584876580629,445.05903638609914,24.122027434206565,73.8193422615505
1003.0276192800634,443.61048830719875,23.943278595699553,73.20557100037237
999.0527927667977,446.9025416355621,24.014763252611587,71.20252042465825
995.3644283668192,446.189226007746,24.038808515934626,70.71233274379179
992.0235928371014,444.9620666276517,24.523850288707983,71.72978002262323
988.901695194413,443.215820229698,25.478708053294255,73.15017802869622
985.11582847611,445.01658609467745,27.9658855337618,72.77751557158189
981.0208322022127,444.4193199176587,30.06544493168624,73.32137850123003
977.4290542250785,442.82249519210086,31.52265420998276,73.65896433031712
973.1491083232565,445.7535604190973,33.62264243423101,71.85400467923029
969.5795075933474,450.3024623046814,33.91392037110975,70.16272461646693
967.2062225193864,448.2173055111832,33.441612007437996,70.71183348659528
964.7090062453586,450.2955763325093,34.015784823186095,69.78131004672906
961.1508162710544,450.4841410021685,35.227794861001726,69.11411841251544
958.8083290182318,448.2635880752557,35.4708438916563,70.04852815687364
957.0283539381945,451.24899954343425,34.76170598930381,69.89805808892544
958.4237922815563,451.8840156337983,34.09560546793983,68.13241525113845
956.5926772820865,451.97478517837726,33.585897002562106,67.03400587061863
956.9850473804355,453.2973876785798,32.66557645258831,66.49300318460703
953.6217059878719,454.6129393618106,33.17463432705513,65.09544509265949
955.8627430516971,451.0480537216331,32.26347423757437,66.11890619906035
953.6939224278466,451.7177842994107,32.05851065141998,65.82928501208298
953.9629828952409,451.70884556954815,30.72574456277875,65.90347289770521
952.5344107109051,449.61492569371296,30.47703454639079,66.2964761026616
950.4304261264758,450.9415975885986,31.13444069057836,66.21782329211864
950.9278131852625,448.1224045012774,29.835909911882844,67.09032781304464
950.2435682175217,449.5004437617669,29.415504393341912,66.29072530380738
952.5237118036812,448.3036829730112,29.3797067054575,66.14106252127333
954.8160494496393,448.2272096091582,29.622723643038306,66.50777598833214
958.5669732826107,449.93613886498883,29.66613040439959,66.63179088084067
964.0249060519875,447.5117504780235,29.696126299877996,66.73840371937459
972.7383480932489,450.92870891915493,29.335133530153833,65.49460380871713
981.0695076977184,448.5736366733962,27.520654384412126,65.88646373846562
989.1600029776222,446.29715245896284,28.737240668762606,65.60649910068997
1003.4255499562672,447.29744169517596,26.457060762453853,66.72440461367354
1017.2321844848535,448.77283750902166,25.43141038239649,66.23618483879943
1031.0629721665266,446.3152849886019,24.24526147525342,67.53811987139083
1046.9099922398477,444.28557580575307,23.746522774135034,67.89433280877348
1061.9166598006386,448.51821432812017,22.810773427373096,65.42215793297558
1076.0590221712205,447.8808375491884,22.259997254259048,66.11526235413734
1089.349973561521,450.9083407085043,23.024736589676504,66.24359930825392
1110.5467632598215,450.6447419251049,24.702587583015973,63.789580634863846
1123.5369985318312,451.4311108099625,24.523799697126968,63.756226032594974
1139.0219550470736,450.31748208167335,25.033696586873425,64.42427513061249
1159.8865284394585,449.23097975017845,25.47095709182556,64.28192190418027
1175.6914188672524,451.4607789301691,25.579997690877903,64.47033680457348
1193.1350777536816,450.89496416591805,25.17137946391449,64.62766001494185
1212.5549268580542,452.63564359731,24.64793350608938,64.63660541407883
1227.3222528163194,453.74271713316057,25.4321833587082,64.7452626851537
1243.1773293106135,454.06908752455905,26.623668094505664,63.450943302861695
1259.005068156737,453.73527389341353,27.255642152461306,64.50005091512948
1275.4067304957634,454.7103742878252,26.7799267377977,65.250264323572
1286.797243646305,455.4197202806773,26.705491824910112,66.11176883443424
1296.8664663316338,453.03711294762786,26.439182221701934,68.60210576928768
1305.9625397626046,451.6413650897849,24.647170379255908,70.2610917684965
1313.9737467152254,450.55303698772406,25.026496428829333,70.99494535695156
1319.848810499649,455.27944345200916,24.82508571393392,68.80754481630008
1321.2669816823714,452.9907941410763,24.860498653152376,69.21239545463587
1323.3624681934205,454.28751651881544,24.356295841930446,69.60792348637503
1324.1339147412107,452.8385225452035,24.193385081026058,70.12957876466126
1324.030172050191,453.57743901261,23.638994435009387,69.75473836398528
1324.8426781885778,453.6655439459533,23.07079265434389,69.46994641152688
1325.4981590642908,452.22159441043385,22.745386367158055,69.84909548833647
1325.2545612511074,450.9908714194462,21.989757513982877,70.4041366357028
1324.810502423554,453.03057232050344,21.680039029455685,70.93382447718622
1323.8178344860862,451.45595494130737,21.535498582133144,70.59248355233636
1322.6746996333175,449.5119676221298,22.079326606006838,72.16089602689485
1320.617900328371,449.83044046661814,23.72817785600993,72.64897860643399
1319.3305665122355,455.21348077821517,25.334334112760743,69.93428940090199
1317.2682122485403,456.3390630141715,26.7047757041126,68.23922727332304
1314.8248321607216,453.89926840407134,27.345140919184708,69.4394898528871
1309.734863318218,450.3081263434108,27.854435114279852,71.68275764101038
1309.0528242471876,454.43495192977144,28.78029210895655,70.3972190557032
1307.192853878928,453.25675111873693,31.142565148850636,69.68260537002473
1308.0192875135535,454.8491926885523,31.94974133120423,69.38043594907384
1306.3370986642701,456.6888700838493,32.246915766104024,68.13850594802811
1304.1365829125984,454.65614765886437,32.2653278197632,68.19552007953638
1304.8481045103792,456.1557297009499,31.402617006270816,67.97554630123096
1305.346769356623,454.46795278840585,30.796955122958465,68.93395046975517
1305.9771054074197,456.127570241964,29.64824715141914,68.40608422244206
1305.492805180491,456.55077315085884,29.786585933260106,67.77126131097802
1306.2917542226987,457.0101717059159,29.83413022177519,67.52830473950488
1306.172815469819,456.8470585321811,29.270983231947085,68.02648260665083
1305.86080034675,453.7668323251346,28.81569699022411,69.56863943697778
1304.9595323439817,453.42371361768295,28.79228199775914,69.80760735374017
1305.0679645678613,453.23317529094555,28.46823603391838,70.6538962250881
1304.7420253182722,454.4220876428939,29.140609417748244,70.55321175406834
1305.3408707412786,454.95733236469766,27.97548541995382,71.05821316151547
1304.1906779286358,457.51775462426525,28.04938008998413,69.46617053557152
1302.2769680275856,455.9831764575923,28.730385796931078,69.7133734714595
1302.2284077255033,454.2218625198556,29.259384777463673,71.1145317912174
1300.6839783218372,454.4041670986693,29.8126500683087,72.1087117060651
1299.7190725737971,454.88843218053063,30.263784385373533,71.59906917085019
1298.1470295916483,456.2639320792661,31.3455110291532,71.40625083175023
1300.028944045773,455.05865676399884,30.391698240331763,71.79190046863702
1298.6839589104654,457.54154579190686,30.01138256683175,71.57742000540394
1297.2699254497534,455.60400639003404,29.53086064574108,71.94836766050571
1298.4940622515821,457.0092627034935,29.30660574997149,71.16253012802954
1296.0796586851345,454.9508028629798,29.547717564102022,74.04220095403682
1297.093515956401,451.71611670132836,28.386385463477673,75.99759600710719
1296.8833655740123,456.60036175414336,28.160620950524702,74.31672153533155
1294.5176354373975,453.90406357224555,27.992956319314175,74.6191211133361
1295.0495953202692,453.6274277737138,26.628973999165993,76.1188823768764
1295.7406540084783,455.15264213303914,26.658008252839938,74.90899713867316
1296.7600541647387,457.6317120520815,26.259621059430636,73.99270402811706
1295.99526410694,451.9050791247297,26.992158636339525,75.93222346002662
1294.602168365709,451.4531486525217,27.70415334323752,77.23320818387688
1293.968747787653,453.26702503699283,27.603467547365156,77.32854773697734
1292.497949510353,453.66775157242245,28.35186136429288,77.0880881002756
1293.3010937173099,450.96148099102055,28.64401626537356,78.61374232089675
1295.1366324978344,454.88353094361025,28.978843171286567,77.1917051934196
1291.4865712185263,453.5079384031941,30.07642308108474,77.12237936741573
1289.8059782480445,451.49975606555046,30.6484494778521,78.29683010649816
1290.0629895912336,454.4218301769429,30.92390501290579,78.27507119361027
1289.9269436472766,451.8036240192455,30.768171242540518,79.77755532685393
1289.0424536169612,449.19482035547185,30.720179869864864,82.2204844716328
1290.5891871708257,453.91568169628886,31.080826828273366,80.46681632409091
1287.5391135913078,452.43847817479804,31.25842148949473,80.64391156708655
1290.8094839097155,450.88369382860117,30.827196467213685,81.84871001929062
1287.3280400630647,452.80613982606343,31.912672066764873,81.71924778185473
1289.8319748740334,456.3669472116328,31.055657965594712,79.4515404887201
1291.3589557989292,454.94686963933185,29.21748317190312,79.55275140068113
1291.8166907800446,459.4737394268257,28.574951497383793,78.14041298117881
1291.54464759545,457.2483715860056,27.96226053891989,78.53834879927687
1290.5403196907812,458.1233470980394,28.60369934960287,78.13411884830383
1291.1107544967379,457.7859586052957,29.409943150329603,77.4793837748156
1290.7562250499705,456.84886781605405,28.243506918065314,77.96167708516963
1290.4434736166168,457.426868552379,27.612375275057495,77.18989129325126
1288.2741975871784,458.27075965994857,29.158895431954726,78.22878592445446
1288.6949789162234,458.6198817846308,29.627622500796193,79.88305361511635
1288.5553195997402,457.0062101921056,30.077313117347465,79.54928633446373
1289.5968217316533,459.6416929233404,30.34044551770097,79.23635545832737
1286.7549882346223,461.2252295909202,30.692303044225504,77.73615336216542
1287.9377989884817,460.48124665870955,30.0545465266527,78.87589309829917
1287.1082927237699,460.4584339901053,29.966601411122646,79.170618714535
1286.5525704552063,463.79984735594945,30.691830482711072,78.21967310706927
1284.8227264356087,463.2268570508177,32.682220632228855,78.38597493356335
1283.4973332619104,464.65627170532616,34.26751402012453,79.45890475297898
1282.8597738013664,464.2272542213922,36.23463126916066,80.18007439586643
1280.9175777741402,465.478521619793,37.83884552182906,80.34713330494297
1280.3463190247949,465.6380595850974,39.34329904199383,80.67995427773255
1281.6475852168116,467.0199355877662,40.99995010044344,81.151007878178
1283.4085407328603,467.3461273263681,40.994392150407606,82.13338232146046
1281.0918153627363,471.0507609478013,41.64215374307675,81.8949632852687
1281.0012194601388,468.89169219379426,41.08710982193477,82.00169690446788
1282.6803096010342,470.97085625289765,38.99513471273837,82.59408588010727
1284.415541444553,469.7666771269277,37.81526725545666,83.62562950331603
1285.1342100958798,471.24563175640014,36.29736697904229,83.55298842600725
1284.7998373532216,471.77779780490084,35.67580126840967,83.83039814362995
1284.3425676901163,475.9849015927734,35.63216265853244,82.84101433375365
1285.1238590440112,476.78525095164423,35.59610675284522,82.62986222736504
1284.8566355162436,479.6006842869756,35.198244371869635,82.16010117674954
1283.1076022817954,481.93179095095576,35.194883637695405,79.43542164594908
1283.0800231180074,482.96313320252534,35.10936737687304,78.77005381917006
1283.0641892019248,484.0200668077187,34.47052538739908,79.37050495802931
1281.8620774959004,484.0303672934457,34.730369991861025,80.9680450866888
1280.162074875626,490.5393019029657,34.05155571806467,79.6939507151217
1279.2232867853038,493.78340647399375,32.96712352388292,77.86293427074023
1282.2236103266578,495.48939863093716,32.3161489003371,76.87849061258649
1281.5356835542393,498.06143545030477,32.33251012853952,74.91186257914474
1281.4078992824693,494.01634443272206,31.21179313467392,77.16610507692951
1281.6649781546241,497.1337471122477,29.89469767684882,77.06067030603378
1281.4542564655721,495.6311443371465,29.015539495476727,77.6362063578889
1281.7851658081308,500.7835697685397,27.642473301144868,76.16318585869516
1281.1782229687562,498.20039861135166,26.788501199049342,77.38466777107206
1280.6709277771965,498.88136376206205,26.749285327075544,76.77400899785067
1282.6068079648626,503.05180412645,26.59726550279307,75.8901042704066
1282.139130497022,504.1431187308925,26.983075330422906,75.02882995340764
1280.4741073290716,501.9533878214156,27.260967360684596,74.86572022375577
1279.8235332586423,507.37832435787635,26.732471381060176,76.87315808283589
1278.2606305477343,507.4588141357072,28.744959688581318,75.55042231856405
1280.1967103127508,500.9237695598923,27.21526073803558,77.50865819922564
1279.3496089171335,501.60767151355236,28.18535802165784,79.13573219720219
1277.9544765808023,507.4987730789757,29.092100351908037,77.54374717120358
1278.2176609238643,504.77063402472953,29.030617923447576,77.48980196066704
1277.560480753438,506.98032836283903,29.765818403172098,75.39199419852008
1276.7815470602516,503.7516986659093,29.95407036565789,77.33594233224952
1275.8411907702882,506.0742079246581,29.804885959913417,77.03789850738704
1274.0666231721482,503.46655260533834,29.77351104016285,77.16139965680841
1273.2783921883065,502.379443607034,29.56110496186744,77.96159374785822
1273.0913043869266,501.4436306845543,29.919604818133102,78.89774743257351
1271.84809341053,500.3589682555146,29.342020592833354,78.19209079257826
1270.4827491665012,499.26257116080626,30.150791359148975,78.00019467647945
1270.4206369705585,499.58827714980487,29.42445373535712,78.50512936448467
1269.2188456903993,493.7976730852411,29.378807769395713,79.10334148385792
1270.147722887195,496.73597591433725,31.291049060421035,78.28650660637712
1266.6879314330893,499.23457672889344,31.163721114986828,78.72963058511431
1266.7174694912358,494.8824239914158,30.87663699495789,77.83815451230781
1263.2528089232842,494.8023628124621,31.726468822196253,77.60559488824748
1262.3685820697276,496.4150899223531,31.46565338680231,77.82989740800076
1260.3888802476365,495.8603070710721,30.63572734626974,77.51245334411904
1260.1567497917865,494.58296677155175,30.584354314235483,77.7261665573932
1260.5898424816294,494.77022661230694,29.362826779846205,78.42999845581247
1260.0338168284145,490.69606805553434,29.27729017732632,78.82548980304782
1257.4087056283286,492.5003905414575,29.516486159276017,78.83723680496908
1256.8512263932985,491.3884589696469,29.312567868899382,80.08466397300097
1257.3380229859679,490.72737724904783,28.519642022940943,80.34992132134528
1255.5774391087912,489.4123044748213,28.28125884052156,81.26116210336178
1253.2977293805595,489.783390638184,28.94947760641257,79.77499275948473
1251.1893827039503,492.2705559718502,29.92056401913966,78.73539214957395
1249.4026414718892,489.4638561135547,30.986683064963316,78.38884448195813
1249.2566556512056,489.28774890705154,30.998757960470503,79.56806766430785
1247.3735129938357,486.6366261440204,30.863782690992572,81.32901476878877
1249.4227015451952,486.28080531366174,31.670235478638592,81.91823072802168
1247.6275293020456,489.6059156355589,32.3304836057835,80.36799640529728
1243.727586333021,491.4112039273325,33.171721656236095,79.09573281668139
1240.5456567820916,491.0547494725964,33.24510359746569,78.58770869886484
1240.4005894803909,490.088057862275,34.83985369489119,77.71025209810826
1237.9446758678241,490.8834006372795,35.16673557247947,76.82671422293436
1239.8694125553027,491.8491394303966,35.398806167173404,76.40581783891815
1236.6510254396583,490.4842979171231,35.095872152396154,76.1789043748071
1237.339153259752,492.7027403708985,35.94733759527293,75.29626485912132
1231.3481506781154,494.019380287639,37.16839693223319,73.79704758927076
1232.5933098480268,494.6278985341661,37.3107706004573,73.36283618627384
1231.4266720552182,494.99490772783884,38.52687900877655,72.41892973957096
1228.6787583367739,492.60703840473946,37.851010518976,73.05819920033677
1226.9311027350311,488.747979480685,37.09666654227463,75.40369403177374
1227.2579982700317,494.9193413292403,38.49819752648394,74.0675974719077
1221.3067601267464,492.15574764178706,38.77879517425331,74.35384338793267
1222.7719048912486,488.79623374355737,38.76902014612797,76.16835270723838
1221.1858142738151,493.50339760197255,38.647989904659084,75.96679686084646
1216.9169863878055,490.01354161957454,39.475400336487,77.03605890268474
1217.8324238165192,489.18556108054133,40.279225510141586,77.15457944236053
1217.1318375093988,495.1707357703697,42.39419866844592,76.12538737590438
1216.035719606151,494.4870670639008,42.83035988230837,75.84266903071166
1216.3269557737933,495.2067758654874,43.23751629399531,75.67923354051922
1213.97513996287,499.1879015554086,45.10481606320397,73.93594299829634
1206.0625162257868,494.4552909298614,45.35479526734749,74.0596647567753
1209.7411592703454,493.6164908136767,45.93175030975165,74.48167756512821
1201.9109381955432,493.7294207250076,45.951862909529446,75.84661380344244
1205.07782352848,495.3851570914488,49.20349582685695,74.68905811603744
1201.616718290259,493.7731431216172,49.89935653120435,75.46323734582145
1201.8931570991454,491.8743544651187,49.205174554135944,75.76300312742984
1198.3329606479697,494.02440731411247,49.268479017465644,75.55897420344203
1196.4096832078335,492.2227990094358,49.987566877005136,76.8131588438491
1199.1350289315653,496.7156490616502,50.43727096743298,76.05065678536693
1195.688107485757,496.9077100331633,50.57701457366369,75.91039947342733
1191.9403516123573,497.9390839823319,50.61937180001735,75.83896762297015
1191.877310858793,495.5192560908852,50.71446899739603,75.7506706085995
1182.3830768112705,493.5435323966944,50.66328448849333,76.82746857834961
1186.0485548291977,496.14270165559617,50.700901118643216,76.79677683453386
1184.402868453493,495.21971451274806,50.682786465189544,76.78623328461184
1182.577439551069,496.10204838147644,50.68367411696119,76.78476651103198
1184.0811237698308,497.37124018543574,50.68597551037498,76.78311005868672
1185.961675515497,497.8213225376249,50.68755588767572,76.78047071473057
1190.16913358593,499.3799125207555,50.76566612738848,76.71289055466738
1188.0363177857525,499.30558137976544,50.76939436346146,76.70507890575173
1181.3277578795287,496.6807339923157,50.97332008879084,76.6112139977415
1180.276644445768,494.3836519354297,51.27873553516591,76.59767112531952
1178.5583039006572,494.4889026785927,51.888710523235396,76.14086624591658
1179.8474524604494,493.48651687866436,52.493836723907,75.76696692775684
1175.166283647638,495.9837214481985,55.202704220083554,75.09108989473654
1179.5127570826892,494.972780783251,55.35971639904936,75.40865023049452
1188.4042105274484,496.57030651536286,54.688741576032086,75.80998378573078
1193.288626286589,496.3075326144874,53.21642330591163,77.06789385269073
1191.106473050145,495.6579063906421,51.18996962559688,78.70802929232349
1190.2263764900767,498.13489458550976,51.129753226948175,78.14800998816074
1177.2526556998878,495.6263217590225,53.08937022859325,77.0155181558323
1172.8380952739935,498.6767731807172,55.86354525898878,75.33856502062855
1173.322122437116,499.988491306598,59.09073773734124,73.66240377008401
1173.6047989906463,500.3668731776683,61.59641875871437,73.02625940068798
1164.4643192246772,497.81169697897315,61.52182774490285,73.82455907295031
1162.364712843711,496.94942234334786,59.47497289277871,74.45636216824857
1162.44702948247,499.63391550647265,59.581990087284034,74.02170872841103
1160.224224759942,498.553841977387,58.95626389587541,74.15623796388003
1159.5960317865483,498.07407077013886,58.188583744446134,74.63341413044755
1162.9653143238338,500.219574811295,58.556608095903805,74.44883731431642
1161.376380834305,498.7709511292318,56.36386730608602,75.5083590567031
1168.506894529786,501.7814861070159,56.12430256645737,74.56919660105426
1169.0455013194169,502.0387236304263,56.00119631731141,74.18165392351223
1175.83495218592,503.2600309111045,56.20585193582507,73.7849234764805
1180.6496522162663,499.93343964995734,54.3855385393595,74.84123043038466
1185.7027194404961,500.20888311688503,53.0287775939428,76.27127049899707
1191.4541873801234,501.6385250333645,51.50505736346,76.4807896984249
1201.5652549058789,504.6823481021021,53.06710503693653,74.51769921764976
1204.823212892357,503.19762544564844,50.51145782201624,75.03681575631069
1211.093677010939,502.6529668989075,46.35303155813675,76.2481410945022
1215.3499719628512,504.327723078932,45.80078883921995,76.22640124186123
1219.0948242944792,504.98414633001966,45.535460552000615,76.01025925334434
1226.464591818982,503.0416894118091,45.73003806910977,76.64130188324748
1222.8544611705063,502.7473628205623,45.445602270042315,77.08044499484922
1222.6148044292497,504.05268152591185,46.463469576394864,77.09822658595145
1220.610803219622,503.2402047943544,45.460963886643114,77.63361835250308
1223.4439120812826,503.9657928116967,44.5668652956067,77.61617867679709
1223.1459560944652,501.10416933082433,42.69484837909097,79.15641463989841
1221.7185182237845,498.1222626123107,40.27379593034416,81.4676049228351
1218.8323278622568,500.14313933798155,40.088216135116525,81.33304872031475
1219.971475500675,503.3868471155878,41.2608927769482,79.51496854052921
1216.6560299457035,502.0015779606634,41.40060909430243,79.89056810697329
1213.2134500316488,503.03829300557135,41.11848600670656,79.60360450840462
1211.775024876984,501.4992676626631,41.06307933355121,79.64302364445619
1212.2641665602596,503.93892657217975,42.31264921695467,78.28094595861445
1212.1783337312968,505.9530329185861,43.44791999477669,76.63215175372432
1215.0536558364793,507.1823794010841,43.42713304358458,76.74051034382488
1213.5689633638312,503.97048593343686,42.76935271473851,77.37211580487764
1217.718259079138,503.7699524703846,41.766269286865054,77.46949159496145
1221.3322090162956,503.7402818541432,41.14035466218009,77.66994628725303
1227.2069327150348,504.9588149158184,40.96775261231953,77.89375922293672
1233.6396849535954,504.1757965935093,39.22442561875708,78.79001151397756
1238.4143069892211,504.7869960920219,38.01075152403303,78.16005515598982
1240.9186914185136,505.57385625972984,37.59282429547486,77.24417994177662
1245.1004462681728,506.20205980765115,36.10730118500773,76.96164386610923
1245.0028816015779,501.91708287709895,35.49048098216157,79.52379848135129
1246.2010563980486,503.9153036169496,36.33928200046215,79.33890947534223
1246.886110472713,503.7512140236272,36.72968552392117,79.9553534298243
1246.2069998146974,502.32186770618785,35.815386341236234,80.72802319326985
1245.5280205233041,503.54782700539863,35.544341653801226,81.96016950639117
1244.9235370313256,501.51604994501656,34.81921392366634,82.23397140432252
1242.0986294654829,500.7177924581687,36.28655958758457,80.94071453179362
1241.2046765185196,499.11772171546585,36.35685059856524,81.44081780403019
1238.3967638659817,500.9846780758347,35.88109677302421,81.79265824401517
1236.46885776203,500.95494210702105,35.966874811381246,81.21837681347924
1235.3850993808185,501.2856687020152,36.77523982993075,79.82665060873569
1232.4258125472509,500.74257757575026,36.73295068576939,80.43702843104737
1229.9881834440841,501.4134150836029,37.339822475527775,79.2039766020759
1230.8627914886536,500.8477538673057,36.83054290002491,78.34090835096399
1230.734938031929,501.10250750046606,36.95625225164333,78.52748105743929
1229.142132606708,499.7176492883053,37.245324438518125,78.9754209055375
1232.6886035851478,498.9171476445329,36.99546375162241,78.7077578283146
1236.2272307331652,499.8197240245352,36.82093950426888,78.37732045399672
1238.1058604724797,498.55107992418306,36.373762220067555,78.44690437829863
1242.9274846690432,497.95890697526727,36.16560909632972,79.11725891931088
1246.0871351175847,498.58599880417245,35.83745614149711,79.5391983397761
1247.982064418401,498.94580906296017,34.343790559462285,80.02163415591414
1251.6605865381941,498.2696299465762,34.66797927590201,79.44126046507091
1250.7252680283207,500.3514490880234,35.47657671907445,79.08483507429781
1251.0344933910374,500.5663441699873,34.889678187512274,80.3864293218331
1251.9844622038074,496.43111076177684,34.96174048430824,81.30829611817131
1251.0097892448825,496.2101422054021,35.18899322739827,80.4897462773551
1250.794099481852,497.41450053506793,35.54562160328034,80.13544255345835
1247.9551153836796,496.2860135227161,34.925323562104865,80.79824926563766
1250.7094790097667,498.47409780320015,37.35950020393089,78.13337347039939
1245.1817340887612,494.9180034805601,35.50488133284692,79.47080275613727
1245.7799500380263,495.23491097872284,36.48440511288212,79.05897974386245
1244.846414459613,494.9502664609515,38.49876017066306,77.65373939848152
1243.611348071151,495.8670186675601,40.24940828620908,77.92166763656327
1242.74112407105,495.53343836671183,40.63201991866174,77.32138067121383
1241.6881412114403,493.8932984981325,41.13593979224753,77.43178678809568
1241.0305279520203,494.47708936183255,41.00259293822354,77.3535777928873
1236.7840529534396,493.7670503357776,41.26699650149692,78.23968894843226
1240.6465713457533,494.62909817728917,42.79687667760126,76.32937464969861
1243.1189379764305,496.2547981922499,44.01733192350181,75.59868080440575
1235.9598390537005,493.84351255369637,43.67105193786839,76.72209874517542
1231.3389628431928,491.8737113589401,42.57852205293352,79.05294147655059
1234.6219639621645,491.7301844507592,42.63968921640755,78.41927119396223
1233.67364429506,490.77007582721785,42.66979034216536,78.6596677083499
1228.1446560168679,489.92639301598865,41.8472394498651,79.14609749401411
1228.5665418371118,488.8892773265112,41.6338943918174,79.25451756101413
1230.6159222265044,489.7872380341754,41.62732179608756,79.17583368663807
1230.1097918499502,489.8444563852812,42.116274323708694,78.50308994725907
1224.057026993034,488.3792050021897,41.45215966529186,78.80149524022067
1225.9414526877792,488.2888880872531,41.938034824838894,78.28472071654237
1229.082746418607,488.68355918327694,42.26988579025556,78.05990523218875
1223.7866640973484,484.74098494995644,40.908596200391706,79.28589668926446
1224.1271861844778,486.0920001441588,40.885556382342976,79.0359314655758
1223.8296475908658,485.55070594777635,40.714394531713815,79.28284030210692
1226.1989484607625,486.37462935720555,42.596906217930915,78.57122979663058
1225.23903558052,486.5938123363346,44.99351087157346,78.04792270633679
1219.6168026049463,486.550608845815,44.912331510080335,78.01765974954432
1219.2289845079856,484.4392154731555,43.521437922570506,78.99912747832859
1218.9252355414574,485.36159771910644,42.89992707433703,78.68844778771845
1220.113418346238,485.21577325430934,42.620752412697556,78.41840768189162
1218.5935016713283,485.99104361063917,42.52298756430212,78.31391312382515
1218.8325417404367,484.6616150863589,42.0128509234137,78.42769097745303
1218.9823260674084,485.3176378196717,42.00882318550935,78.34174864070461
1219.844272846081,485.8571394056488,42.64886385344077,77.67785953584671
1219.483442042487,486.83805304010235,43.146613192643,76.66527482130286
1235.6466568962774,492.7901409639052,43.30463663825453,74.95461450009343
1213.57984864981,483.00027246143617,41.936253133107705,76.83991174670345
1213.6813121688717,482.33259549857627,40.821339388785866,77.64974391764339
1218.683744097805,487.22815023153066,41.75729871549716,76.82615591347673
1235.6808431727356,491.8142070076954,42.159616848898025,75.51336706702857
1237.5859024015363,494.58562214905254,42.874432829472525,73.31831806082015
1212.4045498540906,486.5103590044706,41.597029800419214,74.52703028358252
1212.5036208643753,485.74589079585735,40.51801862985759,75.35800153477132
1211.1199662802126,484.5201031562891,40.25074127453257,75.84847568592016
1205.8331844758522,482.9426834142735,39.916911103756334,76.15991024976424
1236.7583314441868,495.120825907274,41.1812119186483,72.9110081153089
1236.8750794466569,496.1811286659024,41.78124253350094,72.01148725472447
1237.3529019522707,496.3553663056177,42.13492785343239,70.65199939632166
1237.6878679562126,495.37093026620414,42.89071129055016,69.4322179645951
1237.9580890367636,496.79077197466574,42.92934988977305,69.09353131431088
1205.132738820726,483.6783402927393,41.524873566498556,71.9699061704599
1237.7889705560983,493.5717312351122,42.29726589191213,69.7041211244136
1237.4849292825684,495.94891795740193,41.69197393516746,68.88834460126716
1209.1301157674286,485.4696975864076,40.33340183398192,71.12706119020959
1207.736245839363,483.7011744029499,39.61217047206241,72.10306539410854
1208.3188013913905,482.63219939943156,39.12100643823426,72.57101598708306
1207.826435892577,482.2846095618558,38.089469050755646,73.44844188145484
1237.0807984724963,492.77973575173576,39.27640435786424,68.8954082311547
1236.9470054981446,494.2981201111719,40.170813069901016,66.31641541569303
1236.5759773964724,494.0377552399108,40.48171801216084,64.60206474079837
1238.4996122843945,494.78779163087745,40.286112136646935,63.50867201024103
1237.406313807138,493.69482253412485,39.835209442243126,62.17759804921948
1239.4751730269209,497.4885211113924,39.842591496524435,61.223729217287406
1237.8105721009415,493.83924938647385,39.538885518785904,61.01623516630985
1210.3130685050112,486.19129345126225,37.55880080081063,65.29595407983217
1238.5994995244919,498.0992672750192,38.66210843826252,62.30781640140731
1240.1304670034644,496.9658632470478,38.59210266519735,62.09698752834822
1240.0525244109108,496.10270131073736,38.59190230449574,61.58126827133863
1234.681181048674,498.0899585154455,40.494648554240136,59.57277922531527
1216.001806214281,489.54899572337877,39.03953890298537,62.08841085050858
1236.3127253127436,494.93333943135326,39.93489796544847,60.00002938143002
1212.3376836465072,485.68603737156064,38.279148350629555,62.83427130921207
1237.0019103502195,493.1181323938148,39.135687708499134,61.763658171068315
1238.154492921358,494.186627221722,39.564235073128984,60.87706022198523
1237.505679654709,493.23962174464845,40.04496230533631,60.67935789649336
1236.9578160755682,493.59070793192865,40.28233203646929,60.3468866615177
1239.1470083931595,492.8229544839733,40.37354263024959,60.07565307775201
1242.0672503927824,494.54414485366357,40.29275523925577,60.105836364789056
1221.6168005757481,487.4974305698052,40.036294064725006,61.00241080410742
1215.7174488465257,484.4100936858322,38.432473569941685,63.93629372323497
1217.0407575698987,482.44740786267045,37.548389659733246,65.37705870452427
1217.963133516593,479.1573562782036,35.942041199849996,68.26215600667174
1222.954411324773,482.64468889071946,36.338280204598554,68.19493407438483
1244.5098827712027,492.41003677003386,36.83797000712928,66.54669886479779
1245.4301168756363,491.59907851629305,36.872655299192004,66.33193915843415
1219.6672355415833,479.1757188613882,36.03532496661586,68.31654845934504
1223.9881799069765,479.90248469504866,36.46144322266625,68.39943554705863
1245.2477453496924,491.70548821118274,36.423596235126645,67.22860321673095
1247.0460279761633,492.0124428478614,36.19786136578637,66.35863349495797
1247.6876065853396,492.7392194474863,35.98933171556696,65.50822228732873
1225.6606536706329,481.477476115628,36.560009714617685,65.32114696346062
1223.914880480011,481.0795517636349,36.872376395072074,65.51669955020415
1245.4436178145863,491.39905839788594,36.91544548495208,63.80964507686866
1223.746235318036,479.2782257225332,36.378843437071765,65.68520170454741
1219.1703358261454,478.32719432039704,34.9368674642969,68.04203951427543
1223.3453447553798,476.507729202096,34.83362404665561,69.3447776178375
1225.482259086208,479.11314641309013,36.31259811616674,69.29870743292443
1226.3500979413336,480.5407293889461,38.1571250536717,67.83344316268233
1224.1730793280383,479.56780873480994,37.73242682658271,68.67535096443241
1219.2240529964888,474.7862178301898,36.44091894842767,70.77874774513454
1218.4625404743156,477.4505464260522,36.33534478695808,70.94535776479836
1224.3860851025404,477.5752606347145,36.558633592376225,70.18683497867687
1228.6219794961428,480.3613343153316,38.421713339827434,68.30341088262624
1227.3511516232354,478.2161239058948,38.55825422062486,68.85959165998325
1226.122577857848,478.4272801904988,38.71931773617146,69.08244810768468
1226.3009518076967,478.9842144440248,38.45911640453804,69.35195905785922
1227.2746201220173,479.0995922817361,38.179153796808386,69.67077185446544
1228.5194231108958,479.23581580722237,38.076209874234976,69.61559256237841
1242.94247296828,489.00954695636295,39.47365660697932,65.28745627539328
1241.224699068369,489.8641995892523,39.78779205803093,64.5584617856407
