961.5,826.5,110,254
955.7873829697594,817.7946447907436,111.23757535918216,256.66692363822415
949.08039487951,812.9546641183803,108.92107608205866,261.2665741077701
946.2991460212959,808.9551276413404,109.49981064822646,263.2346329872315
941.8084531671071,811.029017896524,109.57359477464092,261.7691903353333
944.6861338598175,807.0725706156544,107.17886268195852,263.030838966974
943.0052128212947,807.4043506413525,105.37928038318762,262.8324642521757
935.817949810407,801.2590008387837,105.00456157711915,268.98499632344493
929.6075272328409,796.8644370983632,105.85349716923596,272.38966455142776
925.7721444298876,801.817975959635,106.93886599804065,269.3574878276404
922.1633933777553,798.1424002995715,108.96765522318805,268.80970358805115
923.0594897810184,796.1849066000547,108.46804970696802,268.0602774119964
928.0900705409513,794.8601864859766,102.08770268264834,272.86028812561483
923.5706903924274,788.887971848726,98.10519966499041,277.27677512895514
920.6649608392236,782.5076120787808,96.96426559899567,282.4225035881312
918.8351940024237,774.8418142716764,96.05027722402878,290.10973961775534
913.248415866246,769.1753515120838,97.86714835812452,290.6838062188117
900.8131919466197,770.3211519869758,102.39263231743962,291.8633193198376
900.4604421127734,765.8513588279525,101.48015139490826,287.2268194660038
898.4414492530282,770.5787452243019,98.02117301286302,286.6276086279926
898.4430536604375,765.0599689008206,96.87904385099301,286.9269086447668
892.1063945862966,765.2643712401537,97.76498841971606,290.6152171241817
889.1429947470948,762.6498214209802,97.53793394782429,295.06498834054554
884.2540435486262,762.353507048145,101.0473535502596,293.43018266360036
884.1939644644151,759.4101378450638,100.42131608708598,296.4301588824448
881.1865725348425,753.2284327037868,99.80317681231833,294.1333765396846
879.1140970277954,756.092167385998,101.14580677736919,295.3623239198488
878.2191204943131,749.985928680271,100.48132018538377,296.1420041483864
875.3317462984606,749.0167294383207,102.94170243092191,296.6178007701949
870.2907138378836,744.1716433016481,102.73420237906826,298.1594341336736
871.0707200099987,738.4141120856623,100.90028302725557,291.0263156242127
871.0246226488708,731.7488739877061,98.874259611132,283.3585644752634
870.9946211142468,731.8309790779828,98.30106352705792,280.83233906169175
868.3716105077123,738.4505627018449,100.09221250133444,287.09878831269884
866.6464171459178,728.011443655791,102.78648772771825,282.4229824407371
856.079271937442,734.3951609499236,99.48064098751311,290.40271570769835
849.743635249063,723.7531172537256,97.63137986642681,289.0615412985903
849.3245290049925,721.5596659713497,94.61506667433812,287.89654358463514
843.8766505758697,716.4486734238616,92.79990944167574,284.7689263158536
844.952757272118,714.647050569967,93.18520734358074,269.2814952876323
841.8244792332291,722.2602363030729,90.21640930440401,266.36193980218746
841.1124598630481,725.9819903464239,86.33117260593218,278.33635597451257
832.5750656273567,709.8728058206734,88.26696047938543,270.6213666959484
829.9151258018287,715.2853759771806,89.97860226462198,270.49305180170734
827.4702120542506,705.3837100686118,89.86078446107689,265.87614733477494
826.2799162406671,705.9857018947794,89.89204843865019,271.50923308072913
825.6336152771038,700.6847103800817,88.55188748262407,273.15821051254517
823.7524998290233,702.2391014350006,87.4594806682235,272.3435468046271
820.604176559952,688.5811932155729,87.09143878525865,261.6858050804122
822.0557649035981,694.0833382799711,85.26117798520343,254.64336652110342
817.2427524469358,693.3742193100616,82.31289798439886,247.75845586115503
816.4329942847562,695.5515173532323,78.1019589076308,245.66290662752104
814.9829829172897,694.6288999371213,78.6116490648443,245.60713278521456
812.766962358862,694.49948557477,77.47847295892022,244.31100503122167
809.2964942127952,695.9207064812422,77.34575066569121,244.14520315734165
803.1582163904815,692.9940687006947,79.11849335297899,243.82243465389567
797.7001995819635,692.0281682649678,81.04354163395163,240.6913430206078
792.1264924465279,692.4308973337086,82.33150421010609,243.2172952130153
788.321531885686,694.0494399386761,83.81916360112093,246.84981272098483
787.9150787201824,688.4995514760295,85.35850792458406,246.67106900493764
783.0183645065922,689.5394210361196,88.41611896317693,244.07728832616948
780.6124388091054,683.0269007874471,85.2633616382795,241.90275108202607
776.1099020888684,681.9851962000143,84.50904966578355,240.64430199018065
772.5786871754196,679.245632820485,82.51797571272465,237.9410107287486
772.4187066924898,676.3547344146699,80.17852159368428,239.0853844623373
770.0615357452476,672.952868088779,79.03245926392712,236.88527648835213
767.3353431511,672.844866072569,79.27796026675155,233.63081152864373
765.8473935786863,671.9518322965451,78.27780503307095,233.76937451502295
764.7582485338016,669.0970179614258,78.72906347875738,233.23312636452684
768.1383905998493,668.3269637883517,76.56381877110418,233.67561945232836
772.0072076025741,669.1546619671038,76.69354340540787,235.3665092578738
775.5595453876243,664.2683407707239,79.20811851910952,233.93880028725337
787.8773897600278,666.2539555616713,80.36062694528081,232.58788195754195
795.0489815172369,667.0376098410738,81.43000704752677,236.94012201221247
805.1500644450122,658.8515813946485,80.46718929720015,237.0608157472783
817.5533427011565,658.4174237345457,78.82767412192716,242.1112648423186
825.7735071264456,656.3923620351521,78.37698859700498,239.41701620195278
834.6308811236345,652.5475797853824,77.47370012518134,240.17390107759746
837.8997537525534,650.9725832473905,81.50563850874772,237.4107393411817
841.9970127587302,652.2458867504258,80.77477354376684,235.62897476001456
844.7641724397043,649.7596553840863,79.95046171437554,236.41289453679377
849.6988775543668,649.5691865871761,79.4447438754566,233.19122031969792
854.1811225335101,650.0944909567422,75.23746615447524,234.19059384170646
855.9711507636351,640.0555177933338,74.62654443872465,227.98638342277007
857.3472816487094,639.9210199119171,72.85789698525687,219.7994223877642
854.9488224764998,638.0287003743925,71.24422599805678,212.81716581586872
855.1957683154867,642.2650365609542,69.31886601639971,212.70956933314784
854.9966868458342,640.8263839638967,67.06136632369306,213.55214611746248
851.4406438194203,640.5673223264093,65.73773923705691,215.80422548248646
849.4987514492082,638.182122377031,65.27360324365824,216.95554864170856
846.4162066774945,641.4277139285266,65.79900817352576,220.91369122466372
842.933156875972,635.8210663572085,68.10283066937085,213.98451101997875
842.6896294751358,637.9176284241137,69.32822432049201,215.37684058183982
839.2773010603605,637.1084272224188,69.50034455239545,214.39530699217107
836.327734180988,634.6559398117708,70.24440396727661,213.30689968854264
835.4107485448047,633.3741713089773,70.0602702956694,210.7256173034121
828.7702335865789,625.5388814162645,70.21256660382863,204.48843309943416
826.6783875451696,629.921662850536,69.04603000881943,202.32014270556857
825.0091717130101,623.6100682454422,69.3538264243904,206.64381085009342
821.90484086695,625.0725946749768,69.8324041756478,202.67160564596534
818.9215793711845,621.9601859011569,68.48577072640731,204.4709321478536
818.1673925151441,623.3658280479831,68.5766314407405,209.20764253533986
815.9686059416745,620.0555396746028,67.70079380030631,208.26713309360525
813.851612442266,617.7019122111606,68.06874407863896,205.51013023777102
813.3665512356519,617.5992681922438,69.3656172647259,204.70895749070502
811.1514165621131,616.6714329592555,69.5794613538529,203.70047060192445
811.9789448972667,615.3045136208968,69.54301267618439,203.94143206913037
820.3155208204892,616.6857830238897,66.72912085673941,204.24349819071864
825.7931872744686,615.9767416822647,67.28767521546322,206.82476643115473
836.1738411160098,611.9136862457896,67.78346975888721,206.77029502026568
848.378873351493,610.8087803055078,68.96878734694042,206.44825751899006
862.0988043503842,610.2422414243475,71.20365363649191,207.08962667928702
886.1361600887864,608.3462810236067,68.93875982206552,209.6668664497373
909.7773003208613,602.3561809311535,67.03070893137567,207.69124079130512
933.6333586039847,603.4825503185047,65.58220460691616,208.1682133872253
957.8107731064907,598.8198251694106,64.62627227126514,203.27055317348214
983.8171250280578,599.5392484510419,63.393207725741874,203.10109654700412
1012.9784735696358,597.5440532485156,64.82753574600831,200.84825683309862
1043.2110077990367,600.0595874102054,68.39852316920803,199.2993083079322
1070.1835302804218,595.9085272054637,68.34409557280603,195.78651040191465
1100.4839033461299,599.7898064746605,67.62489289643538,195.78536868486555
1127.8211119150546,603.5823207694319,66.95680350130647,196.18389056947453
1141.123336689763,607.5761609316437,69.77611124392703,195.30599775512462
1158.6818941924741,604.2477111054496,68.81718576013543,193.83652015062563
1170.1202400099269,605.7457880258596,69.88014301623161,196.41857761901764
1179.2221061649357,602.3981026280461,70.57900735832865,200.18003497205086
1185.59041087541,602.299388185402,69.91410617244453,195.9168783982485
1192.3749377495458,602.3107806085043,66.70511123160755,195.81275850183937
1197.3597427260431,605.9125631299305,64.96984368465165,197.2680216865286
1200.5958668230865,601.3186210375991,64.94120836179907,196.55990415330723
1196.501680787046,599.2632090946383,65.99543361273368,193.9062619742857
1195.2745783449661,597.3484969126908,65.17228253725536,192.40607356527943
1193.0320094459562,593.226449991726,65.84533057191213,189.06105286203956
1192.3910346983353,592.7801804337738,66.72447146926386,186.17698415461155
1189.3268313489928,594.14919864208,66.19104011481853,183.48209272009805
1186.1653273926154,593.0154774910154,66.16378030989347,183.066557399435
1186.5297563574456,591.6096747237241,65.14973449319447,183.79926815298182
1186.1306839118706,588.1869662638506,65.5674715118072,185.35722516054733
1181.9324003220486,588.3013885674234,65.00983939317216,184.15780897344484
1178.810625344168,588.4319697578474,64.09081400101277,184.02011596591746
1175.7655006362863,587.7654758828957,65.52107714848556,183.86776742017923
1171.3155769352315,585.5119235675409,65.90194344190263,186.77523366627486
1169.2076691677669,587.7781054554055,65.80438415097099,185.8424131998461
1169.3165287010306,583.6450598689643,64.29175983897936,184.70311895861363
1166.6862395334397,582.1766399007042,64.71405497883097,185.46904570696336
1166.5359577717961,580.4640910017672,63.12613236426968,187.6335179822023
1165.6034644388496,577.3364981047312,62.57650922053129,184.68201249767833
1162.9514804602695,578.6000896296442,62.30571453609656,182.30087686546017
1159.6123655514798,576.4579311341345,62.689675890224265,179.51853612282008
1160.1636150626425,574.2763862195822,62.146071790209476,179.0422427328752
1157.9633550541053,573.2997354834656,60.02199651894353,176.75435598527528
1156.8839266754346,576.0795340852883,59.38063421725812,178.68555007737066
1154.5433266863095,571.910975710972,57.32586363037341,179.13266673753367
1152.3030892809672,571.2690214196423,56.915081431326165,180.03902136350462
1152.6496128753854,566.6971002252864,54.62827023585265,178.72210110784084
1150.7535493238424,568.5831549904335,54.494709046360214,177.49521322665083
1145.2227259478545,567.9580205944867,55.952533761985016,174.03200261682625
1143.8358019709813,569.4033603204358,56.57343454018587,173.35306061461006
1142.9020392520783,567.4095801339197,55.78660455171145,173.5199029167615
1142.9256727091233,568.4299463042579,55.040162137672894,172.0856294841396
1140.3912100272169,565.7362603290221,56.20087232676938,169.5190130696551
1137.359011248105,564.6186774256137,55.461521397736774,170.104830448415
1137.4784036876492,560.444478554641,53.635260890093036,171.22123822960634
1136.9430790519702,558.7552541983617,53.72482701342557,169.7596947812853
1134.1089747475849,560.2109783664414,54.468046298151094,170.62878145815552
1135.1913142567441,556.2738174326942,55.11514531711781,166.0190637951905
1130.6628865968307,554.3140302797817,56.37545135339812,164.95662580575475
1129.0312770950738,554.9910985290173,56.48371900073734,162.28517353635863
1126.948405025211,553.8269204225774,55.87511800468481,162.0189857076082
1126.1541823152577,552.9974833901557,55.37483880192049,161.88442893390848
1123.4883837041423,553.9678456290568,56.516687296774876,162.50942020426828
1122.3385118268066,551.9045758919688,56.42228782020658,164.18395097468812
1122.2756417069932,552.3846815086354,56.396957422330104,165.93844256737424
1118.9148409439538,551.9105491191247,56.812560272302676,167.01626695703047
1115.108792272584,548.7681138081296,59.00727461134542,168.73559595288805
1115.2383484206177,546.5799294994413,60.10098120365276,166.3381104404913
1112.2513266207009,546.2337193359017,59.43402471965386,167.03310935380574
1112.0859737290089,545.0718480082029,58.00935845974275,168.22652634392512
1112.788103161915,543.4240197284947,57.1584594221644,167.35811724210413
1111.934296995146,543.9412599033333,57.07741754614195,169.44374088040303
1111.4157896135803,538.3097498796301,56.196625224933456,169.52596912448465
1108.9493677218547,539.1347495486868,55.365626386928284,165.902751109508
1110.4967800662307,536.3764596111312,53.890784847826495,167.1648813980554
1107.8892179707252,538.0362620182376,52.07970721533576,165.97132875214493
1109.4877085471167,536.691644809344,51.22840803072532,164.5624869277155
1108.9422930375904,536.254122483762,50.10649149782197,163.71167101289672
1108.2171583159557,533.8043958176061,51.26145820978276,158.69759986886777
1105.0970826988873,533.8851938352345,50.584408913430664,156.1721561985887
1106.1481877568774,536.1896616823342,49.72604665780915,155.47691881910848
1103.6103372254543,536.2601721649754,48.30870026310531,155.38207713655288
1102.9392348173947,537.6476352739876,47.903335924604576,157.11582122096445
1101.5097035335266,534.7639565313652,47.654282362216975,155.62387936330944
1100.5127155345297,533.4751604392104,47.345048745497806,155.1661354587456
1101.2463442802346,530.8721102039785,47.023598201852295,156.27213454909696
1097.5589101243083,531.0852488365846,48.152033560898694,154.208037402351
1098.0185128048624,529.8247002486128,47.94581862997302,155.04839559924852
1096.4650865754975,527.7514163706624,47.98753902563715,152.19491088912739
1093.713278870999,526.1937639095012,47.91410259915335,149.76255208082483
1092.8021167380914,527.5164842249549,48.04197360676551,151.22800787336777
1090.592066662299,528.4737411625481,48.42184026617781,150.31087923881404
1089.5291958137593,529.765847072218,48.75178767801297,150.0283303629439
1087.6206404097559,531.3100365796988,49.39108050782467,146.15817136086662
1085.3431372848058,534.7577283011306,49.427268870448344,143.64353733531001
1085.1847205721058,538.251771441438,50.19941228111114,142.90040528020393
1083.7039184122732,541.5491778510992,49.84994773524072,142.17278942999297
1081.3834772609382,547.9465073120086,50.30207011703855,146.79739332293025
1080.7357267990906,547.272023031767,50.44835397869615,147.2111867251989
1082.0731828761961,552.2174027164821,51.162903606609134,146.95477976558556
1078.5349954909395,555.4337258264909,50.632518267838606,148.03409920579077
1077.6850344914537,559.0495277167863,50.630280311993715,148.20731904948377
1078.7900853835715,559.9047343128564,52.1392123943946,146.9531212253105
1078.680499927977,562.3292289816162,49.527890234059086,149.24806916899288
1076.7276061677667,565.8423720102203,49.40697073565474,147.98738797583917
1076.8535938846567,569.3942013232657,50.241213746583504,145.79674589581924
1074.3428467030146,567.7734875798062,49.65565477317338,145.84175136645956
1074.6672799529426,572.4742278831836,49.954213663392636,144.9220352719093
1073.326330375476,574.6621014264105,49.99695544102988,141.1420060916446
1074.5446090004446,577.3042652515196,47.98695466115573,139.95228489901808
1072.0724191719985,578.729447987651,48.05851485672865,137.42363862223493
1070.772950448291,580.8580617993431,47.100133553945994,136.2546697601541
1070.8525221435239,581.8393206960639,47.01316036805,136.07598659116098
1069.787070269798,585.0723707181163,46.45326685333308,136.86964030925898
1069.0465128065487,588.1611001660455,46.5900419922496,137.0254138948706
1068.0912315689059,589.3309430777423,48.60404066729046,138.59188586623753
1066.9789185054765,590.2442977217978,48.83020523444743,138.63358026477985
1064.4788615365233,588.4435754679835,48.64962676421513,138.31928627994364
1064.358131499742,587.7424746971354,48.511201945373564,138.16445399779036
1062.3185139439051,587.3723239108011,47.10407250916819,136.29519758598013
1063.2036367056537,579.5353948260555,45.61553748389771,134.12192811036624
1061.8310837666193,581.3580053621592,43.97884420449106,134.45184981814035
1064.210445711111,581.7585220614494,43.85884479228524,133.54246723353333
1061.1306792814032,584.3556659982589,42.77111107839316,135.5147704215006
1063.0009082392423,583.8465243255457,42.78292195358725,134.7640879743227
1062.964420032096,583.0482117958835,43.160935292090635,133.50247437813795
1060.8554769764257,582.1546136694309,43.052181139938995,132.8723824122339
1060.0123210512702,585.7907387564269,43.2171419101885,138.65359955686074
1060.130945433596,575.9959194069762,44.12037050159745,138.66965331930425
1059.6849227521939,577.8123190411746,44.73577699668523,138.8079626372246
1057.8365169376898,576.0762523225419,44.38433449801997,139.60567479087558
1059.0755814216107,577.6873083869547,45.1214163879305,138.0379139896163
1058.7591077365444,578.2705260478035,45.511854293295016,138.9032886912281
1054.2070972636309,576.112459232173,45.33476245934075,139.09302870419526
1055.5512759389453,579.130570982304,45.45397549085757,138.25787836321342
1055.1362798743125,580.0066730429796,45.078839355212544,138.9625849627705
1053.0046431294672,578.5943947922711,46.324086439329356,137.9507890045042
1053.0916127884464,575.2201829700236,45.46659658210447,136.49018873125294
1051.8698757522704,576.2726540970723,45.51106165392703,136.44795421210003
1053.1072983256101,574.5158909507016,44.835314080147384,131.81262624751773
1051.7931605440078,574.4170805409666,44.2330255526363,132.99039266910768
1049.8758187473395,569.5080405359754,43.00709162072732,131.0226581202556
1052.5618997516985,567.9808800053769,41.95962109055172,128.72644001664827
1049.698268338052,571.7952203271702,40.87271241788858,126.96175984427921
1052.135631639187,571.9606834433044,40.645072275822486,126.56050704236462
1049.3493919993198,569.7422458180757,41.2690194811944,126.18808184430667
1050.0813224083581,569.8997467984505,41.040695497395134,125.81474698889193
1050.1015275285743,571.7128031318107,41.78543921370998,126.00007037970792
1049.8641291647155,570.3893938560294,40.275967606120815,126.5649654897912
1046.1625919515982,571.507394345486,40.35158026801473,125.827380083827
1047.3426991154693,565.986996265498,38.34470682584758,127.0857386691032
1046.7557758853202,565.9988705526769,38.77695658223628,123.90504854122776
1046.3172174906522,568.9389016600778,38.59155659977835,123.58737160995054
1047.1148454124298,564.3615157655234,37.71456587389481,126.96876993895663
1045.1091140212843,560.7675798334218,37.98578628172448,127.53579423337186
1045.400414800882,560.9544641776417,39.482620121716394,125.4105489628308
1044.3319802263743,563.8828111046919,39.42517213084507,126.74803714259053
1044.655073403944,558.3630226684829,40.5269581306835,126.36881655581564
1043.7822886223996,558.7758434778433,41.55411486952421,124.11698282444871
1040.904814517432,559.6512309036794,40.47175605468393,121.99723279934753
1039.3953153594778,558.7025603053679,40.606310103968966,120.5467752530798
1040.3113995270628,558.1685895283927,40.71137310389873,122.33015415643555
1039.0643602359337,558.3832546542064,41.35060454012779,121.89417648038909
1034.669589528638,560.0512558342489,41.61445811693254,119.72515288572586
1038.0175965478286,556.4667957485889,41.12570280762208,122.45330559723499
1033.9507324137942,557.0902404860853,40.733498147133616,121.87890318871192
1036.3355200585136,562.7481114450504,41.391264884442265,117.59349099322154
1035.91049188314,559.1980409554436,39.258777491450076,121.95593844071604
1033.6614947177425,554.9244365277715,38.77960550546723,125.38028530139678
1032.2225203372677,556.0774425440986,40.65808394791571,127.384516217059
1030.1890169881472,551.0978017895771,42.87599537822625,124.48430731480865
1030.6628626349805,556.6046256779994,42.81770734648484,126.51846653580435
1029.2917819246302,550.6448880111807,42.972985130536614,121.89819422688863
1029.3381342777361,551.2754136322222,44.41847193885452,120.65369309645749
1025.799508200151,552.3613267833443,45.1151749861729,118.41860134375486
1029.1784160954307,555.6484331209367,42.64371444972524,118.1703154767012
1027.7626272229911,549.5228287109837,40.37356654418514,118.07006509522391
1028.8332795098156,557.227254030918,39.840837041722466,113.0060532964481
1029.489388619763,553.450791360584,38.224098546903775,110.55802544199545
1027.8218561762462,552.1446242110434,38.668654220492456,111.8719997902561
1028.675016168356,553.1460311514895,37.55110457155328,113.66674152327586
1025.5690761842368,550.6626810126462,37.21424106487439,114.56413846993227
1025.8807966764657,547.6925401198138,36.80743922818945,111.63086242354767
1025.3615423296774,545.617684903429,35.85064796987156,114.34404344394491
1025.0246293833973,545.0101530316397,36.3121301128955,114.75091849408093
1022.2734093236247,544.818530783878,37.91030587069564,115.88476307990669
1021.2186998823158,543.180869491388,39.077953671570924,115.7174382603885
1019.6503035050464,541.3098026473333,39.22225712653332,117.67667578200383
1018.5153957996841,539.7172291236684,39.59709735600681,116.42789788107183
1017.2511351669241,540.4032304589404,40.09841949999498,116.78710545924032
1017.1109449634087,538.1580306429423,39.612386295533334,115.20527921289067
1013.0155815274813,536.3256719902985,40.37379010656335,117.91538899195214
1011.887762564651,538.2756777903159,40.06924983419637,118.88212177203236
1008.3051198180096,534.0958408462553,42.70721961999652,117.52309044183984
1010.6331182331771,535.3032819033142,41.7450240490508,115.69200845923893
1007.3508098281137,535.4871389572618,42.091732162331695,115.71382141692052
1008.8251401078533,538.5277743748878,41.355735114754125,115.83240424519869
1007.6350359513206,535.091675782781,43.649511867390125,119.82938567649578
1006.1589002784962,532.4541499459239,44.310877303737314,120.86251474315767
1006.6433582730019,532.3150724684217,43.66361005210454,122.81796514864047
1004.8829160706131,534.2443141760584,45.79572484550799,122.01527323197581
1003.3124119639748,533.502586064547,45.693443394202646,117.69222509644752
1002.0900653902385,529.5291951511618,44.04642148172964,116.96048069084677
1005.6243917593413,533.5156189026296,40.267320988887946,122.28567022345712
1005.4389048315376,526.5194238615961,39.927014931452675,121.94982335064475
1004.3925076876927,532.4233940033754,39.8271866862554,125.59099082726036
1003.537614387583,526.4733882934963,40.33133865283369,121.34487862699763
1003.4319036124144,524.1547064940378,39.67657233541104,118.11941690518694
1002.5588894634567,525.0894851241356,39.76127787218688,115.05124466077422
1001.150199041936,526.830530691547,39.216251363171644,112.21654518118788
999.1292317864284,526.7746570676281,38.367572528625,114.20049534408491
1002.4288284741255,522.854133201033,37.72665292732469,111.52694739115232
1002.4434088400657,525.1713649878425,37.793560964005884,110.78995537921848
1003.4566918716564,524.9789633290704,36.95664031635617,109.23928576044912
1001.4277654408125,524.86340308286,37.15265168917743,110.70847960593352
1000.6047241882769,528.3149615428061,36.666538295470275,110.14868645881042
1000.9227421804271,524.1613085187129,37.71765098302046,112.58302164851882
1002.9003226324372,525.4523469038498,37.349375281608175,113.37928327827552
1000.7632608273921,526.0537257440376,37.97696889374139,112.06926369848799
1002.4127421133412,527.5396721209164,38.021697370765025,109.68263859250092
1002.0663320161846,525.9784098974474,37.63206943435322,110.91722328721391
998.9179544190088,522.8806825258346,37.43437093368421,112.24477436129698
1000.4125738937889,523.9571490304505,36.22172554582117,110.49886677661758
998.8140424436134,526.4636909374683,37.65707926070062,110.06649118325893
1000.7518987461934,524.3922970069275,36.167147410697496,110.39996071787314
999.193827448962,522.074460848571,36.065343079739414,110.66969520447788
999.9794075676803,522.0573954920382,34.92648392911133,113.36731239003342
998.713224863644,518.5107503448277,35.814091201773735,115.17162141768968
996.8778886453008,522.134732608294,36.173537121405985,112.84710072406241
997.26348952678,521.402409691126,36.81414057362387,113.11670826700217
998.0467013294214,525.439630473831,38.29399734051943,114.6291567071419
997.260349596365,506.4073267896931,40.47267836986855,119.5946496561169
996.5004587060997,520.7902282727563,42.147378624603306,114.8963328989482
996.1718498784228,519.0885575631486,41.13275881502193,114.55816497092272
994.6844004713104,531.1559926777969,42.3187351176964,114.60308411182181
994.8940141914176,524.0916915190604,41.50304844605655,117.21035714781488
996.5069640360133,516.4359142794772,42.04473836877021,113.33373392795409
996.6935331265837,519.8164392390624,43.83325853100314,111.3574233994494
995.256225176071,523.5711010740596,43.752753180092085,110.59621290718141
998.1979703545371,525.718646143258,41.79481653443686,116.9274878579809
995.2944548718311,517.2246245067296,42.03015090709796,113.4914489918531
994.2653037806176,521.363626994219,42.801287211610344,115.02872090613573
995.7814617987033,515.482290224171,41.55577093689885,111.94262347059805
996.2007648568263,520.7881710582398,42.181815211876156,110.20790101644184
997.8674394944236,516.7580729890932,40.35120133167402,110.5997499269562
1000.9041261316046,518.9531020208614,40.22787694243924,108.28670704261964
1002.1170949151552,513.7278878368596,37.47553032570587,110.71642781036748
1003.5867076859039,521.7546784153509,36.64397626683393,108.31446340982673
1002.9428230677412,524.4322665218352,37.02030225048614,109.7852824446276
1003.5973525902698,524.6034783458999,37.21199453314462,110.4641103849631
1004.3830063515462,525.2383230020018,37.651705796238176,108.084418853604
1004.0997979366734,522.7901002814043,36.71046989088047,107.29615586340137
1002.3446249006594,519.2438095187616,38.315765337226,108.31981876222486
1001.9562011500748,519.6907850162629,38.953183474373816,109.06469155975583
1001.9806480978078,521.5404115011223,38.394266360328864,112.14281151026097
1002.4511337739161,518.1454344367613,39.42634351843644,112.23862479911345
1001.4306631353576,515.9599692026826,39.79181465427631,111.2699751275939
1003.2607000327558,520.0807560759763,40.46166703237722,111.46648883496354
1002.373355657984,519.4411400775597,40.36518719076885,111.27127061583892
1000.1668590191285,517.3551386616897,41.36263891330803,112.51080647718842
993.7348862103188,521.0092378443779,46.59802003460338,107.53979826820856
995.6344889914795,524.2018792201147,49.18328329948388,105.0517747707283
994.2052985001133,528.8873890208808,53.217558367620065,102.62681333498237
987.1478419539282,534.6079066815562,54.933072844014205,104.8661793488383
991.3774077562546,523.4259386037022,51.539504148910886,112.63193532348998
994.8137912492901,525.8478473164581,52.46264286251311,110.54430950459621
996.4330175873677,527.0227880928977,50.37957028035393,112.86683988926418
999.9227874467626,527.6291615963015,46.79857237504744,114.90780592476494
1001.960944590592,525.616742333092,46.92496981533603,114.44387013573406
1004.8628170532745,522.4534335552006,47.86852551577697,111.56602334211675
996.0351208110768,526.2978617108103,50.64312809075431,107.19531637958767
996.7579139764512,526.8655723303218,48.89599981797622,108.62246758615188
999.6241221201888,530.36964131534,48.043037557468395,109.74442556248643
999.4728518775761,534.4677066666866,46.19013941642693,111.94317251688017
1000.0102292237519,531.1095434541355,45.90065258089112,110.2079431729139
1000.2448974282594,530.6932140553413,45.17172686827725,108.98370523539074
1001.2602041780741,529.3192610257014,44.065541812189224,107.73908755082093
1000.9791525121092,529.2924972722005,42.41816071482589,104.6398575708402
1001.057563040795,529.8137550724558,41.84982183024873,104.58641720315578
1004.1349408903417,528.5329345609854,39.23795256601444,104.85215531930834
1001.252611936578,527.9469656084012,39.100410483352945,106.15167022516827
1002.5440289738358,527.7957182619133,40.0012642091326,105.298190415402
1002.8574054939994,531.3012113854078,38.52054954234784,104.16296300414307
1004.8654620995479,530.6858514214717,36.93473317257262,105.65627997472447
1004.7003516509988,532.0824048814414,37.62248586098872,104.51172709365318
1004.64167519881,538.6782601182147,36.719722755877264,102.54945046581427
1004.7385981439921,540.1881209715704,37.4557866308673,100.62293447732526
1001.8896025440424,540.301569984614,38.528449356789956,99.89133521232662
1001.9954004591548,536.3767846531588,37.08637428562383,102.6668678718047
1002.4174944160334,535.5017660145037,37.30604179392193,102.6449601034901
1002.2271925358477,536.9996352173749,37.62524415048813,102.40126274166548
1000.6268571877301,540.4939261634536,38.3895654979101,102.1494043867973
998.4743905999072,535.9412772165775,38.53409958686153,105.03949416133487
998.9875242195666,535.1238467153299,39.2121894437964,105.21985084887417
998.7861160378342,534.9670654813543,39.95579537107061,105.8137030559163
997.6314316246161,536.5307532174274,40.34439191864159,107.69874325371481
996.6065089079458,536.7162218839092,41.07906264650261,110.62580495254653
995.8509343397733,533.0090853234344,40.60874342451375,113.36422950127312
996.7886512433599,534.556890601334,41.631378622907405,113.83488474409727
995.231362809741,536.9951418442771,42.50735828495195,111.79694603406458
995.5401460193696,537.5682107475309,43.01984143999361,111.78572433469712
999.4601061185073,537.8087393352404,44.7267077824099,108.31863824058527
997.6484508675845,540.4558846429854,42.860885997756185,111.84465077284763
996.8597926973993,538.9256645484722,43.11639559685848,109.72189821821294
995.6914915719631,535.9129208776668,43.249819913138026,113.16241347797359
998.6331493577393,544.5657021855212,42.2150860523354,112.22470970631538
996.218445386574,547.6415408123497,42.9280595653121,111.03798507658652
995.1100913337622,546.2234577971219,43.33894484096473,111.10640968402824
996.0790141820548,543.8109762548102,42.27613221264545,110.66844709908631
998.2762956243196,545.2970251956269,40.85030532885833,111.83527019533048
998.155802766897,546.6423478011874,40.00278331464707,110.9211289416576
998.8647618794764,547.9928531285028,40.27587543213336,111.24123246746655
994.224726360296,549.6813622864323,41.55439594321702,111.57313475527388
994.7003411959682,551.5078994328835,40.6107469602816,115.07621240989477
994.5205059773599,541.7206448163151,39.18680371638294,109.97823869978534
994.3896584560285,543.2725273612369,39.14055731224312,107.76734080459907
995.3425746549665,549.3828876053036,38.83828227440037,106.5304364595793
996.2102974559123,551.5899714134673,39.45249711111123,103.66323780084807
995.8961910397543,553.9182588098657,38.67936942205874,103.55519409310416
994.4034155363981,553.9162999455962,38.56025576550246,104.96761903109402
994.681057085471,555.5691418924702,38.726017983040336,103.72742179818133
993.6189641794509,553.1988876795243,38.29771165384952,103.516118049921
993.8824764957486,554.2315191856421,36.24539138974958,107.37549653914931
994.8447564823455,555.429514665105,35.32437944211893,106.16378900761872
996.8467437494189,556.9716458743018,33.91226821875427,107.76080203245075
994.0128703105049,553.0513194212291,33.730897203391855,107.0164144274103
993.1309640843281,551.2350376459802,34.71505187297877,104.08589516235935
989.581491081156,553.1189187054772,36.44944805177138,105.625301524762
992.0507911528805,551.5690945025101,36.809011129967075,104.73174489451542
993.6677099607211,552.4334601579499,37.87044232244085,104.3315669688013
987.252717386868,553.2621770078862,39.538903540060836,106.70972048459103
987.4899286550192,552.4928248661166,41.154176584734046,108.86005998453334
988.4417668230927,554.4132387999467,41.86881348550448,110.35914048541237
988.6834247386244,551.8271868724065,40.71518035201608,111.75990478162187
983.7976278181179,556.1887487890143,42.51673925542137,109.83295400222191
984.2344747161027,555.8948123432161,44.08579630167014,109.49088315951136
983.1657524728698,556.9275462144999,44.82739304495357,111.40399208944699
984.0598908950783,555.0190112493167,43.78480954925301,114.35467417770006
982.436311588299,555.8343043570645,43.3457805484702,110.52898607442464
984.1137719546736,558.2015831503753,41.81152121832952,111.51058817457434
983.496158941032,559.6373174115773,41.789375103520435,108.99635580444541
984.3209284942001,552.0042846790362,42.16787381933512,111.69626577007249
984.4526267151599,554.6154203680579,42.87559264035687,112.20409331096272
980.3374626956921,557.3281339594092,44.77620282500278,113.7046708648663
981.0028638052744,556.55033258734,45.41984042981401,112.68799543195277
979.4988228116306,555.0201294569434,44.48831882122566,114.9514855919571
980.4839545164028,558.6196953616264,44.98505726687798,114.09490249317716
980.0518033557645,559.6413663990912,45.25571511993831,109.69893690093654
979.9338629231464,559.3494077203896,44.98609455601429,106.57777712863933
980.1852012164157,562.2632980028909,43.753241337844564,103.81510115620165
981.1310825332745,562.7493056433343,42.136185068526586,104.17377999552704
982.8331151415942,567.6250648777547,39.86021400400381,105.85194520665388
983.8947271699682,568.1558046589695,39.49498540604661,104.03535784974748
981.7239442299385,566.8607550261446,39.91932343336755,102.59493887256028
983.3420452835003,569.4600881379902,39.05307783326076,100.34017038932654
983.4825085809774,569.9217937388208,38.46566461521576,102.61078635459309
983.7350110272538,569.634440350803,37.139851311108956,105.99457352629945
983.4239048056869,569.4993713435977,36.620294179336355,107.32729423773516
981.8993503545802,571.0106663984221,36.76958114048708,108.89850918127803
982.7355303909812,575.9392239345214,35.851954559036486,114.52017049971522
978.8281509355085,570.4673585474552,38.38639879867765,114.24881625215816
977.8300836580074,568.1978411624374,40.17496893631021,115.27745242452676
978.2765672629354,567.9553272227892,39.13180104083911,119.32219475403119
977.8432865440683,570.1867445325399,39.065506510894856,118.6160954206527
981.0351649304823,572.9246524871404,39.43000815704475,116.48596016234936
972.9793300279192,565.9375705661242,41.13216799816463,115.10791516412583
974.9718194646016,577.3819351569535,40.43006405367328,116.08683898888006
973.4683105775041,581.1406182524227,42.40986961729768,116.62211563534302
976.676937245945,581.0266233437954,39.77482217104158,118.54932364776876
974.3648035558023,582.4835604045628,41.472503396955496,116.2859785709891
974.670828308541,582.3424864177842,42.08132429500127,118.39319792288049
971.4580426739338,574.7164434022276,42.343078370931664,118.7326799391392
969.4357101224311,573.1511104205671,44.36543849620449,118.37300258597833
968.3107770883005,575.6228319506945,44.85899277026863,118.63362861868805
966.1340840696894,570.6946251798203,45.55469201026986,116.29984034278033
956.6826223004549,564.2913930521511,49.67437695515007,110.13454882584482
960.8100010397278,572.29564596133,49.56255157147531,109.21706444512014
958.9303014326683,571.2012968133309,48.649677165373035,105.99923996371928
956.7414046238105,569.7301350981295,47.9176482237177,105.34824828648112
957.9960548702174,571.4037005604266,45.7126234043573,106.47361160939022
957.4672892106605,567.6612458452527,44.05604468909213,107.49384849530406
957.6792135188992,566.3591095108765,43.585186074045005,107.4022951604739
958.9916928206814,566.2994256289563,42.067595199473374,108.66086907962674
956.3657038754251,564.9551851752431,41.36294737188791,107.30288117821371
956.0124532857343,564.9939005677228,40.91246289408511,108.5140549390967
953.6380439692912,567.0066870141746,42.070102198421296,107.51575396689871
955.1143293354573,567.5508797965679,40.83366488317219,110.08472872274226
951.0741194609664,567.7658886931001,42.27752389644337,106.85544553998788
948.2993640566785,566.2482234530194,41.05584601903621,106.40005963961958
948.4455004350998,567.5527300878847,41.18901603357459,104.54090955393796
942.4839809654968,569.5949013409837,41.43641282984475,102.47533906013959
943.5118050162583,566.2379795816148,39.49560376957749,104.0009460581507
945.0000624044272,567.6536783758121,37.590540292708255,103.864541185665
941.4900106079122,565.2862102813046,37.94651696962164,104.67809621570763
940.3417054197683,565.4320662393966,37.76322247074907,103.01685033877072
938.0291016649237,566.3355857738987,39.42080136086935,103.57979245900538
934.3233735618705,567.4296109025263,41.25308945823727,103.55260693027648
933.4603683883095,564.5896304928206,43.354248133448465,102.58129467983721
934.3440314958567,565.9214815355828,42.72619650967458,103.95227502370297
930.9986758273607,563.6429442385472,43.69883268044481,104.0265858179142
922.6589911021479,563.1737268512308,45.43655261343652,104.3888928768001
924.9187000386388,563.3212377119422,45.47244081869026,105.0095313660107
924.1503427533055,563.014940084615,44.712656793340315,106.25596492970844
926.3191566010281,562.29804206443,45.217227477772596,106.65600506800531
927.060148463789,562.7481694658574,43.81969776239332,107.81941420342031
921.6627870203681,562.1053266973793,43.37025329004928,111.29574282907163
924.2578380532932,561.2228651626735,41.60972319592665,110.47725273521527
924.448865652941,560.0892769303588,42.18904599095861,108.64314036876755
922.4245636013467,558.7519092079311,43.12383293231069,107.9366566225074
919.5653977093208,561.0644815882821,43.50130276295388,106.38926952481555
917.6134230569705,563.483788063594,43.44832588112433,108.50195455516297
919.0556965639669,561.4618650058728,40.50019524894694,113.90659955180965
918.9594067756223,559.2624442904962,41.94660551462118,111.5115879491173
919.2408003542365,559.6075558785009,40.70647796586344,113.48515833043534
915.9608158566853,559.9102733541575,40.92808249629083,115.10848331215333
911.0117112033399,558.4163395497186,41.76693390798715,113.66033011337777
913.4251566657276,562.0932632084246,40.37710727062059,116.4014064123026
911.1634604997852,556.392700170752,40.97775939226599,112.85305772236346
910.0568079310626,555.9407422855671,42.06987514944718,110.8203293601138
910.7247030042785,556.8500054454732,40.911460846534055,108.44930183191526
904.7466800336251,555.839111870151,41.22717628147895,106.1076609456367
908.9109116373282,559.966714092362,39.33444263973614,106.55514538513228
903.3256082200872,558.2927639172563,40.58903151297085,103.95918950537461
904.4180832042629,556.5658383481872,39.156244196062595,107.12644056137879
905.6442366786812,553.7318026258596,38.29156481585443,106.34337398040978
904.7968983146156,555.4380280645127,37.60601955120288,108.4995389820285
902.8350384988014,555.6201649362423,36.78286982142288,110.8788426663163
896.538446013145,553.8856243907974,39.45604362612545,110.04499637613749
894.747688212557,557.164317404521,41.133327020670485,112.3002078377542
894.2268835716727,553.207302635451,41.37353177255402,110.31515380904884
892.6868209305884,554.3856164373657,42.08545301289051,106.785845191857
894.6338860655967,551.8447449749798,42.85541890414598,105.05339784663246
892.5501159802051,553.260624795231,44.120347837139164,103.48259443896401
891.5010568200943,553.8084036303569,43.99840189779605,107.22661998595824
891.4135608016182,556.7247205143819,44.04468320084729,109.3669667659941
888.2422695289928,555.0017437157056,46.098391815233725,108.08164694270494
885.6774513236102,553.0091787445397,47.87280785513366,106.11838173930306
888.4253965651952,553.7937173890887,45.74396148496274,108.83730605877562
887.6330102523794,553.6676977673293,46.78901558784629,108.40339775748478
889.8051425981175,553.9246609780487,47.091665428885385,109.45015862770751
889.9809980564141,551.2382030569297,45.899050150951865,107.13937304515773
891.8917337509197,556.2425538431,44.45238188851195,111.5291310481669
899.3521464163234,554.0662352163151,45.95552264065189,114.46034400620286
891.1883522528417,551.0774826579452,45.293111745556516,116.83832746952051
890.6896148957622,549.3269690721622,44.570805882866,118.26066519382059
890.5649535596881,548.6421911392572,42.757873855944545,122.0599458751162
882.6508982049802,548.4440302559949,46.75969971736154,116.76166242727734
884.9452966244025,545.4058466616044,47.41330956863352,112.74326739708782
888.6269722897056,547.5251856811733,45.83131626257365,110.23202034540518
889.1685921639668,547.0769658318553,46.01635829579422,109.35134777536581
891.1405639371493,548.0052470766205,43.99031278146484,109.76330991348827
891.8707980990114,548.7915890565519,43.29797407733777,112.04514891407518
892.1574865187642,546.3038371632731,42.28926516898384,112.19070756841842
892.9082718797033,546.0567476214499,41.633743368827,111.59770898537215
893.4551285914683,543.3205678538413,43.74204233930591,107.13913170224126
891.0275595215721,548.0514225160155,42.9601998213853,105.10596811877483
890.9145351140468,548.82313189387,41.36828530938605,103.03842503164137
893.381829157279,549.4627870530048,39.96821531048515,102.04645986859701
890.4722175070298,547.1509276021972,41.59386472245774,99.4182237425901
893.8215533944906,549.6761089315463,40.13349413160641,100.80753447037189
895.0254024293723,549.1278784190232,38.558703160143736,99.80211711953373
897.446875852769,548.8471913592601,37.76864233519103,99.36694430324039
896.8800451308301,544.4159803172727,38.142643133606974,97.28417121548459
895.4227695347471,545.8821576417074,38.94502120403969,96.21191845248329
895.3301265388504,545.8647206038423,39.66074983152393,96.49680421335825
897.1709065010126,546.0528548238825,38.851934943511196,98.64192983454538
897.4381293499148,543.7547026641105,39.10784872574173,96.56506788669994
896.9646626719501,543.3271279657531,38.427317843158896,95.83563382323277
883.9705289482187,542.6468490131045,44.55220886029991,86.66648505280341
890.1884197361446,547.3187943949857,43.08066328333837,86.532208972722
895.7004864331407,553.0834218453825,39.72330007050391,96.71194140992642
893.296966655917,545.5298803558328,40.83739696293161,95.4216936059963
895.7111780745608,546.2148871214015,41.168883191561555,96.4126213390086
896.3757382713418,547.7670236051184,40.45321752167081,100.13463609435472
897.2030663062606,545.6884358382321,40.90984431593063,101.39485040064719
899.0173823499025,544.4395015474115,39.15911426369371,104.13606974477173
896.0889332295667,542.0506969041835,41.23777852783891,98.84748941337885
898.0131325184079,544.7004139484906,40.907698728482245,100.06557520152842
898.3418186856674,535.8323589211435,40.14965438757284,101.64995565977931
892.0363274870775,537.7147682986282,42.50583104013818,97.56707169683585
894.7012459449877,537.6776507269452,43.13045765219556,94.5094020198949
892.4462343412655,542.384686007029,42.922814813577105,95.92581601482973
897.3698590630477,537.512754420822,40.158198741592,99.74513462315312
897.2542509777959,539.1024488026463,40.791458620932794,98.97645608971325
897.9759195203545,537.0640972532057,39.38525234212078,97.60648360875156
896.449610726794,534.2286162250921,37.557601504625,99.80640182699985
895.9364913033475,540.8406700045487,36.2974806090655,102.46847207011672
895.8850588442067,537.9807830926192,36.10083092683544,101.43059255902705
893.0140736712276,539.1864458352469,38.237236572831,97.21092495892182
892.8142816266414,539.1970533115745,37.750234978330916,96.59123925617376
892.0685321369965,539.7251418110714,37.459123945822824,93.48176171383294
891.7703744468912,537.4559936669143,37.16438250302283,90.89335922154937
890.7439609083125,538.5005221884736,37.307871164106075,91.34996763879187
881.6889076950125,534.6255702455181,40.04640294854248,89.25861854666924
885.1659022151239,540.4954390101607,38.532066274844496,91.35983712200958
884.3866510930042,537.1085090424112,38.28862879180857,92.32608986198919
884.1098531870617,536.2083058678996,37.88607331617832,93.70974021878435
876.4026582368357,535.0772283186702,40.63010480597744,92.23223905638505
878.6070896128041,532.1183030982414,40.402578837786,92.67980071823828
879.4401037471328,533.0559740747184,39.32175831529471,94.35051069007791
877.6201130826685,532.2867321353381,40.71435063303972,92.97377232464004
871.948156438113,529.5803369750374,41.571390507382155,91.74146703256167
870.453033412349,534.9896377806682,42.905083409077534,90.7420809133908
873.8103743306235,533.9246278603048,41.284585484290304,91.48564021292646
871.5853561249464,534.1486795539743,40.01842845870877,93.33245457404003
869.7196672596652,532.7776343978614,40.54630187378231,94.23074616841363
869.8934770795502,536.4802094189907,39.37204937561543,95.07279885521348
866.7422097009878,535.6467595898708,39.90471926499096,91.86612624899476
864.8673821073992,537.7866981609044,40.01590051460458,91.40981549478349
864.8099215680927,539.1084127841361,39.71603374721682,94.64372141368892
862.9196640496064,533.7092413956885,40.70098775015216,92.67800700212294
865.0891374566157,538.9838160268997,38.97263307665783,93.87478061375798
858.9839540901006,541.3916508366617,40.331260790594385,92.89296909251291
852.2541942499254,543.2861377803844,41.313559164075265,92.69156205436933
851.950866554759,542.2249335511854,42.24112205112744,91.04615076794515
854.6026674110773,547.6752121204958,39.630660965998956,95.0486559906644
854.6125115560991,547.7996663442026,38.198605446289505,103.12788246253135
851.2705343003057,538.3120326047017,39.432536069303126,101.01635827789448
849.9395682192363,538.0425883130124,41.07137022653842,98.66018629541274
847.9404819427197,545.2859152329556,40.55437670519117,97.71553148595021
847.5767147337625,542.782887172034,40.11101830021825,99.01629224624202
846.3221525842339,546.1134295529201,41.18199183623385,98.35238777611718
841.7741338156072,542.6457881184433,41.643632785968634,99.82980081218453
843.2522368278849,549.490187834016,40.21573343043984,103.70237215843994
842.5328892599377,543.150669951533,40.28699404166329,103.7722611696264
840.2537268389812,545.5074566719675,40.89591202184238,100.01944552225989
835.5544790474246,549.2131381927175,39.88041370554819,101.92211430471059
834.0314189540243,544.4970166157341,39.291337674358005,102.98446710251142
830.733702629498,545.9816803073361,39.81449252525268,103.93047342356547
827.2852223163112,543.7185264510097,40.35904959045358,102.70765686299038
828.1183555971886,542.0148373698988,39.24918022758503,98.8880869966558
825.1288656807333,547.3076359459556,42.225490160621376,97.13841638084305
823.4266263814129,549.2154653616385,41.027159040301164,98.07840745137386
816.3753289003005,549.7829073946921,42.375165856963775,99.88261790867571
814.2696820604043,542.728397945104,44.64590703218815,101.20296709089854
813.4540506276455,546.2172943709966,43.993819829307355,101.88802129973347
815.6429485732277,546.7622151674727,44.57671265435691,101.14105292915502
815.1358226985649,547.3319201746311,42.70971317143467,102.31152410972975
807.9068008192016,548.5830969373883,42.52423643243962,101.18700130690495
805.1716009381362,547.6613999499328,42.65844466006999,100.52008303035873
803.0818235954533,543.3279532697364,45.26584794143933,99.2343438647226
797.9977108668766,548.2966922621081,45.98542003894691,97.0664821482612
797.0150232002972,545.6262312152189,48.301284953404604,95.55434594567157
792.7623515538236,537.8885367084495,52.70750338996321,88.44684488554788
796.2117286909936,548.2163164618394,51.16863064694339,88.94458996688533
792.536280031139,553.5405031541786,47.37436349608624,91.85345993916563
794.7240215396753,552.4706113368256,45.33899600988593,92.37924011231321
788.3793851411738,553.0572179400357,47.044608085102865,92.49532554225718
790.3533845821631,548.0923881052424,46.242384390556566,93.70080965608366
789.0688898664513,552.5364752978028,44.28712973216038,98.18112894330446
788.6051008597535,550.0681701507953,40.608429128754324,101.09867686034161
789.6539182500965,550.3793328049321,38.90750955409001,102.18817570121871
787.6302722790417,551.6699945179706,39.63991874613002,104.4623859529335
784.2333680833196,548.4283145618061,41.737088652208215,102.49765595766284
783.0566062181671,552.2530065144496,42.125802940001556,100.46163457032077
783.8215617018932,552.6444147090549,40.661885526586985,98.13806583861913
784.1049011875518,553.3904493824803,39.59302371213884,96.1064702734867
781.3498527180578,551.7612384133905,38.915089037699055,94.7821818358672
773.1459663158564,549.9044203435291,40.35755243662244,94.04472991877364
775.1604381710296,555.0753001312911,41.09198432599382,93.15298095021993
770.9701505043606,554.562759399447,41.0808638871048,95.90524461905278
767.809073033719,555.6663392847632,41.49211287939027,94.81879285017327
767.4433373660263,552.5308828406612,41.60532013052851,95.45222285991488
765.8014023189295,554.8393108357791,41.21208818586382,98.47084012537775
763.96237984947,543.5903897781402,43.791780496835855,97.98390363487124
757.4244901452648,553.5559027087729,44.103928036353665,96.33072660738321
758.9311283548692,553.993648679055,42.71632052462658,100.6627516326373
758.3977911115041,558.7041844507467,42.50713535409662,101.85569176786859
750.0599446733723,557.4583730748259,46.05573137323054,101.53712885595183
749.5397138616225,552.7190587784535,46.380069461972596,102.86023700244844
750.3923377917062,556.753567302907,44.72550546540725,106.89797930844787
748.1763662124131,550.0262288405471,44.97976836429209,104.89236280467729
748.185386097663,553.0627734319326,44.48901615728026,107.40237645113667
747.912421072757,549.5979352205915,44.03421686481343,110.26161248011195
747.5602633207562,557.9499541062028,43.902438886849424,111.65666038163437
745.6318451322986,559.0778428926249,45.2245478171002,112.48644483908443
747.440975215842,552.0378524982832,46.442787721576934,109.03341285262292
747.0124247125054,553.3438852795235,46.42585508369963,107.47289024972855
746.527884242228,544.7060521798657,46.09322855781368,109.8755754809979
745.8576849077034,541.7117586214263,46.08982292792426,110.399108519809
747.376741631821,542.0844647907034,46.06045253124931,111.79749437786543
751.6838170052492,544.9925734785036,47.97729724016499,112.8676248632905
748.1152515860894,545.7280362086643,47.156707694966656,114.44242658404559
742.5533293731614,551.2916496183336,49.16756506868989,112.250607730831
739.301466644046,548.7572302974049,49.969056876590955,114.98932862230473
740.2069490186936,551.4565724347367,49.70665802023923,115.03346940145283
736.4012968376986,552.8002815151733,51.31033097992037,113.59343288215086
742.8809726928911,548.1320687299153,49.83137439760789,115.15135681651299
737.7307198800452,551.7420270281993,51.475157117398,115.51953202164586
744.723617719391,553.3077347478602,52.04882861195834,119.3648386963437
741.9696086257525,553.7409220583753,52.88323159417213,119.65242911463041
738.1080820960424,547.8284583221421,52.40957560459097,118.02702101961707
737.3475783504159,554.3268056618817,53.786791009713056,120.94088073247933
735.3826725207143,552.4716102632547,57.52549170531543,116.6053019179499
735.3198652943388,554.895400735537,58.486780499777765,119.34850281488481
725.4093927216119,563.7806086307742,60.33501034741678,119.34826155865753
734.7059555626638,562.5674779663292,58.645576160658116,123.29253555249981
732.4629735740282,553.7759905759984,58.12234856278218,123.52493117576236
731.6601360477348,558.1694767975223,57.18582913159972,124.0171736176189
743.6533991104424,551.5279358152336,54.340787803021364,128.37032031604016
740.9857472420626,556.1196652350872,53.186265475094515,130.47339656644925
737.1477248776283,548.5771099750862,53.77442264645025,124.89958463092673
737.7754256860583,552.2973609918251,53.84412368828267,124.12424688474597
738.3506856611734,556.9376646049934,53.009355731090636,122.87837722203602
739.3841484912762,551.4221349437807,51.901795655217185,120.01567986188536
738.7262742870553,547.416896652084,52.33690635111849,117.50558637270399
736.1852617086911,553.7725802069756,54.43573266096881,112.73579104040448
740.6092412697998,544.2270329081095,55.17235450614186,111.61481102999977
741.6050091811859,537.5742978107594,52.64191751132521,110.58744606053546
743.065030394818,549.400775155403,53.580615605755376,106.4235416088658
742.9192222233863,551.9785065908909,52.50024396903589,106.74688233166691
742.4447736208506,552.6078264679127,53.74229891385144,104.08124662554768
750.9847356424058,555.4394478329796,52.11419847666305,106.66901012933374
752.406512755418,552.5290839890419,49.277457025592,109.35924893222918
753.4464817069329,553.2391933054465,48.18214123242349,109.26560127114905
752.2545422194354,554.211988238612,49.78301273888962,109.09147866815142
750.1169148247337,547.0732290841738,51.91975677314136,105.33836250717016
756.9202348094144,550.4316737408164,49.29885505818244,107.91893066041948
760.5669255115675,551.0890859035857,49.70078117763822,109.23918033457812
760.6344668046827,550.3588252229891,50.33473757116914,109.98940218701537
760.8248322651732,546.3797853850443,51.09010858282669,110.53031926368962
771.3389743832042,540.4467602939296,49.963547766662,110.13594410532943
764.9912953034365,550.7734095709023,50.309650931482985,111.70077457141761
766.5793674574021,548.3452852287618,48.75717876075667,116.77674227467472
768.7083296264299,544.277056514195,48.43564734157501,117.58492192279968
765.6460844701268,546.6692515667804,49.45409041037515,115.63450827855243
765.8955874579465,547.337889134615,51.55355330885117,113.89343009850307
769.7382709774888,543.0901038220914,51.21077010340109,111.22192976846479
769.1442929167468,547.5102393987993,52.63239241673616,111.0827525469422
774.9019746936452,550.1133024214716,51.2759770111692,112.57297283566301
776.6664356133541,548.4086197619603,48.09169408614454,115.32124157345501
780.3070106199385,546.9365857694655,46.83094769458441,115.75628887534822
776.8823001795236,544.046894284052,49.11608577846749,112.50751828793537
779.7328070033932,542.8170242767001,47.778348376507935,108.57986619728169
787.5595808544867,548.6959525875695,46.930128131281364,109.61200600283145
796.1185515394689,543.3634289892966,47.31656319730675,110.00513304360686
786.167709205084,539.3207989817597,48.90386661803285,107.02059501528443
788.4505885959795,550.4390631168137,50.69019541208962,107.72408801035611
791.1451933689483,548.2358478724515,46.83610982581965,114.76798352131956
792.7729354139426,542.1250624324001,47.04890561561945,114.2551400312571
793.1957226330245,538.0421119396224,46.78751001278298,112.98158373312896
803.0234103881352,542.9834793665405,46.27090156405566,113.0046336711572
803.2675546720037,545.0961751657086,47.376241152889044,113.90569733833856
804.1260831055381,540.4872929665929,47.037394408432505,111.33605368084888
806.0975081870818,546.1098111264776,47.534527899814385,108.1211995081584
808.3501608759675,547.4760831368266,48.02445822130295,107.17456144907729
809.7225682970544,547.9508366618506,46.73168279766256,108.64198762906038
809.6254828454114,543.8005974207808,47.15737277018167,114.08120268701894
810.960889018476,544.1891798934437,47.40345472913555,115.64439913214571
813.836682636533,546.0337588724822,48.045080612517,113.92092707063023
823.5536731329362,543.0627712393027,46.69855197109323,113.37968115711877
822.0832964755467,543.2122145036833,46.936551079813256,110.78635354847682
821.4668889350838,545.4847179378079,46.04323993761204,114.58978952227893
820.0561882318235,540.2336121666945,47.60598811690896,112.29584016868891
822.7405084865003,542.4702654985829,48.13927469759054,109.02121483034136
823.4412697360058,543.7406014773488,47.786665279498095,110.41577194761567
824.112371278164,542.7068786570618,49.03407735105342,107.80468864008466
826.743616607141,544.5693879843964,48.619185929064855,106.50602284800587
827.5349653287806,548.1532946295024,46.93246548761665,110.05150261648656
829.6338718630376,549.2818270096986,46.01623302818355,114.99384170257918
833.1738182355313,549.0335562610466,45.15670809804427,112.5144354116648
831.779676123892,548.7129802475878,46.384594510513,108.95253655336631
833.9449287025496,546.8204337775148,47.119104390290225,103.71376620707116
832.9173141956251,551.2347067994491,44.014761018911614,107.72147340014402
835.4414022202316,551.1491963521241,44.67433618906314,108.9272905413059
834.0630310783386,549.5675162933209,44.60240233332638,108.49739935257888
834.4330466198024,547.6422424751682,45.49351624086706,109.22655671942178
834.2686878041254,547.9754019081703,46.06287693081354,106.10035377068046
830.7985597622926,552.7110876954437,46.74964218586999,111.21662680943925
832.567333993848,550.995973774139,43.776210231515144,114.62257988898735
819.3370103279291,555.6768893714434,45.659036262435265,115.97805666009387
809.1107984138706,559.8744127497542,45.10064547149574,122.26932526014807
797.9567986520839,548.8491135591382,46.53805461545526,119.06867232318191
787.0316846282338,555.2237137018506,46.74169766458898,121.98796810963282
765.8391143957392,555.1189879798194,49.592944325929366,119.14060380438849
751.671813711677,560.0567866538971,53.327851026646556,119.63342683651558
734.8945205336547,553.782871150326,53.70978307814927,118.07748187188507
724.3626766656047,563.0731824017872,53.06945523726013,120.27461469291384
713.1520394889644,563.5381666451191,54.95494779367497,118.92347374075375
709.4892311398916,566.8439784279774,56.213282216161645,121.09505113020117
694.7860225968893,561.2908741726964,57.428936313467865,124.02611314862219
690.0813926032379,567.3443237891354,58.685620601469246,126.54060537794356
680.9803491598027,564.6540391330813,58.366136020659134,128.23229097829426
672.6499485560219,565.8575357729604,57.80654082217033,127.80280708922416
673.5414779779596,562.0467699985487,58.42555675794535,127.64206399932547
674.1404943459436,566.0216974368342,56.832641307829064,127.41096508127856
666.1814634267795,563.3589116708532,56.26619988246807,125.07099988179178
668.7041251680721,559.9025387625449,56.54206520912959,126.45786852737093
668.1025032316616,563.55125808891,57.394164477254954,124.1871816638886
669.9524888906171,568.5852111946141,52.617584815909,132.67603971393467
660.7400134886418,564.1383713902483,55.46454824081242,128.3952704854854
660.197895332387,566.1064267422274,52.92346526448449,128.7672823503173
658.4684465995707,571.9167771926534,56.162574837645984,128.1480649408348
659.6459100392095,568.4118665442388,56.433643668901944,127.66873622308302
658.2849795871589,566.5983693983812,56.26998145909715,126.08721193281013
653.9538618713971,572.8239356692072,55.357978036458555,129.39851857238563
655.1685117248034,569.466179201731,58.135722045002645,131.22994723132433
644.5778396628796,567.6405092954161,57.79154979258657,130.7974869055866
635.7330020598138,571.810264948583,62.28704782748541,130.77552261708715
641.9274227595115,572.4712932731387,60.166940275740856,132.8657720951249
641.9231150759987,567.294537073725,58.95535524966114,132.01054797516935
631.212586711231,569.1605193157997,60.29641226675205,128.6831420619142
635.498271218484,568.5145612468639,58.37096307536575,132.3527688676876
634.9753433778495,575.5083979519718,61.267114440440125,128.66030620691572
632.7186164763909,576.1417305965493,59.95961180737885,129.4729296905664
630.7528537235568,579.4116581364453,64.4639450654055,127.19855929070201
632.6455695505455,577.5026494190176,64.7910588814559,123.21914596562115
624.0862340643661,576.8283183538666,64.25914538892769,125.25082114302822
627.1573078841553,578.2692996353933,64.40243355527559,126.80657502255104
612.8464914132387,580.5885774963544,65.41322373517008,127.84806673938931
617.1547116191518,577.4695392865882,67.58274837872713,124.90992098687622
621.2586859958021,583.0334100279595,63.9579265954111,130.94074297084433
625.2848898967006,577.9823279242308,61.32703334783359,128.56453402724588
630.887436627594,583.5808504131986,59.83330238736757,134.14425007529127
623.2451991492834,579.296900231044,60.219137604973724,131.59105997363883
624.7042860787093,581.1959869735977,60.166219366665466,133.68573842994746
612.9717320430411,580.3757439081894,63.22968638657922,131.0267051774416
628.9307383157853,582.6572775132881,61.35929175801131,133.8051540678258
623.8350229486063,581.7278415531337,60.886489147330956,132.23373467259137
624.1014834853476,582.6846093295171,61.46245459795712,132.21333881125398
622.0097874228792,583.0921807926237,62.33920993867255,131.9207189257526
625.4794931268927,579.2508807272626,60.817113992232066,131.48177907551047
626.4334215212757,583.8696298776465,57.78419793327987,132.37621586335936
626.0241750222302,587.0279975153536,57.876670088298376,132.231762533688
625.8093213040592,585.6089846118423,57.55444201943601,130.9621838077158
628.2469987730877,583.6544121783771,58.811237837047656,126.32362068287088
626.700231488971,584.1053257442818,59.731784373865416,122.97420520837207
627.450864653846,583.1810142133029,57.139086437634944,123.1040486809452
631.4053041416504,588.8605249789732,59.07078831363984,121.11389471683353
635.2908147098727,589.305670206147,59.30472427728907,123.20690627178855
636.0934056945991,593.9625457002036,59.76820844423999,124.91622340064848
632.4935995198545,592.6857647522478,58.71579123315361,125.25665932274825
634.9656545834563,590.866632976147,55.016300255160715,133.51830720701957
630.345514336811,589.709542912664,56.23511378448574,132.32675711346005
626.9030800193877,580.9022842901521,58.15053311159846,126.93815352647265
617.1475652073409,586.702616896616,60.5451510786995,125.8473025278291
617.7607176124279,594.7634331412987,64.46347228919281,127.2860412203656
632.4432967556064,587.1432363945248,64.29459134691714,125.29956711216101
632.75940185936,588.5914594714733,63.99799315315826,123.02423686235556
633.2299444944142,587.0270039520527,63.403089039720854,119.59281625393825
636.17731757934,588.7126945886255,59.91099042911987,118.0051057012534
633.7660847119314,592.8030861741208,60.49307091472281,119.11380452900286
631.3583484432446,595.3784894858993,61.703680476394155,115.52737933366441
637.8529656474235,593.183128404892,58.70429338938064,117.68304412186401
638.2956026319087,602.1219953057218,59.908258859401144,118.57957106463267
639.3282140313609,595.3423992471837,60.632492096210214,119.21825966784556
639.7384076647305,608.172919443202,63.154655093971726,118.742411862987
649.6339703328615,604.2971841096091,64.00146880594,117.53308762981266
651.5016914613925,600.0309717676481,65.58953832428587,118.7937848465097
653.1441215668216,601.9246399046527,62.02579007760818,126.58586052881068
644.9030270857978,591.9621530377221,64.83433398883884,122.95601699324611
648.2628478939467,596.315563090134,64.01705138826739,123.6891763010608
649.9207178900136,600.0432159205707,63.65705686732326,123.74779196494023
651.7038775088374,589.9069255810421,61.73110738132239,122.78874439074222
655.2654532531681,589.2011579355594,62.545582447126804,121.75609267743073
656.4667587381684,594.8112919910475,61.38560840440043,125.99384906953412
657.5592812949034,600.6361773192451,62.73064894592748,124.46298646170081
656.6351750989355,595.3603758275696,62.64968502130162,125.48542689895672
661.0793161897979,601.1881400621121,60.30696664432741,127.59004282130498
663.7863598310303,597.4745899511354,63.9288940566318,120.8415281680551
665.20053181691,607.1788529814534,64.22213748409447,120.84863468223207
666.7466830453922,601.7196181011442,64.39757894953098,120.31006744081287
656.7651645157373,602.1065141276689,70.56417913031129,115.46533401540387
664.6688965695957,612.8553188317272,67.35433772189408,119.21072903518603
669.0012413050692,614.2224336221509,65.1356386378109,123.34042879867363
673.9294757661676,617.3937014532825,60.69421123608853,127.46243906063177
679.3952707858477,625.2934806293113,60.62831726640243,130.58120231778344
679.257762952932,616.2581148919537,59.387954966927175,128.9370571445585
678.1526154239247,618.4111364174996,59.34241430933691,127.59560929462143
