1205.5,375.5,80,229
1199.4476719615914,384.22566904668986,82.85066886069012,223.69026039001412
1202.9646379479855,387.5602057632993,85.36433457455409,218.35117185300487
1202.0199370885225,390.21642307628747,85.29466708536566,215.751415103106
1206.2569093945115,392.5760380801424,85.64930281230534,214.14251268383805
1204.1112662020082,389.845624884657,86.01891103579139,213.27171460570827
1204.7107731482338,392.7547678793477,87.46079408831679,212.7217825365956
1209.1664370852586,391.1829862139399,86.27295763864458,216.80301450769556
1209.9552298177637,387.909665748875,84.68301075540904,219.64342577766917
1211.1153112159225,389.6092097528752,83.75874630062816,218.62991069860072
1212.399052627729,389.60169391527864,85.36724841681871,222.0102721305917
1212.7094584134989,389.83876424613265,85.02447343663913,227.3984484264176
1214.4260624825263,383.62705389297207,85.3477294657215,224.1585240230509
1215.2433931772941,390.81205412586013,84.62404753656804,219.2018330232296
1217.324818771817,387.98272661863695,84.75539448386871,217.05177580977536
1217.3619095097474,391.64493025143446,85.51627904082585,215.76880415168523
1219.393194949475,393.3977985162278,86.4041520632316,216.00253809390193
1220.9639903020075,393.0425264781723,85.98506697971101,215.4629340212616
1222.8446473725228,391.0479238956622,84.17916513656658,218.23324702332675
1224.6045393445766,394.8799214290426,81.53968385428365,219.7296398157768
1224.4476145102983,390.39249577091675,79.80968655374906,220.39590845697666
1224.661769751067,392.9836500876443,78.31862796653391,221.0330238958411
1229.9462622233368,391.48699201051744,76.21994243792803,222.00591836107458
1228.1007296037612,388.5226753042987,75.9307123830293,218.64705421432615
1227.8425184557168,388.2255119444402,75.9277432507136,216.18577769017338
1232.5436703608707,388.92660540138667,74.25110368604275,218.1572345817149
1230.8787045909644,383.3144948504638,77.58993557047702,212.35809725623926
1228.0887818844458,385.89008394309315,77.40212563785454,208.59418412438004
1227.7548452913265,383.21849317672445,78.97591287511091,206.7586423075308
1225.9710014171667,386.1421111080409,79.06321578858271,204.4241524203615
1227.0866943435622,386.58548932345235,79.47161077547072,205.66345266906808
1227.992636292941,384.5441149916851,79.94819618968255,205.6171284461798
1228.6727370060692,386.5088812227247,79.32211264183545,205.91522602146713
1226.3845013600617,387.24417635001646,79.3034558828991,203.740255114769
1224.013244118581,388.29481398079054,81.15389449758003,201.8970590291168
1226.0905540061926,386.5468018651569,82.13313676213919,206.1766471110512
1225.7527425227847,387.6905494242037,83.90310490786784,203.82716915074792
1227.7176104986609,388.98076195368424,83.89327365154253,210.62496268901316
1231.1279914783001,386.6891451366797,83.38428882563105,207.43462981022435
1232.9687053205917,384.3939305908067,82.86819176249806,203.90117101894677
1232.4101104133774,387.70292620552993,84.30424849276183,206.4647518841254
1233.8301566747389,381.24524320555963,84.74581155826002,202.53105927948667
1237.8913053952003,382.9996309376723,85.41599140933805,199.37296469762634
1236.2848207257784,385.6678411730286,85.76353038762716,199.41948270163834
1233.2605830518653,384.4299359512644,87.94719421030644,198.76802524406514
1237.1721607196275,384.48216136039247,88.18939111695255,196.41003838912115
1233.5909900820889,381.6060543060595,88.6284587723443,193.43737829036098
1230.6184222903453,385.5907750542243,90.77282715613939,192.04818056998207
1231.8718160750532,385.1403802084032,86.87671537807776,200.2850865023862
1224.508119652327,380.57730975641175,88.53251696149229,202.33444836414165
1211.7213618862127,380.0401012582668,90.49464815313837,199.73434092130947
1194.9543051700616,382.073146634582,95.16870885427159,197.81239028270969
1165.2612018585542,379.7649635250717,93.19658411918263,197.2365356975877
1150.4138588696906,379.73246118906843,91.53615640824131,197.24195953092942
1125.9368390442132,376.8677488261595,86.46785556765151,198.72702134101252
1100.1960239229736,378.37899195323394,82.11572219160311,196.75980831492296
1072.049155485465,375.7821798423873,80.61036264945946,195.66345518347018
1056.3541417908284,378.1929271196437,82.65351990880961,192.6376564390123
1031.0772218434054,374.7395827101672,78.562155487649,193.188149197239
1015.7733746759758,372.9288130060302,80.932434163093,191.38517709528833
1000.7144768330539,372.29741173279916,81.57546142710785,187.02568569207483
991.9901858662633,371.30056903509865,78.83482722126199,182.12962108227322
984.5352271358362,374.0658108209169,80.01759273708265,179.7476833072834
975.8653386746312,374.1197246051729,77.81029256789073,179.96342923440028
974.3641056727917,375.35849462368816,74.67685618783489,179.62397210130996
972.1764268574204,377.9387557727301,73.07424301795172,179.8634189111419
971.7829850419661,377.3045216933762,75.7715693950509,177.86840295098636
971.9036849938996,378.2705369616966,73.98130461352164,181.38911588781542
968.6959923596554,377.0797629119727,71.34639203926469,181.3861694638569
971.862462609311,374.8072135762474,72.5349093265003,180.06820842178976
965.2671411314641,372.85190855860424,72.5216820382453,176.74734159437781
961.4606670041682,377.5958831273421,71.41302519248104,178.1715157820929
961.4441488252756,375.0550016021298,71.26244434196425,177.24565010332736
951.7727214707559,372.1751304710124,71.99619019413063,174.47054515447627
940.1657313436806,373.2548054102183,69.0774882347006,173.38585970355197
927.0200706934493,373.7438324657374,69.4761094337785,173.38761541120638
917.5361559389321,374.2754419211602,68.74355301924126,171.85770692798957
913.8388846423746,372.89274903799327,69.75590704241591,172.1864518245386
900.4078817424398,372.22764601645315,71.6954826565966,173.4179326848096
893.6159127355216,372.43430909922347,70.23185196228002,174.06496101713861
889.4233294725891,373.33770875680943,68.23177024207972,171.7676468318242
882.8921082143884,372.3805553905735,65.92500771683683,171.35828463055753
879.8170051984862,372.98184093578175,63.59358738473554,171.68529873192966
877.2706113384133,375.5845943180573,65.0562089010335,172.67633154624
875.962423648336,373.10551036841775,68.63686250999085,165.63076169493732
875.5711859380075,378.3682767845424,67.02816156266479,167.3669612842059
872.2201359097609,378.30934288007234,65.04168818817632,170.28163204340154
870.5433115530088,377.56064177421644,64.89942470139157,170.0997571288732
869.8257496313798,380.4487672920805,63.989745477414836,172.89337087086088
868.2338285021816,381.20761828077866,63.83532834613313,172.93023426339033
872.7117194387306,384.22107593663884,62.149837472589084,171.2194565359699
870.4050679428567,388.2880505660859,63.31239110014219,173.18630979067234
868.3242570481358,390.27077567343804,64.02786349152443,168.57752602786329
866.8032291173735,393.9694550916419,64.17538536428985,166.06450097032538
866.9328426815507,395.5526547201051,62.785295262245754,164.76674323322715
867.9810703392831,404.7033903457919,62.71237809063777,171.7987346965093
867.1910173283865,410.13502278958754,63.668602366064476,166.83576686460265
866.274976926452,409.92080739287223,64.19036147766946,168.15267441404382
865.5218775515987,418.9974648458769,65.04421249945887,166.00421825972182
866.0294401187812,424.9503510559162,64.80760107187876,165.80373515963618
870.8020313427438,436.0149731183234,68.09260615620184,164.71114566427167
865.6126058457157,437.2712655312664,67.72164068509996,163.92577612093262
866.9593828131939,448.5956700223699,67.61001857791896,162.66852583342563
867.181965458282,450.95535548795516,65.51526633880789,166.57764746204123
866.6556458111438,455.3075435040821,65.23387275503728,164.60739471595065
866.3771837228651,462.4901403213391,64.94765236866012,165.9429843215822
868.6029023253323,467.2427464473019,64.71618087689255,168.74497817110426
867.3859153782734,470.19027887801303,64.52249316964254,168.82785131443615
864.3049065285824,471.34500505284393,65.03222821912836,172.35801422367922
868.5819549342511,478.4170199945224,66.54344846692669,169.1581679002926
865.2856379912816,482.5779239450881,66.78192649352964,170.75638470928595
863.0175002349353,489.3172349193057,67.74309266580971,169.38181999738265
868.3978831561133,490.8316057147242,64.56155705953472,170.6500701262087
866.7869392318212,491.2977858662438,66.7088532679142,164.6614302953495
865.1376488374115,496.654133544165,66.58909237525506,160.91506745326024
863.9415677659032,496.4903340529297,68.67827628063881,155.48873055828653
866.4704992091896,503.9028296047695,67.98580511301299,153.29793292182063
867.3167998663189,506.85033604040063,65.55335059040792,154.11528180156387
868.035759312641,505.94923486707273,64.45693556934675,153.24509129914986
868.3066290360765,511.9829416632671,64.69318933132013,150.53435695293464
873.1268044000275,508.77670554564685,63.02554616626111,152.58646709403763
875.0375239634926,516.1282496746227,61.405959182378595,154.76647100376255
873.7011133319457,516.5574519711549,59.10824813748122,154.82446509410693
872.1001293503429,518.2710935372535,59.45944630536276,152.26408689374256
870.7342497082974,520.9072379389636,58.284949015756695,151.21619658186728
871.5180188922235,519.7772852496631,59.727164212754964,150.96808750678363
866.509277684793,511.2836376936848,59.18904169534568,157.36416007209692
866.0518711017453,518.3212327503678,57.77587929105741,156.4492828304445
863.3546295715187,518.7245276507285,58.16004773964144,155.3307911197323
868.0213226862555,517.6339149066513,58.573366617104874,156.45043854944578
863.907329657248,519.5180019958383,60.18438202243618,156.19242273803087
864.1559915685941,520.20290064949,60.281469378866646,155.57902545946422
863.5589758060767,522.3812986291625,60.626108127625386,155.01716051601082
862.6614526073968,519.3834339283451,58.88011585832089,153.70777125412425
861.6559932329799,519.5003229162171,59.14371441740923,150.27447630880636
864.6455834909509,523.390021733745,58.30837182678792,148.06265578478695
862.1393250379194,522.3836163595186,59.031591481278966,146.23439078562672
864.5841776480795,521.2366234802734,57.19280287002955,144.45866018766492
865.1607497976346,522.0551081899112,56.06322686464374,142.09079277121702
863.4396485914062,519.3019281950051,55.35874238496929,141.37472288115953
862.7954721340558,522.3602580333601,55.71114782481021,141.75919961912498
866.9891307897257,525.3720125618845,53.104920267902926,139.5241050022545
864.9296354785337,526.4143420622568,53.661010448589934,139.61442606343226
868.9139621684807,524.1743643261296,50.6645456176627,139.60186420604765
869.7582950865326,526.3858848208071,51.14194766206725,139.0999151619461
860.9294057564631,527.5922505994099,52.96190760202327,138.722363019427
855.0481274880709,525.2430523776536,51.75136569045545,137.39384398391368
846.8709801582002,527.4737826866664,51.181616562431586,141.5691487428994
836.9323273148827,520.765991221326,50.313939327571134,146.57495789040894
828.7851271024086,525.2299178967966,54.5485753598334,143.02832970354143
813.6735394448501,524.6509586123913,55.76781557561414,143.0156037918885
808.456864640866,522.6651298238818,55.09906454156902,145.13309690276978
802.7661912628352,524.2939109260218,57.76520098554981,144.03924674911136
795.978786868383,524.9080811598778,58.13096231115942,143.98490198097744
787.8160083704236,531.974706232899,58.513944584542344,142.18293352440185
780.5339105236822,527.7076790607961,59.769903673840304,136.99262382177653
783.4199675038075,531.3419464204135,57.44201890851141,136.10120996582634
780.0110279109787,529.2483352704339,55.65610338242191,132.91599704823875
777.5031059904557,528.8610493313292,54.985678960922044,131.7274445164532
778.3459341063908,526.3914825852183,56.03515643443152,132.26753043203468
778.6214115641379,528.8504445222495,56.195869074129405,135.1125179472889
777.171204010303,530.9794474534458,56.672526729583815,138.03683219837052
775.8101737142118,528.1311196128511,57.49542049825042,138.94708211811218
774.2265019788697,526.4618246047231,56.508312177893444,138.0430102563759
776.1554397113324,529.8161115654488,55.34451538147559,141.0755516912738
775.6759928502422,528.3915358630194,54.965478762094854,140.68685455357334
776.5989424730903,527.6470116862804,55.778511723717116,136.41249058813105
776.0774401049138,526.301176404678,56.44739498491178,134.79050362844632
774.823290759277,523.7236273174101,56.56297290018422,132.66355407528147
773.951031289732,525.8983305053516,54.67243907428406,133.48236361742673
776.500570198004,523.7863723915972,55.15081878034397,133.15327179196902
775.0961098639136,524.5987426187683,55.688787907445914,134.31652753459042
774.1777829971721,525.8114490065171,55.93602637544076,133.76601542490602
774.6824903902284,523.6294051545711,55.50610980806124,135.31451156493335
775.4839403846504,524.4752417706641,52.71550964328546,139.59354525676065
773.9765032818286,519.8416942706265,51.82908099027165,139.8739760361138
774.8173425098114,523.6881153183298,52.29216537656799,139.09446963272848
774.1045397862797,526.3382435168069,51.801825831722155,141.00712399317385
774.5910216174998,525.7302551538834,53.814792368420775,142.3315386290558
771.4536105578659,523.2719262588928,52.840637881145256,138.59621800343962
772.0137059813156,524.534349221787,52.18945672590705,140.9198351753326
771.4463954023586,524.9738318870225,51.153440565809845,139.7213927317879
771.397049930334,523.7226149570819,48.280374291344515,142.4214708210979
772.5427525439759,521.3914318175463,48.2226531147352,142.87018293887053
773.1544580491401,524.6164789978673,47.23297332474286,142.2093489801734
774.4474028180517,527.0192671289338,46.337984327052254,141.34111839839233
770.6570581658601,530.3301344105537,44.91058994786751,142.35800817002615
770.7247794580885,523.3420374089486,45.828977314507995,137.52946631489064
771.8397345389604,526.6136403423837,45.93544403705616,138.2412050358908
773.6467404272847,527.8137721942294,45.78624551482872,140.8399491303142
770.9612105208997,529.4379688247766,44.778266819862054,140.81121514710605
771.8918866884244,523.8701211795996,44.10914221466872,139.71979210414787
770.8392404348261,527.9136771725118,44.91058589567377,138.37204840798233
769.5815940977127,525.3037577496716,44.69959051291248,138.89678623744896
771.446924112193,524.7166075022443,45.92304053635384,139.77805189530733
772.8061803398687,526.7062226355528,47.54533214832477,139.39394126943878
772.4249015974949,525.0876101394106,48.728526042379094,139.82694530508218
772.3953678684927,527.2564097853879,49.40573127103883,141.47919705165486
770.6790747453875,530.0390110979934,48.023563714500284,141.66665880949205
770.0828098801911,526.6294286378915,49.88039827547665,141.57323597778958
772.0972234843043,527.0090393362347,50.587027405228085,138.01034005661384
769.31970052096,530.8911897112237,53.396787353424685,136.04673364736433
771.8061846975461,532.3645301079946,51.77072630078264,136.9555598063671
770.527151785799,532.7022869807705,50.03166255511992,134.6053644399806
773.7362010732879,533.6907958479349,49.56242066452336,133.00714530836478
774.4948270511609,534.9940146685436,49.855606697309,132.2813952270537
775.8014329264034,538.8423468353951,51.04859955202616,130.49302623120371
775.8472000072496,539.0773194833639,50.209496694177936,129.10411498842842
775.3751512051036,543.4338354305223,48.75174599599321,129.49615346573975
774.7611016414943,541.0693835039996,48.639268653113334,131.8507381547931
776.4588173076472,540.2570292956359,48.94376887653093,132.62261954748885
777.143849206077,539.5195384514648,48.875235997694986,134.74609798047476
779.040164573277,537.260440375729,49.03705410282773,135.949694963002
776.3825110800176,539.5478588339113,48.49325923914955,135.1141742757557
772.6937239088136,542.2900768493313,48.9317965067257,137.45336175911874
774.4291008793201,538.9193621688069,48.22456884668371,135.12878885894676
773.9744425240431,543.3739484185311,48.57041429466791,135.30858139478778
775.2332369490213,542.3676501746864,47.11757760642922,135.5166210034676
774.5029607975819,542.6113753761466,47.741621163909734,133.16166669604647
775.9571867668127,546.0113460873479,46.715019638204964,133.03939832491636
775.3900100027186,544.9760131674985,49.216725758728515,130.9876884158096
775.054685078568,544.3029838391798,50.429695733425376,130.35742973484963
775.3086104004094,548.747416626149,49.101018598452185,136.827410877972
774.8469072711886,552.8766374326112,46.45491374222089,145.7047804281334
774.9385289963571,543.4877338374631,46.13987621593451,144.95563539891452
777.3422347013014,546.5115371120055,47.27790407029959,142.46161153920207
775.1975514917607,540.0024851942701,47.66093070161536,139.97697729315811
777.9974136199429,539.9095439127044,46.452801809852424,137.7577257277265
777.7536172780041,540.8016014965164,46.214580307228616,137.4089965624625
777.3451207628659,545.1759622967713,46.555954229687224,133.16492964054027
779.1565365225342,546.564552605539,46.31955654858366,134.61093372510453
779.3048175687906,551.7596755204439,47.488941661717405,135.7147254745076
781.2518761525176,547.7294955526676,47.96403294239636,135.64581811333272
778.9454023542306,548.3813714931676,48.64173450371785,134.37286609426525
779.5571039024992,550.0317601292442,50.685366040669656,132.69103625329151
779.2289032287895,550.2515868963883,50.2303483669527,132.59643980121692
782.31836588262,549.8293238843075,50.06425509822188,132.04815823074446
780.6528555219367,548.4000545958347,51.29379973469991,131.45048808194485
780.5797323469519,551.8261282223973,51.23837045815738,129.77321273018805
778.4782966522617,544.3605253223965,52.55518584884422,129.05829962362336
783.0125055780308,547.8243535864997,50.870862687919654,133.2086029330875
778.3052459382827,551.1763631571062,52.809959375185514,130.87289573042543
781.1401752592927,553.1654474794534,51.616732304713295,132.4693571315604
780.289366940145,550.0941217423218,54.249998972689134,132.52834710134863
777.5187771408251,544.7293066595826,58.28877130388567,133.85317119598244
778.0161359685123,545.8209803351681,64.68219092741347,128.73388203176665
781.4509431953147,544.8423579290799,64.88401392667329,129.55764846146423
779.4796570107551,548.9593748856255,64.32784414821855,132.81785099112327
782.6235874222037,542.0298621338245,63.70596767514023,132.56561191126758
782.805027664099,543.1130951823692,64.93683133127902,131.368702591809
791.3437064806953,544.1702949632809,63.96349891558691,131.38083561197877
792.3366636723524,543.5491522131572,63.86759095832363,128.7592645357225
791.0263738498259,544.156268182169,61.40176245063576,132.49218991738053
792.7148766632254,542.6398355866828,62.33350651995276,129.7036209925187
798.8655423404433,544.7130300177994,59.213594856649536,133.23375559689197
801.9590545786631,542.9603795304412,59.353256857965505,133.36349714274394
800.3638672890557,538.4111989974137,62.40087295861222,128.31201298055262
801.7675812712461,538.8191644269622,60.75647661917913,127.37185073026964
804.2274968787366,538.4746068596429,59.91448747398405,126.65028173240654
809.4544073933484,539.5726093792506,57.588505034993844,128.22267182858587
811.115531367378,538.5322298467632,56.946587028015955,125.69798932444012
813.7050476500253,539.3410525311393,55.89522271301351,128.34558255888865
814.35871110592,536.1039523394032,58.34478130354984,123.37922707484313
817.8071365423406,539.2053910359826,56.7363023082076,122.37711512412102
815.0975460225594,541.4848194533719,57.410601992181086,121.65113938076612
818.9485344095391,541.1350803181663,58.79782585971729,119.87102874871672
822.3355432859755,543.3296893576456,59.5630601966441,119.95258581328696
823.9290659278595,539.3776572670965,57.671060392024074,117.82664180749808
829.2837061081833,539.1557124553212,54.674469777878485,120.31087797869085
830.456043761539,541.7906252037528,53.77027077928933,121.50982301319326
832.2011126066814,537.0737539261797,54.67953344306349,115.24091887912897
838.101080868833,540.214501178142,53.73977238657407,119.7644761532046
835.4823936231031,535.2085764849645,55.02935261371856,118.65247424079485
842.0104017986915,532.1233181105921,56.740538539340484,119.64505903692995
845.8982921775425,535.0962091452376,54.23217445483736,126.50906445358048
847.7321084385972,533.3758363523368,54.345361687527756,129.07687637687613
849.7633210977014,541.334466688745,53.044186504114734,133.37917253637528
851.1082532012284,532.8141493960725,52.35944773731142,129.98870219150675
855.2990943841642,528.168516356521,50.33102977345759,133.30673240044524
855.3999039897365,523.3944903374231,53.65978709831752,128.27123789013316
856.8311953453415,523.0877003486864,52.9800153787575,128.11875196799008
859.153136759233,525.7771391529869,52.0408608903476,128.96520917596627
865.1827560269218,521.1474964704877,53.99794832882784,126.22239677679681
862.7423561595348,524.4215653403771,50.292476262356686,126.5377990362594
862.9650893658626,520.9498396321172,51.821366969503416,127.91675092211969
862.988960986861,519.6678540819029,53.4200248858065,127.33048396817522
864.4559019954982,520.6948818844121,54.3030379293895,125.53833296032334
867.5104809050254,513.0759575623363,53.769503879802656,124.76457862712823
866.615479234247,520.789358698744,53.77336379520504,123.09446216170949
868.7346297891916,515.0932882600763,54.923090669874846,121.41163311074764
869.8405560044743,519.1204760124621,55.452095552734754,121.90476465607999
871.5403106251915,517.1369324676127,55.65852259326512,123.6348147145431
871.9749587584303,509.0215909823321,58.29142974983347,119.78060534944075
876.6495524682898,514.6558008591988,56.64532893104216,123.21090954867275
880.8412230287615,512.6758156712411,55.31710725216065,125.3749611635604
885.9414063551403,509.13247521646616,52.39458798816018,124.89639908788524
887.6915253084313,507.68545059025166,54.47899654804301,121.0565512758415
889.480583197982,506.0513563694336,52.40558238990531,120.13027096363251
889.0874875646532,507.5912147184306,52.97631104644192,121.32645041681104
893.2422009650596,503.3977511237084,53.614540450414324,121.01380735174692
896.7202490113195,505.3992703251091,53.3978069786971,124.19926457861999
895.7446366676962,503.37840163946805,55.49251413277092,121.09905866048305
893.5852265435042,504.5609177294378,57.04869035455597,119.55164237838258
895.0479008660999,507.79113793133047,57.08381791454014,117.1816498802362
894.5180363309187,506.80772714020617,56.46864949593375,116.12008125074985
904.472522465695,503.748924753962,55.31013533671725,117.23909397312008
901.956838004176,501.37448202068924,56.1284395265404,115.6343891526688
904.510766848664,501.1341514230349,54.1289878569847,115.65489278273533
911.5427261907871,504.29887732555267,53.783333191554355,113.9811083382474
910.4545762310024,501.7591287346543,53.31008543149699,114.1209990703484
910.8675118681441,507.91728922731465,50.79840823710609,117.57323297644439
919.7337599858166,504.03375674237935,50.38822802316926,117.945785213143
918.7654710276545,510.6062359281835,50.03984132172873,116.81681862019339
921.987306134671,503.4133795745267,46.414036530322655,120.17469455301611
923.7470354862315,504.47682730483376,46.453828983894844,123.60022806664064
923.069302163004,501.97760078082035,47.20521657953397,124.27453503565727
925.7557342326244,496.4759642107495,45.76163346427096,122.78969185659905
924.810400527024,498.83210041295393,46.90460194322098,122.6569404854421
924.8991962083938,497.4636423801812,47.71015792642174,122.2586283417861
920.6421884347166,499.5989535295535,49.07140323134814,123.60170459236144
919.7939557518489,501.9025273320278,51.35236620518811,121.78348276149984
921.4888346159337,501.58101069101735,53.1945407315291,120.96275477504109
923.7983592163786,500.4789050015388,54.07609996001177,118.58824630188906
926.6132223257081,500.3582490035947,53.77699831445847,116.82476735986423
932.8858835108034,507.1115453337923,56.75764989219676,115.86479744173664
931.7863858541414,502.5832262212913,55.604610746341095,122.1716402187496
933.1369725810688,503.3270802537789,54.27392179603508,124.74064685426842
930.9434982594173,497.95974434066216,56.09950515265039,119.04957675138391
932.1253427881422,501.4018053438082,57.5543249799927,116.74083917837065
932.8575151028399,502.9155720383327,58.83147891905429,114.38276983235801
936.2379729729698,506.24852295768767,55.95592848449279,121.00286594923165
937.7112708453108,503.8300261104655,56.36253418089248,120.2787198579829
940.7458394295984,501.71465323195616,55.94439322261327,118.37781456335574
943.0372990590403,503.9420551994016,52.63703054850774,124.09209843469557
944.3933241177571,500.8597344792456,54.33283423998098,123.41596478799826
946.3494175537313,505.06234204214314,53.64999569659465,123.19809762207421
946.9732609315561,499.7441719164282,52.98828725742976,122.09787692785491
944.3090931855953,504.97169410623627,53.69096521376823,121.33587615346175
945.02618307098,506.9695549342467,57.398224925657885,118.07835790348042
944.1312442733973,505.41003613521224,56.8601179388,121.22136422092773
948.7567746258464,505.2304251370075,56.30089174542516,122.00038001936647
955.0101280885744,500.5000625469015,57.83402404131843,125.03997615197565
952.4630458502912,504.26903876670644,56.185753392478595,124.70226247506437
952.5043877070676,511.9762511312416,55.435639980121174,121.33960019643388
953.8180593491024,507.10939118860426,54.8266128399994,119.72921824834495
956.1715802655744,510.702988536835,54.97000586986843,119.20448620303674
961.8461038558703,503.3708053541605,54.520522279325846,123.75755195280985
959.0169076825637,507.1478077154384,55.318346709816865,126.8747839201771
960.7572812056866,507.4179021063866,53.889988862277576,126.90320614175317
964.3490121593948,514.4999168100801,52.607347591338375,125.6640947015834
965.9327879314411,518.4399848872886,51.269518721542646,129.92025224655018
969.1739241613093,507.2212250972117,48.07323201688463,135.62424825928588
966.8444074292622,508.9071045096423,52.06068435781704,133.62058062799682
964.5050266596564,506.3604004586484,54.45731178537227,133.70668159505502
965.808913907877,504.5009315822359,55.595053146463385,134.9921828547856
966.4151547731076,507.0298721343694,56.3776344684375,133.9883415863448
967.8659099606023,511.1821374710924,56.36136238539305,134.43172976636455
968.8540543669802,507.56693828694756,55.948416881601105,137.14331234681134
974.7215683785857,506.41483978511474,56.89123249257681,136.01201080376023
977.6400672255085,501.385017322387,56.27221939756305,143.36286521288625
966.8561430115653,515.7689510200678,61.03489754610378,136.7338560349058
976.0179936602036,514.7550849784268,60.44568168644825,136.21505636988644
977.8334676167849,513.3110160321799,61.76162116600989,137.52285504220106
981.213481447064,503.2599323079285,60.025056554938914,140.60254075378734
981.6831133996648,507.7265450927742,60.417180313279744,139.73698407867016
984.2512756863287,514.4374347623275,59.30783164345155,142.32842246427782
985.0064611859622,510.0377984271201,59.039220002584386,139.3684105407948
989.1241782147007,515.4336824381922,57.80278270971968,144.85602758426162
989.4813404702915,509.52264409586553,59.04286577330893,140.8548445214915
989.8535207985676,524.390475942316,59.06374838194097,141.2302549827465
991.06488469326,516.0989171559869,56.80049076969435,139.4256264633477
992.6837542793209,511.6884653079444,55.94388209520159,146.28512193772548
993.983579758667,500.6876889360179,57.88092966872114,147.2442256353878
994.5766295403861,499.78464138666106,58.45866340054448,148.36691068751404
1007.1726884674489,475.70991406457046,59.76219012121947,149.91324043097086
994.4553528217974,507.14727206998117,60.63290918318475,149.017853481762
995.6335861716869,509.0164611542124,60.77200990343702,149.8843038858941
992.763781299028,521.5816261917284,60.172741828672386,148.64234048355695
994.8342026146945,521.9754242995737,60.01792442959784,146.32806755465387
996.212962876567,531.5824362389692,58.47738770359947,143.8003909608816
1000.0887619610659,531.8186701453241,57.52926645563626,143.00739919674214
997.7773297266881,534.2376716711632,57.997309681886605,139.41977996301057
1015.2030076121767,504.70575091340913,58.839894040812666,140.87431567119714
1002.8946136467687,529.5890752084852,60.412754409743656,142.47184098658232
1002.4877785445525,559.613161212084,61.72983006399696,139.44002827167395
1003.9181801946495,557.8111216862569,60.75346697811253,139.68137631190254
1004.354182831847,563.3892429740173,62.63028340914954,137.3097456774426
1004.2320344707279,562.2692980443973,62.88281644341699,137.59568260655095
1013.2578700801217,561.5461650367953,62.787263187747456,139.903912806337
1026.9758947189935,519.9802648407401,64.77904297441819,149.85561596697167
1021.556259656737,517.9202121946897,66.16493815123931,152.3707976214861
1021.7550856251659,523.2866504827489,67.74042135043634,156.0665885670503
1021.1603095454935,529.7432832491315,68.63774272461184,166.02393003148634
1018.5113829754991,559.9361377187995,69.82414325058961,160.7044021566992
1014.6571350484974,559.1551159515259,69.06169841174002,156.32574701663304
1013.9541343036485,571.2212072724079,69.839609253801,148.9867017766881
1021.8252057872727,564.293512933175,68.10962825420043,147.6630073644218
1019.5820235507329,553.226748215568,68.46778749326165,148.0868241801968
1021.3521461176224,544.4440662732854,68.2711803604544,153.45271317882538
1020.4801273737792,565.1226765683141,66.74345763283497,150.2520296404201
1019.917783689594,576.5302067202795,66.52437799902282,143.6604492608065
1022.3741258759619,575.0118580043435,66.06753077693699,142.28622014197418
1024.3442435183938,571.6761307434903,66.16996718664382,141.46851970690113
1032.376993961117,569.6293727285308,66.11326692667002,141.56801147208503
1029.4158854152856,564.7120645207661,65.17604059143173,142.47825064335328
1029.7546038990606,576.4287025888841,65.0291927535144,142.17980655319252
1035.9234316362322,550.1254072386231,63.374529639974256,147.58515537748355
1035.7071237397233,569.3322069570531,64.61022402980905,143.62812871961808
1034.4255713274333,585.3851880779948,64.7146365782718,140.94509619399338
1034.02545042933,572.0841583950714,65.25947313596434,141.76117582548852
1040.9033640315808,524.5353869739996,64.63788771907848,150.8660256807321
1036.8217607064853,522.1539469929266,64.6001393259949,152.07618219806633
1043.3712482971484,512.9784174966657,64.66846667872039,153.3502446389038
1027.1513621579475,523.093502331291,64.30956546621074,159.44100217494383
1022.8692084054014,525.9623678524547,64.472115353331,165.37258890252346
1018.5039538663752,526.3373634564405,64.33553929694835,171.0185886851878
1013.7523089699067,531.35804584787,63.55320519354095,175.09602386321666
1006.6702699143499,542.2110678811716,64.81866535631285,173.6839784058452
1001.8191117472384,533.4415879711344,65.26852979358128,174.06485341672632
997.6941282841699,521.0243168887212,65.24795899067124,177.95094192545992
1005.5217563887269,514.2232386028899,65.51525015302819,177.92238648507458
983.655048039371,541.8567260497169,69.6931226584504,176.0466711033992
993.0724411362199,513.0955897450677,68.6392944043948,186.77600509753034
1000.6392926754763,514.5320070829589,68.9107515875375,191.10265938113332
993.764176704475,513.7975906038014,70.12782558993561,189.73085290499645
989.124882863019,523.632837737538,68.73001890427128,191.714528824357
997.2604227370362,506.9427700366725,67.85403325345794,198.62825530837273
989.7920248453167,515.4737604589021,70.82328200281205,196.27701224304684
996.0531420431961,518.2345605380223,71.0158010998823,199.10177023496243
990.0663579879654,505.5801830068889,71.33683994214417,204.9609389232972
985.7915877854084,518.5113661585556,70.48311189836764,203.84999663861416
979.9117256854001,513.3771283472038,72.18605200502294,205.15502838412232
971.1413952336958,517.7398278354541,72.98062138242449,202.6802756657625
962.8104766799374,513.4503763191352,73.82404839158673,203.75610778643087
958.2874536003447,521.8523723887549,74.08812158546405,203.8543322232972
950.6134566371136,518.3488615477858,74.43554044228873,200.35640432242423
945.5719246519752,524.5721276712917,75.15431422959563,200.80403466523006
938.2426443058014,526.5676060556524,74.77486048639632,198.78934219357907
933.7215780997142,525.9930091201489,72.28342195351901,198.97964320808416
928.4240770364106,524.4770103427287,71.99011429293147,199.7584523619085
926.2543241210308,527.3273252889535,73.36135790801143,195.62582522656854
935.5861267487523,525.8756763280553,73.16409618357758,195.78381896056146
932.3424021059011,521.5372007709074,71.82768970641123,198.75560248887172
928.5437672340452,522.9972724816722,73.46913701381138,197.29164614156636
925.3214723375022,514.92796773503,73.52027963300047,197.4833307779692
919.0163619429609,521.9968148467669,74.15439465909722,199.6253559643198
912.6222393927133,518.8414772356995,75.34402576191721,200.00852078176814
906.0489705338281,528.5851358419263,76.14389876470624,199.78302163008416
880.7085162253688,521.4299474649023,77.94651733931569,199.32256331494017
861.6536044663187,539.5599409078058,77.9142721921373,194.05054568693322
842.2615211867142,531.2909501162911,79.27809099086795,195.22471025639967
809.3846777886903,538.73511262287,81.3306176373401,193.21342077539046
791.9366727361413,536.696718835868,82.10887133233926,195.02458283670256
775.789170368097,547.0779003945956,82.65071482965818,193.74820052447936
771.8936403489757,545.6086048528985,82.07091268873032,191.32560178275247
755.6682751292994,558.8574743574864,80.09626674413681,188.57288975239896
750.2276106934856,549.7454713176714,75.58260480475317,192.56114187412393
743.968282191536,573.9367161953064,74.41789136105939,178.87525322558855
740.9978238163438,575.5556635688012,72.83216285467198,178.9174479271444
727.5950704851027,548.1918596569232,74.49459249707452,179.90281548276252
727.6907571141113,558.0175939587825,78.97321316558273,173.96094242524842
727.4930321173432,576.3980479429748,77.11119660800941,173.0405307832832
730.912827414997,573.2895477501522,75.16559259576941,174.36735345710508
734.4889303891559,575.8453392488813,69.41684323603971,177.60924585627808
734.3136577353171,578.0679379090769,67.24544548550992,175.60889840689447
736.1068876604894,586.8218818209057,66.11626517467363,172.61703005892895
735.616225806097,581.6860517136046,65.0248433721322,166.257109972242
739.3165760529292,587.1743989042494,62.977981140578635,160.4142406240328
747.2040340705521,591.5287190240678,61.606876266857284,165.29859839805007
744.9743742221546,587.7759284623661,60.30178068608943,166.35944625822066
743.6930458981788,586.1341207661474,60.60234072799507,168.16001368321895
742.4474201471784,581.3996941300315,60.9735502157875,166.71612098733553
741.3492248743653,584.0022546895527,60.99752736222865,166.86098994415482
739.8654366702591,594.2333356065476,57.298183103441275,167.90972834365607
737.7863952505933,583.54748789615,58.792620182858315,168.07753045858442
734.110279573523,593.3967433584226,59.27236974120252,166.3743017551966
733.6458742650483,590.6766883548489,59.86467953630691,166.88254278668649
738.9069247474312,592.4102261225258,61.02644821352532,161.74125248804165
739.0100112888086,600.1865886343776,54.74392522758313,174.3896448921127
739.7133871937885,598.3667322808031,55.44301013275833,179.91305313619574
734.6589399045865,597.9606832622787,56.36263764709568,176.5230292993944
738.4843366060787,602.62762080984,54.634405417729795,179.92747287418877
737.7086662682016,601.8684646084158,54.850591506744976,172.93269210754687
739.1442934292868,602.7807144507099,56.119880039149294,173.5496058303105
740.8304085550676,597.6419894773531,57.60771862130898,168.07222907180753
739.5562254116119,602.564396838399,58.8145416002604,168.09136914277792
739.4087624011225,604.4196768859281,61.98618606070061,171.6836498987662
743.5323431052678,596.7058843219044,64.68859520088935,170.25859122095608
740.3825613665085,604.197423406715,63.37051987121229,182.0776615114318
742.2532393387766,603.7396476473672,64.26980763085837,188.83670838328968
742.0620570143843,586.4645620212932,68.39731905468665,183.25537101420434
743.0860195521891,610.0837338715462,62.92400137363282,197.1049564940149
747.1350635750858,601.5382367278968,60.584786906131676,202.89767635175357
748.2850994829515,595.01594063984,62.40137229107795,200.22412146707083
748.1428029093435,597.3141082936806,64.84149120540809,201.1870653266161
746.988558416528,591.3022085165638,68.05247548338366,189.85375840243827
755.0557887162062,587.6077033933833,67.09080462299585,182.3255238409065
748.2029911921262,587.1378967491411,67.33565670838657,174.77877883901556
752.9747065335291,585.0440885179834,68.0241559902694,167.79702794603685
759.6424549436149,593.5569238733923,63.686017573531416,177.75340959802983
759.074379297051,584.6595392416041,65.31205308457034,174.54653702846247
757.3904198221578,582.3162358094567,66.38065872574619,170.57715398084483
756.8763632590798,589.6881998689543,66.62663250403378,173.64668106990243
751.3218275903685,585.2148418119918,70.00492800184492,166.56763479714215
747.5681093987941,598.0821717753712,72.98894510249181,167.9286359119447
750.8909303818957,593.8480972653716,75.6403774219042,171.88124445312286
749.4576506383073,596.6149767018048,76.96007998402058,177.36903899262813
753.9290926480681,597.520367635499,75.0896077778159,175.84334696522887
760.1093243217858,601.7590591197716,71.30935023113244,182.49957690034154
760.9895530250667,599.4921054498348,70.57634529714232,177.7019922680375
757.9362303153756,601.1447808719976,71.89606081191886,177.7515163455833
762.6737173850587,608.5262948145756,68.7833859443183,181.05901102948877
762.5769797562868,605.5238902518677,67.95461915448831,181.87034660508755
762.3123639351695,605.9602826556286,70.0020024313553,179.31133469933815
766.0608286755856,604.8949214766513,68.34803105036455,177.61769375663692
768.7063032965195,606.9782680732976,65.5869559863528,180.18577968517738
775.9838647542027,601.0150973306024,63.54349887918639,178.99105255069918
774.7115339625043,601.4891520936469,64.191399922607,176.47800307598652
773.9707935541979,599.8801329081822,64.23148895938357,172.51469113818186
776.8116682839344,607.7119181235498,62.754389729539156,174.6062301472411
776.8902688672313,598.9244985159349,62.27096336654638,172.35946235354703
778.6116481969186,613.1253187186222,60.81204069222528,181.19185075215637
773.2649438336125,608.643603231822,63.42491267021991,180.5425692196519
770.429689580766,612.6728534884619,67.63862801563573,176.84043040294694
771.6143976351784,612.4674017532952,68.32312892412389,170.8185226056589
775.0793050727316,618.9025218041585,67.50593827465462,174.67327740971996
784.2608197994931,626.9699572498921,62.46364275517905,182.65238337166022
787.0162274402016,621.5873465614228,59.55460521870135,184.55221898886634
786.8463182498144,629.7605901165564,58.02710192596774,185.93585829126977
789.0846848331731,627.9337208510184,56.6244222703974,187.83882891751045
788.5477300979712,627.1560314068503,56.79238486929677,184.78027680095738
787.1279134259122,630.5840545492123,56.685738236493336,186.36309699335408
785.9689134623054,628.9616240029923,58.93490963634617,183.76965960482823
789.4490425512181,625.0459980600295,58.66147503421837,175.23342016089208
783.7924132838855,624.9731919336801,61.507551111776785,164.43648227925382
790.3293033080529,627.2644332144537,58.47336289548183,158.72282715303024
792.3105388552858,629.6128337951525,58.266218494657664,153.44635661870132
794.2673526461753,627.9826203073588,57.242426326143985,152.30439452557636
796.5113984044517,629.757019604511,56.63209043604569,156.0041297299531
796.538910266212,626.1528379873378,56.42039420574076,155.03341618981233
796.487760820752,631.4881205202952,53.96573163777089,157.615422819369
800.4715052354093,633.9283052567837,50.05070625388831,163.18767997183943
801.0001241103553,628.0280504931325,49.489724896365466,161.95789011751518
803.917437390898,633.1968239695501,49.111811516073004,170.14124728276641
804.64002012071,628.7189769376041,48.77359812374551,171.0727684397724
801.7451903713741,629.1159160910145,48.83338543638747,174.10011051165503
802.9918183234141,624.4101743015342,48.41997952453489,172.51338740761804
804.1981236675769,628.8436474712566,45.91237213125113,175.47678783350608
804.735938652928,630.7315553122075,44.59706479168677,181.14941333597744
804.0308859445312,622.0055049740953,44.184778739893034,179.7739870186783
805.5286096223336,624.5677715022664,44.9847062971953,177.77431499148798
804.0096450565611,624.9262995547695,45.361945986819805,180.1724011821958
805.1691053841321,619.716593201322,46.00586582312238,173.07626335553488
805.4781767892504,627.704169671925,45.45094627887123,178.3352227452614
803.5997830696172,620.0664638691758,46.85176186262184,176.95066296668526
803.5070977720891,615.0878495753551,48.77256484757896,167.60045426034952
804.7751567159601,620.6660613193791,48.79337162434781,161.6438402252891
806.446885556774,627.5954822212971,46.840373568007614,164.8495084753804
806.2052821156955,618.869752637944,46.52702756931747,163.9310953233147
808.5518563648535,627.8451458548703,45.070490271440626,167.3559954439461
807.3120989658828,625.0473933107032,44.352361947517366,168.8296778436545
809.5866750102591,626.2901958414143,44.26660440975468,171.0086652577178
807.1673819252603,623.1243937597344,45.24155998103119,165.5814224349159
809.1333071398398,630.1616455463748,45.13357480745812,172.46727778303222
808.9195194093446,627.7601789124944,46.21196965495919,175.15193747231223
809.1007401907751,621.406160642425,48.248339647985276,173.67744262934576
807.6559271362704,619.0782812617759,49.588315991131836,164.6967284927107
811.3996004381765,623.2640446019799,50.07502816125542,161.97451010994067
809.9128161775503,623.7851418063761,49.181926715006334,168.41011483751078
812.7888772712364,617.7173804796103,48.62205980497967,163.25787596236762
812.656154143404,620.8033842070323,49.309688912003836,162.94091223324472
813.183076907744,613.3623017643608,48.11256610216558,156.4333772223907
813.7668703034594,620.7361680836082,47.35599324244868,157.66813136236567
815.1179341693417,617.9197890815652,47.51639635824979,155.45963796697202
816.9161923001049,624.1690154756318,46.81051370438226,165.21074125267762
817.419089838648,621.0490490361332,45.11511312181911,168.24804463372442
817.5375149009635,616.3422881356397,46.74436205228693,159.901103643145
816.1964906187301,625.5998405824408,46.67611308770626,160.19110711835725
816.6561971456199,626.9865840769942,49.07134525983367,158.96283568198658
818.2309415323455,638.2339795683191,49.37443530962868,169.7037450425558
815.5628942889156,632.617077489911,54.282921625633705,160.2440155454577
816.9149168091387,636.3430124200459,55.92776722358606,158.58267819400947
817.1228128043361,647.0561494291961,54.35559526685106,166.97830246130616
816.4989355228039,647.7981366039344,57.113319795078084,165.085910819712
815.2062793329135,648.7052449730852,54.66168215975752,168.61435124471998
815.6660549522172,652.6201102811339,53.07182130231715,167.49389654885653
816.8854672147312,652.1396932924526,53.938008510995985,160.65195606029272
817.3433890080265,654.1317600844629,52.90971384669061,161.43472303683882
817.8837911505449,656.7252804811444,52.98119224172141,158.46879142035567
818.626465059594,667.0214443063666,52.5740312409887,164.8942389379415
818.0037149325585,665.3286451451512,53.38652259240031,164.3659522235487
817.8428508103293,663.6363112250492,55.731603351197336,160.29514415726533
818.8532734813764,672.5238614367812,54.824890873473535,158.86130755524385
818.4997660294202,677.6821713074631,57.01462965796627,157.13691373607372
815.9389126670909,675.9397331175819,58.770906123801,153.40396795348215
816.2243405364991,676.5084190290079,55.748995317727896,157.17563020655115
816.9855150008801,673.8308222996646,55.31682534574148,155.63986501747104
821.1239644435059,682.9892811942271,54.65542579220271,164.3556267370957
818.4027541357946,677.0674600973128,57.368172945401994,156.8527635166144
819.1166397580581,676.5013748528622,58.12505070135979,153.74448347438022
820.701837111522,680.2509745953805,57.411950151964376,158.682967346898
820.8545065059395,676.5488706679218,56.398220289404975,159.11990092471413
823.120876874275,679.8794571905842,56.75506493703107,162.25915814539493
824.2521419989308,676.713354715386,56.58235435326651,164.66910355119177
825.258620713993,681.1516657149893,58.665501013453934,167.65427292641118
828.242817823054,677.3656601324117,64.37856652723958,165.04454013904262
827.8131568708633,677.547195327922,66.69795541477035,167.33700184989522
827.7248534929032,680.7288731389583,68.56633910916591,165.47730734409805
826.5470249909507,680.4891387889949,71.08997582877176,166.65066211989512
826.0141329680205,677.558124028076,71.26146931578569,162.79171202973592
829.3814610990521,682.0988168610913,69.71075483215074,166.61110832156962
830.2492698994879,678.7895073713357,69.46139866152919,170.63098608708796
831.7745118304413,673.9026246783469,69.22319965378378,171.72599452615214
832.7652360117615,680.0051745562987,69.55154651893754,176.22887466394673
833.5346189068459,672.0010237459201,69.03118672705406,172.9440013927591
832.5982590474522,676.4704317910991,69.56342672173244,169.49100460450734
831.3428777997394,673.6712807808966,68.21435490099348,167.23150338361103
834.8080135302723,677.1233084522501,67.78740581124406,171.89211581042267
830.993046589019,675.2482117513898,68.04028022365934,170.57416613035844
832.8549249176631,675.1949952103207,67.62729792688397,166.75689452289794
830.9549264870005,673.4066979034482,67.02581746945101,164.20436633432487
829.4311108381244,680.4502585752459,68.858312921394,166.25219588253324
830.9002777719334,683.8568189629102,69.15290179627621,177.57290326804397
831.839084956294,678.108170406794,68.98689998550928,184.58122995649035
828.8057346002977,679.9289298668243,67.28227747663077,192.65164419829637
830.7493200584498,674.4743733665641,67.58866980607623,193.01246183063944
828.6400955389146,679.7337296574603,68.67859063498167,192.7239337759155
828.241910375503,676.4418781534213,70.94655937045965,188.73840508211566
826.4177966611214,677.1813628245051,71.0713765121321,191.66409363743836
828.2125809151302,675.1543600681798,71.6053602228013,191.91337993164973
827.6376540403885,674.3685249441668,71.59279982206114,190.35047221734564
826.2355797981909,673.3131895104749,71.70212301491972,187.60402126644013
828.1680523415242,671.4206358779584,71.69488630910321,182.65767387602511
826.8366210152911,676.440043811799,70.80088310871199,181.08175562571415
826.2204943935058,674.4340777728867,70.18558002256168,178.95433839077975
831.6361372069815,675.8324129803464,68.24460138718247,187.52947715474855
828.5533335070561,664.8484543058956,69.71365553938482,184.76651132256737
828.9394190493607,667.0928339778638,69.43086234668651,180.16076114670182
828.8431469731335,671.8548820047627,67.68762660792696,181.94885530245165
828.2182072798403,669.2401069718418,70.04811661724831,180.23720667782374
828.5448854093264,668.2183177096641,70.71746258477992,176.0890443790237
830.9480651122358,669.5043800072822,67.30306102646301,180.01526758401963
831.7880896025375,663.4978670417604,67.38674898553214,175.6563760959222
830.7109206321719,664.6328327853672,66.22187323773127,173.0969224600501
832.6271174573995,678.5345073940579,65.62221086760701,180.96443530905657
832.7340794433019,665.6352329520043,66.81095289403703,183.05948106364036
831.8150314083399,659.575183359321,66.50503039606913,178.2725844047725
832.2472598161391,671.3592747384205,68.6567688242546,174.8968295899822
830.3173006101418,663.3052608262299,68.8081864736363,170.78661740405812
834.9355334802578,670.0034275552874,68.13331434387722,172.96518120794235
831.0400933837565,661.0452183397841,67.16073747280406,173.5879865667655
831.0488722310533,669.8531029877008,67.17868562200782,174.9965086150711
830.4546396396075,664.8184020815246,67.5619807905957,176.69674337174592
830.5726124048604,670.2870152584725,67.80488756480895,177.01676370048295
832.4605602107123,670.8212452832187,68.16308196947038,174.96267716747872
831.0329565032182,669.9322616146253,68.03854886950903,172.97631065932384
830.2720554846046,673.8837638997686,68.4827776737767,179.06325297153492
830.2481361605094,670.1622618096224,69.12763085134698,180.947063514888
827.8509952220145,671.2672315874999,68.03304502041047,186.17130088255357
831.1444796819317,662.4518643442551,68.96251267192031,189.4083340423001
828.404190403089,655.0633091342675,69.16248089706754,190.75296777543048
826.4502920070626,659.7416272250892,70.4461751590623,190.66449153562144
826.303897980083,658.3060991527541,71.17182322273096,191.5412120066113
820.4526923184592,663.3323708649048,68.87308715831033,200.24469248237642
825.1762691275749,657.3471975982864,73.02393641717472,190.51884090577994
823.5067611722378,667.0429484117576,72.28750354981135,188.0771258349215
825.3449949707086,664.6606512601161,71.29543022138452,191.00145731549492
824.8564565793442,661.8243031390933,71.71102364053434,190.87580496245772
824.0610434728932,664.4650108971795,70.66340407038975,193.13157362270275
824.046527909607,663.4979874377711,72.3892315705443,189.05796191250224
822.921635030588,665.8862623724522,72.07177486621478,195.3815513562548
822.4759541051268,663.385895378674,73.34962292612971,201.35117041262725
818.9616400209139,660.8307058605815,74.51743609749309,199.65977835721878
819.4609784413275,662.9593089231588,73.41955092085615,206.96865414676398
821.6053089235941,667.7592543436616,72.86486412865023,216.8700619134858
816.3085595707109,664.2427883775757,75.824728600268,208.89970293822898
815.5066897763265,651.9097097319104,76.073547158429,208.71705423686063
813.3310749812641,660.3961218605771,82.8598316892874,198.19233213103195
816.8098285436546,659.4174221771718,81.215090763668,201.46857626280888
822.1114600738621,666.9777486291372,76.26638291766525,213.545102299264
826.5875107715773,654.5201340810862,77.60978796026896,215.24480434442881
825.3865314589783,665.1139026347743,78.4737837843299,213.22904995318933
825.2142877946387,661.3119226529743,79.69642081693496,210.91015141950928
827.7212503783617,667.1167471233928,79.45013304043725,212.16612455174345
828.5887878153702,662.9837072708839,81.40360673202483,208.72184066289122
829.4874522544428,655.5777334127049,81.9964002178989,204.37701550986765
829.8507140985948,661.103144021198,78.75067045623979,197.53803179602698
831.5163225938536,660.2872457288324,75.48836907542693,201.71026377996748
829.3166593343196,663.2086081762841,75.55648775217928,204.2613354379872
826.7230085098274,649.7470996711363,74.50180976424157,203.13634205594747
824.0961506601498,650.2889795786425,78.56422072494229,196.2939400514393
826.292370537411,656.9596230629719,78.63085661730095,195.5665929544029
821.8270595376164,661.1798617409033,80.37736343696263,196.89369141053464
821.1343650742502,652.904623220701,79.27972941152498,196.22326795471284
821.6242701145901,669.9993316938379,79.7371217322565,200.79203534630685
819.9003537019292,669.7732651899443,79.68356152999583,209.8439087031034
816.9146679329751,665.9442395765625,81.62288904118498,217.3322853664667
814.3618005822751,663.4946808042674,83.65748356403842,225.1805804131809
809.4115715813023,655.2679326706781,88.73790436250474,223.24151080011856
810.702884735472,655.7546521356435,89.94176245623476,217.74669310274305
806.394699137074,663.1205373851449,91.52080070079845,220.747797627287
812.0263670519494,666.2991180557073,91.09229552981121,224.08882784880407
809.5261789762917,656.3064083602147,92.31452081503825,223.89333979820304
807.1840207880493,659.6902845025129,93.9215571925541,217.31985246388797
801.4242609369313,656.3594103822066,94.63351903696484,221.67714195008617
802.7960121584895,666.831920487055,93.54364112344354,226.42402617026357
798.7953786119683,653.9203243534766,93.88702868629818,222.8606975575256
800.6598776145527,662.3880945522728,91.91711858728033,230.89831469460813
799.3739869576254,657.6046038688612,93.77439635115218,226.78376488463542
794.7735339600015,672.8276585100239,95.81901904222384,233.21838066049452
792.2486621609896,667.1584330031426,98.68923797625115,238.38270386748025
795.6023599761071,656.8966921673668,94.1127815237966,237.20907744014895
794.634265149475,665.4294459783268,91.73322084527072,245.26276427649537
789.0870257257841,660.693755109152,96.78979471649465,239.75777657373126
789.1069021897157,654.4007773370339,96.93939720116141,241.46033493510922
787.8680064475996,645.6318962941494,96.2560315790573,238.48684043113244
782.367763050027,662.8723650909433,99.61912997687648,232.79622523435154
782.6124417988774,665.2845296871226,100.23303853857485,238.04695014357446
778.5761390538897,667.0238875396516,102.15446479744308,235.33150507537434
777.1902672715258,676.9765068168118,105.31933714048893,236.23371939995963
760.2710036553314,682.9140204155591,109.59118885303386,239.80351442079836
767.754046906242,663.8796994114348,110.10592924164072,245.8641575741118
771.9250807112071,656.1904375372419,107.648417057922,254.5706842163903
770.7051053083043,670.2426120984794,108.21986601932669,257.2437270668446
768.2036443330944,655.2443126253975,110.8955261661799,256.7621302396043
766.0953817719632,675.0903110115607,109.03677029432069,263.4077376975202
768.3361121169712,665.2314550069361,110.68938613681004,260.88408490769746
747.0746315793671,651.3910028030893,119.46833720605505,257.28112422440256
744.0599180844291,656.7365184242034,123.87601183285902,256.9781150783335
748.6319197998138,657.2613307130159,126.51603775639298,257.78174128259093
748.0919589634526,661.8880326807567,128.40582485868103,256.734073672643
677.7021204991117,647.1799496282449,128.635848231304,256.09571962719735
747.4198084760674,665.5650199390021,128.65116959746206,260.551652897504
744.0699224599182,663.9274735195341,129.43866044049247,261.1062153462183
743.9927658907006,656.5828760608988,128.94100402051333,262.04968646043005
746.3665827274407,656.8180754094152,124.33003341138874,256.77616374122226
743.014400359777,643.0883429579457,126.81124502203653,253.82949205784763
747.4218668657106,646.838841179434,121.20896942453317,253.3594768444092
754.7385096161448,647.9881715065212,118.46520117814697,252.71971635215328
741.7693142233951,642.6233474675905,120.72332209457447,251.48111202532561
765.5696367471111,644.7565126283862,114.78565918481586,258.67547432832987
768.4898221779455,652.1685121989267,116.42537613085405,257.11860511530006
770.7786056571654,647.1779748055188,116.53469181285857,256.8312293635265
782.4369206237347,644.3158782486685,111.55211846444104,261.77763719777784
794.8793199313056,643.264636270064,109.26976451971215,267.40170559309695
750.262901643248,634.9453295577239,109.74738126359047,265.88340645394
805.1171363616733,643.1876244013538,110.1331586157514,265.97084383772125
737.0183570826515,628.4190730865598,111.06369524700094,265.6313900325857
795.5507830495707,641.7764852351837,112.23253989905541,264.57439176020085
815.2025861255361,637.7826615357715,112.1638377163386,264.12417796799724
813.8940648858918,641.9958079699799,112.97267014674382,263.0090105496067
798.1076163644236,633.2610464262757,114.98890646521303,257.3161107614589
803.0834438408882,631.5517276032426,115.65387502399746,256.2240032298196
815.0732435314893,632.4492372590141,114.77523687471634,250.03728491072673
802.0444454639957,636.451920575144,115.79423496658615,248.49520267739751
807.8542657798992,629.2105603393074,115.73945917803148,247.87564472726888
818.0594328429012,646.7084765949573,115.13682090021297,248.44418305981168
820.9760934491396,646.482681412522,114.54073108244063,249.9760304356388
817.1031194293639,629.9103762627986,113.6625592246213,247.72460903836574
821.1401607601529,642.0106148385462,110.36500008642017,255.17687086045458
828.3018814264248,647.7891651455666,110.60208500513478,256.1474951607828
760.9217268355393,623.8069704108018,111.32567971455322,255.79178989379272
785.3306301691396,622.4083504827815,112.71131326869394,252.19502678308493
791.2527086984123,624.1880073688739,113.49260232526323,250.9428601741726
775.5410980697093,607.3946047925544,115.05237840645282,249.3118447058372
882.5322858194685,631.7387516636744,115.29282339670503,249.39360985023183
904.3382704811137,623.8057732755004,115.01014509670783,248.95287354815946
842.4749887239133,622.4547005301854,114.8416619137076,250.64772939396926
869.8657144508796,626.2444350103023,115.03219053282426,250.2254926127902
876.9544446093746,610.2406909964407,114.5226470073487,251.37845576524882
884.9366882542137,620.0620585595245,115.11957710042394,251.0762540235292
934.7293951264929,638.2739886116811,116.11888087302961,251.4353466681213
892.1023098284593,623.5559523858697,116.20244342632384,251.17916255219473
899.0247514147935,610.105034401167,116.92321771863371,250.38261536305023
930.278959611019,631.9860786309076,115.92362278249048,251.7474155434264
913.7546617852547,626.1544060422768,115.72688660342138,252.04135303185706
916.9964377611601,619.246272583855,115.3626072171417,252.68936279522407
924.8453248907582,622.8518447161512,114.76238177567339,252.82223433638148
903.5841378871463,610.2536290554151,115.1676144729741,250.88122235537494
912.5132646633372,615.7456298968953,114.0065008901893,252.3707345004086
917.4130261544477,622.3362795292293,113.96085295257704,252.59546205606193
901.5324593860694,603.832756876995,113.92348505992115,251.84192780163065
907.0680037675686,603.0174569216695,114.63556698640787,249.52783411696382
908.9388092102304,612.570650253961,114.44476969253685,248.42148773293155
917.380696744828,625.2563732902665,112.10246948151823,249.2957602799318
900.6317050151214,622.5818699019708,111.80262250604848,249.20715333951162
903.722284748394,617.6830826623236,111.69261555110523,248.92075761482675
955.0063411763595,628.4143821392845,109.96581665131987,252.0402651892951
913.5628699732945,609.0632308677569,109.461788406978,252.66114216252373
914.8930333783833,612.3103533152054,109.41976631665106,253.49453168243258
918.9620994967778,627.0627629542132,108.86433702853631,255.60180653902526
924.9736262457344,609.3524441036324,108.51295898546103,256.32970832553474
953.3206388898826,627.7070638738656,109.32976032822988,257.51972735616977
957.7596012682056,622.842643147463,107.77916249922123,262.7479892832292
934.1151375572178,602.1415938612099,108.72255410323719,259.46103438095616
894.8193139033724,613.3824174118149,110.61234823102642,256.7478796361995
899.6007671659875,610.7759970536692,110.35443011526111,256.09614457530154
932.9715494436224,629.153854764138,109.14199145725794,258.62680182678974
893.0639543865768,622.4499039292793,109.87132325910613,257.21127449658707
897.5116796112503,623.5803165763582,109.83297539079075,257.5988273376562
902.6138083095215,613.0704120824744,109.8347958182557,254.10545441748067
908.5713436791763,615.1283237025818,109.62197624319882,253.0377630966617
892.9772968694198,624.9823200164178,109.2139904492984,254.2139501293055
921.6914384253868,621.1535387391526,108.73921794947813,254.2418789173981
904.3346776211896,615.9304246055658,108.6754130050946,253.9846929797012
887.357924290447,618.5200592271364,108.53615698442283,255.3982629804813
892.8524896724432,620.3683144123088,108.45273821861396,255.7322764236359
896.4489425314479,615.9791561538618,108.72674214996366,256.960201794707
900.3347063229105,604.2738533773589,109.24009507814667,251.74234463140934
884.4429630826138,632.9498843427225,110.24375727227861,250.55181872194288
889.8670121545688,615.5342469768109,109.42405409663067,249.9966697694394
897.7225215333617,618.4999912518402,109.06110262916721,249.68287536832432
937.493995489537,620.5546880826796,111.26684413624474,246.92540435741856
919.6322116577178,607.2184655530381,110.69668554986202,246.0279408011949
899.030299089109,618.1744837095991,110.04327946580916,244.0813852527554
926.6941173464338,611.8012472683931,109.65405247102788,242.2113739790015
888.9758388150234,617.2676892056631,108.3668010562219,241.0343466367607
894.4528516418013,608.8961786866487,108.15421426363733,239.56521326065783
876.4342741032,639.8822770660922,108.06780471257645,240.01354017132573
924.5497984455018,614.57784600422,107.61626908878095,238.40833947590582
909.596401899816,609.4119474823935,106.15610315182613,235.64546208201648
909.4378227124448,604.0975436249616,105.17474117719229,235.03420724824218
893.0918026690312,648.1282696890959,102.24258088554991,233.35876150261373
878.0573894745664,639.8577314469698,102.27858072454903,236.74207157481788
905.6406436786812,610.334884432336,101.83908989130114,236.42999950521707
893.2701201255134,630.9880624192722,99.95836510344866,239.57400697935051
901.4253679839128,617.012929699875,98.80717555435764,242.36879463754826
886.9842859318808,614.0597549587286,98.71487929831011,243.1224992655213
895.0435561046668,612.9602345347471,99.27680883246454,241.33008158578005
920.983636331822,612.6125773721922,99.33642792890967,239.98370386447948
908.595714560626,618.9705013143703,99.06658984533968,240.03144084003426
866.9554072423681,644.0106609726071,99.31691246924667,240.3245276198768
914.0056685700424,604.6063227822323,99.2935634615677,239.68630921984655
898.2764606808212,604.7549488376767,99.48385993135327,237.1836811495633
919.3912771168938,603.3050766780091,99.8556213690493,236.64455729470762
902.7727117911978,617.030046431048,100.32569108043829,236.69745819517343
846.222568168526,611.5124223638394,100.86257146335011,236.09946335442757
829.263236354801,631.3266112307418,100.96590425479073,236.02103299960757
736.4198161126076,624.4615211030135,101.77934111928158,233.83057977384956
783.3241834217421,622.3847624531813,101.87356177926902,233.8100409097138
762.9724738783086,622.0253458693322,102.1611904460553,234.4606289019785
741.9334367670479,615.3946493731555,102.14521782185837,234.69177264125494
709.9904411146143,623.8879064307328,102.45550693660213,233.84359810819376
674.0510592178795,641.881901620471,101.74767591345696,234.24568224399877
564.6892243724684,644.2341630310858,102.49712517738986,231.66801566584257
586.8323714449346,661.1122822003805,103.31083168144274,229.0989236799294
568.0360925175924,649.6285479662547,102.28580054513262,231.85130604459246
527.9493917262229,662.9928885540278,102.29544904546319,229.68225862422045
483.2016165472844,671.6712085162009,105.32710493115476,227.6633002447847
488.2248859272801,633.0840083337512,103.97327038981179,226.11244954521754
467.8319244507812,626.1533277839703,104.73062850504122,224.51405457186002
403.2321344283865,683.3376744437418,105.64972991923923,222.58630854381227
364.41317345568234,640.4408473147981,103.59262998948836,220.8631530028742
322.9728471714395,640.8824424863348,103.50041177166082,219.24229452151482
321.18479708631224,642.4133900362848,104.23033113806922,218.0371394079688
277.8082972630911,652.3776048692648,101.07400544772646,212.65291519229018
257.41186847029144,657.67305427466,99.7647985905075,211.39837457345874
240.28705696042027,659.8973588990111,98.08081753529598,209.71444924442343
214.3150596115503,672.6922592003378,97.19150164179719,208.3937003947313
214.5466209892173,659.7223460017708,96.76627305179142,207.6633722491713
200.43218110123723,657.4586812607004,97.59877255860661,206.5384962680028
203.83898617633068,672.2929031534453,96.93754525945867,206.18058960750116
205.96532107116423,676.7781960784363,96.59124078039395,205.4443514055784
129.21523411332421,761.2546203643501,96.48409424131006,206.99063678370982
164.0322969272334,749.1095618856443,98.19879149087934,204.39538958920383
196.594584590473,741.7084362370921,100.1320528659288,199.92696773249432
256.6775139109799,724.7900210138678,101.44016058892257,196.8527119681968
294.7982038322325,728.2939138389204,99.25193474265822,198.13388497608216
306.54179534709425,733.0109852954035,98.65451328180531,199.32400332893818
386.8809416362124,700.797085057332,99.49095544842234,200.22850528075594
421.4395770616104,701.6304318417349,100.23905931121831,199.75974516384505
480.6759420442528,692.3263567980356,100.16867606059095,200.63614537749325
518.0544013796489,696.4570574998811,99.55511545332216,200.3358429359775
576.171596877171,656.3072729205435,101.52975871353075,199.36553446727606
635.2169611848719,672.1034421357234,104.00089608153411,194.65497438462512
646.1432760513321,683.9582724670591,104.58128001472349,194.14102325229962
648.1620110627782,660.7087625566827,104.88579379673496,193.45163738288608
686.9141631206876,643.7181657417699,104.56215954585653,189.63126638734033
780.5461976068864,681.4399877287447,102.01547203444082,192.46103129856266
811.7442256138673,659.0588191456419,99.70172738728766,196.17139336645315
777.0090930915372,637.6848835719983,99.60371712446445,193.76221352776005
906.8928611307304,585.6450436223694,98.60833714839981,187.12730005629274
934.9150627813918,587.4285598502317,98.67160688151074,181.22330551146771
918.9474798859796,613.7580126104834,97.07515288898033,182.00974556529172
930.8516828284376,605.0036328997428,96.76310721524531,181.17100099901603
935.062604336207,609.7079593270582,96.01341662165258,180.4445453104258
946.8102630499023,595.5022905600936,96.09319330439934,177.26316717787662
919.4871687525557,624.9165973718908,95.58306178356352,178.21747554098275
925.6624052382953,619.3585516207922,95.40146407040444,178.84925312969824
942.5149453484133,609.3967668569887,94.91414526566633,178.47394191949456
940.0564651584814,603.1625512551868,93.75808887376158,176.7528269165021
950.6047846212757,596.2115338142869,93.01689514316773,174.25844589515552
934.921258726053,610.2297069134536,91.95857435507952,173.85557073966527
948.7124413191515,601.1321098673695,88.79654155416873,169.91077654728636
940.9859249166203,603.2155125083603,88.81893042555411,166.47985272810158
936.4049241054183,615.5960045889947,86.91347315181731,165.83904834687144
939.3869257111348,607.4789323873226,85.2170360405814,162.51174600727234
942.1798878115374,605.9298322033386,81.54956173052699,161.5587744321519
939.4626663732628,603.9679831171069,81.8996781483302,159.47970139219547
934.196221782119,612.0824613644559,80.23337331182422,158.27289692570818
938.6323043245587,604.0883860593074,78.33607880502919,154.18373201655783
938.2893414184199,603.6271425936548,77.98502025749413,150.24848700305603
938.2257730677262,601.585530465507,76.361918117312,146.4125552008681
936.6017610701206,608.6034135074328,72.1812683773924,145.49407795348282
938.1448849640708,606.4529767838292,69.72048236456615,139.93817472600244
937.70314228666,604.516809908497,68.99423264180207,137.40505108805576
939.2540986182934,604.4698740174003,65.8832378026274,136.60946267811784
934.9934993896202,599.9904022652636,66.82027203287102,132.70313719350008
935.1978303388918,609.7868978890918,68.40687235922346,125.6708997314444
937.3557117545363,607.7586366724953,64.68736031188618,125.63748876798044
939.4242799270554,607.5801823231395,60.39007779045096,129.53185633793584
941.664351534634,595.8167880190329,57.12506039267599,127.54389161059743
941.8193111260217,602.2442255137786,53.78340988425871,131.2960109502508
939.7578433446696,611.1762523911073,53.20753942163979,134.3599864862485
936.8365925327155,603.7312546877841,55.843666131402436,127.30823192758996
935.5585748367855,608.7274655140876,55.44024291037807,125.73479781559087
934.5295576125701,608.3072924738707,56.844938130243335,121.02133069853306
926.3445551392134,611.6703029494648,56.74324332943928,121.4502647073359
930.1598827434946,614.0484068677549,55.92274084592567,118.43224297854833
920.7249886913048,619.5395967230187,57.19349250025719,116.4918085376528
925.9194534163547,627.433553033207,58.32212524048141,113.54169479724074
925.8015275353519,622.9770212490296,55.32539020935353,114.07064287403833
926.6412249306964,617.1359239342881,51.74670898168141,119.10549532837997
924.434921339548,612.4374260590562,51.8748718266858,114.62906449097443
923.3789944340184,621.2095443246321,52.267535254729225,111.4004131609626
921.2560162969531,619.5519363041586,53.09057581229325,108.06907130453132
917.2686761084351,619.7835379621649,53.716955510103006,107.57330926299764
919.4596666951868,620.5232246114431,51.01634291529528,111.7023845157476
919.2431506568308,610.4573784414702,50.945598467450296,111.11863999758197
919.3295960000862,614.3785158637775,51.07857596740092,112.50899241507645
912.6840756616239,609.8216117082018,52.44111900994853,112.27102418045132
912.3263387768288,611.9881700971378,53.94144030961048,108.64514810039638
914.6017852056915,620.4869984016328,53.06848902301276,108.59002633146413
916.7806839444187,616.8609476509454,52.72350502259379,106.75176662814529
913.9621729790799,616.4790432513987,50.458292220879756,107.82742126579919
916.3130946565426,610.7736813806451,50.500568421603845,108.36455071806603
915.8370748177057,608.5835033544531,46.92463634776975,112.84674727605534
915.3794797156527,606.7720654311639,46.726929879356504,110.96152477167283
916.0036662330069,609.7005849828867,45.413721808514964,110.71522617917373
917.3669830625853,605.7725405312353,45.93051144711389,107.94766350798339
918.8708441393027,597.1505594575967,41.93059386188337,114.37458361435263
917.9005348679646,587.3773988486104,39.699735394673105,119.61622581852384
920.1823821274073,582.118790464626,37.87601396542037,124.65852489014185
919.4914485953401,587.959899870601,38.884181221118304,122.15028504004025
914.4637017147675,590.0525118154679,41.92991303856767,121.72572814113707
915.1395942178135,591.4469647257699,42.923811901796455,116.22546195137551
913.1771928251924,589.0523926838123,42.76243495071206,114.89154668491028
909.5431034690267,582.113065217196,43.73140059928029,112.9601856317245
909.9431604661952,594.0593232346313,43.84619786079644,111.01066268370965
909.1497432448986,593.159245184467,43.12849898324087,110.9923923383927
908.7106690946127,593.9876846467087,41.402484305431344,111.27915401283131
906.8179305615225,600.473559482735,41.46839192205371,109.0502373416421
905.2916281930511,593.6543456245705,41.03445673543942,112.40705414675381
906.2918526411245,593.7925051913862,41.0182711773827,110.39736837470272
904.165176537311,593.7465772580737,42.02334324453646,107.78386180450258
903.2328919482355,603.5037117706622,40.879607659187094,106.13957916532478
902.2347615692837,602.0731743744641,41.429871417570695,106.54151241178077
899.0531216749899,596.9290940674414,41.1411195576707,105.33288827400376
898.0491058676519,597.564981583032,40.29864309739966,103.80764564960685
897.1380622525402,586.8038859472949,39.93137388461532,108.02801258267996
896.4957104547467,592.6155874524343,41.425981783601344,105.39254723517509
892.2805828057321,596.2613614198439,42.00086391673031,101.99568868518841
891.0262889254358,599.3556458639245,41.24989682067335,103.50129459377416
891.0619566458233,597.4154741707296,41.33128806483432,101.2928121337334
889.8867801804249,603.492648687487,42.485931258339214,98.33720585703645
888.3506866489546,602.088211597026,41.74691466488139,99.22727870032108
887.2205772321031,602.0697566205874,41.803834581412715,98.73947078817312
888.49086290512,600.22974837146,41.52215338420923,98.24854866793083
895.0941450612634,607.6962487401086,41.092726075481295,99.48277637875964
901.1985657236462,599.9174235949854,41.34900042447798,97.79056965097118
907.7493482977073,604.6801743891187,42.68003229228202,95.97774805181676
924.2943695839718,599.681396954427,42.87694180900198,97.16082470004736
933.4077820046681,602.4502538280889,43.33033478960458,96.9467644555381
952.4751329255553,601.6744226097085,43.581966301106014,96.79617655838248
973.3693737835564,598.5732823542578,44.100368764432304,96.60030280780934
976.881417122529,600.9146025561728,44.11745727069399,96.59828235428941
974.8861273992476,601.439624973046,44.13962730246958,96.57125655079024
975.3958527833048,604.9240317429616,44.14534868688532,96.55883396773308
968.4541558541431,628.6769600584336,44.748886962268436,95.9626963961112
962.4434378931534,670.7812871059017,44.50967819942591,99.17281894724987
968.0552332733088,663.4032205546537,45.02720181863591,100.84641373330628
980.9601379738235,667.9149975161488,45.255024715176276,104.59346985692699
981.6598574677373,684.2340268953826,47.11203134468548,106.55931253821629
992.4744659401301,669.6776349190085,47.22072290578547,108.90289879455607
993.5113919587394,666.538464478901,47.39170687016903,112.58507463483765
994.6457962521561,665.381749482965,47.92248222933836,115.35910892192021
995.3706583665717,660.3714098707665,48.1547212096555,117.02336566330607
997.0439846305688,661.5146643039809,48.29784519648119,117.63098113536336
990.4363626250215,659.0751923080608,48.5905574173978,120.54229055188259
993.1324376788336,652.9468832367103,48.80226636553907,121.03907641242712
987.8609493029414,661.3928618645496,49.67158927790374,124.13746013630873
989.2290532544821,659.9185024110898,49.8712005119858,126.87603857233859
991.8532229445996,657.7814692433531,50.21728967124672,129.58229400645695
1032.3285950310071,673.3201773847162,50.48532056818001,133.8870331783058
1102.0433998364408,582.668758752722,52.512040778321946,124.90574722480775
1109.6475632268591,581.0616607575207,52.333068155154535,121.46066353303392
1107.85033816573,584.6318144802743,53.8031971310616,118.79973335863104
1113.5435239405267,583.2736534349843,54.27850667373683,115.24522373228066
1110.4415503588023,582.0818355645494,53.80889632995925,111.3760364575221
1116.9369943910049,583.3318202417587,52.44249455117315,109.52500230590736
1116.5114948033188,585.5651282223139,51.09182278902192,106.25590462223477
1116.0718138335149,588.7721095479149,51.68202892094675,104.46876526202243
1115.842837109959,589.264973506316,50.77599560055816,107.78800074813117
1119.2468851615704,586.7536563990573,45.809316305727975,112.28944536085237
1115.9412017882273,590.7940919865441,48.5217199382421,105.72016542207146
1116.809158974496,586.8683237315754,48.320342820819654,104.10764663456013
1116.6743256827524,601.5079578532609,47.69387715705293,103.84139189784688
1111.7719939507597,599.1627883645025,47.228809786006636,104.17234697842721
1113.7787373137462,601.1576057987328,47.30595382536829,104.80580523405965
1107.3481826311997,595.4917105382112,47.36464775878038,102.98639660202986
1109.6983220647055,595.3902013469504,44.970057800367925,104.5624221739944
1109.6107093211494,596.927449654873,44.837202763380034,104.05763636510196
1103.8143999599981,594.2433921456676,45.93151476363797,100.97050363406643
1104.2969472289792,596.235577990395,47.34639021423156,97.18711704157519
1105.4955257397648,587.2476103132442,46.39544852094217,98.70423628862261
1099.8556183700473,581.5306921884293,47.10404749035676,96.45661501258701
1101.3754681553107,578.93691163576,45.79435122611429,94.58969402146121
1102.5442866776307,587.6583329349876,43.468843765603424,99.34433919241877
1099.7929825091699,582.5468749865079,42.53694474087389,97.7963067460702
1097.2304838902148,581.2863125715348,42.12228928358038,97.70684983828758
1098.9735904423717,584.1350402411573,42.15349071343769,97.64245986845884
1098.3878280869435,584.445369972347,41.46656700923187,92.59773339730043
1094.343022336635,588.1853177325329,42.84396526938218,89.5752733111903
1097.5270977521614,576.2390608082371,41.07331465672743,95.83971278558494
1092.9747841964397,580.591515251008,43.410979787685555,95.49607789808549
1091.3876193365663,585.1306420601982,43.18343860548056,92.799057377836
1091.7513600300094,580.9670489046148,42.900369238548166,93.05111445939446
1092.7613703008324,581.6509662487663,40.77027212500607,101.27546779509423
1093.6851415498438,580.7452424757224,41.00742738674293,99.5471199807545
1092.246659942136,581.4591996787747,39.075608906087695,105.10766590547922
1091.4690781483837,583.2913506837428,38.61010646001094,104.2101708085803
1090.310275025474,581.6397358679699,40.39971357496897,98.38797968731569
1085.8076209805783,585.1055338176834,41.56232068601446,92.2229977603182
1086.9219954771238,582.6636906359265,40.30271703801472,93.41685063911098
1086.9424752651603,584.765566089564,41.49510777385015,90.81196218584755
1086.0062695366985,586.2870034326373,41.69924604316833,89.7461930103232
1083.8770675728988,587.7944693857214,40.10130903676005,93.37035271100586
1086.669543086754,578.4046585436155,37.80513295941516,100.02363816346602
1085.5320107373168,574.5910568823062,37.31829960055555,100.72567863196085
1083.8144589525982,585.7206722520493,38.642407529800934,98.95789745709857
1082.5578995990368,583.5407380750728,40.12712400292193,97.06580093636634
1080.616564416759,578.2915647757168,40.780917835142304,100.70569716502871
1081.6248285972492,584.2058848008649,42.68850602557292,99.38083256703307
1080.072010562266,583.290288137494,44.511902576153076,95.78998007703717
1079.5284457227451,585.0582777501311,42.894600430714,95.78693156856356
1078.0490261858752,577.6074414424327,42.11250685106526,94.4238220124922
1076.5600124767234,582.8615830878601,41.76978399586116,92.1753894509753
1078.153592379249,588.4042548395614,39.3592774234476,94.48469341242222
1074.844153851919,581.3382782969791,38.76345263598234,96.49858985950559
1074.5563054950587,577.0106248171041,39.30979668447966,94.36297193859457
1074.592797965167,583.0941274307813,37.77485835969175,95.20744063099691
1074.3756584273629,568.1541060288414,38.131302224881075,94.99622026061951
1074.0621412313712,572.13829418614,36.28045108829056,98.29840201983973
1072.2095580681205,579.7012696331151,38.58822124974429,98.67652575207003
1065.9242796005487,562.7381011087348,44.09083574226269,95.41042330912506
1064.5168361103053,567.3413939232777,43.67548412111604,95.46023013470527
1064.4046885436594,567.9465287023601,42.379648397611966,97.89059190560411
1064.8320381306867,569.5085795618845,40.54976154139617,105.69588909300705
1064.1091627968528,566.7800271156106,41.09902526309624,107.59486061272383
1061.8088652964284,572.7182596801039,41.26402765945073,105.38687981179851
1062.2414493208555,562.7922829106082,41.67169078726868,106.97941122095139
1060.5506321107662,573.3958682050836,41.46826479761172,102.18889985354672
1061.9173347617916,564.1128254877821,40.279190243496345,103.93544862882295
1059.6530246182156,568.2338443213307,41.01908872123658,100.94229776360294
1060.46901299492,573.7007225753479,40.12115807510001,101.62460739527965
1057.338204785804,575.1697269357002,41.96228051723439,97.57566427816545
1057.66633333339,579.8806292033647,41.00771491771911,99.18762307130602
1059.1350400749304,580.988401413199,39.962877511009665,98.13729095026031
1057.456833187567,581.7745536069228,39.710100307919845,95.93442490446056
1055.5740265534967,579.9141970098626,38.746559918252146,93.14115104833441
1055.3826996594053,579.6553553206095,38.4690496994685,89.90332863689326
1054.0446944444534,579.7809066175112,37.38389039921357,88.15471374832795
1054.3249990571685,587.930038931074,35.27218240327443,92.49515118856743
1055.4944266813056,582.8904173764685,34.54932774259281,90.69672471102938
1054.8268240149332,583.7443945088701,34.150247923242084,90.08391682514909
1056.3748093151398,584.96302252874,34.31884936205668,90.66382856443373
1054.7755008929223,580.6945917819057,34.973302225548984,93.80486990172156
1055.3041712673953,587.3675380196061,34.35721105246988,94.33112990264809
1053.9594513850086,584.4256974676867,35.48894829167192,93.06466161432837
1053.9540205993133,586.6866030568755,35.61029843290562,95.10131676412702
1054.2846055361927,583.6442022123466,35.055911621946564,95.90141873018047
1049.5783887477148,585.2147498327557,35.570340062462606,99.24140272639451
1050.1073649004459,587.4991186615246,36.38398866120449,99.49995069635597
1050.3514838465815,587.4353464173628,35.78845304175973,98.06405882097366
1049.0259574711056,600.3313419221513,34.58077903783015,101.09065920018136
1048.9801236598782,604.7612122250958,36.4989462699389,102.82859562193764
1049.7479623232757,598.1640665070831,37.52469768123626,103.06510599729442
1048.830518234273,598.13947709952,35.92521474522147,108.81938407144398
1046.5824011402658,601.1945702953238,38.95037213024376,104.19586996245235
1039.0942931124443,602.0748278002578,40.56871162610874,104.1277870869553
1047.8636079280707,603.5645176440448,39.64997033361904,105.5889732075857
1046.273382967542,599.7337324162706,39.95594084525348,105.24905515059183
1041.7072928575622,597.851770325385,40.087229844234145,102.45774214017192
1042.3649726164633,599.353268145169,39.56145803857316,103.47958558976684
1042.0921707224093,593.2246986570987,39.01598568301773,100.22466892619491
1042.2627135503374,589.1880603890235,35.64143019263821,107.66602039376295
1038.5227435761549,593.5325216500602,39.52283161913808,102.50864284058731
1038.0072218454588,594.9430778699386,39.36919806601888,101.65816072995426
1037.6921221203197,593.6764853324121,41.02075582512886,99.89833203015357
1039.4940300837359,598.7322737514545,40.066341027427356,99.91775919225697
1037.8662160517222,592.0946302870248,40.95095391600712,100.70284865427709
1037.6547582120145,596.1970880166839,41.01007965638144,98.0412612848612
1037.8458576367084,596.7135923765325,40.33227342609109,98.73448520800673
1039.348486677266,592.7469584212522,39.81296478054462,98.68239842339082
1038.2086831058386,589.1272912951159,40.2738933222547,92.89468255346569
1036.1348547139855,589.7780761314267,38.85813384750935,95.0508455238971
1032.590254284172,585.0464194307871,41.602083465958856,94.02058475496423
1031.5638786220338,589.1080374684902,40.42555601330506,98.84946867440364
1033.6359502443227,578.2289234467415,39.880302035297724,105.45326133643567
1027.7991163457048,573.4255752942927,42.54740710900977,103.37815780305843
1020.7034404075382,565.2529116208945,45.325859421050666,103.05678714805384
1022.6345589055366,563.2845816824039,47.13271309821186,105.03927379430296
1017.8422066561739,565.2410126711147,48.61261010543412,106.14620474977743
1021.571595443979,559.1747411537189,50.675988686397446,111.25714964619706
1019.1353446319993,565.0437391823821,53.205338150504204,112.53605186374453
1010.6658138858556,553.9572080105787,55.66509088719883,117.17756591219671
1016.7791596609898,564.8778390652095,56.36102686747883,115.229276133544
1011.8400908751329,565.0523366247969,54.63311309851386,118.27068558288028
1012.8696291490556,560.6307415093369,57.73875260649881,113.7258348752788
1008.5203250378587,557.3036624484117,58.61746433950732,114.47564450415234
1016.1346536914748,562.176355418399,54.55831566229165,120.20523439705548
1019.1674769271822,562.0341024112473,54.09559217759028,121.22055040046297
1010.9120240453743,560.1996651620957,55.414710570392955,120.97367404411231
1015.4933429364357,567.7271183893514,54.96609601190264,120.48298413056416
1009.2334937632611,561.2236795637781,55.49395077421016,120.0069877985958
1010.5600871868871,555.2249035838014,56.524613540420034,118.3562443890392
1011.5157030500457,552.3221909288749,58.90880058830866,113.78740066599968
1008.7977233576389,558.7730819671351,58.11376914184629,114.84853267531027
1004.4794422677315,560.519381667763,57.221712742759564,116.41996560829689
1004.3770940526708,557.8088086411472,59.456255109845685,112.83075165385748
1005.1268343855778,556.047685016516,59.62855867517856,109.04286036127705
1005.1120444128991,554.1627617582357,59.0658921627111,105.97786641398358
1002.370575930185,560.427662595404,56.79697809444927,110.18735902954074
1008.0305879698152,560.908534519175,52.19088183166726,115.18137107296161
1005.979307572816,560.5115042625813,52.99490195633453,114.36313977593755
1010.2102400427902,560.0170313901339,50.89039496939864,115.94756755861182
1008.8468546771448,560.7773502853729,51.1887142419501,116.60900013110613
1008.6787993789031,559.8053997740728,49.81193579668056,118.08657110762869
1008.5147035555071,554.171408036624,49.751705859694525,114.24079362235292
1008.7334318309679,560.1524116266156,48.40092691999418,112.4527204873124
1009.3519242682199,560.2298275848791,46.95648321439121,115.9813238929672
1008.1842084315984,560.2229990126257,47.91348636820988,114.9732124941196
1007.5400096734411,560.7999255388941,48.069922368360565,116.68622539702166
1004.4929211152106,553.4528349681934,50.46889067921644,115.02491230918778
1004.7354499588893,566.377271377234,51.70530751247559,111.18236163266366
1006.8065896341442,568.3526076369384,51.25930385809234,115.9574731397081
1006.2640888079466,560.0458356507856,52.43519885954228,112.34424837850398
1004.944895215235,585.4368293714601,52.96842623826572,111.9322354862677
1004.6042001232353,593.8766913492723,53.27826275425532,112.5981780282099
1003.3651625143656,563.4293135572758,54.65524560983455,106.77826137743617
1003.956608631315,568.7993600826381,54.03339987823881,108.72175668227254
1005.6166599308541,563.0563509538327,53.69094153898349,107.78910641260396
997.6002267400406,567.1565019107165,52.48771478338345,109.00976064198187
999.0474713130099,613.8516930976166,50.9307812121626,111.89682483184706
1000.7042253806814,588.0568037227289,51.136300933228775,119.02160001379892
1000.9983773838136,613.70467550295,49.15969804953626,119.64846685480143
998.4904887780167,611.85081759481,49.26229678447943,117.99752051693301
995.581990618299,604.8211656916628,51.81707242869058,113.66724494341804
992.0761483602666,620.1896077669065,51.953976960866086,113.98071861591767
990.779447584184,606.7045435375444,52.33008323759154,113.58817877232852
988.2850325312968,573.3829557369561,58.1961971595653,107.0736832366438
987.1145025924471,618.1903127612258,56.56323617133031,108.02622684939796
996.3809631913003,575.7225311354637,55.55586491618593,108.65510494918986
987.8505809809378,609.5158883074611,54.47693497327849,111.25479320807649
989.40428450544,609.1189678266392,52.10811940100817,115.67202850686402
999.4042114473657,577.8431363594867,50.936317140435605,124.71237979574889
993.1491298621656,574.422757875602,57.209082820730515,120.1773071379643
989.6907367374162,574.5126443610766,61.63067029385297,112.8998771189163
992.8749453177247,583.4162194167026,60.594442021715516,114.43915292275159
987.065240111749,578.0125315509129,59.330305278069766,116.89814486449933
988.6919959734772,579.6937646757789,60.11212249592899,116.64281917991532
988.2359295062191,582.8589404779875,60.84969277339511,115.90787994976395
990.8041492670574,580.659336810967,61.712043918686376,117.00925495976867
977.2443660864897,580.5926295951214,68.41976630476225,112.18358703129206
972.4848216021878,587.5299064663534,69.2078499598692,110.04036116228176
975.9551701362519,588.4467876142847,66.45852540684041,110.40394626723605
981.2195271564641,590.0771875880449,66.44920632068293,111.17905388917474
981.8207350619616,587.3714815591599,64.31466098646757,111.90522989650597
973.6525256442706,589.4236902398937,62.983953592123854,111.8943140588321
979.0358393782777,588.2672279279881,61.99475052343148,113.06330718599742
982.215712864308,592.574915239439,64.69143703065316,111.8959451127675
977.0655540521751,588.9590966119285,65.87083702283758,112.55204431064008
969.4962429685958,601.148508781974,65.75960582708754,114.97912043098779
961.1065914880403,586.5248016076962,67.38786170110549,113.57285132526906
966.032289788847,584.3160896582674,70.42207927976335,110.92253195208633
969.1861352982804,581.2022889288546,71.51072740740457,108.88721167131283
954.295547438507,582.8549945313746,72.13673438166879,106.33043365871673
954.7493352876094,585.6909806862991,71.43784278883047,105.82097176430693
946.3239900670953,585.5282741912488,72.74639624633282,101.86199672396711
956.2712890943558,582.1422668486231,73.1557158491838,101.46045853199158
949.9729668680122,586.1164107590055,65.88915615942177,107.5350272521627
967.833282043756,584.8252758617238,68.4389581367393,103.29518174006456
961.0713600297062,581.7471193288756,68.73045738376973,104.27119868906547
956.9883780346996,582.1595036929875,70.064875805248,105.45183727691492
951.9097412912914,589.1326109551679,68.30238385034694,104.74267027630253
946.327994873731,591.541210223684,64.47410278577311,104.65808494531166
948.4427713570444,593.581092041766,61.92862225736218,106.30229618329491
950.0440015998975,599.0232271568726,58.631383754037195,110.82718898269201
956.7641412257765,590.4393286528023,58.9428353555615,110.69912060007464
937.9095279581129,592.5014566978193,59.98144435659415,110.14706809016617
944.2145523886346,594.9428719394141,61.07296957234952,111.87928941700889
950.464858562597,596.7879039244157,60.08983593264273,115.2025400954249
932.1504090368292,593.9241860788127,61.41524725664465,115.74444480010234
936.7736231652891,593.8474698465626,63.11969761612347,113.05975802975831
927.1153776969612,593.4677287918515,61.77717059477568,113.76999843149564
930.3229512701278,599.6343073322815,58.44111562164153,118.51857628376851
933.4258163099054,596.3583107040856,55.53218047244788,124.88282735250272
925.7060724971484,595.5434945788452,56.68142478435926,124.0360695461353
924.5441273614114,593.0006861954854,57.385707309504824,123.35245919174541
925.4879548150373,596.9410249123989,58.38373540994235,122.05228970921502
918.9796066042301,595.7014743056776,59.65711474018743,121.61072963804781
911.565009680861,595.7124218185867,60.341058120811006,121.30779676883384
911.7696744160323,595.5781655533169,61.783385820994184,118.92629993658085
913.0687375652287,596.7088692376766,59.12028922386811,120.20210781315727
905.2062808577147,601.9028761693914,58.79729138181543,120.65322221696326
897.6715719286524,596.5117157389401,61.899941313330714,116.91922472100273
898.7245585684124,598.8612000639426,60.42520155798675,117.97773440199674
899.5786678222377,593.172552616118,57.90052321954363,115.84666441722317
894.1504958316712,591.2929749169574,56.490264210308794,114.4712312872164
895.9260982514184,594.150238565043,56.15646204459066,113.08861596317699
893.5824392866634,588.0402025654396,55.418655484707145,107.83661221690005
889.3426080399197,588.6028577002378,54.97998837421653,102.44701619578936
891.4638956758569,589.5885776198833,53.77401560062926,102.83234428859102
892.7117528795206,593.862358150002,51.09826699589863,101.96261849689876
902.5182847328214,590.4818081775519,52.11439218936813,99.27335454433025
913.0864634936771,587.3723497375947,49.08184470538422,100.73989838422605
916.2477091642627,588.8274177664456,51.14478058164394,99.42428528622168
942.8578605461031,589.9929995596061,50.381881840054106,100.53842772567477
955.3797540639811,588.1787967401754,49.47799919368658,98.84442378257553
967.3487644713153,590.7133155568006,50.5867711642205,96.74060961757499
986.06925303532,588.9816307437542,50.68595040984386,95.89259915410081
993.9224247055074,597.8396618048384,49.785536250778954,98.3254556559749
1004.8870875775456,596.0260117762446,45.50862284702182,100.83286716681431
1004.7623629391761,594.1478937344872,45.343922983106296,101.57450670242162
1016.6046655221951,592.8540135581267,43.59387881706935,101.55539232254745
1014.4979923009527,589.2935101952379,43.813504313928064,98.15548421413841
1014.5073291950004,589.1226461632027,43.56994397093584,96.07463620089521
1015.4821233842835,591.4370776810019,42.85150773024101,97.02569243781018
1014.2194008833285,591.0500034868439,44.67831778552501,94.65904824279858
1013.8098293386163,592.4234546421594,44.62767847773281,93.20881322312681
1009.6010771429015,593.9972057788941,45.93000898212434,90.23580720818612
1009.8394031149847,591.6394078874245,44.00353994613009,89.83383082053837
1011.9575053205336,592.2330621062022,44.766431180805974,88.5470452227866
1010.981137570298,592.4748930573192,44.59214608256934,88.94577009677042
1013.5936708688264,590.3884966449173,44.67326225987847,87.80851969851432
1021.1066956981525,589.9027766236876,45.282407938368316,87.21599791324952
1035.4436793331854,589.923107935185,45.447065865356976,86.36048279181263
1049.6712322312696,592.14192783005,46.20394257058546,86.1324962587172
1068.8606126654568,597.0476563180197,43.73504502592625,89.63364439977713
1094.5052578034724,597.0386733205876,42.33797394648884,91.9432354441449
1106.80210970711,596.7210063375493,43.48626326738132,90.09952559098764
1123.7359365535967,598.1847861464279,43.760618490849424,90.78739861023564
1130.295392735941,604.5619355507778,44.51951798658395,92.26946968005359
1143.0106202173147,605.7465358572575,42.94296944506749,93.43779525353784
1150.2786529372493,599.4339927017237,42.85746980890313,92.4861174878327
1149.9531860549687,600.4406627461988,44.30047650875006,88.44885144092072
1156.5300071007098,599.8906946250052,43.83584696813949,86.40774135731037
1157.4175572314339,599.3084325118612,42.481521762194994,86.9573120401221
1158.6542571131297,600.6054847423108,40.611622504395136,88.02481780189123
1154.8264973467783,604.6001541031449,41.078797260084016,89.05593928082683
1149.3284744512598,602.0102779813024,42.43516077177192,91.80941227194302
1142.4329991066804,595.9181123705474,44.336473034367096,91.37513588379389
1142.2126264914355,605.5433723925261,44.52299430436186,92.14045450576312
1136.0426068493912,618.2528061292654,44.988537638820134,91.91488366041011
1140.7826083033221,598.9784693870265,45.63969899274487,90.7349364968649
1133.1521158835412,598.6940091682193,44.59040475400484,89.91541353805094
1123.5561509336321,603.3819992812363,44.52331934981511,90.06532015013521
1117.7777652180089,599.0424423557153,42.83404770476815,90.89152228656745
1109.93910027314,601.2820389059316,43.85974091863837,90.79948227621873
1108.727295971955,605.4443458478928,44.66322011732262,88.37279874254594
1102.4687033371479,604.2440176939338,44.4626304745434,89.28925454765658
1097.763918242043,600.9168691717842,44.671016979284786,90.27651907949613
1097.032570719957,603.8816373443348,44.734251743423044,91.37766145290902
1098.7709802972208,599.1455500682353,46.15603897150967,90.08181537155991
1092.4796943461488,601.049570975993,45.58270802917146,89.12134456258389
1093.8291847516612,598.6612200583014,43.59437470676949,92.23993148022291
1091.398932450979,598.6790250383078,43.64198296445806,91.92055201065546
1087.7264291316244,596.5719217990554,43.15027212621699,91.78530160563992
1082.543690527484,596.538957716195,42.771768464699115,91.61380996316738
1087.1709150694269,595.8479904800189,40.562996781872414,95.80761644215741
1081.5273173639669,594.4963795814717,42.42581125241939,93.22988605741091
1085.618322607332,596.684070881357,42.64682354333969,95.2377634254128
1084.8912731999417,594.3377859485691,43.48609392484975,93.70852210300463
1084.7505753122919,594.4813041696794,44.00753511707088,94.74413686007705
1084.2216556238052,593.3841975895425,44.65305810381541,92.69299250008925
1078.1270154589906,593.6489861813524,45.083757760369885,91.95361909428138
1077.9984929169175,592.5903691745651,44.96405602116533,91.61820377090349
1078.2015789527786,594.1909518265501,44.0741367199431,89.39092371056941
1076.3444984622256,594.4130434704231,43.792024679273936,86.71782610506334
1077.6045455974988,592.0374894551569,42.91907268125544,86.18480895428394
1077.9534274766431,593.5934721743641,42.69573399902319,85.06108927501832
1079.0718780906464,589.9848769096515,41.85042742852468,86.08431800860689
1074.2847260413869,591.3964754181031,41.91829785374817,84.07607381989877
1077.6553214838057,596.3446593097862,40.98590709533967,86.17774206915193
1069.5705959533661,588.9420827417991,41.57676834273299,84.84164074504817
1072.2067553930908,590.2559532717146,42.916816489658856,83.53530646835006
1067.2624147077856,589.8909014634196,41.95362875144107,80.44732441415472
1070.6521802025875,596.9855767214973,40.72865090757833,80.47906194589328
1067.7099830507861,594.397818331847,43.14215526585863,77.86829452432563
1061.2838118884827,595.2794159822658,43.70021125420216,78.6297503283396
1066.947783623854,593.9531315747071,43.40740331713383,79.50219003811577
1067.1019096743396,595.6552419734351,43.19907043854634,80.11718221036728
1067.027156583547,592.9523290453153,42.64230453011421,82.15122386752802
1066.733411910308,594.8275922887486,43.12401843613033,84.88156109754303
1066.0340814363656,596.4195910626197,43.60657807408034,85.22982909053555
1066.5167968792998,594.8160058919401,43.239005554432154,86.63763849623453
1067.671018986181,591.7085592429403,41.40945259159328,90.40771249435184
1062.0031684436487,590.27322134477,41.341669851767115,92.8666939384999
1062.037659073461,591.9661910962473,40.883661030413265,91.89009243653916
1060.9641560990076,591.7420691646573,41.85440679785523,91.280294303639
1059.569392666216,594.2315938065838,42.882176839935084,89.84315643067461
1058.2207675629527,591.1811830152005,43.04514317535695,88.12385061065095
1058.3451509472472,594.4578584520013,42.50217054287796,89.09254884094847
1057.5379229346636,589.409082492739,42.52758014155679,88.72690040490164
1057.2620177509166,589.9347092582698,43.71695160994632,88.2808854534909
1059.6609956860516,590.5636688709048,42.133312382845034,89.69591681267232
1062.0253981531005,589.702008850263,40.860510591784305,91.87942968575501
1057.0352175766075,586.8264226001423,43.23497961097014,91.34608656238167
