1850.5,818.5,61,107
1843.1967649281164,820.8376351167948,64.34946339744307,103.68618045956174
1836.5471778477113,818.7626528224692,65.81004994430766,101.95153460583757
1827.4270648340384,817.6503872457954,66.86541040517298,103.86046759101265
1818.344776578089,817.3015146873167,66.99561266789189,100.37656613517373
1813.5806561499953,817.844549108677,64.70113009314126,100.79756426575635
1804.5943830253887,817.0476887990187,66.39452266786715,98.52187531652018
1797.4806351837094,817.3268542823522,64.45535169816168,98.47506520924546
1790.5744351996177,816.8005009022088,63.06811586777173,99.99240418489524
1784.8563440354842,820.0941087290412,63.074503299326416,102.38827425282605
1779.819893636754,816.4589527977794,62.559992865974465,102.92241668226964
1774.6378884086082,817.1428984317802,62.3582238432368,105.81681518420743
1773.3937926494477,816.589640699592,60.904596901921295,106.39067495174972
1767.2697130321628,812.6713662579284,60.320520206090166,106.27803655209685
1764.372978211874,818.0043750764092,61.07539831208213,109.1579010954294
1762.5294745322658,815.7669453581206,60.50759049690528,110.17126179916502
1760.157029256159,817.1735882008535,59.21699621654862,112.15640392172804
1756.999324959002,812.4582822756138,59.32470617981113,113.86411935723464
1754.6840725122863,813.2898552246081,61.26529405715068,109.2393895553908
1757.0610113583234,810.7363972485037,59.00331478809011,111.1489517154726
1751.6348773375823,811.9133550877746,60.03172560265539,113.16590299562932
1750.1741298117036,809.542858047463,60.03314902139434,114.13068458661772
1749.8376939805275,812.5039915372233,59.77996479865412,116.12727047311884
1748.5152386513416,808.0256857523582,58.785033229266006,113.83189500902984
1745.9821141187977,811.0603954412206,58.46955569544017,113.56709497208129
1744.5738356333268,813.7074686162865,58.147787212826145,114.96044684335612
1742.945389893924,810.9598615511112,57.18643259092205,118.54121539422034
1743.1740142151102,806.3761709506507,56.3196853983826,120.39823332143052
1739.6089299922269,808.2133809862781,56.8862077781168,118.82914974073772
1737.8909921061143,812.1716847564406,58.739901318613505,118.15842295195324
1737.477342711174,809.6765019832599,58.12325311408626,119.71687885691819
1732.6112872360243,811.7629570877567,59.56230557643114,118.51501952578039
1732.7466436423708,810.6729296958391,57.64322042312139,120.60681099077422
1731.1449774385455,808.4013280376065,55.12659824161966,122.19174102471655
1729.300652791681,810.3874743844035,54.8187946440996,119.50892681790319
1727.3401678905523,803.8786636916087,55.334635548628384,119.2142241601363
1723.9382112873827,810.8121632813017,55.87958028353725,118.30291986272238
1723.1744454119164,810.3767348051555,54.690820049106115,118.83013700415572
1720.16928125255,811.493029755471,54.812615660065596,119.84043342950943
1716.4416682261885,808.45825192833,54.92362495937881,123.08165592486222
1713.866207831747,809.2426351356904,56.32441780775747,120.00788227320244
1711.5016990888846,812.1934528073729,56.43651638242608,118.74794965712883
1709.477930937517,813.4399796947847,55.375005201491575,120.72164307892345
1704.825880437281,810.371728031403,56.796171507211916,120.26043540257197
1703.761931908874,811.5735180359377,55.920603639302385,119.4590096078918
1701.3708632106834,811.9760627903751,56.157447431086055,119.83923373168084
1697.990107648797,811.7949210109165,55.75799451247693,118.25231540515382
1695.4039772397214,811.5764653058189,54.912369430372664,116.08108728254477
1692.7863184372065,813.5138439002159,53.56362219152284,116.94174000875023
1689.9097470983907,814.2654440244121,54.124423630972444,118.02462703242026
1684.726795998495,813.6609630434613,55.37228036006108,118.86475908403398
1682.9241084917346,813.2658133749712,55.153829469265965,120.5480097873257
1677.537605075945,813.4704685201374,55.35180558343876,120.65272472599668
1675.3230729932814,815.4472476990251,55.11939745519207,121.8788697867702
1671.4250211103144,814.5786483479901,54.83399229114765,122.86635550718937
1667.7015373032764,814.6117566905598,54.58672875615294,118.94065294936541
1662.6773669055676,816.0835611334546,56.02201721955601,118.62916146955817
1659.083983306988,818.7319374014087,55.27791009926676,118.32746774289797
1654.5766735752363,817.2023684339011,55.281064377903135,120.320266565845
1649.066219370868,818.6109986298358,57.101499012461545,121.34197052320592
1645.5092240130755,819.6224074689748,56.60401814831228,121.93968796092697
1642.0931340266345,820.938299110348,55.15947760360149,123.30613687259236
1635.8807507638471,819.6818777681549,55.1894533471261,122.84853952568338
1631.3428569244365,821.6898257492875,55.69534305019369,122.48825775677855
1626.366911679052,820.8956255108275,58.14978358684729,120.12445135161076
1622.5576497909367,819.5084501236595,57.50954466597297,120.87771709667189
1613.4699426559296,823.037839467282,61.911363277093464,115.88403810586536
1605.6309397677167,830.9852959573603,63.67819451600101,110.80780350315655
1601.5563990786284,832.0202135702156,60.70740806400559,113.71585971707995
1599.8624675248777,835.2126613135504,56.89293782708468,118.14285699369552
1593.9977928531096,834.0731148085982,56.826432770221636,120.28938631513665
1589.4751324643885,834.9500424986704,55.33008281723437,120.93740647916655
1585.7734238960197,837.5854368091217,53.77656405105343,122.07131561850096
1581.1185353903265,839.9624050179657,52.97253044743531,122.14864766071797
1578.833216689076,838.3174903849712,52.40849140821209,124.27426959184285
1576.7431246603965,839.8961743810651,52.105327393146936,123.50219989402802
1575.5711685498075,841.9570210263857,51.994307068742245,123.70664994584187
1572.7464209807997,839.1312359771988,52.38551302766317,123.78253179099235
1571.3922574815097,843.7081374127367,51.8911812132073,123.92322345880808
1569.7985622072251,843.9278031625112,52.337807825071074,126.27263400926182
1568.975611995578,844.1446534035217,52.560876623653186,126.81265570836231
1568.3856738306174,845.698850556668,52.74391089263786,127.471716309898
1567.8566031004386,843.7334399458229,53.12025228187319,129.91321659223235
1569.0858427358141,847.2239050044111,52.721392624389125,129.28807531748168
1567.6432104470766,843.1917292128703,53.79641631614091,127.35297153244039
1566.9892235794418,846.167091924606,54.86590710965132,126.72825592049529
1567.2800828575064,848.4488397451166,54.4559085466677,127.53694891330358
1568.3794958445735,847.793701477894,54.60944468748233,126.14583289526705
1568.046687424083,849.1564243686008,55.76698840798085,124.36489545058004
1567.8696283562124,848.345977464259,54.25690516365963,125.9418514595454
1569.479765065167,850.0284048760119,52.45225858745299,128.6479592966016
1567.4714919285143,850.4651576666088,53.31826068175858,127.4206328515103
1569.455885856095,850.0686728866328,52.462735405454616,126.52275469817448
1568.8955295216604,849.8575083693642,52.67688078925078,125.18184953611629
1568.6167103194225,853.5867549170548,52.73519841049057,125.71426723630152
1568.7884183504725,852.9142011276643,52.227435942917936,124.48441508319618
1568.8198580501391,854.8127061449145,51.893389074134014,125.05717087854453
1569.6367182249287,853.7713046008182,51.953961530637855,124.1406575226676
1566.0235238189566,859.8143571999647,53.02600017442661,124.50524890674585
1566.255237358676,857.4723169793763,52.47551325108615,126.83793267481195
1565.9265862198856,859.8969948758795,52.01884329953215,128.34865274155464
1566.0395751737078,860.2106746171357,52.137396796129906,128.25514299403943
1564.9730539387738,862.7513166922197,53.24375041127422,124.97631036192607
1562.2599187409585,864.2268597497839,52.81559189314015,123.9084463228283
1560.915418937109,863.1257899493406,53.465021076358475,122.5036465047057
1559.7443709353925,868.8014225018368,53.04777669649154,122.88069234624524
1558.1218097139142,866.6256887387141,53.069881748009436,122.01982510135683
1556.2228906570124,870.0428795138491,52.80456503026762,121.27215144253373
1555.727574071555,870.0596507723237,52.07653050876408,121.02634070281906
1556.1304830115023,871.042716940317,50.32373558873339,125.05867395528766
1555.670516388383,872.1405932191453,50.25655166615935,124.82199782372975
1554.6215001693756,873.3193060200714,49.989593415254916,125.04477693503298
1553.9441028269594,877.1082333677266,50.85517126228683,123.64072971151482
1553.885828626139,873.0009064997985,50.59853646406908,121.79443081309395
1551.7693256020093,879.2179900572672,51.373877381960625,122.08952375727851
1550.912110351275,881.7025143934084,51.335937256291416,122.78694927774316
1547.6741856694186,878.1517797133342,53.59438478306398,123.59530436540471
1546.4779055559536,881.2053323796466,54.539185178381445,125.23778473035014
1546.5871210824823,882.8167277410555,53.91146760593375,126.52620203252553
1544.0153711692863,883.7932978104674,55.07493300346684,126.08360665119221
1544.411728700858,887.0825427577631,52.961561937219756,128.8787715840542
1542.3076621959895,884.0658301594823,54.04073081803526,130.2144185435227
1542.3796497755372,886.4346481370787,54.684564561693236,128.13134358709246
1541.0750300216364,886.3370788322577,53.56492096121161,128.81757006113156
1538.418519299888,890.3306985013008,52.79412380505304,126.50630541413388
1537.9199867254613,890.6811379520789,51.62040586782939,126.1789829244126
1535.17164880664,889.456126032896,51.86313719242782,125.30342037692174
1535.093306437821,890.9892727581366,51.16295973935634,125.7598609784747
1533.4617986566304,889.2255207087438,52.03354444382174,124.50286699695688
1533.4210869294577,890.9907495023975,53.423909498485386,123.28436880843356
1531.5140432591047,890.9089665841088,54.45499077111637,123.95172539703559
1531.0562228405165,890.8336693052921,54.53310514022196,124.35557813167276
1531.3426219389005,891.1275091785159,53.035104773439556,127.05377672545242
1530.5509309130107,893.3384080202106,52.019845216293646,129.296183014175
1529.6349576844764,895.0496686101753,53.292675260052064,128.5842048673474
1528.7504491055772,895.7684866167428,52.23748004605365,128.72664643797063
1527.4721091102954,895.8433252018402,51.80616930870819,127.10271908489112
1526.7095175375537,896.1227673956067,52.37913270721125,128.69306352724902
1526.2075524623158,898.9601483490737,51.281587284934744,128.64376570143492
1524.2325417325537,895.4296074821332,51.993677396912766,127.27194300898574
1522.7053499556002,899.7935621166823,51.962450095521135,124.77271299780767
1522.8196025561726,899.6295462220191,51.43551963275394,124.1606253437794
1521.638278559657,901.3613356350347,52.18318261021035,121.55553451935583
1519.2420604770375,901.6167693261768,52.06102516742786,123.27330104300876
1518.9956350830473,903.4429736632476,52.4066164636623,126.2622431053253
1517.8712490288892,902.1274615671284,51.675078386667366,126.47156836712301
1517.4689316118606,903.0079053247225,52.120033042696015,126.22893462343697
1517.8856968454993,903.8332225234924,51.50614426590353,127.43102211762005
1518.6732571088155,905.2869390068573,50.15554734646439,128.70369274322337
1520.3122124792383,907.8899966408593,49.010979879548685,130.46166026586772
1520.9230787840163,903.4981209283625,48.94170669964801,129.84034667820438
1520.433926894707,907.2773497033502,48.254539345207604,131.31778357498575
1521.1840115034615,908.841607958905,48.131639288306914,130.80980870365048
1521.3775312000696,911.0823883737544,47.854533734107534,129.46494969976203
1522.625530136361,913.7325655226325,47.97143525516319,126.9849030585043
1522.5775390087992,914.2902597538065,47.497852923286956,127.79842313747686
1523.8122374817603,915.4936646026767,46.89484971098726,127.95897731331661
1523.8423480875329,916.4385845416655,46.86498122722064,129.93206743374932
1525.5859891644905,914.4362350129836,46.814171505309346,129.06642710923677
1526.0872117288468,915.5842914130193,47.556453413629626,129.24684157864644
1524.703786459224,917.5162218013588,49.2237759031828,130.95212687837136
1524.3978923259913,913.6612725473692,50.63261556470346,131.3472391568987
1525.1697176576376,919.605939776334,51.22054525248359,131.88038849306022
1526.1413584187635,914.8689803859561,51.73531909765053,128.63073720804695
1527.4383794747694,921.6347778500582,51.72382124391111,128.93894288790483
1528.6907080489223,923.3209790898139,51.67309866776623,129.41397707130582
1531.3781650339345,923.6811634188336,50.83442733695905,131.4346320863682
1531.7694136582293,925.5780610357298,50.25117997806207,132.2914496795686
1532.4334227383765,923.0446594699949,50.927176241698035,131.7303033546467
1533.2628141744933,926.4606641261566,51.03694166972433,132.0924367062638
1533.7419409354982,923.474026871716,52.01820409004094,132.5859460304362
1533.6025357767307,932.8568907082877,52.327120285135436,131.17074939981336
1534.9251568216864,930.0434855154466,52.160083370609414,131.59905322695138
1534.6300741875739,932.3201019922077,53.2573727202639,130.72930053448331
1536.4743598125037,930.3837943751533,52.74464713210433,132.55899000653707
1536.9718423327952,930.6486429390086,52.37402770674487,133.1665702069875
1537.6356979329644,934.8489219195384,52.447380159148295,133.37565316821377
1540.5016946693677,934.5803482340011,51.324208770456316,134.96975401264558
1543.4730540521089,932.7919908100948,50.83212541306557,135.41767997151908
1543.1827283035107,935.431480789658,50.843735315355346,135.14532350177302
1544.3799219249768,936.9905686940234,50.32696512379266,134.31493005583843
1544.1025259402602,937.4515574403272,50.035485188014434,134.09985023037018
1543.7857551485656,937.5775722767892,50.427031768493556,136.29573409455514
1546.2952305074919,937.9657361424898,50.25760049921166,135.46667908105331
1548.3207719264456,938.2785124042792,49.83659195057567,135.12072496053403
1547.8577617196893,946.7176340467242,49.870104480228676,131.26504523974978
1548.121229215036,946.5573575347005,51.11063552634077,126.65302985866393
1546.5089967815447,948.8035602166862,51.13653781743153,126.38982214172421
1547.6204000287023,947.8466902371563,51.46482130833914,127.21300720669453
1549.406204044594,956.4678507894749,51.72798893291463,122.72944888954356
1549.2318569058057,951.3647734002795,53.75781785066394,122.38479553477232
1551.9163718632678,943.5491722659455,53.960133640710666,127.96955315593162
1555.6347009535075,947.2377380140009,55.89501329826752,126.83777543390897
1555.7795017987617,942.5398050205687,59.28937061282003,123.4499996196185
1559.653543111232,947.7908637458921,59.04419473705566,123.68586632726243
1559.015475162998,941.7529897529538,61.43817510879664,125.12285214783728
1557.9559532819426,942.5300240426413,62.68451752111581,126.38174150182897
1558.2263462446979,940.8685743822939,64.19295614522161,126.806869654445
1561.1081744741716,936.8080724971487,64.00572460167787,129.5262015086288
1564.5056977390655,937.6859664711667,62.918934402905535,131.20789717492357
1565.567619754579,943.4004176908716,63.21210381613276,130.34387885222063
1564.6862087931354,942.2084371644057,65.4149238621606,126.96568556679824
1565.1848212755235,939.6147773052015,67.00063092206665,126.5039912170606
1565.1691966358019,941.6593570576589,66.81605419551424,130.18032371456275
1561.2123020144538,941.3281691083752,71.38679425573088,128.89663822231915
1558.964527406171,946.7533678205843,77.75477599947527,127.33752599389521
1554.953028817297,949.6054319408765,81.45511290066133,123.9319113036866
1556.8196629857148,943.3747188330829,83.84707266386863,126.94025326020167
1554.813612267335,942.5681318576211,86.60182902265076,128.91113638743644
1552.787971625668,943.9937599522272,92.07424359872405,127.65882184184531
1556.8205511475835,948.2001899273852,91.36202156900723,126.59502091135782
1562.6845736685186,946.475686564123,87.68837029478988,128.3955537133526
1570.2270428557606,940.6715476196982,81.3590683674278,132.90261088728624
1575.0625011097068,937.8949495292832,76.80336591388593,136.3277678231708
1579.1049108490072,935.888523545098,73.09275425699323,137.6537260430655
1585.6341836449683,933.0695625909572,68.11245763018188,142.4065399175181
1587.3310398597991,938.2411068197252,69.15601825330742,138.58861685719026
1587.3586507862417,934.5285573177914,70.14468394952792,136.66008967536254
1590.744129354302,941.244445262836,70.30062650762454,134.15960392114619
1593.6876284392656,935.9198589079189,70.61134243445979,135.56396077517863
1597.102100839364,933.5110281112413,70.81439907876577,138.74334582676983
1596.2119438805535,942.7653558926725,73.55649838853864,132.80758136276322
1598.5884963901558,945.9875584827971,76.14200330872605,127.49303114263269
1598.5779237001552,936.5351357314032,77.79374309147514,130.33216769953123
1606.3827291373461,935.5057230252493,74.88018810356138,132.12145201828164
1609.7440263056928,932.6255403538556,74.32435375903324,126.62637016711719
1609.9818675213949,947.0463834835284,74.34946175411763,123.27549084079622
1614.3600629435134,943.6076373573352,73.03243630011377,122.37792651796556
1615.9749428155378,940.4966471355507,71.36111219204979,126.54496667956184
1618.0305265616687,945.4796735098435,71.20592700405115,128.3765089983894
1619.2415571821516,941.5706806277626,72.08634588956701,124.83395885565949
1620.5988359196979,942.0643837248161,72.19154181048529,126.50313075528405
1622.8590229852307,939.4098348315877,72.39284390653309,128.86526954637372
1623.8119451589193,934.430493906282,73.19206626050291,131.15234992279778
1624.4411022473337,930.5256778823193,73.75624928280727,129.94067323923372
1625.4417156908137,937.3058445947121,73.30585837599386,128.50443274887385
1624.4669174206056,930.4758592785568,74.51132873713314,127.7580859626288
1624.1914509481326,928.6891040418234,74.99119376276752,124.46490566352429
1625.6746687737725,926.6214082845468,73.23305485352259,129.31102255019948
1627.9813720059701,928.0905993185861,71.84731947726226,134.22406614880583
1631.6211017411022,925.879796442209,70.37055356712625,134.23057804430567
1634.5140194226726,925.1203602140578,69.1537108921228,135.4999185518421
1637.1753924773366,917.5806195493454,67.26215325445257,137.41003226074554
1639.5105866406832,917.7898734208203,67.47460723154572,134.25302971285905
1640.6567307567284,911.5029197282379,64.79027625297856,138.07858023735645
1644.859914432792,911.5022819626691,61.316362281437954,140.6531129683917
1645.3030918577215,910.9400816926,59.84258589031475,142.1632429270271
1645.811911644717,912.348143219529,60.887012748839794,138.27686397961062
1645.3585472558511,913.0609811763672,61.395880349251286,137.04840951548488
1643.9093583954539,918.5122326339252,63.14793763179548,134.08647493499876
1644.8861431889793,917.4899912654296,63.10831569484995,131.760645108722
1646.4301673626803,910.1304204350349,61.73953916040984,136.07748187723868
1645.2872243522233,905.7110558072158,63.555143020851894,136.58642233092365
1644.50290598821,911.8259493075242,64.97842268863616,131.66091626868635
1641.4473731234314,907.7259979248034,66.67407018675435,128.39239037640414
1639.661977900059,904.6651006509529,69.64122376652271,125.86360217037173
1638.147772493582,902.6844758469384,71.30834540109157,126.1654774530893
1634.4512027236035,899.4912092667603,72.7489701738038,129.8518925258175
1637.183735073221,899.6046528075224,73.17418990112225,129.39798541465467
1634.2210827881158,897.0475743105528,73.92498643234097,127.98210449761552
1636.4393157659508,896.9717183304751,71.09807193489036,132.26850322046005
1639.3080389222655,893.5758640016487,69.1991579258864,136.14574043349666
1637.5369457089535,890.7448931124605,69.15505950710042,137.64372461452032
1636.8380976681067,881.538113870219,69.38427299472659,135.14756684602494
1634.1009729502082,893.0886437033961,68.66863257711566,136.73239980598504
1635.172797990183,884.393871917424,68.47329058064139,138.97117943044574
1634.5544719290701,880.1910772974243,69.15703700761277,136.27099916253434
1632.8362518540966,881.5044051046201,70.3444686627908,131.27632026335306
1633.6088328282624,881.852941427504,70.49009508455796,128.94707648503186
1633.488823273917,882.3968046292853,70.40443170248679,124.74485126669886
1631.8348347428066,880.4021791093484,70.14492716612662,125.00903727428623
1633.3013802603382,886.0348496157,68.78476088871898,122.45190762198972
1635.0608952817686,883.0775284607895,66.31458527685915,121.33203814654715
1638.9994155173647,877.4272940007932,62.200671514646785,125.1781713063789
1639.1763964574584,874.2645923470644,59.33120056184926,123.81456545563647
1638.5343834116868,875.2929238587437,59.36603557353957,126.21268328002363
1637.2096408107052,875.4594741108168,58.90446837624865,127.23509191415658
1635.3604218533148,880.0804428803867,60.47021935748381,123.67884291640421
1635.1411359847107,875.7222896965984,61.20225573930033,122.2224439146757
1636.5158482543868,872.0003513100381,60.38154707890692,129.39143324348106
1635.6951497184536,874.0005073967739,62.95434803450597,123.50982737259059
1636.0994750256368,873.1235301153288,62.75257797668682,121.53301918036206
1635.6065137138278,869.6004755586074,62.42570872762477,121.31060720979423
1633.8213198774067,866.1051569954781,63.05919809571124,121.97470035051953
1629.6375748037146,861.854617481574,66.01106216887308,120.79472907982166
1622.1640262561375,867.6032324556087,67.91528031845789,117.24202241381835
1610.313950645009,862.1107534943832,68.33908076820774,116.263691586612
1591.6792085703596,860.5491756029052,73.44801609371802,110.32362195025209
1568.2563574844824,853.1963201719979,71.72581521562105,110.2335938304694
1547.4650767025114,846.2509723407674,68.62199983230347,112.82345503548818
1520.1067547067255,837.5790594691157,71.35523515063764,104.05801460216699
1489.9887378936996,830.9293429907569,66.34699121042769,102.25204822910845
1470.1209324484696,830.022890791376,64.05182941058035,96.50698972968331
1452.2179904550458,823.8077313380435,60.8062143003563,98.57801150153938
1432.8285600237807,818.5853726628616,59.93430477703072,91.21324027481208
1417.4210719285604,816.0438308583535,55.28714449072562,93.1983998192082
1408.796172094629,815.1301174753911,51.67697206187924,96.33165447022101
1400.9236863483527,811.6032627907015,49.937684498277434,98.41185249360183
1391.859098648591,811.4429607657137,50.77178006376657,95.85357789705819
1384.22582860822,807.0681764011764,51.677035228854635,93.0812110254297
1377.7572877152568,809.5462485428947,53.21706948847407,89.62187792944653
1372.700409071345,807.0396751921617,54.69358633427035,88.11352624302225
1371.1340762080963,804.950553735811,56.109464541590185,86.59630177813139
1369.043259930413,800.0062240910914,55.26262201800682,88.09011130305572
1369.6613389216916,801.4739930732122,51.73461268970547,95.36886591234752
1366.4059324418686,799.663106470325,52.91125557456186,94.11034980564526
1369.166489144867,801.494172865696,50.73994588188453,94.8587294498904
1363.7967374495793,797.7664646620985,53.11422110922137,90.09460426015525
1368.5708832210653,798.9660164435096,50.75592634812047,93.56152413144953
1369.2533707138602,801.0431482282526,48.66113438564743,94.43548593660536
1367.7766965749552,796.1107651414665,47.046814773239205,96.64203764807978
1369.1196547016898,794.5974146981758,45.32776459053697,100.56453905115639
1367.7480862570983,793.0032235712868,48.86677513727335,96.01586721902538
1367.5225599831026,796.9053692901914,48.1203396554921,96.21706998152362
1367.8123734891337,792.0849802497457,46.62353887466104,97.4061638466933
1368.2126716763955,786.537526257843,46.02026465345423,98.18391229068399
1368.050154083957,789.6018066559558,44.10002312159585,100.84417373370219
1366.9462166850362,790.1412249321693,45.255355447516756,98.95613709127292
1366.7105876406183,791.0390866789938,43.956408101394146,102.9403064102478
1364.8371529900894,782.6055777365789,44.4662382922093,103.313796491505
1363.7328734703422,786.4985765591848,44.61843194949664,102.17398258436779
1363.6221843373494,784.0199727999411,45.02898899240401,101.80918505324061
1362.0162831529908,776.12449803128,45.35951122867283,101.00106568146518
1359.9212467714885,779.1159335423299,47.35812560860827,96.55543057400342
1357.6589178978597,778.150306907041,50.422341261655305,90.80632356869984
1358.3308414510245,778.9130992111794,47.21740302449462,96.76972096826063
1358.4713148669475,784.6784500905773,45.821265188884354,97.95382115436635
1356.5911190493914,778.3975604338547,44.9346221789926,99.15104074165653
1357.0133567014457,782.1294712029203,43.410637535586616,99.94484644878634
1358.015443522672,778.2094185261146,42.29835650803975,99.01361097458391
1356.3649873519616,778.2955079586766,41.627055567152674,103.0430119779636
1355.183675113504,774.4212194433389,41.52895764126998,101.66539095458904
1354.8418443539315,773.9122339533093,42.5387582076293,99.07997657944301
1353.8741750392808,774.0084303861775,42.59376982569679,96.08024693491024
1351.8670181036032,768.9939048798825,42.746382686644054,95.05110122557366
1351.3186882645598,774.3813148850077,41.7732806945368,98.77061309930477
1352.249130398371,774.5876182804215,41.03565945844101,102.75401712022459
1351.1381655226999,771.0473851664374,41.224158962793155,101.65576498875218
1350.1093394809677,771.7164878104917,42.94720851911898,97.88092746649312
1347.437205252726,772.97914443026,44.19407171215657,95.5020218444948
1346.970293112144,770.4215573890159,43.774241194060764,95.61104053484516
1345.3951157967817,769.8826640356675,44.84329402572038,94.03266729764918
1344.595734274218,771.6326891232449,45.58533196595657,91.33471678258348
1342.9826318755267,769.4767402626208,47.71110316545429,86.11604759998134
1343.7813398232524,769.3510928567133,44.92931688311497,89.192454700225
1342.348547407642,769.1674709061506,42.61253827450814,91.58669889166467
1343.2965184492255,767.4310635435423,42.405828336364976,90.28958149310219
1343.2355595088707,764.5441581710628,41.844186885004284,89.9848120188949
1343.133676750639,764.7094981795897,41.53266847813103,88.46202439421526
1343.5160893609755,764.5545351642616,39.394532071190525,89.80629999596096
1342.475698398088,763.1958774466602,40.28302237585349,87.9811140331462
1341.218254314941,760.8148274864581,40.75205516415802,86.00127447471411
1341.766798658033,763.5437005982966,41.55329854344399,84.01330356559951
1341.0720028563555,761.1533222459905,42.844016242588495,81.42830011953525
1337.2032612652956,761.7050829463286,43.764102391733786,79.47114544817714
1337.9399498367097,760.2134923114774,43.15589980306518,79.59130768639076
1336.7293767224483,757.3952371605437,42.69529445334521,78.00785642458243
1334.5750678922932,757.799169685975,44.096648078424536,74.71338603681338
1335.5576091338385,759.843779172687,41.84975914594404,78.37521399458817
1336.863067672545,757.0988942867999,40.43878154561625,79.48902889995612
1333.4866400373148,752.916870570696,42.445402406227764,76.23720274896033
1333.8736566572031,748.6732962646107,42.79126302147104,75.35026675673899
1330.9850412283138,746.1302846999054,42.3988095438725,74.52166667785727
1331.3432630551624,750.9946095254331,42.58546029867904,74.8167836796797
1330.7983803485854,747.4946878361034,43.45338175479982,75.19655300021402
1331.1371826546813,744.9878567480151,42.269729200188365,75.3227755333979
1329.148403794921,741.3850163358946,39.97354725217428,78.17771581610245
1327.9663744674301,740.7004280264739,40.43908464139611,78.12574459846181
1327.2340385078958,737.5094788927192,41.59079855869807,76.08471339983677
1325.6181902462824,739.4234266682429,41.136175715524416,74.99919059419099
1324.7928824229543,739.3584351187709,42.68934480936859,71.96679984734267
1323.8506614058203,736.7977668972256,42.23953150537643,73.20819021745947
1323.8119273398192,733.0394713804661,43.178875431904494,73.94633310646128
1322.8377328301817,731.0719243168013,42.2084745650277,74.98890428557675
1322.488863155394,732.8260787788043,41.25990496023327,75.40833551988854
1322.1957502426944,731.0205794268791,39.95558437246903,78.16374883393875
1322.5933830921613,734.2289702650962,38.06600353190903,81.56193946737616
1321.448413390864,732.0568205086252,37.3280720562054,82.43012285079698
1320.3485811889807,723.776422176288,37.52686142193457,81.06652480874308
1319.3494962638154,728.213398838831,38.582642746394534,77.36263406643454
1319.0188015183128,726.5113051460977,38.84222533719495,75.76907043809673
1318.8030632641644,730.1398748999945,40.44211395359683,72.80942957008952
1319.374941543203,731.941041743637,39.154018307206485,74.94045617644443
1318.14522618272,731.1378081568016,38.450869929769134,72.51654601394512
1317.7164377689887,728.8895357971967,37.720886878384746,71.66459493217837
1313.7497319069325,725.9129477756954,40.02725040666802,67.93885215308043
1313.6213077605676,725.8175770148306,42.22896731032486,66.28196994152582
1313.3024814926218,724.0098512021979,40.611313397508724,66.00259546045189
1310.9437573302996,725.3509514147232,39.216130008431975,66.6773420407074
1309.9191062310415,723.000278987184,38.2507340229028,67.16033039264342
1310.650942999724,722.9808499844311,40.14626822881452,64.92958071174874
1308.642668555372,727.188998223855,38.4148212195371,67.07749377390444
1308.4499547452392,721.3826627060488,37.901215982557034,68.24667858006246
1306.825196284094,722.9469816355064,39.74975151452809,66.37217362169376
1305.5417658052145,724.3380729715608,41.23216285196824,64.3133252565381
1306.4376464505954,725.1614294304092,41.255417007739084,64.45752064663148
1304.1545139746142,723.8855633961924,40.43403848700504,66.32626836314998
1306.5804569340753,718.8939479302351,41.54631904300689,64.9609667688213
1302.3865548751842,719.3188027952915,43.4302774165923,62.285530385776724
1304.028044854684,719.2922237057405,41.574720790204296,62.13652038873312
1303.7106275903475,720.0522193502426,42.757668687212636,62.31184124797831
1304.1248552387708,720.0299765535225,43.704207687266,60.93841473422607
1301.8256786777092,722.5751887590583,43.5571951058689,61.91870880682026
1300.3081722106958,721.4511219099577,44.646641019724484,60.665679711402795
1298.5329017483743,720.0098059341803,44.39622160098713,60.006468746288604
1298.5007444814378,718.0790512250085,44.670914695730794,57.99406345697048
1299.5868211682473,722.1350537999554,46.40615544911229,55.515545464471856
1296.4207782094406,721.929653910154,48.35946474075424,53.058534177748854
1297.6465855819683,723.364589052111,45.24618890845678,56.551178733372716
1296.9308113491209,723.6557411194109,42.71590750741225,59.36469169850072
1298.1362609451462,723.1707979651839,41.44750534835409,59.9028258796166
1298.498000795715,721.689604249565,42.033194993356695,57.62949088484291
1298.7722627390274,723.1548377089917,40.84646253724273,58.067808059703346
1300.0765319851616,722.1736778074026,41.664123439014205,57.014063101701936
1299.188208993482,723.0859622057355,42.808490436629626,57.17837116341492
1295.6527917872525,724.4755003229685,42.964820472030134,56.21122811087687
1298.8857025416207,723.1421459292897,41.736801177951904,57.00018382862224
1296.3922843072837,721.5585898584336,43.54796385470035,54.38167372081219
1297.9539767867955,723.8798448739973,44.555738823363576,54.06191638421086
1292.7120781868578,725.8603791991741,46.49291441180429,52.839993971230356
1297.0525633136692,731.9199796707902,43.173495953788674,58.26504547043709
1294.360909738158,730.0194583666171,44.04149478496353,57.09149278589475
1300.1011148076943,731.5709709811816,41.087604735904335,60.187603768458764
1298.1631779233342,732.9474160402702,39.864223217219106,63.068691239727926
1298.5310732312353,731.3740095707852,40.841911401388494,62.039899473429145
1298.9359420745977,735.3238475167551,38.60906261617525,64.21781807778748
1300.8210737843299,734.3060625105494,36.58153273209596,66.6628023643332
1301.1994733511776,730.6952441072882,38.05498206963536,65.31208790825158
1301.47902025434,734.011270051903,36.18029691197853,68.2408000486723
1300.479655047139,734.1677693222997,34.98615400113287,71.31062725125132
1299.4011730472234,730.092979712188,38.02418714301457,67.6504028230561
1298.2401520526605,732.9366310953483,40.43256202190398,64.99061567505721
1297.4026312118606,735.235902911234,41.192968879026466,65.36923939079273
1299.7083332416898,734.7578862085435,42.005456351500264,65.15533174682463
1299.2301565261434,734.9864664243544,41.39283986141061,64.65847587380414
1297.9488501688975,733.9193374100214,41.59741577270017,63.173556717339466
1298.8390840351442,737.8803302175077,41.41626752865692,62.643845119614774
1303.2370565740516,739.5074952331578,41.17668606401618,62.842567620795364
1301.240575553157,745.3264911004493,40.832818426316265,63.77265938634291
1311.2837317196318,736.8031724266981,40.99949218697563,64.40935305890457
1315.366828308444,743.0516025156919,42.054661502154275,65.9316190827243
1311.1360140223192,756.8955298150282,42.183630696674435,66.6454466422765
1306.9416519609285,749.7893739929534,38.67266476052076,69.32300860872971
1309.0579680482851,752.2001001832172,36.658650691790484,73.44209574604591
1309.578126104976,752.23104823001,36.90756236384151,73.07737536490696
1310.761857357159,755.6232549378656,36.88740109969973,73.6570010783905
1311.080531546771,755.8624928659456,37.52000818332459,73.73843587216697
1310.5284228321916,758.4034919086797,37.08033769939205,73.3337213608209
1312.450703277077,760.3635171054547,36.1738701328943,75.18602978472822
1313.1706701591638,757.671723733833,36.620433868059756,76.67991045620151
1313.276222138287,763.021648815986,36.32661993416538,78.92782505593064
1314.1757771296782,762.3936097121309,37.595513285979955,77.06633410311238
1313.0449807841037,760.6138937040503,38.19445345203249,76.7209984979097
1310.3283513084339,760.855865531791,40.37999769332268,72.22412267969838
1311.3904187285104,764.5824425454349,39.98652674285515,73.19370535329037
1311.8657962944699,765.1507341470298,40.406378432947946,73.28725587565228
1309.132307535976,764.2442059505719,41.26737003629562,71.66549607876435
1305.0442468517467,765.3656160107121,41.71117582424408,70.35612948745698
1299.8479521736713,765.5273185490486,41.978761234363276,68.39433926224454
1289.76534174576,764.6088377845508,41.459134612656904,66.89392229255266
1275.0204958907923,766.0135501053494,42.68947141881377,66.15985770925779
1256.8414368968731,764.2770156659767,42.02726928699584,65.30335767736639
1238.9830305195906,756.4407190323786,40.76161369377242,63.924026868214504
1212.736860828869,755.3122756820893,41.89328548473965,62.17395897862115
1187.8774747561508,759.5278923582198,42.281101409131026,59.483539504176804
1159.8815753435983,753.1539092402433,40.19504555953898,60.61268131859032
1124.1925478438172,748.1720187215554,40.58730213103182,58.6864580603781
1090.3804578745267,746.6607887948793,37.769592770495095,61.10384695437271
1061.5110722685806,737.1731878532055,38.20795138031034,60.24412105541004
1025.0198963131104,740.3720095841826,41.81977277696713,55.601441422027165
1011.7693156448686,733.6817264949775,42.94732460815293,53.630922126639895
1043.8576757494172,756.4919109309284,45.74924814212723,50.182316366937116
1060.3147599532067,751.7137644538665,49.6406186409858,47.130451574401015
1063.444572070805,753.452665839611,50.36088322689216,45.03717625039354
1047.3987931043246,750.8600499057061,50.417606081301656,44.14126601320841
1029.5687864421395,755.4696523038675,50.76572571428054,44.11719338435379
1020.3385315561924,753.4806629461627,51.52648655133209,43.718441450701974
1008.3155824692909,754.9658152396437,52.06479820112221,43.34373573070303
999.1359213815449,752.4393266937475,53.53472608371112,43.095518188150116
997.6598179472576,753.8146277894684,55.36955560423268,43.21765097171536
1004.5401209760892,754.9258611366108,56.35722014993149,42.47873341183286
973.4688203858962,758.365773158422,56.63722613113755,42.72251881570256
992.4918412672965,755.0079271521489,58.593103596604784,43.12955208490598
991.5466165513983,758.6966189608939,60.03172045222962,43.48954123061173
986.55461071227,757.3039278639981,62.13415507645584,43.80981613711056
981.1588706225698,755.6887912700556,63.29829126439142,44.07220025277844
991.3793056846646,751.687219535638,64.37978859157957,44.13736078228092
989.6169327750495,755.1306313270514,66.93573503019763,44.02263543511715
997.6232991389701,756.65609355505,63.809300244189856,46.251800635460626
982.716726357969,752.7814919605446,64.3259829076805,46.304714685386784
973.8564671776464,754.9208772503022,63.149375452939374,46.75297491079586
962.0465835000157,756.316650549504,62.99434144010207,46.54197526989657
929.5184853546659,757.2535779640166,62.094005988633995,48.34352326497822
917.7849110267874,754.7796345433217,62.291999975098825,48.94624151089293
907.9489874899673,755.8050798759266,61.89424732715105,48.58512407235018
891.980023231373,755.9881042854239,60.70224321954312,48.407511801733364
847.2050219334145,753.1801012702294,64.1997971998722,45.38724637837546
828.4860529026479,753.3764501082717,64.41715750614556,45.464582130125144
814.0632939477297,758.3284890801663,64.16516049951245,45.739735617458166
798.7264727450836,759.1265493646714,65.00511535101772,45.20137722222028
783.8119431070016,760.7750862190036,65.96498772421816,44.71267529969279
773.8490271663719,765.2930400509778,66.09656008341237,45.664238203893454
787.7921116233965,759.7660953005466,65.28615921851423,46.173804820613626
780.6444710649769,763.267496852406,65.25530809677451,46.251802084193656
735.6725459919569,775.3973260643263,63.164802463177864,48.84752843102514
745.0066677605381,769.9776336574703,62.8673608208759,49.67890184346761
764.2126253145756,760.7765747956082,66.23910342609962,48.022421495836355
752.4759435436921,766.0589051097107,66.75053261951793,48.70612405284457
763.8830099482925,764.1333770419454,67.5761215498568,48.99900498124961
768.800420778376,763.1835540414642,67.21435139273905,48.53441519305117
761.7054310442074,762.152463497481,67.55003289167509,48.25899397747414
764.3780799842017,760.3329602981852,67.68106800139155,48.23350351860632
767.0918950514055,766.5049260592616,67.00233374136764,48.706630234628804
762.8842139334715,763.8993931358591,67.38376062861633,49.21001009340288
771.7440474761001,764.6272201291973,66.08310265140574,50.03611243648035
775.8506570313966,765.0720075701132,64.04698035914744,51.33343230248451
773.171586525701,765.2055306099716,61.94725162601803,52.30321333553705
771.0988501925254,767.1630137964024,61.64851497012317,52.274657760790504
772.2970774781754,763.986132879182,61.81245562147768,52.432373932383264
763.3380146136418,761.7627202092127,64.50856285644791,51.338475235848726
770.9032242893994,763.7186649961893,65.00696548891773,50.729974382234914
759.8482710414486,766.8688773085992,66.11129006558761,50.75869484964723
760.2199669081203,762.048628716137,67.18278015011066,50.42266285280363
769.771561338017,764.968321781457,67.19134744716949,50.24833320480461
732.7718053787912,777.9919668872575,67.00302046389965,51.877605163199235
744.4976838304575,768.4229196999459,66.97362112639745,52.38556447132259
718.1656213085565,775.8089469215381,65.83751589590248,53.21754282990473
717.9056796438296,775.023409989038,65.4474510513206,52.10820592672412
710.5926436745829,780.7727035886454,63.66324764946318,53.282809852645414
716.2691722297228,778.2840992209221,62.04755492348002,54.066527596493124
715.4735954838428,787.0763401211345,60.840722882104146,54.97006022633441
714.3387611342353,789.8428397772858,59.721232175186444,56.298483028636255
715.5239661523849,783.366544525275,57.91147351780466,57.32966034022274
716.7984964508731,776.9666860396089,57.153669275029436,57.0642847558495
716.2673563740778,784.7274286834785,55.91150258293369,56.872825390260715
721.4440174797974,784.3764474021206,55.13276043363429,57.01789895361463
723.894393833991,782.3248782110749,54.68029437903255,56.80406176886219
729.2943509600751,780.6290880941799,55.0839527407283,56.29547074385202
748.9638006303668,773.2281693430297,58.53279179856456,54.53668989709634
757.6852139592143,771.043058596851,63.984307035210776,51.878583056281514
747.5995591412313,767.676634200249,64.98545135263566,50.84481046281424
749.5690789646094,771.743215273631,66.07268242175569,50.0420184248719
750.5989144027435,774.984378504678,68.3689552173888,49.36102510480423
729.295612724535,782.0719793597941,72.92062028563458,48.004067500864565
751.2393198731324,777.6469410303662,73.43008209078792,47.79941177010419
751.2228995518116,775.1922472713005,74.44208975066203,48.00611193537924
746.2039413585283,782.6081385098523,75.62940486406211,48.45190170136691
744.9062441536253,780.4495066300655,75.60239775528989,48.656069222731226
743.9829492291337,782.6107482922718,75.90804799154307,48.79356141102538
751.7595816664426,778.9576276104277,75.40295214528516,49.01535635508845
