806.5,516.5,28,68
809.3554979149156,516.1255749872895,28.07325556090999,70.57204003582281
809.043788398644,514.3295850691686,28.822274724756607,70.50043748953928
808.9453476372047,512.125379667522,29.090776140194492,65.65976616737132
808.8094393191245,514.5587193644302,28.911447641626104,64.7127907004391
809.1059578618431,515.6629702523873,28.404093332975034,66.86495183265717
808.5521595678341,516.0276526794436,28.432687552366858,68.19247623309255
807.4518362256573,512.8085345798062,28.371496013703002,67.66360580129844
808.1245083168668,512.873265296075,27.90716593904751,69.22435995872505
807.0241207755366,509.3061983662028,29.017734788965413,65.41602444664112
808.4886387299454,510.5770460797483,27.538247350477832,66.90748646680018
809.0673520925975,510.535588258163,27.439329456738765,67.77204686386203
808.0287003137628,510.72863826946076,26.626399337338732,67.42378524469964
808.8223318555604,509.36256106951294,26.744321088039534,66.188956544772
808.139262648157,511.5661222863871,25.754216030185024,65.46359675262948
810.1543902297536,510.867176545726,25.59161930443725,65.4901072423354
810.5751421095911,510.842509803746,24.72678639049996,64.9792233663093
811.0827988286462,510.1114588110743,25.084897407387277,61.738121501778096
808.6082522742156,512.320144508127,26.643073887615962,60.544278562887904
810.1697210693607,512.6718887809683,25.663043561757306,60.10053674151173
809.9696150649993,509.5972187505872,25.544722257918515,59.266967078420805
810.8943363735777,510.8663804773709,24.50537452248132,59.486483234545986
811.2185977279088,506.67867653802773,24.255071994757074,59.1029570201008
811.7797043374885,506.9852105382222,23.802386853737467,62.46110130946906
812.2008058876402,505.8928399960054,23.595252483525314,64.26063683282798
813.4817253257578,503.11648588083847,23.527841239971757,65.1300014856194
812.415935902416,504.2788362781723,24.077666196192784,64.56614211092828
813.1618231630257,504.7795859391088,24.113215384980727,63.827121396814086
812.8420168687843,503.62232477833516,23.43584464523017,63.67568668771199
814.2758913168477,507.0037791739419,23.30489213038973,65.01029493726566
814.3469618344376,505.2316090364829,23.825854228035013,66.2020960571891
815.1838036714199,500.65893421994815,23.841008211998286,67.42602672001277
816.502279704883,503.1849087382282,23.18117057435689,68.94477916888206
815.751314163445,497.88968503453805,23.973684974274963,68.97775451766984
818.1694376788579,501.2300970961805,23.54567303566753,69.41177110436078
817.959682204454,500.38959784731685,22.979161339001195,71.34995054835278
819.2109892522221,499.9256616348655,23.31019533409055,72.37563111243225
818.3476456587819,497.4984557087651,22.94930165479551,72.26811850139154
821.091825741133,498.7939782268322,22.29505070743113,72.3615728929685
819.8109947319672,493.78877294597726,22.711656479880567,71.16978328953864
820.5585466932895,496.32895943159605,23.550978509674074,69.79384740740063
820.5816561225952,492.6914489945002,24.05708305139369,69.94819583506847
822.2314688512848,491.0821595617797,23.191767869318205,70.36188893407117
824.6093220101537,493.97133089450983,22.67172482497711,69.3614820983489
822.6686385805958,492.60393289082583,22.81547981663533,69.17259283158893
824.6510536965926,495.339581963554,23.0354637529517,67.84168614203352
824.3365620771231,493.74963243383115,24.05795354065218,65.52294032611377
825.4509002369671,494.95371081496614,24.08839505505498,65.09099443046563
825.2052677094157,493.2701960808499,24.41817209049043,63.94452427489324
827.4323652159524,491.3757402536537,23.489948267801182,64.42458364302524
827.1768847356435,491.60929394157483,23.007845639292007,64.73440685650549
829.6631828384227,489.7868806222971,22.526991850534557,64.10097276739478
829.5027667934385,493.43950419322886,22.87982609317573,62.39952510091287
829.3109870519002,486.24509833914743,23.34780981727998,60.67889686928277
830.9054163762148,488.6041084637289,23.404600207903208,61.808229408791334
831.1559490369887,494.0001047353274,23.492862475926536,60.26436541155053
833.011100174716,488.5944151357904,22.92093825887618,63.11367253157708
833.5748932208189,491.23510856656833,23.199647720367153,61.318256221207285
834.8118412570263,489.0816222412846,22.179915402413418,63.441411655924064
834.9640866848686,487.6718752234142,21.589031626936894,62.987897950753485
836.0224964079902,486.4314451772609,21.747014013818735,61.9902560957178
836.8328374346988,486.85026506535274,21.383550868719855,63.30283071385371
835.1726504224836,481.40860702060826,22.059533097024772,62.23494074776599
836.4777035051162,485.0703699375472,23.14832826967332,61.00727612180436
839.2705348940235,486.19152008592295,23.594441521315034,60.0679540509783
838.4312538913863,488.54424110007267,24.16478773906905,58.68323777802543
839.1273748967764,486.0288883588273,24.066697855887803,58.52129530342013
840.2995676417858,485.242718291485,23.98549423734196,57.16903115704885
841.8386598061037,487.45068184585057,24.096306043802514,56.52495642314372
846.3844423688046,488.2754893379881,23.687402702349214,54.79745699128736
847.0573938500395,484.2468912105051,22.738095268611016,56.232517339056656
850.4600894941897,486.89308576107913,22.050479670851857,55.96098075650487
851.4012978666145,492.7127920929458,23.12114901511127,52.10867720951873
850.8042613439201,489.8464820544613,22.66601511623065,50.86963866263082
855.1504246096915,493.7990483862506,21.7411086116356,50.37186290170424
855.6340265693478,490.05727075987016,20.89746557030569,51.00113890755424
857.9225332223743,487.81476290461177,20.93079162158539,49.232380189588554
860.2844358113878,487.4068182993028,20.57874568009231,51.051074094364864
861.1570784944577,489.4524739542022,20.316849922842117,50.983519418972996
861.6279431606196,487.22762625505743,20.69997035269868,52.964234711847695
862.1894332787937,482.8255167711682,20.296013385340242,54.792228128600044
863.1119470842849,484.4891960214198,21.74148018602873,53.97738990676196
860.2263711951537,486.70312899359044,22.794641056914855,51.67486239018373
862.2986703868128,487.59153374681,21.876347218490586,51.01628700417126
864.8019436568155,485.20798850964593,20.951737283198696,52.29778568369746
864.0634781726963,481.98044947537966,19.613093363152675,53.07918373840012
864.1328698821899,480.4404082896236,20.12030672704074,53.487137125968154
863.0791036775951,481.444873909265,20.193880810690345,50.70549464668805
863.9300490085637,488.66578483966236,20.268695711452366,47.042595694775834
863.1331120099677,484.1700048082524,18.65779985790734,47.236282996730004
862.9299190786207,477.41786592590825,18.45297418549056,48.50351016217845
864.6263451769505,472.45755562558344,17.92579642412747,48.49954390117789
864.2998135063298,473.31236059722943,19.036294043495488,46.315609159465836
862.2690701133345,478.02828131817336,19.645608188482647,45.5900061859147
862.8350975787579,477.2447823855252,19.310868051416858,45.53117646238471
861.857147320671,471.2072623800584,19.295564343823422,44.50464343693392
860.2959893707383,468.88437851953665,19.699634215229842,42.611212078657445
860.8356139219557,466.9564208307963,19.58948714712181,42.488145331384416
862.2525289045299,470.99396040846443,18.498969233890705,43.864671315792705
860.7088588277627,467.0358880965088,18.1938951498173,44.523384425155974
861.8318007449204,469.3194811061705,18.03209074452499,45.10014817211492
861.4216367852986,465.8727508924296,18.341714686063522,44.626513961718715
861.5724366305844,465.56699090969056,17.797855158462358,46.36795647728505
861.3789790377997,465.3378410074863,17.66211563290001,46.392387050845926
860.4696513151374,461.2902218333824,18.425483562777465,47.14753458324321
859.9712692070431,464.4551260822424,19.3102587541501,47.20993116895533
860.0476672327084,467.1985292674484,19.6940349732485,47.330164655707456
860.5900504176986,468.5550654347732,19.784721435597433,46.847212125451925
860.5069419543946,466.0201830617856,19.713666312640168,47.295915352610294
858.7223455029099,464.86604598606647,19.99646055409397,48.14320698806015
859.3951008363453,465.33274090777763,19.74336964602805,48.14733128260096
858.718847979838,465.0368050128504,19.39719385792051,48.65336242306832
804.0799740837347,477.8975741018202,22.02185577147472,49.55801935657731
802.8187709341535,476.5537418728044,23.594118729599415,50.26102870297407
801.6249817911983,476.0445601179596,24.608549874929945,50.96979531737808
801.6233423024403,475.8759006645055,25.218247614081132,51.566087012283134
801.4302678333963,476.4660695632551,24.987762334206373,53.0695101627389
799.9141927223073,474.7351214364739,26.574094756416976,52.450209407393906
800.3036108978072,476.7688433525269,27.011587497752576,52.01586845327803
800.1601669602445,477.72725093551793,26.61738765736247,52.877997202564856
799.999237796614,477.5776356818532,27.19256802124908,52.83288824948792
799.5141992372437,478.04602366421113,27.40702904532903,51.89288544265349
799.8450046470944,477.9160389309696,26.87004927323475,51.7026619181323
797.934763772696,478.3481388999057,26.816796367544676,50.68974300916805
797.4794700216097,478.60634432638284,26.34338401996172,50.25730880182222
797.9390325286867,477.44332484782444,26.577294959523172,48.96652023879443
797.9971627784171,478.2178203759022,25.645919221268144,50.93989841638691
799.5274791113106,479.0344575214869,25.545160292295197,51.57863667742431
797.4251966630892,478.55197535423974,25.35720117796275,50.571908281604976
796.6090782989538,479.30068394396034,25.04172992658348,51.24762316499887
795.3976849937819,479.2502924476428,27.140597218800696,50.67300405049242
796.028165123975,477.7929965632644,29.442681385273332,50.50799105954321
794.4724991668223,479.17062871012405,30.825068507828227,49.96892546758933
793.9089661234456,480.9292142893643,30.784897960104693,49.46193623006935
794.9929914502935,481.9808444613982,31.156439106956093,48.613539235367895
791.3193953752361,483.3594461294937,29.54186445746501,49.63792299009356
792.8107986486511,481.18526659155776,27.87575215743221,50.030576424436546
791.8603360036983,482.64572119182236,27.065284894395617,50.57629475669681
792.4023729998327,481.4961668662725,25.791734570350975,51.135503346389115
791.8269099755471,481.1813185639406,26.151955110927414,51.323519983371895
791.8354646149547,481.5907381282673,26.596115952845036,52.03433668555357
791.1354571490122,481.68805736488,27.38247272842591,50.8563893959729
789.3998201614531,481.1094868016326,26.737669927324454,49.62036993383411
788.7934128894857,482.1661466985031,26.02331679831942,48.39876690697049
789.2813805472597,483.11934201275903,24.91372436233593,49.75299298167043
790.4590285598631,484.0871084385701,24.213789898210283,50.05213050970218
789.3556005561414,483.8841697861085,24.211717345375604,49.2008137930325
787.6572864248658,481.43255636473407,25.433710816897957,47.809117409041086
787.6211406804003,482.70690676351694,25.220893747112164,49.65073706866909
786.1939976677509,481.07957951070364,26.526872184234602,49.161358632473636
786.961026846527,480.85162803971343,26.376952187650424,49.69143064978583
786.6166761453746,480.8196489115279,27.052860464448422,50.38348034054269
786.7762363960779,480.66236622019426,27.31700274422429,50.72253444764985
786.4368652758625,481.360024837272,27.35810723276645,50.27736137069334
785.1929759611484,481.60820325777195,28.264213443531453,47.686464488573094
785.0285296087553,484.46518532705795,28.0085532093462,47.499455017405126
784.880883694289,484.11219137580986,28.135402555471135,48.05368061619525
787.0200071769631,484.4017039276436,28.348587441918493,47.99652842786608
786.7366096470035,485.34493186086746,27.769553823207026,48.75606167368168
786.7185270986776,483.5027220971464,27.30337843395315,48.92691203219745
786.5546985241864,484.82618065736256,26.589284221566363,48.65714457399068
785.4292407638137,483.6433872868013,25.673152937219573,49.00595813464306
786.7282798852383,483.52497146632646,25.001196416182538,49.41989333870542
787.4956565964826,485.2376110630447,24.91353710722565,49.93768565121515
787.1657312538061,484.59360541582134,24.486007446079874,50.11665196223981
787.6685668180983,484.0826161389244,25.7715453664849,48.53324920293532
786.9137114797089,485.6602209816739,26.85513463960904,47.88517377630353
787.600567943744,486.3130243686082,26.529305603478065,48.410775542915786
788.7062703252371,485.01149954369026,27.080409700141317,48.83207379481642
788.6882412175343,485.9691256460849,25.975508670053713,49.24047023216759
788.8776779387387,485.1187800408984,25.363088303049594,49.3375597602198
788.4360171787173,486.020128622906,25.00450102761043,49.43906767696046
790.4880134878464,485.45902055272353,24.15313350826493,49.5830393112992
790.3417603350117,484.5684475856213,25.252984451688043,48.925213116778664
790.7037574686557,485.95227249028716,24.22218588897883,49.075082765289054
790.4137919276519,486.4627940051864,24.044298381053338,47.6329264647556
791.6493121372216,485.89710013671197,24.3898452093739,46.36298087321771
791.6339814051972,486.4482375886709,23.646017720724632,47.3946819926483
791.8912893850788,487.3463794522067,23.687460608312108,47.95023719807434
791.682568175156,488.85615249608156,23.637935995206952,48.394398498468924
792.1324706822865,488.36703809342225,24.144888314742182,49.46948034139537
794.1286984927704,488.72830552336245,23.992993626426266,49.57556233333005
793.5184060716755,489.6636192588305,24.564548454737178,48.721500690717875
792.4661373883962,490.69860472311467,25.604585455374078,48.62066584001571
794.7538668342343,491.3752955002648,25.33600305616484,48.9286649754193
794.417004101659,492.46862555982153,25.536274860696047,49.96529543720506
795.3900805600894,491.16817940361864,25.54853216066475,49.83888860821386
798.0818280156905,490.3256151145888,25.290083828439556,49.79169379285048
797.2166020178166,491.57763599240155,24.543284125094818,51.56155691521837
797.8445306041694,491.3501852002296,24.896123642808536,51.28286302325907
799.4878457328567,492.79498155951677,25.16277518199289,49.72722906449295
798.5673189616717,491.6105988677899,25.371633600789032,49.88798244558052
801.4142443545676,492.3620514632365,25.189983389012475,50.022721592112525
801.2145516572169,493.3766392892347,24.94764794869182,50.62496589172851
801.9062517244766,495.362241989091,24.498211422535576,49.96854651426112
803.5978147337363,494.0419747971249,24.227916728864415,51.90428648840357
804.5329019751056,492.94489920735106,24.221262009287223,50.92927530798797
806.1013752135726,494.4509911401524,24.459876065758117,50.378984122039526
805.465584463151,494.6477282801596,23.80187121030258,51.9727679930196
807.9300350004304,493.0177773116224,25.39557000499172,50.28587912122308
807.6945426007042,493.98348292806554,25.73959035872776,49.97859030620519
807.9642465959255,493.8675008880838,25.64684882370821,48.323695422493955
808.202952449813,495.27244580031885,25.235042596305647,49.03141466813722
808.072380846287,493.6195143502573,24.30541714775439,48.54525680026018
808.5679382482966,496.4423661049532,24.659815333218162,49.21442630105568
810.0051511265856,494.50171439406296,24.6664507148351,49.32408394522088
810.649595132859,494.74969295777794,24.12924206988978,49.56048695449728
809.9119843408071,494.1629234987182,23.829499072181797,49.87991995402008
811.0661316117627,495.4423125280617,23.8409068512325,50.02704813608928
812.8336492042029,495.62790620708176,23.003130399863775,49.713661690665965
813.1127283700387,496.3742610495131,23.691944542109006,49.94884194413514
813.3510343729453,495.15404925321434,23.768240765973516,51.20619158223603
813.2387446478683,497.8588375260622,23.307110718476537,50.801057305998725
814.3890418540029,497.956351124167,23.5754638874284,50.77455471600656
815.8133519173884,497.88107129381467,23.359130335077012,51.391436682308225
816.3716548400763,495.7819237999654,24.008111913398086,49.10082541356884
817.2162919805285,497.85289196213745,24.387278237612392,48.41991731742595
816.5867515775906,497.9801344190001,23.90904872539329,48.77897427875843
818.668277831491,497.11022840421833,24.694407678645632,48.79473532561749
817.2144548646334,497.2240643778195,24.883518299701702,48.73926346617179
819.0090732554561,497.40329671648425,25.15133839749617,50.526302444358095
819.3998339353585,496.6043931483036,25.28288522208068,50.27041618729584
819.705731706669,498.2956735268305,25.097712402857255,50.10333838544769
820.5231471878673,497.08393705954325,25.040572529665027,50.30020006934795
820.7716836795272,496.05197581677476,24.635662688408168,50.491513325399865
822.4151717902396,500.9426540116944,24.35565781143111,51.365599598934395
823.1935058494702,497.3338859412337,24.780874000966925,50.29801532601056
822.9182210617244,497.48570496556846,25.23818406693211,49.54866195867603
825.496820106023,498.2842217345146,25.124610061887847,51.350273204409504
825.8248150142359,500.7646160198734,25.51276575877793,50.33142177882952
823.7544782874265,497.9933900395188,25.554747715319174,50.46760894183855
825.3725712004241,500.83334470522834,24.825840557951413,51.35522286991434
825.6872350052492,498.89544480013467,23.741152441029215,53.32740298105519
826.2686238859234,497.97834674771985,24.689656789488254,52.175513852493964
826.3349622969812,498.51734340044845,24.867686582327824,51.55562874803857
827.8739498263836,500.1442841707995,24.3148989055194,52.67443181351284
826.3996852511178,499.58532419554854,24.382406388014836,53.02831900823729
826.8222768259558,498.8409980180377,25.731034157424133,51.61459655662675
826.0965316030303,499.0622509557734,25.606926316654558,51.146384661494324
824.661166844302,499.0099090687196,26.230926308970332,50.04617948285823
825.9214546175018,501.7809527177077,26.083039558305884,51.29880801345274
825.8859393098085,501.0367669049984,25.056042947246596,51.370418102979684
828.3092518560476,499.7261347870257,23.58225492055989,52.07347011454847
827.2890109771472,498.6967379214469,22.943986666822525,51.91931499122238
826.2740123327268,497.47008306765514,22.562924417272306,52.494708900478024
825.7834009292123,500.3049669899283,23.02065481869247,52.22110827992557
825.9398985750918,500.4684477462365,22.83647845847679,53.77302796255893
826.6403790213045,500.2065731133972,23.264522241372276,54.08960583559039
826.1496571540359,500.47237629169723,25.0701812816175,53.16236802649503
824.9676820519255,500.3603632178071,26.509865499468688,53.714281262554714
823.8542770411008,497.99440808183215,25.857974927457825,55.025683418486594
818.6782870312583,499.65315577319166,26.126925552700577,53.25621030659564
817.9751835295588,502.01060125115043,26.807157558880267,50.918755638028905
819.4034049638038,496.6721351650328,25.981038837087226,51.5865055820758
816.5459970192655,500.1264641449704,27.038080515849316,51.76410223914253
815.3560393396579,500.3353808207711,27.201399560052998,51.11420148673843
814.7188472421055,501.0395276848728,25.78460732199281,52.12857692162759
814.7949495821629,499.279682320229,25.515098658385256,51.62206491042696
811.9324862615489,503.5040443666609,25.773424259929598,52.883349345098566
811.6923098768731,499.6838823351582,26.003125845619913,53.178166181972415
810.2425461449648,501.47134950359344,26.17449835011269,51.547938909584104
809.3336919010528,501.6201414310185,25.982495948208665,53.04234445287379
808.6070349957071,500.61379581986324,26.874107295864572,51.49944321663621
807.6415920203558,499.84631730880125,27.411566808231218,50.50522928426144
808.0751275598608,499.81370239925945,27.145117528867786,50.69268553194685
807.8703791844164,499.83710665301464,26.980723643589023,52.77011685847333
806.8644643120012,495.54293992721585,27.50994441502175,54.499384197369025
806.0786672324957,495.8763762165716,27.493960916927335,54.9687454201388
805.2571859120666,495.98657710010735,28.45660812575108,54.545301418942316
805.5359959676355,494.5354355650389,28.06407494623535,58.40741542105539
804.5331277917418,489.0842227859154,29.458546605421066,56.32291751602437
801.9299480457752,490.9067375314684,30.547189257869725,52.87470281207158
802.8717713608694,489.13635546219655,30.562619877730803,52.06629450440259
802.3083697432766,490.2850839631516,31.371445505833307,51.95327495699854
802.8858645942098,490.61918551941625,31.561008656810294,51.133650414735094
803.0822257073735,483.78188770787335,29.08563511900434,53.46991408875459
802.4712456571001,484.8663548828997,28.666090747451264,54.70908481699831
801.4236860900311,485.1777336736311,28.400896107502252,54.282387837200275
803.0823855795592,484.68381274435643,26.97821114564296,55.39031878448023
803.824590614368,488.0272237342226,26.598516681948382,55.87700714294188
803.5595048319987,484.3062084041398,26.812496965436374,55.76529065257059
803.5933351902806,484.70978873458205,27.267608472739212,55.14875311913878
802.3812193976153,485.7772410975628,26.80218459586756,55.13085859330488
801.8428018494283,487.2322796014106,27.51918783006313,55.05626078032056
802.5725303502023,486.05471419237466,26.762551064092065,54.97215915751587
804.0433898771015,488.48166605580195,27.055306229133066,54.02041452161824
801.5124043060962,489.0435762130864,27.063779219624408,54.64110161090132
800.4578187803047,486.7150988491371,27.004188290491427,54.55082694140088
800.443922998096,486.17847570427875,26.76719472103973,53.665956677311655
800.6934101737986,490.04357246296115,27.882794017916243,54.677099675432856
800.4711202350235,490.2521574288028,27.081558744824033,56.76561796039206
799.541515547578,488.0419718560089,28.148658987620905,57.41501169987646
798.7757082420242,488.59049688918344,29.122766848269706,55.69026959286723
796.6958575687008,489.7451804778146,30.117532397297033,53.93703317477745
797.9338069425506,489.74648255079376,29.59362133295928,53.11520212512329
798.1739330085051,488.84051824456,31.22960647995199,54.66398707653153
796.7140857119952,490.5693413669655,32.14843214347698,54.58569200453198
795.0637883287204,489.33014634434636,33.11303166133854,52.569564896468655
794.8994618672973,490.9480106012094,31.642416216240342,53.344027873324016
792.4419210970004,489.7325021827609,30.007327175196778,53.787237822934074
794.6999479027234,490.21998582793924,31.612936075617306,52.87363044210405
792.790673052346,491.7618080578921,32.04952729740378,50.14817095589108
793.5078752569227,492.8203882409865,31.46545181571892,49.454831946776764
794.4715342435861,493.42816327369565,31.720315077862217,50.11274512499196
793.6477381339149,493.85275589240916,31.3014995275771,50.354142379318574
793.2699359312533,494.1961528049939,31.11166289750578,49.72060796595146
792.1171671225106,496.1628453872822,31.2886387778384,50.43246342926986
791.1013728595132,493.8955930130127,31.522376003571054,49.877677136709295
791.6453025372308,492.1959423119259,29.129116491002694,53.02574957109063
791.1814942527637,490.4580652648766,27.55511156257643,54.69493287391653
791.4734696490139,493.86852424799656,28.655032717669933,53.68492828200263
789.7905632020421,492.16835919199036,29.931636788615563,52.95258241466671
790.8665452698107,491.4995645478278,31.1076095940546,51.581773616002316
789.9134144304356,492.94227247815,29.709154097815475,52.31062043977754
788.816908822548,493.1357344406082,30.049283800736518,52.7593241477039
788.0098909106139,491.7016576100368,29.907848789848437,53.14291169323174
787.0939980044967,493.7968130226793,28.068430532965902,53.610221333599114
787.710027515212,494.7820480231107,27.865717958406695,53.2053072472003
786.0450478470266,494.4836372773624,28.070028574505876,51.22042628672831
786.7639640090412,497.87552047784015,28.05145673312577,51.140030274476004
785.9282226729894,496.4040973491809,28.772750467660828,49.56843717096402
785.5121646580227,495.6980656856958,28.791727118618002,48.480592611927584
784.1611622710586,497.6346059402989,29.120479475509406,48.310753774431745
783.0138441608499,500.1211681411991,27.78484041883674,49.307436411148615
782.4800378697939,498.32019623614605,28.051186772952253,49.759765680116374
781.0980370439839,499.5831257007372,27.867815789644013,49.40505863553214
780.439671643406,498.82943753839737,26.96132695649935,50.10407315434433
780.0160435162601,499.8134611627239,27.954037845042237,51.647772267675
779.3829717705256,500.15952876349655,28.643793872636927,53.031802772432385
775.4333459475521,501.8488924711476,29.011846341792605,53.20449441122915
777.075334814686,504.8906576266701,28.352230492556814,53.9728007859069
776.5935441608774,504.91113619827865,29.62311254521815,54.48306259844004
773.7431863861468,502.571104675114,29.64636014783882,53.517791607681254
773.9984022703868,505.4405846407058,30.46512870149894,52.176390049331374
773.3556220322745,506.9818665462306,31.880021074884766,50.35168764370369
770.1536310634125,507.9535698957516,32.44389965468143,49.416099369106306
771.932473025886,507.863437969695,33.403262969069296,47.908991339610225
768.3957950920649,510.04354001318745,32.57665327650242,48.9870917963801
768.5918348019329,511.2700249947764,31.99793198506528,51.054359766981264
768.1000010903491,511.31908105880933,30.436399627867946,52.534851220821665
767.4266920826116,511.2427247458184,30.242028431418117,50.5212004674109
766.1629948283237,512.1948821746349,30.698660280170472,50.52016794388129
766.2266030265137,511.5388827435948,30.485601401712092,50.66693183788956
765.1630117379809,511.68589291177267,27.900160591758095,52.69491510010054
764.7335496092811,511.02026984074655,27.616416207207052,52.14541764069942
765.3866692449029,515.9621235507841,27.560564562732516,52.18012533841019
763.291487870816,507.7983034529745,27.672682970191616,51.97353614444695
763.0768293993563,514.394825681846,27.999772189818728,51.882836041052016
764.958966981386,511.2633555484692,29.522146437042238,49.65678622188974
762.9327202051592,506.2039991613833,29.481616456119806,52.78884948336737
759.4323768345624,514.4001287693945,27.848168150901884,53.311503484675804
757.5751125084662,516.4086391382062,27.875034664176876,53.16436120449738
757.6698953484079,520.2580845021157,28.233399897576184,52.02783578402749
757.8286927075375,514.987430355456,28.062155244709587,53.37562580128345
758.0596299407539,518.5272333530021,28.378547693395397,53.03126397027951
760.9234926530977,515.3969791184307,28.51419368271697,53.5894665679266
754.5262320437828,516.9423354839319,28.742971354348377,52.847581307990424
753.4018083246294,521.8292908147437,28.78382325824417,52.52298772883694
758.1628264261735,519.4632803943531,28.492421513493596,52.10881500320984
749.7111583046085,522.0002821971614,27.633039866270376,54.09851809399831
750.137468003048,520.3739069726573,28.675052236888007,54.20284517642767
696.3167596280201,578.1606564740991,29.35127660253187,57.91693986604407
695.5392002975578,583.0816767376019,29.375797111602893,62.65220240815607
696.1326762023134,583.009261386214,31.38232334505117,64.77784164414939
694.3237046728897,582.7573215678614,32.60799844903964,67.88404430039843
692.689750823681,583.5917627748242,34.57056976119341,69.7370672818682
692.0850961327781,586.072433728789,35.93249124461574,73.46416761280867
689.1677057605107,587.3207434136425,37.464105390305065,76.4456335892111
689.6891688644747,587.1401577484513,38.64115988210712,78.3216217042272
689.2904750938342,589.844973136354,38.60173984549766,80.64795874040242
688.8667827206704,590.3755374866555,38.971775387218216,81.96039486071851
688.8416806509072,591.4527946161825,39.26308638686329,81.84958742354156
688.3062729084218,592.2043316360496,38.67252663448009,82.46188560613061
687.0201415991679,594.3452698734367,40.30210228148929,81.86003988691101
687.3886376644325,595.229018305044,39.61828575547115,84.41122219886194
687.236637307092,596.5880603646239,39.45977254017389,83.76673389351407
686.2559328080954,596.9604460804337,39.125486741964906,83.20936351797926
687.5140181825877,597.4139708218521,39.41310568632271,82.4543226250189
686.6730362280464,598.3813168825943,38.564228415061024,81.90550759059002
686.4430741836642,601.3759174461974,38.02449303601854,82.99211473823621
686.3157076717174,599.6767145596602,39.49534070680711,82.20031063648
685.315930064534,603.469268591235,39.202102199338825,83.00487708310104
684.2325168487775,603.4619087502971,38.50442948636708,83.58436430815998
683.6637437608907,605.2619310664535,38.60476517788688,82.80867947302835
682.0971551061883,605.6792330467432,38.83360591665165,82.27221216868631
682.1110729548792,608.2851915498968,37.3620106191841,84.02142490736617
682.1068421093694,609.8335255828456,37.602417262688476,85.92252026292297
681.4189952488255,611.7648766939535,37.909093851680204,86.56161787387735
679.9745373039977,612.2394976013176,37.135721212302286,86.36774542323471
679.8016549493274,613.0905028473289,37.38773309174063,86.09421688241542
679.7209496417782,615.586730364924,37.90051292793444,84.89988308197292
678.9396295676821,615.7510291713295,38.53737524347758,84.70701010197507
676.2420174006392,616.4284470928693,40.09758182184926,83.39177432959306
674.3417932450684,617.9046794398325,40.245936992679304,82.54212260718033
674.6482394864294,619.6820246143905,40.56749328412735,83.08320083759278
673.0039135524307,621.0812893919227,41.38608854750339,83.27062905071085
671.281658917723,621.9104224210113,41.33175028610742,86.19546584061851
670.3267619943,622.4665290134263,41.78983557740639,85.55227338266175
669.0152989531996,623.2242185648131,41.48721843016665,87.07668954694819
669.4686854688302,624.6106011255412,41.97212570362143,87.67246158728653
668.043155382382,627.7364687117664,41.69807322029692,88.25293810803282
667.9617359492455,629.1309966935142,41.40047526597996,89.12750364487275
668.8590750499858,632.5845065382073,40.473547606640075,92.17089754884444
668.6119832443679,632.5129951251502,40.631030314983846,93.28958314564477
668.2272318667304,632.670430789852,41.17985286707609,95.3334904401641
666.0636271106704,633.6207448363557,42.213590774755446,94.37838822032575
665.8886161401297,634.3054438593839,42.02579664560788,94.49198953492595
665.9190585916681,633.288573033422,42.18191477356038,92.8511344555939
665.2353939653739,638.0558337250218,41.78860458621132,91.8163799215676
663.1116046681351,639.2431117921778,41.058807008259436,93.03262289576162
663.0994686405937,639.3627578696886,41.34756606087417,94.14708801281287
662.3598425595342,639.9332593812921,41.195525685539096,94.61227076986637
661.4979262432194,641.9878499647787,40.290341398542346,94.87179778824714
661.9172682828594,642.5281339983056,40.883499469083006,93.65752447866299
662.8116299927368,644.448873127214,41.914862513491265,92.86929524359107
660.0042826980311,646.6087345525283,40.5941466619274,92.58208017484648
659.6193751062846,647.3473183626224,39.146225061660985,93.55188626168737
659.6719301139984,648.5901346752609,37.93878569440868,94.9286186901326
659.6293615312931,650.391651239664,37.886503942738585,97.45800170073122
658.0986533747656,652.6611702689569,35.94042132388504,99.95852754997023
659.7819596288508,654.4958006961953,35.90335715543162,102.29560838232149
659.1429637660979,654.3130106397169,38.34497283797252,100.72938406327722
659.7663359129525,657.3194833927064,40.027363044434125,98.83961138691583
658.2299291804973,657.7909963369066,41.00858268269282,97.38517782611561
657.2396147160067,658.7526658288153,41.70064885692501,96.15221771674643
656.6694513258548,660.9742657250232,41.824515667428216,96.8456390281624
654.7745529025334,660.3119393719687,41.54583337186965,96.85140132402691
656.3174637303393,662.4538513735735,41.080690632479715,96.91060903959217
656.1285620652233,663.7726237472024,41.90739904132843,97.27444597791555
655.6003066551604,664.434239340401,43.097755067880925,99.04366038098559
653.6801267262981,664.2790913538354,45.838187214384796,100.6778186864193
654.9569334945204,665.5726438976003,44.455979547601544,100.75073178370556
655.9188749578817,667.6224597021543,43.53072740412911,101.38796846607934
655.7751957877148,668.7927302968739,43.63796589921366,101.78981792625805
656.8792187896123,670.8047345589986,43.658545409794044,104.38291465473986
655.6620428818637,672.4631194136464,43.99133606746677,106.37073348728367
657.481163778851,672.8300267184163,44.06910354611293,109.16872276377825
656.8473309079461,674.3906373703745,44.74674787422079,108.74789257187877
657.7383678791192,676.0134523442049,44.770075050034876,110.85241961241822
657.9344972128446,676.4453315792535,44.634475216949895,111.74298831658622
659.2787812963994,678.7222956074371,44.841952111936045,113.7796172073768
660.7035137875388,679.3760999744803,45.03983158449084,113.55621748490393
662.0613265870268,679.873376156874,46.16121337706468,114.53744586151664
660.9821813545386,681.5903262885968,47.87481543206221,114.29550335115857
662.9546045211496,683.4824537586137,47.515323256245345,114.69650579865105
662.6143630502113,681.2737959680547,48.27790619427,114.55909368102623
665.8813429620566,682.930721141462,46.962915020716096,115.121207588309
665.7820516366686,686.2896593785092,46.83359075760592,113.80538363193855
668.2057102000938,687.2935804643299,45.75225565816983,113.87592381247147
669.869561090507,689.315791365366,45.132571252211484,114.42705929242372
671.8775318219749,689.6116678974989,43.96583699598949,114.83416371198051
671.9142344285676,692.5252174907828,44.08989146406178,115.58134484557822
673.4590762115234,696.0406593914407,44.4801712522234,117.93975472430465
674.7847908380029,696.7143692749114,44.82345741142599,119.14169817969554
675.4223612317661,698.7479101355036,44.79945482399895,119.09699913717239
677.2386326656448,700.9889336755954,44.98154957902098,117.78740845178024
678.1396487600289,702.2865091038839,46.2545250404596,115.8154710778272
679.4766752396143,703.6360928255497,47.05850319826111,115.70439256410991
682.6340009689591,704.0225138837666,46.08819689346387,115.35350466010397
682.3748159929869,706.9998017811494,44.675821214221585,114.73716966490588
683.8121889207224,708.763372539337,44.00251599678852,113.95863031157208
683.2377977014352,709.2057249897899,43.99189201380578,114.93629542719184
687.5226611518277,710.5762052858435,43.896564382268025,115.30314322073305
685.9294462074996,711.4953797288052,43.66155409011117,116.75323134865023
688.6777382357669,711.7718769724554,43.292661873869605,118.334640907849
687.6181478650792,715.2645579981695,44.501927741006,118.3370085952097
687.8899438408214,715.5822679306186,45.35498214705032,119.0194793956042
688.5140322459441,717.0435542506381,46.08576227533162,120.79302263075202
688.0589353089783,719.8296966756078,47.27140199750963,123.09704199975577
689.3420658439616,722.6458769144498,47.980405818203394,125.13776940835552
691.9924425714163,725.3877939069429,47.33515215808312,127.04671346326379
691.2697184341234,726.2544731321105,48.335070081926204,127.2954338578984
691.8533232133603,728.142861985259,48.50831935479433,126.979659945559
692.4414166891631,729.9846309283488,48.885794182495374,126.50758153728185
694.636270699202,731.1919909053212,48.88190371728074,126.04050344947095
694.0724691834785,733.8788825860568,49.19803926066059,124.29145850530684
696.657439957916,736.587429190982,50.08985315682891,125.04739926422366
696.691415553047,739.0292173088538,49.822789007910856,124.94151656759666
698.174263499105,741.2423437420941,49.465311838700224,123.17713877942246
700.4762355738203,741.8223374903971,49.02264910118806,121.7026266081136
702.6407786419944,742.8518861065746,49.15244845256907,121.03957024400486
704.4340031053451,745.6104789345536,47.71520348103147,123.02704110614374
705.2092560321123,749.2265354371478,47.70974153256168,124.10617996092009
706.4738880515995,748.7551872570077,47.352858108182886,125.98391258046303
706.4689725337697,748.7113951900941,47.24068267247375,125.59635071232903
708.7544062415775,752.9728231886909,47.55016146752172,124.26931759858502
708.7182626706795,753.9896307908064,46.8729782771741,125.25774103622587
710.1967716735837,759.0214214844179,46.54937048240309,122.35734937344762
712.2569370680856,761.2703678987793,46.79808127257661,122.03932138452976
711.8963233717903,762.2616907858488,46.10955460738389,121.22702282463732
711.3560986087073,763.3500060745637,46.49774404385687,119.83082691721842
710.2438853514832,767.288269936718,46.692774290014356,118.64680388781181
710.8759447043791,770.0738601995705,46.5512480610246,118.19580375638445
709.8955981450407,770.7106221669604,45.878513370854044,117.55009238071693
708.414178061362,772.7927405789737,46.66580039382866,118.46423282428086
708.2634545950356,774.2146648240335,46.46996514478366,119.79754981904479
707.355268419728,778.2805344119937,46.96147440150611,121.7586080619549
706.4909699203765,780.4945675507008,47.4930475454428,122.71746169824013
707.3889801269912,781.8732586004475,47.086700426316156,123.45763700891936
705.5383291868842,783.2089634987382,48.134560359506025,124.3466164226576
703.4200908335911,786.8372220980388,49.35709435233983,124.15998754894142
701.4939741787491,790.5950826159182,50.11165363858558,127.68958634790394
701.9789174168752,791.5657767353184,50.94198338536253,129.62690312135743
698.436683580175,792.4859229971463,52.68877967691634,130.42385105652653
697.5723019734975,795.1449267953566,52.86464704402269,129.13098746131502
695.9610295920273,800.0063223066587,52.90339940816767,128.51978999189723
691.9126873186616,803.1684176498516,54.58074572282317,128.41716082180858
690.7653533805692,806.1852797069885,54.91262354767804,128.05067729479325
689.3829302050076,807.251562033705,55.906182828878,128.0654859302882
685.595954202588,812.1741362899829,57.20764665416337,126.21761828455811
682.9928528062509,816.2921220380226,58.34734714871374,126.49297949474088
683.1177009211726,816.1776159674068,58.88478993773668,127.4350013691942
680.5430932597332,822.6830199296007,59.09665146223918,126.48412505062015
677.2475486415162,825.3867581034659,59.85825120501136,125.14196713974873
676.2119058798959,828.6647528664108,59.84007995703965,126.70408557787337
673.5429886794586,830.4472589500762,59.58251752773839,127.12677012344855
670.0787680073888,832.8676317256351,59.77726538554499,128.742400827157
666.2331460285099,836.3845766279952,60.786928288234776,130.08199347735749
665.8613194860352,837.0479159004157,60.29772953991421,132.45078087483782
661.8092781988388,841.4609637715316,60.16751051414219,132.7465818034086
658.5880636985489,843.5612560916338,60.615228047631035,133.31572836750559
656.044974036718,845.6458520453552,60.683025476144486,133.88541414195515
652.197181848413,852.9464388767055,61.201925503047114,132.69789940346308
649.596061103624,857.8236832112938,59.76471167560683,134.42038826400966
646.5089444529807,863.6763764073334,58.711571594767264,131.1177868062624
642.2935534553701,867.9696868049692,59.60662021761029,125.74271530543825
637.4895948677489,876.4227681325583,60.01636931900754,124.04581246307076
634.0264336152181,880.5788462882223,60.05943619168099,122.22068188059552
629.0836480431603,884.4091564597051,61.03603147026183,122.39482126964626
624.0412990867999,890.1963733810908,61.9422075886404,120.41354685544863
619.8584218383579,895.0864631158375,62.1774526539359,120.50297159744125
615.1474441700433,898.0787721513061,61.325854090577835,123.34759631189443
609.8922181684444,904.0104590675703,62.40732971217035,123.68978794101352
601.2973575130468,904.7330606287362,64.84242747156677,119.03979901100189
596.412169591425,912.0731235512416,66.04481127722497,114.54928809144513
590.9595000236545,918.0865220858401,65.47358659261454,113.33149342554705
585.3486035086338,923.797511720445,66.43453168087042,109.6596886347767
580.5501256083463,929.1281685320707,65.88030600505161,108.16860242769997
573.8811976677133,935.5025776575927,66.04218887643377,103.81468984040407
568.7959019835687,940.445353368367,68.25217958848282,98.72067234985533
564.9416669073516,946.6090446024352,69.7363802861565,96.49441568261071
558.8744019242589,951.2090771586908,69.08978051183955,95.71266805310395
554.2623256114341,958.0983597773172,68.57878910625995,95.73015390405726
548.2002190350343,962.9782463128041,68.56594233477489,95.45602094781523
542.5316465885588,968.8561983540033,67.22009263546462,94.74743391901495
536.6620113373085,973.722043378018,67.84523767794761,91.17839826675284
532.850886298466,976.1537914319671,69.14568245960149,87.25557946602068
527.2399300713741,985.7396061398264,67.80111404616112,85.17354057014259
520.502324811045,991.3931181786924,69.73327848267691,82.00753017157346
514.3616702192162,996.9167178755898,70.0816107001086,80.5773757006389
509.5125059138388,1002.8392681477409,69.01668837402536,79.383949134108
504.8813846871476,1008.3796050069507,68.48867712831202,74.38373776693754
500.9829671605432,1014.9500059037673,65.59936031973226,69.5596137799717
494.7859180147835,1022.8624195305889,61.6345046947484,63.50932036698378
489.59907666226303,1029.2178623530265,61.72071038760002,56.42729072779555
486.84571634963186,1035.2729671291368,57.834162031703094,52.56136712614989
479.3920152316165,1043.4755208213337,55.982444135497275,46.9429820984209
463.46174632815735,1050.279277475449,56.92090340994703,42.32090001995532
469.7658699929585,1057.1941082962048,57.122407844191386,40.64436206365166
499.47643006200434,1031.773936673871,53.32935031394011,44.15580161152107
513.7473744236918,1016.5505883791573,48.13056477301728,50.201616260782345
521.000983069116,1010.8319963557836,47.16154673996572,50.820980854026075
508.59567515509866,1007.697797260871,46.34350407000422,51.213324825857086
502.46981811557146,1021.6441719343795,45.59426726682884,51.993000562857134
499.3813632792074,1032.8160318368812,45.8792547673758,50.91624217832725
503.93478324808143,1019.0374940794457,44.01203791483043,52.40509127542093
509.64215888452605,1017.1926098824918,42.50876191998381,53.29741217595984
490.4320274890708,1024.2718488565288,41.73115725847336,53.75481816451216
493.4308774342478,1014.6986481779635,41.240298221651784,54.44424789537681
504.77782652443574,1001.7122866377638,40.59955159798174,54.649279336975816
499.2452325157297,949.1216236937823,39.881693119469304,55.487078378794855
510.62743975859485,946.4213750561537,42.105499253957476,51.829743164760814
496.09405085839006,950.0636586866899,44.38882486535965,48.16752663513036
490.6471668765362,957.7463523832429,45.61641943311389,44.76806619773162
483.22172154344673,954.6724906958489,46.40231419930453,43.04754070097593
484.9323192017076,964.4206957273352,46.18863376534168,41.32167101374213
483.9344048633556,968.1329677893917,46.45419496530658,39.3893200716431
484.7966555096752,965.2118563530673,44.076809903542,38.21117750957009
490.97109808975506,974.2561624840667,41.857449767763754,37.22680451890353
485.0285501900514,979.6695383402873,38.177030951511085,37.80259502309427
484.9182190143056,977.9921136791601,37.46524668228771,36.0080499603652
480.56429080757266,988.045486295394,37.53495412900239,33.467984374772186
483.08178636721937,990.5607998293931,34.22152997332938,34.5653447848191
479.05750482892006,992.386416949605,32.763621067744076,33.52314003523853
480.45729800284187,993.0381081893278,29.05279777095799,34.015073915471376
478.1291027798327,1000.5029215878988,28.400679115538416,31.82286984740825
477.78793512609656,1005.0438842401562,28.41723203954177,29.878196391205726
475.6132412985665,1009.8003084427382,28.827147674995317,27.527632585795374
477.29416030188787,1008.173323845119,26.471065881141207,28.031160395829048
476.9761296459696,1012.7153034994034,24.61241479352683,28.591770554262688
477.5483128685066,1019.3051459892937,23.675617634708658,28.246766079864614
477.3919369380166,1020.9395856958945,23.38331164020756,26.302261073304656
477.31468594694,1023.1299554595587,20.98721803622451,27.62395425831674
477.68754516168616,1025.1511478345712,20.53978341913865,27.31926540959725
480.1100616233435,1026.6021961862552,19.35252286918214,28.300604586346292
478.52672269108757,1031.232713120789,20.891517211943402,26.07321951293091
483.9159839736836,1036.8810970719826,21.62125614933713,24.429013692757632
490.85393689991116,1034.3907252043912,20.572839362749484,25.632569470704887
500.8476868052161,1037.7717130927158,23.056354733410927,23.522161981384727
521.7355473420907,1036.4968099391078,20.980597814463245,24.839960961784655
536.3062507220246,1039.0146435515899,21.14035558185466,24.663680528313165
557.4175061091083,1038.616874786057,20.293808888205653,24.854316892166707
573.7879114844118,1040.392907201921,19.59385118841093,24.48250225799183
589.6205333786966,1040.5677699027171,19.87586526640912,23.901587373762833
601.3115717349491,1037.8084801783848,20.47939344046261,23.13622380328033
612.9780223498223,1040.6056456257895,19.441278120433125,24.04117203225786
621.3997145406438,1043.7757889501236,18.02067764781883,25.16561562290098
629.6044055839718,1045.9552097602618,19.698985148583873,23.809687911623733
638.0975374122,1051.226526747927,19.728956035775074,22.32775795127265
641.6884083969567,1054.9427946529343,22.435311462023733,20.35245061416106
648.0743140956572,1056.2822182321945,21.20949220048479,20.650799897088774
652.5179994130058,1056.5265921803332,20.141313722698968,22.400830687932828
656.8013841220065,1050.321718065172,19.433517980684666,24.330173059528097
661.9832245021348,1052.5384866327902,19.49050281057896,24.915760113438438
659.7480218299426,1057.5299476743671,19.866138359272842,23.759579263874514
657.6820472659242,1056.3872628759077,19.431909822864405,24.267712024234523
657.8450723916709,1053.8545131940275,19.548626126316407,24.14397396976181
662.6871134792513,1057.6541394486446,19.446094059846338,23.728313343070486
654.4882155047906,1063.513630143456,20.774616081680072,22.703423998393376
658.5103461026894,1053.6773060524413,19.18850139278737,24.690167384433494
662.1033791284719,1055.4676056566896,19.20000966244365,24.68801808533491
659.5614144691945,1053.348526590377,19.07537974410957,24.843816984782396
656.4586307383848,1054.1235679052938,19.16220402964753,24.812927667001386
647.6115634558338,1056.706709206166,19.235254434255012,24.714565288896292
634.6703116015337,1055.3734920250624,19.986766705595347,24.043976378194287
625.6995137724116,1051.1823579149311,18.360041098987406,26.193063935159927
621.7159675406181,1056.2587713038781,19.120782850245586,25.3697696810164
598.4898583278931,1027.8499594125356,18.105149238006888,29.004392908561147
602.2048048571914,1033.6012383696213,18.876243591407285,28.234667784533276
604.9720677965616,1039.6049004032739,19.05800450575087,27.03293355942659
618.550777985628,1048.053636380578,20.202086269979585,25.81017054580301
614.7915570512326,1038.5113882144692,18.390640337409206,27.629254773318173
618.9561848402427,1021.1741495878637,18.673448293274205,29.095948460893432
628.3003343639804,1021.662002040857,19.45022794638131,29.026820302746664
619.5758710334976,993.7798724689718,19.120122695260953,30.73509645185667
622.5310179230727,995.5154463512531,18.718606098579254,30.862575966000417
631.9831956366768,1004.2893989116131,19.363710719134637,29.385120932224815
619.7801339647133,1004.7175240859902,18.826871744303507,30.02622365330899
623.7102683560956,1008.5900563480633,18.375299865654874,31.15820822081724
628.3152294490463,1002.0619732656668,17.404356370833014,31.925945036009587
628.0871930278885,986.0872503725767,17.873127865284165,31.846697837740763
620.6434953987465,975.8217072076553,20.06260650456032,30.36799992614111
632.4292515416237,983.2270628054,22.74801275462864,28.208739207455665
639.1506068609193,992.2436077442632,24.153960191801563,26.92176352387266
650.705739011057,968.6370454642425,23.933257583892235,28.052388428940795
644.6368854370603,976.0157990852302,24.14586723397948,27.708021314239716
641.001516211005,986.6764643974781,23.713100846801407,27.771019805505414
635.714162360854,997.6986341505634,26.256274485999903,25.790074003861363
635.4918919861833,996.4637279209326,26.232800018866023,25.8149262535826
657.379832839784,972.9679722453723,24.052077654773253,28.777179409893833
667.5159959982461,977.8748975926286,24.12303996347431,28.621471245250383
656.5472861587207,959.5204436198112,22.881603323904173,29.035695535018817
641.6291481189883,974.4514188717159,20.616219889889013,29.63551987623779
620.5200894760798,992.2318583084583,19.871141165401895,29.294714020480967
621.026790037537,990.6165982971195,19.871987154031007,29.29404572735498
620.1217715232054,988.4469082189239,19.8712102858541,29.29249406636511
640.3523682023922,975.1550179404218,18.562365729370566,30.154609602584795
630.5138412135294,975.0865035697808,18.484745301422045,30.284084625687186
630.1913510781592,975.2088764155393,18.484924972745063,30.28366149544856
621.4233210268516,974.2907704015645,18.465821156474842,30.235848775681873
621.7607729164721,981.536047137454,18.87240137228583,29.458870921587167
618.8152468938728,975.2058045791388,18.95534284391353,29.34635228649889
612.297808710046,980.4801732656509,18.849136416213927,29.53729792799389
612.2791153133351,979.8564228841374,18.87010729074928,29.500733511995712
592.7176109292329,973.1789540382075,17.994394797057648,28.551516945009336
590.4114070567657,976.260715672885,17.532307652930825,29.139463108987364
590.8571771545362,968.0369610512308,17.66652401770381,29.03776359513046
590.8802189580744,964.2150939390016,17.80331488046297,28.944024703343796
575.6485337904163,955.0826116927533,18.089419824459224,29.1317224199571
