949.5,607.5,28,81
947.9237696761876,607.9258763609372,29.359970229547052,78.96745222878181
948.5334690175142,607.6627328050444,30.759054558661305,78.28251814690597
949.093103677615,610.842058854487,32.93500763019617,76.3489362839696
949.1370909843941,608.7732412928992,32.320704935075476,76.55583597728273
949.7391996881046,608.4979396764669,33.58673503927733,75.31140318803301
947.2972775801657,609.523213270794,34.503240592948806,74.27993199283442
954.7959204971388,609.2735070808469,36.763628204214356,75.49552704776788
954.184577706252,610.6050130645514,37.721429278815435,75.14303177658726
954.3308920523701,609.1830933368792,39.91565169996703,74.72315454153497
955.1392815372673,608.762741643609,40.37976102146692,74.46404326542736
959.654209326895,610.2796730570591,41.75513101051327,74.25064257512835
958.9723401057187,609.1864023372124,43.239570091862824,73.48529100161457
961.1064320528039,609.8452964292746,43.76848506701063,73.16759465933018
962.1546256371787,608.7577879035191,43.15804919797618,72.9741522370775
963.7089481396691,608.8765047138927,43.075334499547616,73.56395803192895
963.0845499641176,604.2577749699653,42.06788224197538,74.04513546680539
968.0849535229939,606.5583180468492,41.6022537086164,74.56024563243994
967.9406629543417,605.2702360208569,40.54371141087298,73.94084195889265
970.6936675319098,609.7327098240605,42.22704093511547,72.67800314789753
969.9051700511893,606.7281127149149,42.38330275729054,72.85045808812552
972.5661355913463,605.9576074928668,41.08921537166606,74.23602832125621
972.2392153884422,608.9354474357459,42.633093020686964,73.40814495342346
974.6433822144387,605.4809422926222,43.974711332145745,73.92553151042958
977.0067835980816,607.5736785845058,46.1848440322789,73.16170872280657
976.504287366862,605.7164230104224,47.10984286038185,72.80370204182864
977.3930299977706,605.8831437877775,46.832622901181864,73.044194415976
978.8142288396683,607.1866429213317,46.07513125067386,73.06331155953855
980.5648435105446,609.8109478917906,45.823236380530076,71.66980799384407
981.8681306493911,609.4036327170859,45.05858193479631,70.50663981196863
983.4406135269529,607.7295198122705,44.09514681689616,70.1620087090284
984.1375091288546,607.5328885119594,42.54361329307193,71.17673138557235
988.202654719912,605.6606405786509,42.47020111171665,71.93130163398146
989.3844649854918,604.9744042514968,40.97638866513456,73.04123707277523
987.6084297028193,607.9235660357605,40.72132716449916,72.9124363481371
989.437851201444,603.4065868880955,41.115158473798495,74.76759140139211
991.1052170979133,603.9009383193263,43.11999956145622,74.77319533863385
988.786444053671,604.7229991691762,43.59100257473088,74.52069586084394
986.9807787591379,603.326311177556,44.026714112203805,75.046575694106
987.0651216337126,607.3907275558162,45.12727760639206,72.64816080448864
986.6027918424413,608.9634211858487,45.52709985079831,71.37850962881718
986.6147953113671,605.7203478924855,46.2942657228809,72.5109102720194
987.9030414686265,607.352631997773,46.705895284584045,73.50634685811872
989.3398739905772,602.45907634354,45.861726119061885,76.99297140621792
993.2666083264874,602.6066527798207,45.12137017410771,79.70441389809983
994.1199328049549,598.5175747212446,44.7136931512889,83.5890409636629
996.6200377145602,602.066926016472,44.63121389732974,82.76515557468238
997.2067776993272,601.0656405117942,45.35666422194247,82.21984431773066
998.4859532301722,602.0198084727236,44.90319819028278,81.32093756395997
999.751675330963,599.4509014986339,44.851028014664266,81.18452497652018
1001.117910738238,597.615493033008,44.767943137017895,82.42012406882351
1003.3025073761119,597.9911468296808,45.63116188307092,82.92645320868385
1004.4014462964673,595.1256627458627,45.968795173261924,83.9218096253786
1005.6211432255795,599.9636153363513,49.1345065423171,82.74641317485191
1005.6575739790981,602.1822803427841,51.96193390265705,81.14628784983567
1007.2247780180712,600.9778483347266,53.22298889840668,79.97370199875274
1009.977912729613,601.170305264917,54.24982262844941,80.2373559616957
1011.6406280332056,599.8111781411611,55.47525715647706,79.15386611394943
1012.2231686376455,602.9917513175521,56.43614390635036,77.34276966086522
1013.2178892074082,600.5766124074332,57.32583007686924,77.4520019411747
1014.6930975800635,599.5350513007809,57.7501379489232,77.63071247784121
1013.892575776559,598.504448273814,58.30483930308421,78.19362201053988
1014.3092822903056,600.7874072519843,59.74843544604016,76.03624549422187
1020.6402641098645,598.2386302194532,57.67843743862501,76.86779171572101
1027.3808254262658,598.073209872274,55.752083075246624,77.78471031017068
1024.7490183545087,601.5409751151426,57.87203104618386,75.20327180824546
1030.353605390481,601.8796717343597,56.68226908422577,73.14102281923047
1037.97462530772,604.9911322964725,54.08762197191608,70.891994448576
1035.9262101015709,600.3347207111981,54.79120223531781,72.69358206367065
1044.5893214167743,600.9415220264939,52.84995910973833,72.6628899303017
1052.549550408772,605.6994684206379,50.90758594025954,70.1366549654079
1055.9589774484782,607.9476657392245,49.71611056724949,68.60088854184269
1061.1185415120094,602.9730064517804,47.73921110540809,70.76217862630321
1065.54674308697,605.0709108453083,46.43927190501242,70.37640099087588
1073.0084481899457,607.2248833410513,46.484613372954314,69.62533162514119
1078.15517165528,609.3869446132019,45.06556162591974,68.56166350335772
1083.3437941301254,612.2040713012141,44.38224669362764,67.05931042320526
1091.1446031698633,610.998415907728,43.05670660269266,67.84271854665369
1094.8748082414938,610.0248732704549,42.157125610100096,67.63225552275108
1098.1958780065142,610.520329877747,40.65925038067856,68.20308445579045
1102.939886982309,605.0375551512919,38.66775886048235,69.6692793745487
1106.7046584061022,607.5242359083365,38.325086030007924,69.57062950321377
1112.8591219504399,607.4527516342868,37.6942244835389,69.66617724117525
1110.163819668833,606.4436477648671,37.83331082787374,70.37227233982816
1110.6922706860857,602.6646047806112,37.84392270613593,72.06326440331912
1108.7195637749817,600.6544745754569,39.04920775502073,73.03933078571504
1110.19207322047,603.1396602298256,39.487574767802016,72.5635101717427
1110.8327005261442,602.321921726071,39.06082071330893,72.88790281232126
1110.7158087015487,601.9305033491667,39.47320472053201,73.0479709323182
1112.7122541388967,601.9140100182258,39.744270634270585,72.3949913932137
1113.0880305715532,596.7334326422268,39.41099902433808,73.37225721348273
1112.9738694043708,597.2919872207501,39.894085475121415,74.55492582736902
1111.3647700634779,592.0505814534461,41.271902018318684,72.54965050296632
1110.423672329443,590.9017608951121,41.10627656390484,74.52854035618529
1115.1293112039627,590.1523736007777,39.203736857219226,75.50042370458878
1117.0870843950506,588.6343099491737,38.99119885677101,77.2175086680781
1117.1249774761902,583.5644171900709,39.05847377126946,77.81023712475665
1116.5035590272828,586.0902919422343,39.52131629070634,78.12906278857378
1115.8472346981746,584.8272812049431,40.1889159207699,79.99010420429718
1115.4907491572465,581.693088992835,42.115229706948924,79.04576942765682
1116.4691457008273,583.1843602303765,41.31916307903985,79.37888894431853
1118.3384033588152,584.3224821937298,42.730365784198156,78.68398683396275
1117.3181136801738,583.1134297422501,42.217749665103824,78.66457656656605
1117.2115635638863,583.2590699159404,43.088585046054604,78.87414573304282
1119.5524064709527,584.3206285393579,44.14422739827851,79.21432665591183
1117.9466669527299,585.6471522033546,44.19794314785055,79.22461182312003
1117.5676301409494,585.0145835864328,45.013260880590856,78.21009479433964
1118.459035114052,585.6257594037761,46.42954917880698,78.05019965881698
1119.92776059244,582.7986480134285,46.83142003173552,77.96817082818566
1118.2854350063787,579.5557838697616,45.50990885804397,80.00167763523048
1118.1916708412016,580.7529179824907,45.10722697653643,78.76785916389562
1120.6482533233577,581.1669156953446,45.222375802856476,78.55969100704789
1121.802637716341,584.9528251468836,45.596952047094895,78.10016856500246
1121.9849368200546,580.1821894507098,44.83437521396007,79.70685482863198
1120.830943929315,583.4811138655497,44.912888472963814,79.63206406207138
1120.8191106300108,580.992060652385,43.91279122431382,79.45590904829535
1122.2245196381919,579.0331272451608,42.41070358236934,79.81508342616502
1123.9316205057742,583.6134588616039,41.07628267196233,78.32188196611082
1124.5052876396705,577.7153582943015,40.39796069091129,78.66192211003988
1122.2732116342438,582.1124997647927,41.296561873394786,75.39542285214745
1126.2098694327865,582.4229041833007,40.90567783928447,77.1816500168355
1126.1243717515174,580.7499625607649,40.68296463929735,79.41258703572345
1127.8314487450473,583.3296541964977,42.69247524003405,79.35926607501207
1125.9008758501723,578.444778768276,42.09061874442763,80.72443610802455
1127.5749942853904,580.6618525389562,42.72546516522611,79.8970855735466
1124.0166587358337,582.4594235479318,42.84800733446346,79.04136061198602
1126.2369236815996,580.1609945485865,43.370137729201545,77.71988483233221
1062.8384302844975,570.4566462473368,45.24070428349926,75.09889272990704
1058.5685410955955,569.6457866652869,45.93056458481931,73.32041266396143
1059.786010239222,571.6122856679444,46.17602995357214,71.60365106489688
1063.2084104979874,568.7688316159432,44.939386456805984,71.8456067321903
1064.3106879773816,569.2698701874344,44.250594555683435,72.41335666699618
1063.8391943757529,570.0113469257019,43.760197984773924,70.60312127002155
1062.3525448087362,572.720023197467,44.281735126696134,68.47651300590506
1063.046036451561,573.7214145077843,44.04182431292093,68.186738098678
1063.968894369863,575.0177839835865,43.91485474202648,67.06256321066238
1066.0570111224022,574.9094378775658,42.30848015156518,69.3765288057361
1065.1226660618033,572.7816594628908,43.07195694567196,69.86841967647074
1064.6286985347688,573.9991822149323,42.8573345115291,70.19298302586625
1065.3269900357236,574.8119559072163,43.135431976509395,69.8591295137649
1063.8842996989613,571.8076280585705,42.89011880561978,72.02621627466229
1064.0736100084966,576.1746039597331,43.265713076821896,70.75820439092124
1063.4476071368513,573.1763590527368,43.22242936296135,71.6767046188672
1063.9227685188278,577.3956229743718,43.80136474552039,69.31270585334143
1064.5626961779928,578.497651486215,44.34826927659989,69.09039610091585
1064.4624600871573,575.1446564047081,44.15568980612048,69.42954968137438
1066.762551924388,574.1025247644701,42.29794948320391,70.73648572543723
1065.1212204551027,575.3543104146876,42.803518212056375,72.26618632778695
1064.624997431751,576.8782027743704,43.583098123306804,71.91597203095233
1070.9659891285387,578.3981031124608,40.628207840626715,74.00155665176223
1070.3327369177396,577.3890115699592,39.691532225661376,73.374878592134
1068.3474753481157,580.1779094468168,39.22846160444543,70.79190583150867
1072.2340422735576,596.4540424622402,39.369871075087666,70.22942265873819
1076.949001108296,584.1086474940441,37.67167168064131,71.26562153422543
1067.6923545409995,587.1815643184143,38.21594631702051,70.5418199185754
1074.6482582585606,591.9105895429759,36.869848098974664,71.51618497432605
1072.5255647053768,590.3225690047038,37.23110434194848,70.85898795147398
1076.5619599390698,593.8546322637955,36.88374986423656,69.73012206880871
1078.1264972165498,593.9210129979367,36.13732841227732,70.99520636731324
1075.2398224434764,587.9256383696635,37.07032671693493,70.57771338905037
1069.0462106582954,590.928605981464,40.00528223636081,67.69751912833725
1074.0493576516958,591.8545853886105,38.77116264614311,67.65958568456156
1075.4942418533494,586.8026582745622,38.76951312615094,69.79001780160175
1079.859241916887,588.2768441536731,36.192635394891845,69.77211727403599
1080.9452725126318,586.7136253228529,34.6176707105849,70.06117156658887
1082.246900776297,585.2294120339538,33.58965594305919,70.77959718833309
1083.197234320838,585.2295535691823,32.12486065017779,69.87726564020906
1081.6414975395921,581.4403671181876,32.852950813240355,70.84002702537504
1080.6855183727323,585.7472820335034,32.494129400651744,70.50938736394639
1080.3891253026102,584.0127027341812,32.01482135360624,70.99912806613204
1074.366395020054,585.3237627544441,35.71918738490125,65.51603321254633
1074.50290601831,586.4227606279499,35.322773322993925,64.4198211897987
1078.0653003035525,590.3400766545288,33.86580315772027,63.45472965368247
1073.0879750116112,581.7321181621726,32.138589434157716,65.55007758436389
1068.238476810225,588.1692511466355,32.66397734329509,63.478480083548774
1051.5567337751786,588.1645615545165,32.860553065243394,63.22354318935066
1038.6838198225823,579.00094857783,31.758077903135437,65.02544910432839
1025.2589630885434,580.002003415029,31.62386946386097,64.72569425854985
1000.7397014046111,581.7793430315685,32.45786456443358,63.113747821066326
1044.6602304191451,581.3521492260999,33.67620075274754,64.16295993180536
1022.0638163282256,573.1573294745548,33.70884432089668,65.80977299714625
997.6430145116534,592.3543995139141,35.805089482468446,64.14867160185017
978.3392776945452,595.4501887203345,35.38886728750276,66.05096138143125
933.8969907835185,591.1471988399019,38.88502841223674,62.92798821228398
907.1321358346955,592.4177520851383,39.430948767841116,62.70347997558115
876.9562840791895,602.3758851158788,41.90546150406226,61.94626399659009
827.4018463462882,595.898719333944,42.35508008450721,62.289021565643495
786.0117973315445,580.1926263525667,40.94723201058102,66.02032261904043
743.2024947707814,565.8955322711107,39.75592386488678,69.58409446680417
720.8072844751192,567.7171907930957,41.46931160902743,70.9885157500519
692.1437034532025,586.3609685857608,44.560499214205294,69.81565675395828
668.8809107482851,570.5132467311396,42.901282420358996,73.84804746845367
652.774760328153,575.2295141158578,41.1410591932587,77.83739453135114
642.9141244806463,572.8178817968661,40.77537325914176,79.28608672759088
630.9760771566796,571.4715546849372,40.53120587591728,81.24025507200929
629.7249529332904,570.0511770213748,39.11678091646773,81.73794393957394
624.1721304308965,570.0962467542677,38.95909345829859,85.29476138957664
619.7324921807851,570.7871950425002,38.7152981843809,86.46711949792181
617.867710025372,569.447033952655,37.722215715357656,88.16564462056127
616.9532111364151,566.4407012432662,37.69901476725609,88.74110461301456
616.6883310557372,560.7411677122576,37.809202596414394,91.35994447318657
611.5891964082602,566.9045120799602,39.28975820367823,90.37390714475033
610.8555500096626,568.442061324408,39.65340746046553,89.9856095501373
610.166383376104,570.2387329499585,40.83861090197495,86.4760632290459
610.9076385750436,570.8833941663902,41.15167872610382,86.6167925427197
608.8930310261994,568.1455155402006,41.36091748222553,85.77093712218985
606.9164262257128,568.6344989769213,42.967400941000434,83.01778052484872
612.1045633692004,573.4745421175378,41.918415685772814,84.34587969631802
607.6802774945514,570.4683880512936,42.53996176187631,82.69442726346786
611.0867577146789,572.719134025851,41.79138762917961,81.41126715594957
609.4141110841133,572.0376365826653,40.7588906076183,79.3711356202278
610.5737396308227,575.0712001136507,40.6632176611883,79.0017449410346
608.0573526196573,570.4946100062577,39.50828521891564,78.16563404432566
612.8982634288163,571.9302569753985,37.60200316653655,80.84096569442082
610.7873520250921,568.8904815104008,36.702396205730636,81.44867932494654
608.4298394188286,562.5901581783529,36.94260184738767,82.0448470716673
614.4659592416974,569.1757881429792,37.17696238142764,82.58185125201287
611.0093504924532,570.8604954147348,38.33782423811985,80.46243904941807
616.2764548408938,568.1523734655642,37.99447593397705,82.22654629444474
611.1807782131488,568.9694876568861,40.1375183861728,81.94020326921373
608.4096824509539,568.0094301256688,40.586379821128105,83.22462004883167
604.2103172504197,564.7998923495624,41.7230953925385,83.64609390844852
538.7574765585096,561.478585955914,39.9208209575869,88.27899782331134
537.3007904741905,558.7798156628758,39.454488448409805,90.01353689797371
534.4181071000445,560.0596108606359,40.41933503106181,91.61964915988437
532.4166283999868,556.3445465649593,42.60339796633034,92.13133602931802
530.9771587693783,557.7741807798552,42.71933362784803,94.96209901064924
529.906844342409,558.5619679529843,44.29388455794686,95.33091149094403
530.9359612340426,556.4498300590832,44.08438216497193,96.11517726667032
529.5698248490497,556.8965292141465,44.004705863878996,95.4252917413732
527.7285678871688,558.4309314823197,44.18259294497936,97.64057098790124
527.3437123764161,558.9538659662907,45.888081213294065,98.50081723531298
534.1143452685199,556.2329259575791,45.90899357474741,97.70065319423564
535.0130947214736,556.617863504352,47.602140754806996,98.32129250830724
545.1647979526462,557.068791106646,49.18763019154031,98.60964680462675
560.5606396734479,554.1337893318575,51.252188828346306,95.93044495748612
576.7877830179651,551.7478038296501,55.29610104315286,94.11527877654646
593.9504674899201,551.5870447571959,54.735423440469525,95.40823664632173
612.3746465214884,547.9549465390519,53.94020475128228,94.15368887347715
628.4367023060906,549.2136214188347,52.15118808417389,94.03632048397276
636.093569556356,550.0537484116423,52.56087832532877,91.41022483535758
652.1813678618557,544.2168971401892,50.50327757354717,90.67870279639014
659.3560660214656,541.9333499926432,48.83223838521597,90.98209015371484
668.9967132202004,540.332495614296,47.24608945304048,91.59908505026107
669.4367652305896,543.3414945189288,48.18922024853059,90.84356703811176
672.6053932332348,544.6225201307926,46.90139663610108,92.21920899106709
675.066633146453,543.3213803034538,47.98418686219879,89.82663988205097
676.0740261179886,542.5166454997008,48.12193210778585,86.31532364864574
676.7391028364484,540.585244776463,46.65648739884207,84.73291420824796
676.7412634676956,545.7032145762753,48.07249038795379,82.87333795143459
674.6451664527773,546.6096610390471,48.90034515047727,81.65759625119006
674.6703460082578,544.4982822804134,49.222680834786544,79.4248717140934
679.064829270749,547.1171159523591,47.303655461481334,81.97861233858356
679.6573087925889,548.2077255165531,45.89888110880966,83.69441825027866
686.8721244320133,549.2674530267199,45.63273379883978,88.31002771874111
693.1316300823199,548.4002910111298,45.624067959773114,88.72736060507322
703.6180851271195,544.5063029977835,47.90905006365381,84.72679356049704
710.0809871391414,540.0381920534228,46.929999491893966,85.97406273196273
714.7179030933548,541.1629544933611,47.713575257205605,84.64420248601192
716.6401737178487,545.8111791317089,46.34540291862038,83.90364029262335
719.3587261505977,546.1694410346325,43.737150358498866,83.71932722646747
725.6751800829857,546.0108554683333,43.24955423452499,82.60209116919978
726.2492937117797,545.5527905981954,41.35403842403035,83.63570605334938
724.2917009039537,544.039853407132,41.635077915007976,82.50249664524304
726.9765406397089,542.8430964647658,42.33483724494181,81.7380737226882
726.7361362004754,545.0045209259276,41.22303503429006,80.82057258875241
727.9337514022714,543.8117684241828,38.975615029049024,83.22867463252354
727.3687710161566,542.2719019067597,39.157470754049235,82.80725863946017
724.9328467431152,540.8039136417624,41.086313001623665,82.35721265929084
727.3971329996824,536.4652350937383,42.420811606889664,82.91652998126206
727.0966252184978,537.8584991841661,43.607712361786184,85.74332029266927
724.8699473679313,541.2923857657898,45.658303786026096,85.15151222687334
727.4766528984006,539.6936987772461,45.358269763766145,84.84157702210506
730.6489237891527,547.0640041679851,44.02363072132957,83.40036495410389
730.9462848164469,546.0789946904131,41.88096218089682,83.81900952117928
743.9796570849921,540.5786021105596,39.60813573762614,84.87906996947021
760.3773533989732,539.5097699074328,39.52540395382864,85.44720699711678
771.0471664085394,546.8009663962358,39.02969002418497,84.21281871930964
783.0888987406132,543.895924180706,38.03596421780703,85.48736440521472
792.0702820468157,549.4322550813371,38.11917204918665,83.97404267702359
799.2738440575882,547.0128852871975,37.466598847436615,80.3298992867295
804.5804493414521,549.3200569349134,37.22893646828128,79.7880273586091
810.5524676893868,549.3301139905892,38.061164475755945,78.52417797804193
812.4053523443663,547.3205709974594,37.576193897304236,77.87806845653414
817.1660955509152,548.9603910156468,36.43627778949605,78.93502674931608
821.5373904934337,545.0478769287208,35.52328480827548,80.57849487439421
821.3462639603936,547.741361261052,37.1673432326934,78.78936670688901
825.445183315617,545.7969145824447,36.01791485464349,80.20266966285473
826.1578020885732,540.3322696033788,36.16035460723953,76.71382915916266
826.7858843947427,541.7213152894169,36.49115369006961,76.11009177206972
826.3288741098535,543.7825614044211,33.91544401227357,77.96486689719504
826.2797876028275,541.9257271640885,31.989258617997436,78.06256908431902
826.7246318272685,541.934714842788,31.769082692885867,75.42999872851425
826.413091325163,542.8526978785694,32.13540815315815,75.89720674314135
826.2227067387997,536.2646871100612,31.041544123582177,75.87504916569344
828.4772380320485,537.9911462013551,32.55272739873578,74.02978486967109
826.5498701338045,537.6072012640592,32.853841407494386,75.66586967461446
826.5141996179374,536.6297369434124,34.3609481357445,75.89981279468145
825.6226700817359,535.7083414049034,36.35994499838236,75.60563973236023
827.0169152524406,534.3879041504426,37.43567275593531,73.26948317913377
825.7896628859738,532.7067047188523,37.98250479749025,73.17750167517991
825.3060160008329,536.6936777667524,36.94889040213718,78.06256116556636
825.4471865021046,534.5491263372782,38.23206452003997,76.4542447703015
824.5417964936,533.2718211475593,37.64016698441957,75.76318114000779
823.5595715183825,533.8280847455975,37.732061903424736,73.78848376366301
824.3395525800915,535.0112405353088,36.87794373201771,74.26585479266211
823.6134132461885,534.4199050101383,35.85952393190699,74.29851035966551
824.0204009697031,535.4734679355453,34.948026448082764,74.65943406411537
823.9951371259963,535.8024035647106,34.89421742690095,75.55635120573542
823.4753779781316,537.2077928300158,35.09793616072328,73.76997199615934
821.7386317229724,532.8983291214713,34.65999283673819,73.99446579271142
823.9004553376981,534.1916759913192,34.334190933523104,73.902005365543
825.8973341233151,537.5099921817045,34.0746725200861,73.3406497933972
826.047780850471,539.6762072038848,33.00618287273582,72.69061962250956
830.2122330405758,539.4267304267044,31.771472295733787,73.35984858426832
836.87088736989,539.2836764289724,31.34633167962305,72.33508035073068
841.4084396919671,540.5054129025656,33.2731095431114,69.67142813259973
857.0274404001984,537.0542625523096,36.27436181874251,67.4666021367594
865.2113559507632,542.2683439152589,34.58672845636786,69.15712653520252
877.0134435720134,538.9725610772141,36.936344955415336,67.70272555079302
895.3541292198099,542.6361753995263,37.33400775156274,66.99092126718377
912.9114367717543,541.742180747365,37.2072986610525,66.1222019020887
930.2480338293047,543.5148504268072,38.08883629158844,67.05306133039248
956.5065407421456,541.230330726215,35.61439524644083,69.2956335131474
969.11943183068,539.485729914157,35.7186470559824,68.16440757094898
987.3235079725686,543.5307704556039,34.71190737806825,66.5807231851641
998.2806377058006,542.6858993195971,32.008932164997915,66.73453982693908
1007.251308788932,544.7861556326241,29.632126808876762,66.67119986752108
1014.9466893050505,542.5963085611672,29.775312712526055,65.59490264826408
1019.9203479641691,544.5958240829459,29.235085084721312,66.16689829293426
1022.7418932626438,545.4117942055096,28.805608053472586,67.40039181935747
1025.832836468592,544.7318676514495,28.14529549631208,70.16104784050421
1027.1557771883406,544.9048931266448,29.666735547069976,68.534738280617
1026.7430981189832,545.2399584622705,29.782961067533236,70.74775224472049
1027.798817214994,546.2290487894676,29.98792819977613,71.75849255770999
1030.0888970297901,546.1599166617247,29.90510480941543,70.29021918879087
1027.05169035173,540.0360685458364,30.83048396259017,72.98735692732913
1027.5827081827667,545.585530949399,29.33606953805164,74.2945296360588
1028.3227508398154,547.3739163907153,30.16059554321113,72.6719302013857
1027.9807410886453,545.1839232933121,29.512599723289195,72.05491121110151
1027.580432994216,541.2544622303946,29.716029578026955,73.49967360925638
1028.431837199339,545.3196251291521,29.296330351453562,71.92489252387935
1028.2971529007687,550.8753972936241,30.07083951946518,71.43651938773536
1030.3588787580156,550.3134074337158,29.308714497366893,70.23782531229827
1033.041681272902,548.8007521976809,30.853528141674957,71.6441122478879
1037.6234580428707,550.7590452755205,31.242332120173696,72.19207952112612
1041.3818196700238,551.4751540679401,33.05320178583511,71.75307901927667
1045.3474694352017,550.2250286817897,33.80012101857447,72.0937399277802
1048.7277555295486,546.3364042623311,35.09406496420477,73.45939220428417
1058.3865705130395,549.041395860322,35.44622511244569,72.11521363493532
1059.2226900915825,550.1927931902171,34.450752294307826,71.42491984244626
1060.4978807316822,551.3869651477569,34.63973395943706,70.98825898488775
1064.4473230980543,550.7256534297384,34.33244106381902,72.04763056001669
1066.6531677142007,551.4944753023849,35.63792178152146,71.82261053114401
1067.863531813608,555.0036212991108,35.25305477972584,71.87451067150184
1069.7792244514999,551.813750188629,35.62591895001337,72.57655887121129
1063.7717304824916,557.3027001403389,37.9427952185265,70.8051413232776
1066.623018102362,555.2754538842008,38.99423576645238,70.5708396790191
1068.0680181675439,553.9807795005431,38.363411164243246,72.22635833458668
1069.9605316090558,551.0605980367561,38.01485686863276,75.30782597736166
1071.7610578529618,553.2833754410113,38.46498270902533,74.1998681976633
1068.7757400580058,550.04510485429,39.60892771478958,74.47254118208849
1071.535495840112,553.8985351732312,38.1464366824015,74.80902323541423
1073.6321148148863,551.1437774210963,37.3467161740818,73.16057053750458
1075.913130581938,550.29290639668,36.2373210779152,71.87078069641026
1076.6799607775224,554.8452397051437,37.85814369097689,69.16540656680623
1076.606869881057,559.2910736268833,41.5525878064117,66.26945496688741
1074.9088513885272,559.9428473120686,42.291216067525774,65.02366787432368
1072.5162252651464,561.967136652869,44.96984783941043,64.61851706739729
1071.8019473698296,555.6935243667368,43.35681478104594,66.88317724542162
1069.3715664555853,558.0382991253376,43.33545306198705,68.50611244217748
1070.4435454151399,559.7484394700554,42.21995897057371,69.84470781407526
1076.0175440963167,559.633891280036,43.70474041566344,70.34236721374948
1078.745179754753,557.0403189267759,42.1779146374336,73.44148511422387
1088.848093458759,560.7015873992044,41.934778513099204,73.19824811672135
1092.0624631107205,560.1487055370715,41.90346377798548,74.37431115790423
1105.0811850574541,560.5362639685188,40.069572368949665,75.74393413320479
1111.5039570178951,558.977083644813,40.90068564001568,74.12284356764278
1119.1409376455358,555.07742151934,41.46465868707583,73.04904324226433
1127.2444113963304,553.4547436949167,41.58703499832599,72.15072031985528
1127.7625662741677,553.9667004345569,39.8427631309192,72.83722707986658
1134.5727048831002,555.8743544529948,40.74237603589518,73.77415001778033
1132.9844787896218,557.7075724987819,42.044479413899445,72.78923100314672
1134.287445583025,551.9631326882154,42.09429235312413,74.50831394101657
1135.194832031442,553.3072996380291,41.55988584065129,74.42623548378846
1134.5386258746366,552.2369821899817,41.11909199449086,74.19215844240802
1139.8865452408622,556.4267337892858,41.182441924969915,73.61271708873349
1141.0292432345284,549.4640384540493,40.68799289166334,76.05259836114692
1141.127574800566,548.4065138625921,41.90280702105279,73.98774063970873
1140.2593511522346,550.2278935734657,40.83716927115149,73.94118859170229
1140.9634530466615,551.9369508054522,40.44859358928103,73.80056946862794
1143.1884893529725,552.4581734603893,38.046896759303564,79.6922611701007
1142.5729837812391,546.7952038157656,37.89373962176728,78.26839411555017
1144.4129912076705,549.1691513260489,37.929270021168314,77.00453414233968
1143.7695860192403,549.1898164315439,38.37325717751985,77.37420195861047
1143.761942038301,550.3297100738481,36.69214141879256,81.94817905721862
1141.4381615292368,545.1559346979438,36.15468877072911,85.80106382033742
1144.5379366747557,545.0089131391148,35.009450116429484,86.84589378499996
1145.2210735016895,545.0442089507267,35.26283173017876,86.26403913295175
1146.638938129617,543.6365846798187,35.15225587918875,83.12971590115183
1143.1940811232223,546.9318632462295,34.574969590939894,80.31046042375846
1145.9855794047241,549.7377095053032,34.6943597505888,78.50235203809588
1145.4963028898394,546.7972404955838,33.45939788291554,78.69672620808396
1145.6822296409773,548.4167687556002,32.21733731373037,80.08707031583711
1145.5397013755953,551.2732825157448,32.424079411287785,78.92806894296001
1144.8328291542948,547.3610835747869,31.85429688550436,79.0048194553112
1145.3275614636784,547.2321086867605,31.02582895971591,79.57362843079784
1144.7574188078634,551.5422126738008,30.745153883108532,78.68483085257814
1145.5821664167386,548.8860932353157,31.154945196463697,78.54104883994779
1144.0534471621763,549.0471227593732,30.26470727995743,80.41954551799591
1145.8030960833287,549.6788873142003,30.822619845552424,82.09953881567802
1145.1743716578253,548.073253924897,31.990333971186075,82.08011103957747
1144.8145011581362,552.1992157093346,33.91119615716874,79.61076483439899
1142.7643949178732,552.8771835033766,34.584005760373394,78.27537067721657
1142.2802789180573,551.5772003290888,35.51369789692504,76.74612727201207
1141.8893568304586,554.0071457074432,35.18155393424735,76.76292749283203
1143.8607937350782,550.1577064328043,35.08335709262756,77.09140462510337
1142.81628709547,548.7668433162077,34.47720768595896,75.89148240875201
1143.2949168436755,552.6665470431209,34.355291262046016,75.31366105444431
1145.2970170364574,551.749421921564,33.18190329841724,77.53835981390756
1146.1028366320904,551.6971893958263,33.47400761788966,77.3787819696924
1145.5137451105572,552.8266858567883,34.50633243191254,77.02216508431445
1145.2445757118194,551.4505982481335,35.584426526257054,75.38635017052422
1144.206725854249,548.9059629247159,36.73596209130208,77.52199577452774
1145.1308090136472,552.7943003615092,36.55065357321206,78.53320581332011
1143.8746267712036,552.1920333464312,37.97600907390168,77.54337675987829
1141.8326083205436,545.370267031564,40.31598340441582,78.18950845129348
1144.325756249772,547.506372140217,39.483832085198685,79.71426903999672
1144.9288230002046,550.7987825636217,40.09447153681925,79.85824004298826
1143.9407500374068,553.2937402089077,41.21869950911374,81.67425600047244
1144.7840050486993,550.4280519023187,41.60132093949689,80.9955535705441
1145.6392438949965,566.7428479602944,40.894932834680986,89.94310695315144
1150.0604819360535,556.4451475092594,42.65676667545111,90.63072162355257
1147.4006290056182,550.7624676037372,43.500439080391615,90.669597631865
1143.17899619164,546.8321192993423,45.81585540260919,89.99941006618278
1143.957121909014,550.2796475847317,47.54322567151484,87.21850476136851
1144.3939803004853,553.6059145828935,47.08032653887291,89.36961622589777
1147.1153052350116,552.988765841875,46.679139481771884,86.62574799271297
1142.8519444093163,567.6094587932913,45.746282669260495,88.14685614692164
1144.0253122653223,559.4231012589901,45.733983994962124,87.09022623766674
1143.4609545400872,554.2454345200856,48.24411089414119,84.6975199126211
1144.5822764540626,553.8382110897703,45.820769894946565,85.54891074758388
1147.2747802108902,558.3518715021489,44.926296156597296,90.4795271404957
1146.193214004049,554.246736810642,44.54180125548882,91.35883069288278
1143.4155221534345,551.147862798066,45.20630063204811,89.65316377872496
1153.6871888804608,560.9072034142545,44.4990015502176,89.12722534769252
1153.188632402529,560.6168395253115,43.737486356042425,88.27066353349014
1149.3370135490566,552.8023598679872,46.613015641944315,87.51567784724223
1146.6576012487767,551.6668303998264,47.1938215427242,88.57121513018888
1143.853709679189,553.7378772684493,46.58405019879385,90.85100233260329
1142.9191337305642,551.1778129431732,46.878535297388396,89.63476883398602
1141.842397844393,552.4797900118527,47.12018715332209,86.23483560562053
1134.1284307812496,535.9544024113351,46.326839909589,84.55304457477487
1142.125887975477,554.1630898318482,45.57565491851955,85.82377832136984
1143.5358041662225,556.7502899468825,45.092627013890265,88.0885513383626
1145.049842045856,550.9585042373865,44.261609153577055,87.25796966844226
1152.6359253782518,560.547869338137,44.77362440127921,91.17878815460735
1143.9180957736055,555.5385702102246,43.97975788401119,90.69536410330443
1144.087146460602,554.9271598664102,44.339746324812566,88.71166032811146
1147.7460419357822,557.0387358840444,45.71649103299205,85.41676276217476
1142.8601763124448,556.668094939774,43.26009846747324,84.38971352506846
1145.7633513517658,558.980884128952,40.75353367426908,81.28624524032192
1142.8305181577477,562.6141511691119,40.08769198178466,78.34511935868159
1144.5155349667461,565.8143051118693,38.809048174001205,77.46935727919592
1146.0636384237155,566.0456551121765,35.754576301254296,76.05964242369234
1148.0956260715584,570.342511965989,35.53730398210514,75.51035801655476
1150.9442281670724,573.243663053375,33.95787920017921,76.54618493438122
1151.3569832249045,573.8882522046374,33.61464601340455,76.60965802392646
1153.0258452899886,576.773604992726,33.45402470272501,77.13766947722488
1152.4851760798388,579.7295491830943,33.314930386416506,75.69785557045631
1149.2838428030357,580.1993942300755,33.87979553596544,73.27261240196235
1148.5059872581503,586.2746508672468,33.94408625431426,74.68038819865049
1153.1764529126028,585.7982776236784,33.96405050978606,74.0881391639409
1152.837794659518,586.6739664212984,33.20283709678915,74.94326847164962
1154.6456731606268,590.1729768992777,34.48531223743952,73.7206001645701
1157.0936474890607,593.5969084000483,33.066955416442816,76.02836808015402
1158.745811628653,596.5005884592562,32.12677917856783,78.47340830337207
1156.9689095080162,596.3275813427674,32.139524073081915,77.53326769588094
1155.8851277834603,598.4649674056159,31.24844534090738,76.88695076801366
1158.792910288808,599.1231659880536,29.937948362137156,75.93723115842727
1160.8175259988104,603.7033888594747,29.649887739271417,77.02495249031254
1159.1762447926587,605.8247606327194,29.16745142864375,76.32750636766612
1163.1960552864025,613.0963285141363,29.048441212712255,75.66462147063618
1161.1691724899686,613.9098528485184,28.282697265572075,77.63564816321292
1163.9680226766168,617.0495968213472,29.59308469548484,75.47925922805825
1164.1742495450417,618.945819692431,30.32407885498237,75.47365701595095
1166.0067295625188,618.6376348405402,31.657859295356573,72.23021807711295
1165.6791397410775,623.0330920210067,30.53647460812239,74.05882474133475
1165.8176345256024,625.1994781475519,30.22751221749349,74.20073253014712
1167.6865855844053,631.1747935188656,30.353523149720395,73.56217765339105
1171.8727642568524,632.9708937795042,31.05796673854467,73.12375066454466
1172.6654354956604,632.3972706433938,30.753742572264464,72.20318191802872
1169.769518700468,638.2460743456126,30.65602616574764,75.74594676786225
1174.8229622995018,639.5186754522451,29.329830296948337,78.53487316294803
1175.8798115841337,639.5743351448792,28.00185146103671,80.16001136763758
1176.0922484988942,639.8420121734785,29.656476969567628,78.02611130427647
1178.4238667447698,641.287061293973,29.77451176515397,77.84218531393677
1178.7340102205144,645.5583222629492,31.426468487082218,75.62966215984076
1179.4075311663737,646.8829868902916,32.29774194467425,76.80814094903039
1181.06799627606,650.6442028449728,31.425437293440936,79.11744375074875
1182.7340639514125,650.7748788958708,33.05399715835702,79.05873561405633
1183.5618403344567,655.8979044039844,33.672882142656206,79.45410087931924
1182.4026118114812,653.4990869248626,34.701366299986525,79.52139099744194
1181.00646809675,658.4774741199383,34.11896072058829,82.95086870986881
1186.0497657375292,663.3812289919155,34.34699590726526,84.25455503629176
