1148.5,350.5,70,262
1143.8836485354898,359.74192931399216,73.93323189746722,257.6283443389792
1144.0316215294501,368.37817609301976,76.03948396592185,259.3488422016804
1140.7320693479344,370.5512889660798,76.16370899062186,258.35707960539355
1140.2503757569773,382.34587163403864,75.94631038400436,263.51809922187635
1137.2866510477625,388.4220411826066,75.92852674921261,265.3643947066538
1133.5264853530637,389.0069115233312,76.27818934632025,258.73084366520845
1130.584060153563,400.3733370771188,77.36075860527478,257.36570899404364
1125.1865823215842,408.51101535094006,79.33466618874087,256.7448995540903
1121.6100779953276,414.1487767612117,80.66135201227812,254.89026964505973
1120.1229229404798,420.90478191160076,83.18104550150915,248.70225213911166
1113.5637546323821,427.49997520094234,87.81915841179787,250.9883228170076
1112.8167158640754,437.6440082429548,91.15444445397847,248.619019834601
1108.178313066814,443.8310918790156,94.21567443476965,247.4346866272238
1108.451042558715,450.7136531490399,95.88214311743022,250.49262337705693
1101.9346885978937,452.33488920276017,96.45648949648383,244.2535948343617
1101.222973785277,461.8897276376239,96.04502366879106,241.76299490472826
1103.2759598712057,465.8805795952083,96.86509029998439,241.6388154030607
1106.2704008532316,471.98529989863624,92.45987609292682,235.65528562035422
1109.2025097115702,480.113487249583,87.53378774112844,239.60859772312884
1110.2364397092515,483.2865607685234,81.10311026607152,245.328520021692
1109.818162959055,482.22538925352944,81.01881694324813,247.61619337603432
1110.6668637471164,479.91978489025746,78.27404767713247,245.0503357816126
1109.617229300931,481.1374862498311,76.01088741893955,238.66146089923785
1111.2037416703192,478.71933829226884,74.5857652617016,228.5676648607764
1109.3925375540446,486.20449913374455,73.467697669091,222.33316962481246
1109.3867482385745,488.4677846147017,73.15475574385755,221.54084231653547
1108.8533700746198,488.9335045528751,72.19090861526703,222.64551424994517
1107.5016067391737,489.18277710861724,69.48308544080933,223.8742901932261
1109.4012531342146,494.122278131046,68.23473363385298,225.23938971552107
1109.9743095926444,496.8383778887702,66.92984509297465,225.63206333769205
1111.1039546963402,498.6881789363673,68.29036965006819,225.54354284116226
1107.3293075058261,500.56763954512667,67.73626135360489,228.6174769601073
1107.7180437787426,500.4778154270396,68.3241315979231,230.44691145601033
1105.8652238689854,500.5788941684586,69.60494622680486,233.97542967542324
1100.6938683653657,501.26803234557804,73.0027518046665,239.5070713073622
1096.2417725402718,492.85729150674604,73.58492846483051,231.00061597589888
1094.7070104362924,497.8769334726279,78.79174726176342,229.8332953313502
1091.9088120519486,495.38199673039963,81.20366930953388,233.44699094122836
1089.0380514904234,498.1437624440333,84.6674068191943,237.2895589322652
1085.6784224657702,494.4066612793765,86.38903206295288,238.14878565359874
1085.717620497058,496.6861098399503,86.77476619578906,234.45019206234926
1084.6529691913292,498.8146222836418,87.48800693705518,236.7050929678524
1086.2630919741753,501.73529717750296,90.27281801617863,242.05906556358838
1080.5523733641357,495.3179993090246,91.60586889614413,239.8036341206198
1083.8371369170245,498.45497143987643,93.48372609762241,240.94673306908948
1085.4451797430884,496.9502347146509,89.70190742849246,239.82874329459617
1082.3637585258757,494.6434620814894,89.08522545945135,232.4765856647106
1086.8901073935062,500.0816961585867,87.87149081584863,238.27452616229732
1090.2499334415247,495.17305499561587,85.63393990176974,236.2878734524066
1085.7686280708149,495.765510564916,83.11612028204229,235.8071062749895
1090.408190376259,494.86032135587607,81.30688731147097,232.60347354367656
1089.6040431222586,492.88784765439505,77.17363457077687,227.0461870397051
1093.4563230843125,494.5635431671515,72.66701893292648,218.51869310490096
1096.0688521019258,496.1016348898549,69.06146000517083,214.8603449547726
1095.5779616262944,493.7095373513973,65.05827883637733,210.8867009395252
1098.4166650095833,497.7695052249376,63.22132987604308,206.04481941542102
1099.1058278965513,501.33994872937546,61.5185880344272,205.4157189127622
1098.0162071791533,499.16592513016894,60.449315160175416,205.8268466220806
1098.3853549856865,502.2222236679877,60.6833091534281,206.85328851997903
1097.2292058310532,502.48019281538075,62.08843547453418,208.0832382363232
1097.132505537814,498.5254043991799,62.280441383581746,204.24250535526326
1096.3907507307138,503.31856629623877,61.610393300348896,204.4806244617106
1095.6694927654903,501.0235963906699,61.40561237445572,208.5341708742249
1094.5280175628732,501.90076397430306,62.887074715266735,210.76077507563184
1090.8999496881872,498.4905856243556,63.95746831900807,214.52990040040544
1087.8023713802586,494.22077476893423,64.38461890377333,209.4541285541673
1088.8225161569085,497.0997551014572,65.5853153758832,207.8669190800214
1087.6091981168045,496.43593799212954,66.2850937981611,209.86506713892226
1084.133371003827,495.1115983044857,68.42096905953615,211.7101028144079
1082.083605553325,496.5469909523259,72.31085483935664,214.93198014521113
1077.8866385009453,490.79495043872197,76.24814169991387,216.39422945427293
1080.4676259438222,493.7299256926306,76.25138960562722,218.1397800907906
1076.6495563744616,491.7453829772735,78.35221683088488,217.65089302736624
1075.4449239188584,490.3764017563998,80.06373132238542,216.73057624526766
1069.554046618694,490.4703443688245,82.75299975662557,211.67326033774845
1070.0478896878817,493.5585465822081,83.94294249457825,212.43179075958136
1070.4349442263524,491.2476910796536,85.40357493087518,213.85905106848028
1069.291237888839,490.35463457789456,84.5259442410063,212.14868202994376
1068.903338693967,490.44782642016116,86.1940156509082,211.106750467847
1065.8256148371147,487.58533097320867,87.58371785926334,207.2941475622177
1069.5655127959858,490.073903676037,86.01747744849521,206.80703434866166
1067.7874597774853,484.2536639229874,82.8034689622531,205.6929596660383
1071.605124067624,488.7454016200243,79.96445989887204,206.80435341082227
1072.8968598927238,485.56328037652537,76.70649171201225,203.61953908645765
1073.1548338585408,484.80111634475327,73.10685635641853,201.71324469445562
1074.9936634104808,482.9697289539408,69.80741869759953,195.21104852934363
1077.6277221763999,483.30493891142675,68.46752735767905,192.81232618798995
1077.987524148333,485.476043416657,65.22752535225767,192.92947383783226
1077.7871133543185,485.24580834835035,63.01333790465108,189.51365621992187
1078.7527012388346,485.6661742189531,60.91416784798834,190.26947603927601
1077.6690745028689,486.26282928558953,60.496621495250565,192.34282345602463
1078.495544591779,486.61261361978416,61.03237085896756,194.77507700182792
1074.224479860943,487.4862810356801,62.60399275239641,197.7087704124533
1071.4816302154152,483.5602861202485,62.51702181015219,196.2936842805188
1071.1525130985142,481.88804166764623,61.756695548017255,195.99905240770934
1068.3868095108674,480.3901222253052,63.219923331014954,195.96904825929153
1066.7693523854766,480.0611356589343,65.35076838445316,193.8082593373222
1065.2475232320935,480.0234496764929,67.31599577461236,192.59426836470237
1063.6955810553497,476.2118938691384,70.5868009806723,193.88680596878004
1058.0087206905375,476.4436870569132,73.83444008201297,193.14034017782546
1058.7485094329254,473.97598256358106,75.32117700296689,191.92434000990426
1055.5934818753674,472.26469337169607,73.99518079304255,188.91389791784889
1052.6381991152211,473.8783694991643,75.86554426242111,187.72094533568557
1053.007994536642,472.3003382541661,76.66518569804447,190.35285220314344
1052.6322012369067,473.29390769459246,77.40475100033902,188.64486759086816
1051.4980385967954,473.67571247605395,79.39372651059757,188.43816799134677
1050.9781713287305,471.25049123211306,77.96773161748062,185.58597112455692
1049.4990817991365,471.1418208900777,77.54871657226204,180.31997562507038
1048.8218181407722,473.8864923447078,77.0838783394185,179.1751590124777
1048.8795039483027,473.20662288967657,77.09903447458146,180.69421351169254
1046.3793271004788,474.9537427896097,76.00969811414595,181.79966416915812
1045.9307978735974,473.1173727525509,76.30017283285201,182.89300229261138
1047.6646590123191,472.39180461939566,75.49292716541854,184.68838094397273
1047.59245791213,469.8036852200642,73.15090631697218,186.69968606579133
1050.6782163438736,471.2892581445503,67.23891397305857,186.70381712806636
1050.9302259629287,468.95401637704015,65.50935035629107,185.6243046413053
1049.6184555303082,464.23409904438677,64.81028897009251,185.1304240648899
1047.8645516733084,467.21053366364345,60.28608931785915,181.29478501947278
1045.5558054209225,468.3160438065688,59.79796262547016,178.53471846773078
1042.4268585626405,469.1826229287433,61.650049126188875,174.12819130209454
1042.3686453791538,466.9337883009101,60.470467751408236,169.39969535534172
1039.9326646651605,472.42601180073257,61.09789563038146,171.2072287211393
1038.9285611462167,469.60994885005186,62.767381788355536,170.95403823655698
1036.7045526187248,470.4635025320611,64.27584887535106,169.82399739189202
1037.330815628369,466.3580789598332,61.45895681224303,165.8015463288608
1034.5656309257154,473.0148064428722,60.11076812711368,162.97214010900228
1039.188192468705,470.4030767337871,60.26798805862897,165.7326864885933
1038.0318380930373,469.6212373041154,58.60833652918414,164.56799114241375
1036.1897985839644,467.63607381763575,57.13093941772111,163.6842941324137
1035.3465620632794,468.2671215887703,55.66334642117013,164.79318791691836
1034.761196317704,465.9325088634747,55.15723718791696,165.88943934786522
1029.8241395692992,462.7187243357291,57.51971220312628,168.83364827037252
1023.0617446064159,461.3384376344598,61.438467177264606,170.84248651436303
1022.5747742833295,464.2796837100069,65.19708070366978,170.50086759603144
1023.4190966926435,460.7151194685201,67.50372270373968,170.8345981357187
1012.6386152157671,461.01503297875934,72.06221367428529,168.64337247006733
1020.0079553271739,459.3546402860178,70.44747353178136,168.32073717741463
1020.3843239798258,460.88103520519223,71.3098335757615,168.59467597863474
1011.560595674949,462.22261891538847,73.03623900641163,166.69495198034753
1012.7382595624109,465.68039073100977,73.86859718248952,165.0149532090058
1007.4805772330096,464.93765778575863,75.5730917104371,162.49989700254864
1007.3668090882601,464.9281290928542,77.58694394267533,162.72020446971302
1012.0294179092186,469.97193945085456,76.95356758294432,162.85969390370963
1010.2877226708212,468.1179950552644,74.84530878089133,163.1842956014316
1012.6176795555443,471.34370536908943,74.00552082200828,164.60045833004
1013.0364744470895,469.6101210979067,69.75597646820984,164.0253625960965
1016.2488777506911,471.5345920232655,65.63066243676275,164.19253979443772
1021.0400973411877,471.6203126689815,64.87432474411173,163.76384042895813
1020.4523208107764,470.2150238922488,61.9962996371119,165.23441940548778
1019.6576497449444,474.85712938363804,57.07015379171971,165.07878806639627
1021.5143793834898,468.46460357676597,55.62442685587493,166.17110238138682
1019.0824690817509,474.7897643220021,54.62638222006051,162.95584888575002
1019.5818445108237,474.923451925442,53.38011516861525,162.07561893820866
1018.7880580273311,472.519832632834,53.00423031406266,159.36117603469145
1018.5148656726878,470.48510254270377,53.22058550216427,157.92172892925527
1019.1340027900205,477.505628430828,52.65385903632662,153.72964506587758
1017.9768435787163,477.2871123673873,52.013036814595445,153.15861797075308
1017.5161971207065,474.70003543095993,51.801652165580364,154.01419599049592
1016.4347800204433,473.27608705336036,50.99620209523405,153.26846723744328
1016.3317115808765,472.0752387627269,49.68985109453553,152.78149312717926
1017.0605006240976,473.0094582862057,50.07679742867998,150.67566352719402
1016.6582422736959,471.0523958235125,50.025633284069215,151.1586354942046
1016.2210175095558,468.37345446838987,49.38946184586534,151.13223719218865
1015.6475989879452,468.0647777419725,50.13513384299223,150.75613802679018
1014.0064011036003,467.4014991326043,51.6547283955031,149.81828995904044
1012.8746567970502,466.09396779327926,53.778122232209995,146.24579323997904
1008.3540863971224,466.97623786041083,56.60816879849365,147.66802813238525
1004.6732738673326,468.60231653257506,60.58861090090765,146.1585969670762
1002.6648730064135,469.5505966986139,63.653357868734815,147.9430318926696
1002.420194979482,469.2005795777432,65.32977029326901,148.80851664916133
1003.3413783610587,471.5284952278541,68.35207285118683,147.3258158319535
1001.5683771725655,470.81300385585826,70.23394226369415,146.64784851410417
1000.7642694642967,473.0119140576869,70.29446223484982,144.23729080100878
1003.8566563692252,478.09489212438706,68.43335740772962,141.76286969381624
1003.7435694130663,484.36484263533873,69.97740183774744,140.55679313862493
1003.151699768031,481.7452590989502,66.99813455323684,140.81955284731993
1005.3166572772247,484.605805708139,64.59905655550946,139.60284196997458
1007.7511680536738,486.37770231709226,61.92392039739439,140.72619857389714
1009.994834496716,488.35350807761756,59.979794185221444,140.73048795887757
1011.6455795267699,491.15437308811664,58.7076290734259,141.19571808888043
1014.3829890561743,494.68023326045227,55.244800846196206,140.75900944819637
1015.0519793137513,497.3980749373024,52.246416475307655,143.4062019354607
1017.5778405969879,501.08143376804117,50.672854390262216,139.27316631798433
1018.008726161766,504.9331898693328,48.86599779896399,137.1312860722884
1019.4584804126963,510.9958375814847,48.42967611202376,134.07015276428712
1018.6791946664094,510.1179108985763,46.94845355290025,133.0919579537239
1018.9717372157246,511.82900473948814,46.987706167673124,132.05221704711
1019.4253873972517,513.841014534483,48.412054778432505,131.93729371716634
1017.753679405961,516.6365316506642,48.388106606282065,132.57546645296222
1017.9847067549886,518.2278381275723,48.507271327166954,131.22419371480578
1018.5479371829218,519.1741970525717,48.52459416116628,131.6690691198218
1017.0925733721003,520.3841806297303,49.95495365786918,130.35426893314582
1018.3189217355226,518.4573151555185,49.213957078827406,131.4638342371686
1018.719359672775,518.2491133303517,48.86720492510307,130.44780397595673
1018.8635076536773,520.075077911901,49.8501646726264,130.85077774534778
1015.780448830809,517.839265743678,48.89340008352407,132.8138118405683
1017.4944890683862,515.61757768725,48.2174109178645,132.8566330156556
1020.099945213958,517.3113782384884,47.306105241723614,131.44640261491148
1019.4567579218843,515.5945399130353,46.246659331093035,129.63455846637964
1020.7475713455145,520.7241931593062,44.811800719903054,127.5357680435784
1021.1170105497742,519.8107441375469,43.97835227832147,126.9067650483509
1021.3568940873872,518.7793870850531,43.719554623844076,125.98137265702005
1021.1659700166555,517.7286220995793,44.14786403671201,127.0601266015642
1020.9886735536834,516.1482445732768,43.801641534801554,127.55774610574636
1022.7294697100192,516.0934794810262,43.30903263251499,126.25477002091944
1021.9002098020655,515.9247040435434,43.43989851465953,125.26830081755668
1021.9898263615065,514.6747212776469,43.6405753604075,123.6791348906954
1022.1462686498243,515.0719806948645,43.187142065557694,121.71951322421373
1022.0253151456624,513.0535508333553,42.929093063418605,121.9852393453746
1021.349771878122,511.1809187172778,42.119603093240556,124.62403259941496
1022.1003876833823,509.22545919639884,42.533820031238676,124.35827932495013
1022.5521246526171,508.46251032305116,43.39999986245442,124.41036469268542
1022.1852522864561,508.6066133260586,42.395167249717055,123.81737548888451
1022.2669803394263,510.5087019153624,41.72486274563687,122.34459154754342
1021.599059200237,509.79724246501354,41.12220473829256,122.74163316839338
1021.6518499774477,509.37388176152064,41.227574836065365,122.5164617213528
1021.5448453048297,510.2993332590862,40.825687162579335,122.754146384927
1022.7852113834326,508.37654770306006,40.685852681999776,124.14046970669344
1018.5274697679889,508.0431396458636,39.98288324439652,122.84441305193504
1020.773003870623,509.1185878551736,40.23475488153714,123.43916293182883
1018.6950482734638,508.87846883818077,40.5652699139839,123.2706880811156
1018.2884836926834,510.5549695508414,41.653174134829214,120.95992144585716
1017.5677956948276,509.32440857707087,42.41249890954065,122.65920281401704
1016.2817306269219,513.4221727733718,41.2087397426307,122.84385110004926
1016.0439848998642,515.0966284210232,41.58929532844296,120.64729988146321
1017.0995280631872,515.1407184950313,42.35664421974229,121.45440164175906
1015.6854196110971,516.0132538155533,41.925576829500095,122.58262228744776
1015.4270536800684,518.4481814479653,41.80446590087692,121.7371801232463
1011.4156291041038,517.4153900157999,44.21900793360333,120.65973484897266
1013.48391947697,520.7294728413925,43.80414931914309,120.49892478328546
1012.3244294667545,519.6433350839482,43.4347348084394,119.50140705620622
1012.2551258494973,519.6432346718611,43.00175172272978,119.17133951506759
1011.9008915094519,523.1052254597773,41.991233544877474,117.28631968582329
1012.4324143873298,522.2943798887466,41.36556806170388,117.74890603791582
1013.2627326243013,522.845790717113,41.368832207342756,114.76607108039735
1012.7996257272962,525.7293865436263,43.57151492258616,112.49444236671317
1012.4533918253444,525.2665161710752,42.67086264299447,114.00001365236596
1012.2045444313293,522.3168329458878,41.345011865754486,114.54907984314522
1014.4285320966709,523.7543496721604,42.157282097973834,113.12935061377449
1012.8876422971915,522.131154241427,40.860996489048595,113.10316797488039
1012.9425311281764,519.6485301384091,40.89811084698523,115.29460932593311
1012.4082886883688,520.1529975147101,41.83737374008228,113.01770931892153
1009.1363044287815,517.6707603711008,41.924758292057376,112.3893972553213
1010.2871901818536,516.953423877563,42.23490451970551,113.12630220871264
1010.4452704392768,520.1064008916551,41.41923780386459,111.0130906935823
1009.6360400618596,523.0199920990085,41.63120499530073,109.01526318524154
1011.1613591087624,522.9120286230647,41.22543198759256,108.30997455401467
1008.9118579592574,522.9859162508886,40.822184630865515,108.65839599275496
1009.9497995822176,528.8888566053898,41.77715561455214,105.94344253305945
1010.8917784580389,525.5492666868081,42.041485104569496,107.90459930036809
1007.8074498579285,526.4766932539476,40.999994605173384,107.33622430583884
1007.9447066799087,519.7282500203703,40.87477641135907,111.27594372775212
1008.5780730239857,520.5343515795494,41.30077907448579,111.25615058422432
1006.7148607905141,521.1145671923468,39.9393130680934,112.57673836597272
1006.0922084723863,519.3800467365405,40.48418952935715,112.53353395546605
1007.7914128007787,519.5325737771045,41.481731457018185,110.19968440729681
1005.9216095034502,520.6192948312328,39.1387453400186,107.9634099777939
1006.6897922934534,521.601318206027,40.8356924517148,105.62488516614559
1005.2336481810624,521.764025898139,43.46329730038023,105.02762505524646
1005.0680794065105,519.2781071654074,45.35858041429525,105.74756095051148
1002.9465885235329,523.555140182757,44.656421277830226,105.90615330591174
1006.2503303355702,518.6033804604767,42.089114085616174,108.23588326672427
1006.0711562384595,524.1225607032799,41.93522762046678,107.24033666192923
1007.0731194799073,524.0836416870491,41.791608205545415,108.27319579132177
1008.4132464177676,518.9153901300024,40.10522978805248,112.05470804594702
1007.8792283835387,515.7969593575438,38.95593571269587,113.55154751820956
1008.502475807264,520.4964598558312,38.41197167976964,112.33862843365037
1008.118904593812,522.9669130446322,39.30216868788605,109.60973696718652
1008.0143990194928,516.919970231773,39.08877077762033,111.34102018872534
1009.6841166364205,524.9176087815323,40.31914426062049,107.92920981650789
1009.2086362780157,519.1755179495053,40.45075997382887,109.12046634030673
1010.7452322901198,521.5664950571279,41.33028094354021,107.55392095695717
1010.5733813637582,524.2597441554825,41.079163096934394,105.3377249276111
1010.7888295827895,523.8584831121634,42.538286061341324,104.3417360122087
1010.7243126733258,523.8446729191278,43.10594366402658,104.90645229113727
1012.0123849322609,527.2030776353929,42.988105205605144,103.63891846469656
1012.8265850767365,526.9943681879885,44.04719350287925,101.74915983922713
1010.4331601279987,521.361330058256,43.68792734512671,104.55069979085596
1010.3080310490385,525.0598268736735,43.74933113748176,104.97997365655338
1008.147085649726,521.4175101614987,44.007209549406554,105.40058313944952
1007.492765282519,526.4601372490679,43.89770881310514,104.0571788312576
1007.5343194622142,525.2299980806321,41.61887872596208,106.94007350917164
1009.8901524791331,523.4685226246178,40.99169622596481,107.15263541422281
1004.2496533705,522.5036625223088,43.739374243637386,106.28335469577567
1006.3008694658812,527.8363044522,44.769973184677056,103.3474556773076
1008.9188898928248,530.011012441875,46.43071708701246,100.06792658390457
1005.725324689885,523.0160497987272,45.871157125896566,101.53176037179804
1005.8912313736686,523.2116812949919,44.529698427131,101.87680706579852
1006.1739460563189,525.6764928369257,44.248051756852625,102.48781518395208
1003.9000846685749,523.8770618774837,42.44412898726291,102.96519847698332
1005.3905717361697,523.9473727177802,41.535802547070986,105.69434114533149
1005.8338610520057,519.5870139230261,42.99288576316482,107.6653210728312
1004.5284325825829,517.6831560192628,43.525971099437584,110.05781700444331
1007.8317364280423,523.0763961492543,44.00730964245725,109.63294234092629
1004.2774263302188,520.8202100747869,44.62802959814502,109.4531408132538
1003.613378901115,520.5480283264523,44.55223945351524,110.43402169234778
1004.4952355459498,521.6117376713794,45.9500099460047,111.86188084537278
1003.556992676229,519.1111760297719,49.53641997542382,110.25198511813092
1002.2185243071723,519.7810623443094,52.57711313841516,110.56431896029875
1003.5657816516914,519.0031683926196,55.87100342918659,107.64856599414777
1000.1953440325628,518.9567099284529,55.90003057316198,108.04190648770775
1003.4868340017028,517.7664901382852,57.506383354157535,106.8531701580684
998.8626778765545,518.7120717291616,55.612640879841436,107.91575991114485
998.2930994349592,522.3611816318969,54.07724934268168,104.69404659977845
999.900599455111,519.4991782178457,54.89005933411738,104.54561926729986
997.7224494425093,524.0049419148195,53.03322757744666,102.61137608341804
996.9351640457892,520.4485766355523,50.522651182511574,102.28720706751122
998.1774295362871,522.6373097778859,51.15304659983168,100.80486399828769
996.9501391856621,519.7676631043938,49.89722104965375,101.12012893046303
996.7204370702674,517.6253853449568,48.50533550875184,103.25995334416501
997.4875831515606,518.1713492687074,47.76444501755293,103.64940603344533
994.2975195787286,513.9038867504005,47.65270111736548,106.86665145998404
996.6494390669211,518.640449738664,48.675205241844026,105.85501910579728
993.9713575298522,517.3710079718992,48.106409264681574,106.73951382096132
994.7930202672674,515.6947706724739,49.61311616725217,105.831265239813
989.75490658794,513.9104581600901,48.1518544643165,107.23118477283676
992.13095859845,514.8068207040774,47.37391653247678,107.77137839054741
992.1096198301217,512.7665771772433,48.256202470918836,107.9547985675307
989.9032064638336,516.5037890959967,47.86354675553477,105.70062591472472
991.2707173692165,514.176103483423,47.31749298667425,107.1062182851023
992.1560865557175,517.6916647462365,47.81150455397656,105.4951680200752
985.9583272877653,513.1646254349332,45.834002801780564,106.27319059868336
988.2721254135577,512.8057869662919,46.45296648200167,107.0811169023099
987.3541925920429,513.8533287822147,46.46012763435152,107.92185403218411
987.5778653842264,515.608721051603,47.370017149428065,107.99539568157033
989.3244410885864,520.116084664871,48.287410550394384,104.23784387555523
983.0489128297013,519.7947767849028,49.348162482808696,103.78065664368219
987.470372885497,517.9966360204564,47.10400501327916,106.14220058932409
984.9977648778504,516.1129517823798,45.72904809524259,108.55038116270501
986.5502361467909,514.9378998680786,45.15212400739257,108.0822147051712
984.3166654645221,513.0244095834253,46.13037787301599,108.89093450418804
985.1794681171309,514.5079755819349,45.7735608364314,109.56542604301205
987.6323288693698,516.811237845835,44.614699781588826,104.67484717906166
987.4807438424442,514.4745345590865,45.51370605502852,103.88629801617364
984.3651694103542,514.7397854907878,43.80708964569348,104.66385320414611
982.6012881910347,514.023041657266,43.9254470741666,104.93357336277924
983.725176324401,512.9703370188582,42.084620463856524,103.23833214977527
986.5829817006905,512.0354650770256,42.12896856580144,105.21947513765957
983.4635391510018,511.1004301872432,42.56178418250377,103.55924328028186
983.9952500967465,516.5415405004941,41.826230413781744,102.67930969136904
986.1903871516006,512.8102909301012,41.327152843696624,106.02797136394375
982.7523027871166,513.9102990722656,42.459629932047086,106.27218052005952
984.2657631217127,512.7766586303018,41.81773777969018,105.94378956669706
986.956072338688,519.9557170585857,44.09057810257161,102.49630991500811
983.1286085194079,515.5057646760716,43.613286526786666,103.89165639752883
984.176144751617,516.0484430255175,42.50945005661447,104.96982086243433
981.1238720523271,512.9593572119177,42.54779857231211,107.43648254996663
981.0748921045491,507.93757678988214,40.92116882115461,107.31423016612061
981.3087140641125,510.6954617840838,39.68074115333221,104.66230736622154
983.3917464401196,515.6729303882977,39.65741392299283,101.2691268883666
980.0412574108185,517.8495003724731,40.69779321218688,96.9429104053628
982.5783853739907,510.634927123267,39.567993159992085,100.82368080625963
984.5983551180744,521.8511321821882,42.20488863411836,96.18360518562862
979.9915395349007,512.7856311235096,40.21219503421848,100.1261386044329
983.4820563085726,521.9229475650859,39.65095059378446,95.50027381404277
981.8505784823271,519.6695480136341,40.30861304112511,94.06446634104347
983.0301805022378,523.1592172096086,39.03583313823318,95.9577719976391
981.7659748201778,517.6896386092549,38.33678996222259,97.09392172144764
982.959946572867,528.3292834424126,39.8974543497452,94.29919757352462
982.7893356738051,519.9665829565506,39.41217387443244,96.67102616772597
981.5996237598508,521.2829100353069,38.39645986081241,97.27980987763718
983.6229449629134,519.1632861771943,38.17805402768019,95.80926031296917
985.3392773764367,527.2993635326987,42.03529748543487,89.0367956713306
982.6510983204239,521.9002775014974,40.61083785337249,90.24682020036303
983.432563143515,533.2374135043449,40.32768546786166,84.56400725749805
981.6917566645485,525.7154041723088,41.54346430324988,85.24283640274167
983.9313083644482,529.0905778012221,38.771341476871,89.72510232913295
986.193516890808,531.321338823521,39.96246272746578,88.73837746975062
983.8040525682469,522.7532377416684,38.73706166270199,92.53333660362613
983.4129346295813,511.9452868335776,40.88287056285242,94.67418495368062
987.1276450747905,522.353194712196,43.863860996122824,90.79873166770585
983.8724289330614,513.567588123677,42.350449388276054,94.26809070053149
981.4771132714802,515.5349946434218,44.70833576298698,94.0214245748983
985.8758980659383,527.3559664246079,46.90852706035436,91.68388214859233
978.8727665676232,513.4663698388594,45.391175617208006,96.08638530847391
979.9924497173489,520.9471939040176,46.294306756001774,92.9041587769639
977.8633173563668,513.0942631907446,44.474568181900494,95.55053451703577
979.0775386757307,508.2068627494869,42.87563713323023,98.53873931120745
978.8761770697345,504.9219117480097,41.653432704721375,102.40299327069229
981.121321901432,502.36559710033714,43.48427729725512,103.94504986547801
978.0079872665627,501.7066910142817,46.21557493986172,104.90294264299237
978.5770855623799,502.38221784411394,46.06117993573382,105.21848629792291
979.5142049687323,516.717708640145,46.521130673552435,96.88865108842137
978.4986236309245,506.3341798734314,44.12921381105815,98.51496790801312
978.7050917064391,507.91511431685126,40.751444288042165,99.67016467115918
977.1168385305967,507.1944187048759,40.16817550984552,100.85634763641849
975.0378352830775,504.8881467103399,39.06833826783766,103.13525747073687
972.688376823055,504.51582930015326,39.82350608162983,103.33931098164348
974.5913212621409,505.2626863957857,40.20264998359373,105.05287099777172
973.9059252015738,508.2679371162139,39.9806386786765,102.55768575704599
973.4516239636247,508.12391977194056,39.40681782601037,101.33813696154951
973.8813278166082,508.8426832997013,38.48465778111909,100.68459659095763
975.9353906363774,507.79591642914784,37.605559272233656,102.33319364934758
976.5247338507154,503.67426999947816,37.20265946057815,103.65223287518435
976.7643680713443,502.5644059174471,39.09603896431765,103.83370317883818
974.6092836811824,511.8999956645197,39.0331080048978,97.69865805138937
974.5598871595741,520.9910966871445,38.000857481154185,90.75921551114156
975.126439721567,522.6012523483124,36.94428630467896,86.51941181804126
976.7195539861666,529.3487764128471,36.457949107644026,81.07740490301111
976.3761569006809,531.0347023678559,35.89249288266109,77.89554377197172
976.7870741351489,525.1948988736958,35.369782290460094,79.44687769895728
972.5966368356608,514.7986382271639,34.600484982852315,85.00537783171741
975.4159893177114,510.41484888288016,33.261140423624184,89.49246839719098
976.8970252181223,508.4903189344178,31.93187683563814,92.36524496607086
978.7651818542272,511.6629126720874,30.6671598130594,94.32909026718721
979.4743323476091,521.5715537146864,32.05499309502166,89.4119525773803
978.964552652266,529.1766340435943,31.46238592152371,85.45018458765679
978.9929471985819,532.8896564485059,33.25041209196289,79.16717371249214
978.7696373390769,527.3635297333319,33.1631194216443,76.83593267911269
980.4424348167053,529.6936405664553,32.74953053351228,75.2100953926103
979.9319553867306,532.3960539538776,32.05982579769243,72.99841215796349
980.9566995310092,530.6013503433151,32.07275500186202,72.94489721132328
979.9842479929114,534.599465832828,31.996895058459543,71.5203435957244
980.8265833653935,525.2960508750969,31.94839362153776,74.1418394464962
979.5055097375681,521.5079469745839,30.984960473766414,79.0525600791911
980.0728515346856,525.6034924217435,30.468989905364253,77.97825506998423
979.3786507090502,525.1426030806851,32.393064405679475,77.78436634972283
977.605872550729,530.3518334012624,31.905505687460288,74.31371701594347
978.1712350682382,534.4097211302255,32.50178561124767,70.35901453072516
980.0751357365253,533.5219125026788,31.91740625024177,72.09950741261915
975.9232710122302,537.1773120083027,33.18981939967583,67.2661325554947
977.6622515541992,521.8937878661698,32.00836939071808,72.93548054844439
980.061210655265,526.4758864743023,31.758605554416427,72.60764602996025
980.2321890059825,527.528895197756,33.32149488885473,70.6679137593481
980.8738704402799,519.7096424234027,32.181591364406785,72.89652350563651
976.9852552779427,510.6787291410918,30.74666473872871,78.52243408066082
978.4566963558939,512.8238130382675,30.550962204765526,78.62215339848245
979.2491856674035,507.70625257798525,30.76379691815081,84.05569813428278
980.7979795857668,503.78423379962396,31.064526930260953,88.11404659606822
978.5152745521109,503.4601700431522,31.980214027579507,88.9906330593962
978.1212715522827,503.4486966287371,32.471101520675404,88.901302788236
980.3244215972354,499.17354547543914,32.48204184215,90.42537564316717
981.4505908221406,497.98624107030656,33.21875249229113,95.34230268970069
977.0389954370108,498.1400576059805,34.29731736899892,97.683910948643
978.4225780113834,499.86410785631625,36.493440898368576,99.69341782366348
976.2362898726012,494.36663217123436,37.89401283454414,101.36900696799111
977.2685919502696,498.779503647545,39.01695104245434,98.41625785581289
978.2491746201991,492.67467305808697,39.20761821222078,102.44861491788096
977.3266314832206,493.9595333150003,39.97868800174676,101.2961095710052
975.9079661690531,488.9835205620492,40.2484905359573,101.96061893781959
976.0739672499657,488.9191212750757,40.292633028921486,104.1717930161598
976.9699411724796,495.34735825799623,40.69596332723636,105.48298534924926
975.6315470706386,492.11543160202837,41.9469887922522,105.69617427903376
976.8579171514733,482.9268797277947,44.83398814925276,109.11237793319063
971.9469585596349,480.86556961303836,44.81224590319935,112.12628750509225
972.8614714017507,485.4291902356195,43.6403867873631,112.29631212225868
969.5177815352456,488.3503820207124,42.51643586743033,110.37437447963939
968.829959347804,478.1870220947476,41.65520656984807,110.30301958187653
972.9693509229345,496.79829780342016,41.488610740716226,105.46530482910131
968.7100532859165,489.1028384165276,41.990065093492625,105.34837037548854
972.95484433127,490.33005797063515,41.224303854671774,105.7466229848117
976.3126549085513,482.97011034011985,40.18982913646499,108.15350596265151
975.14767299181,485.869574761272,40.9550312941907,108.26333903494083
968.4897460803501,484.6031603099544,42.79997040211404,106.11995327553231
972.0539655928212,485.6725231472593,41.8025455668312,108.96672396879177
969.5719206559678,483.42770601995176,43.14671516240934,106.36523313187348
967.9848473884365,480.40190994418595,43.640964995469744,110.70434942514522
972.2872749314121,487.20355733218986,42.79459785540556,106.51728517001436
973.0465193539997,484.170647379696,42.489125694489815,105.42268986158794
966.8170105848793,491.2799820584544,41.909697786863234,100.81395720454884
970.0516813595111,495.3587368569941,41.71853819441989,96.7799560485577
966.4831720038192,486.30621894147,41.00435613607443,99.43898642453927
971.348212981486,484.1609347114089,38.051156419582085,100.77574123715752
967.2255682917388,488.77164741168326,37.674698352085215,96.22668868799977
966.0689332562625,488.543084945504,37.465782872298405,98.80410154019233
966.4663746616379,491.96452803210207,38.13255587030335,97.71187633695541
966.8163919769544,490.0939351734007,37.71294556124324,100.9208729042702
966.7829834872389,492.0000189331363,37.32529010777934,99.27577230628098
966.4738328341261,493.22320688755167,35.95281718026098,98.58906512694676
967.0372453616001,493.68399198606625,37.05355128920047,98.42969458045047
964.9563695992731,491.0259072355776,38.30694314211102,98.93991002976895
965.1834537625328,500.1863761081189,37.90052808905822,96.58734206333139
965.1375105050525,497.236486008023,36.99027601228674,99.66201018425642
966.1611147552386,501.41795513553666,36.325175564629546,96.94356209504942
965.7758674801325,495.08124418071276,35.48787697761695,98.46057624045162
967.4623235982341,501.66482601028395,34.24344006572758,95.43851397355547
968.2131633956636,505.24301978316157,33.08371888365362,98.16111302161202
967.4823939401545,513.9203310906537,34.44569901043206,95.01779506799971
968.3309691691898,495.3696359829364,35.17462329931486,98.23412145192859
967.756898094907,492.5877259831652,35.68335198268773,104.47283992362082
967.3271554459,491.55808960897036,36.86330649945529,103.50439489630952
964.6657013562219,493.8151095491007,36.04059752453753,103.76697616592926
968.2772109427697,492.5312479272327,36.00317401907337,104.32843080952007
967.9990148992972,489.7021357189106,34.75059654301303,102.61973789100728
967.5631600090088,490.3087757735014,34.05079900109648,102.74534834281272
967.8925409828639,495.65516756180034,34.37337803186989,101.60647459404734
970.8128310119283,498.2403044289692,33.83673369850931,101.18814505559104
970.5091819417252,520.6746674649344,36.69484201992876,93.17586840828554
967.1423369422816,500.3913199982,35.77832800153891,95.2648684707309
967.6842566964925,505.20716549991164,34.78633708047762,95.94054017661281
967.5146942410097,513.677218536055,34.64329943226123,93.02774690659479
970.0830819433515,523.604551318874,34.49010055347975,91.23928204986349
969.8634044073542,517.686445521273,33.42228718414742,92.81774253581746
970.2585357142107,510.56552930075503,35.376304677270255,98.3660567727471
966.7377781859237,513.5561557593711,35.766285065338295,99.86336612489919
968.005552404671,518.3299985647928,35.371543226896144,101.1686921355361
968.086206029737,517.7453760917512,35.93430404752484,103.12167577774798
968.682137557335,524.6048649629075,38.65243878125213,101.90294749410185
964.7884827225489,511.0694770309998,39.74918879610101,105.75674127744654
966.0016396485291,512.0044837850108,40.30770644924869,105.06960330376076
962.1978662253651,512.7670647403721,39.90930385061348,109.37372799561973
966.9426649962571,514.4581766433531,41.74573226502369,107.02517006365147
965.7448202166696,517.3897798034039,41.85690774131326,104.00236191694131
963.2500369838741,515.3840409247827,42.87503700518563,107.05679083509474
961.968712676232,520.0673199039421,45.512968012226565,106.03267269704466
966.8975949640649,524.8565174677885,49.84337516697394,102.6548857568558
963.5536562475875,520.745716757093,47.40453194633761,101.56098937585527
964.7640857843228,522.5899675859775,46.49171846540405,101.55422688287898
964.7844794746153,516.2513865114461,46.89572433693951,105.88432371094228
966.975252236864,518.3147498381463,48.29196042712971,106.80894479540427
963.7672860387797,527.3681385430034,48.572297387130135,104.30181315977657
962.3173920838175,526.2930961481652,48.341339008382434,103.42927127909815
962.9421059558728,522.3710762970032,47.45161380643056,101.78219651659397
964.8235888056246,541.0449885075963,47.50936467644285,99.24924849678898
960.1703907194693,534.3847750792975,47.519661296475974,97.64649913350266
962.4087466134845,535.3406697727424,44.608173040113286,96.88121751560513
965.2311798931407,530.8825084444472,43.54636947705371,97.83096322282594
965.352668012256,528.0260943394767,45.02214680664457,96.7363123787681
963.4882505685831,528.4053656134618,44.494995481994714,99.19981274376035
963.0565453439207,527.5655627583925,43.52170303534838,101.24590183883265
963.4504672490532,526.623551848786,43.330304879416246,102.95434130667984
965.4844963417723,528.0732331807202,43.67129271795346,102.34706458773523
965.3100042281794,534.0270948267871,43.870285700222745,104.24008257237321
967.0381674769023,531.7581985374813,42.44206502407072,105.79047929627208
966.4478667121739,535.7604726532913,42.695992117034386,104.46585808777583
962.2546773837619,536.3219479949871,41.83565858806545,105.63739743407606
965.752945346163,543.0287775009028,44.501598461003624,102.90309227529073
959.5155273329408,538.2138387510582,44.64158151180178,103.10357247268946
961.2268531378679,545.5194522951142,44.10768948772081,106.2753335950319
961.7560708325761,539.5238288286547,45.04425907187927,105.91130673137084
965.146005915277,543.4375925943224,45.679752577715725,103.28625462381437
959.0521619375077,546.2985067120685,44.15001522364554,105.32485674533197
961.542894807691,545.5239188188453,45.094522236017895,107.50913334667247
956.763319834101,548.1670808555255,44.7664725641409,108.88041684806527
961.2838656630141,551.9532336091833,46.09636432678093,111.33625098190137
961.6631588085862,545.3713873040015,47.96039204859243,109.70987390510652
954.6916654527269,543.018275787643,47.76757174430473,108.85695901845463
957.4397271786256,551.0090581209118,48.64855620366042,108.18409117381543
957.5456888091388,555.4934806884615,47.08126172613152,110.66164928882522
961.3040285625647,561.6102918333027,47.59624588731701,106.95348526566836
955.8119417086581,557.9436565380034,46.06422301744416,108.31760638281443
954.7201740572042,556.0282809683847,44.57410369720924,108.36530360934162
957.1095204000779,555.9282233685991,43.147583856621395,108.89808124698268
955.0109564465122,551.8472553428059,40.780097827059905,113.29050593990539
954.9637327627022,556.1413650149547,42.05458880333134,109.25476270406193
957.9275800233661,562.9340740821772,44.688940422258064,102.04950095189622
959.9581854121988,557.2054290687386,43.45399212142479,106.33429375016804
955.4385526943688,557.0507094422888,42.156872910279205,106.32075239419484
954.7753823252987,551.2572233425936,42.565050237361234,104.64282797625978
956.9923917723464,551.3973403248888,41.3260541155595,109.35596587276271
954.8695616287354,572.4567833933197,45.64379169230432,103.96196008227801
958.9957340907606,566.4544944160438,48.652977638752276,103.61939405483378
956.4974075142763,565.823909495427,46.20965596029648,105.65669124195696
957.446098153672,570.9630327811241,46.71818567440196,103.54848945862673
958.3182565130678,564.4925798644758,47.39701380077743,103.19477005521806
954.6382747631866,564.1032544230978,46.42410281624679,102.50000754734941
961.27118315372,569.2757111924919,49.53596754374597,99.76489391417655
959.0888558512263,569.8582236878191,49.95690016408666,100.13881941370164
960.6869197147969,559.0361042393723,51.765692953329726,104.74756494520616
955.6467957330617,557.9369073045666,51.081585120926164,104.93775961897417
958.623732875714,557.9994143475949,53.11568033964935,103.3757684484008
953.501551532075,558.5068303303052,51.38112313793914,107.77862554473043
956.8427607528133,559.2712428650867,55.40745947242021,104.90327694628445
953.9743553020236,557.2349738610349,52.89558263809172,107.32609453430754
958.5054808779829,564.9132933988013,52.53016828113185,110.49676725530864
953.781806750582,564.7424149859158,52.427582429031645,110.00103544168486
952.5384316090438,561.2891336062464,53.66442182260914,110.29792842217978
957.0875193523815,570.1824887409693,54.527124920708346,107.14721468575806
954.0052878181287,571.1207420463326,51.48088358183041,114.4963259511121
948.3779679841241,566.5569649247602,52.6402686946842,111.32930011389742
952.2949369405932,566.3825455680208,52.56433680294499,112.43609366817788
955.2270089535668,573.7918609697217,53.03940364618923,110.42208844080261
949.9899852518794,567.5195783436196,50.43211126024486,109.98341314886474
954.0186238595783,566.510644518895,49.54901411880233,111.84366847787592
949.8802754423325,566.522183581111,49.778765099849025,111.63879253929143
954.1555901279917,564.8078706765759,50.17676067962991,110.61929870075551
954.6083570020904,562.691938079996,50.478553340236736,109.96449200860563
950.1352107746902,569.9011279957315,48.44538245112818,109.6592311198074
954.8159763947228,565.4775917322238,48.7312350360992,108.30157127069086
950.2128935281022,571.7005069320733,47.47674966489912,105.72058755916885
953.7213380701131,571.0879337442422,47.261174170298986,107.32502934358925
956.1944396374921,569.420274491973,51.48538406250965,106.23839352988438
951.6754681958785,576.8522846692778,51.086207582461995,105.35493806296022
954.3815704503218,563.8130308576433,51.6633638273229,105.32340101713714
954.8228121141079,569.5299430614023,51.14803324882003,103.0157836599177
957.5871914933143,572.8489374386875,50.66850347036211,101.97562796713875
955.7047176817483,581.249278862678,49.14607824229984,102.4748295780254
954.0183746474124,574.9800500336239,47.367867975134,104.71095657367826
958.9912269225964,570.0921524222408,48.26566150178188,104.82123819019073
956.4181764071569,573.4750638717528,48.633263760367086,105.72359728089407
953.3209296597025,568.4818261413453,48.11119751402546,105.87747424470139
956.4681439196886,568.9677739027064,48.97867082161066,104.30459572567419
951.3429627999708,570.7014079886297,49.904359581246744,103.22446338316271
955.7021330004301,569.69535495805,49.77162073372045,105.1435334515735
959.2742499694393,569.818166674029,50.792846879541344,105.08908486534001
953.2020660151087,568.2330082972255,53.102461186157925,104.8840881674907
955.3256323621714,568.618570255791,53.069297667945975,105.29223091333097
956.325232815186,569.0066931447634,53.564222440570575,107.43598818484114
953.237455947536,568.402910794161,52.88396040022022,108.94445830930941
956.9972167501687,568.9985342235759,52.08982671382516,106.81165618436438
954.7278544263285,566.5997148206263,52.46384170966955,110.11624883333849
956.1500629723981,569.7357844484696,55.09290226283351,110.32349687111608
952.7591666028864,567.7290427644697,53.77704566590981,109.38784018479242
950.2203600363011,567.0345345119806,51.822012130832064,108.68460389081612
955.4068385157689,569.6512894948323,54.48273323134733,107.77545978933591
953.0634712636504,567.0149006551304,52.75583384200638,111.32096114085336
956.9337497348704,566.3060912595072,55.34346252622954,116.19157595379833
952.5770657064224,565.9139789523646,53.34697874951809,116.89929881941656
953.0159669459508,563.5024546978144,53.539815407210156,116.77902262508255
956.6290169481712,563.6736533167654,55.07408703086982,117.55755047940605
953.8022503886627,560.3397117409951,52.037345637001344,120.3385286143682
956.6583036943506,559.4137655430703,53.802657657968254,120.85369565466294
955.9433848984072,560.3120409000172,53.598560173837285,124.33054232086916
952.0986459741724,560.2299362303092,53.50791467223807,126.22056542632907
956.2775429474182,562.0961816820522,53.61555626920172,124.18186954708877
954.257372404573,561.5296824530485,56.351248888970275,122.48949973669264
954.297106752658,561.2101590419159,57.19575176512005,122.23761224559297
956.9037638889905,560.2461337930064,58.09961029882933,121.42885028942797
957.3158535880594,561.7972311558582,59.50143308412996,122.18541639675684
955.9734031832517,560.7659481473678,59.67716576501536,126.29496131892488
956.126323241326,559.0973136541965,61.45453640684997,127.31645742761097
958.5266547767826,562.351116509688,59.69688649689152,129.53202565135803
956.6321172964048,561.0811780351764,58.24648689126026,129.81022651038265
957.3587660595465,557.8733314364767,59.96975607797401,127.96583420675842
957.7613184998525,556.1121739014154,59.42761052102617,125.00003158727094
957.98949610542,558.3942520838658,58.87474895249437,125.93756620868379
955.3955625352067,553.2627194886622,59.08160651535798,120.21641581912249
952.9924977122492,559.4609019332477,57.10402901863456,122.95486631530986
955.709217998383,553.3036006132631,56.75064091258649,118.16250187015953
954.0869578655808,559.698452455121,56.55091529096169,118.18846801088424
955.7379523548375,557.5067174241987,57.66408242563894,112.66528572306372
957.5021578874941,564.1802526292375,58.50161840274289,115.008805086652
958.4137959128619,560.1666264170461,58.96941854514849,113.08672837861167
959.2460371773836,558.3529430811473,59.41805709189511,110.07356534501763
959.2166298132823,562.2750778105742,57.40086498250997,108.43771960395256
959.9919895435592,562.5324237604,58.198516235885776,109.53456785487793
961.1613398255286,563.4447700557653,57.005465135124965,112.59521737164113
961.5311947552138,560.913250916107,56.31394650629474,111.92747683374193
961.1932876318897,562.3919764151091,56.46421915908684,113.69383220388093
962.676454869904,560.9174487766068,57.323760821648904,113.23366682794943
962.4239672553113,561.2571952786889,55.4975173437404,115.44680342378426
963.48111428606,562.9553553038921,54.96141258895303,115.69941062440299
962.0593992825677,558.7828211989879,54.737680570719625,112.98121682129272
964.6877792855734,562.8504768343532,55.068111218113415,113.71660603215764
964.2146010100811,560.1384461766015,53.203824451151114,111.93931639960826
967.2504085853365,560.5574967251027,51.935094111499865,112.97581493332416
966.9991368076162,556.9968236282278,51.128554286013696,115.5108811303453
968.2944659956268,562.3646945994564,48.61469021527539,117.07201578336662
968.5725559870966,560.5273425654337,48.87944997468176,114.4790676315394
968.9065422848475,561.90424755295,47.42890402332057,113.15474960341373
969.3553682363312,563.5082577079522,47.334245359165976,111.49603106253525
969.4636668458324,565.4326248809729,46.42173297064909,111.53852970237457
970.166802246179,561.1458123953403,45.38844601432948,112.2541885271473
970.33502360986,560.6699868642834,43.10551662697138,112.24608049326442
972.6173247873808,562.1345686482499,42.3498003379775,110.88052649566478
972.515399724681,564.4323371384387,42.07443100797581,111.45838839826938
972.5277467717027,560.502582972175,42.013074503696785,113.69938797769882
972.9717218756598,564.8453976878998,44.01328660088427,110.4320958968473
971.4775580185466,564.1758292229106,43.889252855489985,109.07653695025436
970.8502140400756,567.5033414541333,44.17100560904523,108.45877267660364
973.4129195820934,567.7165536651897,44.91230635975572,108.53466365178434
975.2307937584096,567.4562068936496,46.231432944236765,108.59692743326633
975.638915443815,567.3189853876959,47.53088290564406,107.74007557034962
976.3474905831703,564.9890170372128,48.60439582010345,106.70563247024563
975.3740498191933,572.153499328304,50.3929561849862,105.81767292481527
976.1015083498623,573.1238656554268,51.185953783034336,107.67145615956639
977.4450747857077,571.5813250022305,52.60396604878063,107.10940875503715
976.5006557887195,576.3499351570129,51.96831127236875,108.48949164928598
978.5829496466816,572.6169400735079,55.38176602130538,109.40736159354239
976.9644488388092,570.4569651217,54.70706999110305,112.08619785149418
977.9949030635044,571.5081460130705,56.00226743674041,114.75244383001825
976.4388904916364,574.2228344348975,54.66214007920061,114.61399128721703
979.4326363038592,572.9863181557962,57.17268095180006,112.89454992045228
977.5844697921827,571.5577077449343,53.01159536836276,112.6075747199419
981.5613356348111,569.6663015359519,53.89105811130868,110.91187996427064
979.4623539408835,568.5903039787885,52.20174548589408,108.96442783304386
981.5673155875915,568.0138511027274,50.58422753643352,112.80396783932552
984.8589099854663,566.8104613157908,51.354890881903984,108.60517633483701
984.027074750179,569.3495948738571,49.01804635218724,108.04284063646689
984.8419928396614,568.8244097495029,47.12756078267837,107.31965330989509
983.3063143263793,568.6148431987218,44.01683209691528,105.06708704653263
987.9511320879045,572.619186120316,41.19186365459762,103.27222769686401
988.4856826704026,571.9315817377477,38.714575566861875,103.82411077746806
990.3975529708451,571.5161003139676,37.54998841554897,102.72465580098176
989.5304902748347,570.6047182337506,36.547931562573226,104.74082828010145
992.3751210851053,570.5530541872886,34.958651651983615,104.87450940953804
993.6347654821074,573.9589451144751,34.6010290300363,105.63659158933372
993.9902936991343,571.0853483164777,34.01050634619425,105.96278190891081
995.0385284708325,566.4963804366631,35.132726585890794,101.981815541631
993.8004607762974,566.8994777518571,34.682815021895706,101.22213411441217
994.6055006056878,566.2572588098466,34.3435736539325,98.68393462224341
995.8233349460874,567.6367095441705,33.772738163590844,98.25728334169375
997.043338049435,566.6548077358793,33.977513057135766,96.67991769116534
997.5471859385731,567.693769397514,35.42548509779838,94.78806611823507
998.5462608868793,567.9128105452018,34.00570669536204,95.80845124618104
998.2231924022984,565.6357434792965,33.90795256311267,97.42157484854604
999.7764716698058,565.742565130092,33.02644681179365,98.97191283962707
1002.7977785194963,566.7455395485205,34.17236389566448,97.86949052107093
1001.7162654758728,565.4577663158308,33.56626625244171,97.19663556789604
1003.7417640865058,564.5770185235194,34.129459680585626,94.30653881878726
1001.6324052679055,562.468625765361,34.030756175222514,93.24048145157506
1003.0724599750602,563.2101817850414,35.367145091463854,91.78731403930652
1003.5801056586499,563.6633422511638,35.35381742060997,91.12377456264682
1003.637878652355,562.2464254461596,33.554283403715424,94.29143876605211
1005.6367640106748,561.8631962363188,33.73930677181709,95.20092002192334
1003.7118861272006,559.2686852475773,32.47648404898836,97.36074940226163
1005.0003954182896,555.5996141576584,33.1160924472952,94.84399716645035
1004.6323511241925,555.5702357616018,32.63038971080441,95.2294360710986
1004.631441010053,556.9292398239245,33.12752012520922,94.79509066173773
1003.3332287346661,554.9253868245348,32.127593363850345,94.75046042485769
1004.6228571656318,556.676604785554,31.982487134443105,94.22655911876237
1003.0661022511343,556.0844338270954,32.73394234417621,93.76510482681414
1003.3095242599837,559.2231616506674,32.77930428935693,97.53660132843876
1001.652819264722,556.443981299276,33.12076911044923,98.74005927964902
1000.0921833838825,555.045612554763,32.93769546086661,103.02454259172774
998.2224178200129,555.4433056143536,33.24804339515117,103.21754886836486
997.3543944528317,553.137657103966,33.823441696833555,104.28966909347
995.8713551010294,548.5528617498487,34.687525536600916,104.03017821055796
995.726954958854,551.1979465919185,36.80799090327705,102.75688664410791
993.7784834037888,547.8967404264556,36.76115279070487,103.02931368654042
991.7177351849972,548.6319717808384,37.96420749873542,99.21850741837922
993.2854188127465,545.3844725928886,36.889081325957754,100.76107966051583
991.1058699479619,545.3908930969011,35.74134680738503,103.40840783162955
990.879519944525,541.8286959599881,35.36604164624497,103.68732800782143
988.9673083089888,542.5706073052949,34.93547657548623,101.47408319794333
987.6300542386041,542.2966320834967,34.0950230736458,99.70363970022464
987.5267054044283,544.4701471210531,33.024114677011106,100.86990953188831
986.1310639148622,543.7740091442815,33.39664660730833,100.90119942120944
983.7408983868291,544.1520194712595,32.36697542693165,99.40823389768659
982.5835470167892,543.8220904058131,32.72917860194571,98.33020139844909
979.0208367117897,541.5423391473714,33.4127737023935,94.80671209445558
980.2875806519755,544.8122885075959,33.00151836239997,96.2570633818276
980.1681716545534,542.888298761486,32.88491313119797,95.98316643571532
977.5003534816784,543.2865317054658,33.352190091939995,96.44100390435524
977.4290600935265,538.7201730123486,34.96683425976197,95.7655493280125
973.6682400196887,541.5018428706709,34.172906353138394,94.62439469981967
975.2085193397687,540.6143552100143,35.89907285433437,93.61860334279649
972.8631669093033,540.4695724927761,35.70609351733697,94.52498294493843
971.20057016778,537.6290812571473,37.40478296797237,96.05716842614058
970.4158013715029,537.9225060906537,37.104399740585635,97.73716617001773
970.3102565927858,536.9277598467054,36.86007036242516,98.60994160777622
968.6678264195084,538.0613614679273,36.9477856995487,101.64756370585326
967.727962894015,537.8405305276327,37.48370363466093,99.77177228211802
965.4828397327939,538.5093201416612,37.93628649281864,101.3594395659173
964.7343230922828,537.9903452076479,38.633409844655716,103.451985143727
961.3249518851154,537.2222878766469,39.13508631127121,101.38351763534212
962.0042620858363,537.1270203419097,39.45555048538026,101.00828686745425
960.0688268656284,538.1931020417856,40.107217835583384,99.31718327598003
958.4843861451126,537.3391829118532,40.17362965550783,99.9807213244183
958.6529271254425,536.8003244254566,40.95385371676312,99.66585129773121
959.3535761262596,537.1848854004602,40.63586584263514,101.30111014491186
957.319599625584,534.5411749626195,41.534154349443256,103.6288425133163
958.8638931754756,537.244304190224,42.08574033111967,102.87027327195435
957.234118600137,532.9524683424886,42.108126660431594,100.3211833756287
958.7706807120178,535.224391543424,40.18152190522221,98.63941846768856
959.614510447162,533.6260944722643,38.78022575763873,99.70820239574444
958.9773321977399,534.3362268206827,37.40808847513291,99.75544691244474
959.6111624492966,534.4525192617112,37.29017147816256,99.76355570555334
960.7012502244668,533.540103459672,35.82889454821314,98.91532590282696
961.7929789790586,534.3698697003375,34.921663901067426,97.37246955534047
963.1223775280981,536.3823081090396,34.907314000723034,96.14186390946908
963.5019245251698,536.680821006495,34.27576952751386,96.03434152725633
963.3034919469931,536.26638238624,34.00757021013226,96.52299664389759
964.3910320497724,537.5300738832507,33.58674592595576,95.25169648194318
967.2887993641687,537.4153397009693,33.43800773437507,95.22644219463913
970.9413547730521,535.364778957758,33.39515772530956,97.86560264052035
971.3334931198185,537.1074688219019,34.255126032857675,96.57376240829646
979.3989329666841,535.5373841910747,34.1247105329095,96.29559932348528
986.0180286612409,534.981141570542,34.15486732617707,94.76166370239153
992.127028641085,534.3073731368262,34.18204953180487,95.84923358800071
997.7077335704071,535.2349220406377,34.6562570339879,97.71828203761069
1000.8146216931575,534.0989881385605,34.79245351753537,97.72817372163834
1004.9508905371995,535.9023153569165,35.94954921485734,98.58966174606365
1010.6868392306327,534.7765118084424,36.16323827436619,100.02569713749092
1014.6064813579511,535.0858084394728,35.60673333644065,101.39999976471792
1015.8563745814408,535.3558846382484,35.27473477561178,100.34604982092412
1016.5109649913427,537.5007082262025,37.64604415398481,98.94457510247469
1018.6394737635609,539.6821414010069,37.20871585457132,99.19955960811168
1018.6554638025269,541.8768336129184,38.42896227463616,97.99466786482799
1019.659092420128,539.173164663017,39.11836622247985,100.51137529268705
1020.5016756058386,539.8565644341601,39.52055174773095,101.62999309284436
1023.636463056538,543.1129125783164,40.05905252609751,101.04502328992692
1025.5609489563712,541.7180800937828,40.61978964653903,101.55028223413287
1026.8393020025444,543.6112674332685,41.35224361755429,101.99726247659143
1026.836722733204,541.2689383000916,39.87092067295153,101.13829671916578
1030.8831221797302,542.6150291096815,38.88944086087653,98.41144869930133
1032.2045766873214,546.3213078826551,37.8582326319374,97.0759614195374
1034.4578001097216,545.81538901348,38.22160499973849,99.02464458983525
1035.561002674289,548.9973021327519,37.468762662835175,100.20749938216579
1035.1420831915932,549.1032043564653,38.89176802322744,100.54105431111975
1039.3848050620809,549.2587869461063,41.6348227906388,100.0615375955939
1040.1197653496629,548.3438694757216,39.905456302210766,102.55620360012874
1042.5517174276454,551.6745285444338,39.42404552908279,103.27940992846709
1042.5095128620671,554.7067986620884,38.902891688410094,104.24548794367364
1047.3286401776388,556.0177423706132,37.924487200583954,103.01767951332694
1049.2033986661845,556.9668291565655,38.21481259168058,102.64602845924382
1049.5567661660089,556.3303477417813,38.49799007646935,103.02673573689908
1051.6136041582226,561.3666035089436,38.944446448465484,103.29839278873631
1051.3222875143294,558.9154179453102,38.28966389512442,102.44057866129702
1055.9581028059076,562.3301373083631,38.51879487614154,102.89456923435907
1056.491638394858,563.0648027182156,37.95440065363324,103.91333899532337
1056.5326755774615,561.5228901347399,37.614840569525846,103.70455980719026
1057.4432207306634,562.2735932936856,38.15593646442908,104.30816783208618
1059.9734103367214,565.3694591633923,39.52708880897012,105.77690174684142
1059.1015843293906,566.2099597951894,40.974012535109175,106.15928726814616
1060.0513430239132,567.7787997486327,41.26080433254299,106.8388589149321
1061.2290882271366,567.1870895404578,41.73516621522573,110.37544041800979
1061.9201182014165,567.9605085509924,42.10569610015171,109.08083008371467
1062.8961719662639,571.3705978084779,42.3263438827952,107.8791288668398
1064.8984383175296,573.336717549309,41.69032045587848,108.16154646468684
1066.619497979339,575.0352230859478,41.520452503776404,108.15325317116631
1068.9342574072334,576.1936250514947,43.27805146556684,108.72768726914163
1071.7508520116876,575.837852272659,42.62339373170584,110.24991027974198
1072.4382033658596,576.279026553909,42.919270061748634,109.475502366884
1072.365264714819,578.3670469562195,43.93154167430597,110.72085626254183
1074.0065555418194,581.6742179950063,43.13453065120413,109.36026133251482
1074.4093596673786,583.3402324784428,41.059497654180916,111.03810332384256
1079.3819020661524,585.6879557811371,43.07531120351561,110.15132167648991
1075.2334762480675,582.1459170139477,43.91965216510331,111.42858333444633
1075.4283620606159,584.6769068823352,44.58395467674695,111.73908636119117
1078.3124866376156,587.4253846659425,44.6036470141817,107.17003229762119
1081.449045477495,588.6396662827906,44.833937009434706,107.71327608626706
1084.7360397210095,591.6492640483578,43.17748378861751,110.1143121268513
1086.2383860670204,590.0478754596733,42.19347772647237,110.986847467719
1086.8885353635521,592.645242969455,42.42535135258696,109.90020185306071
1088.450688233677,601.1521974868573,42.97821363342776,107.4369335550217
1088.815994362616,598.8484836280121,41.385149969993826,110.28482015753667
1089.5655628218624,602.3351311713782,40.59845021567929,112.12279873991994
1093.8157649090783,598.1699717571408,39.8891792391006,113.44125879856742
1094.882982188837,601.8437215010163,38.957506130953526,114.77068130973092
1098.4929702410695,605.5378108359906,39.009632157635664,113.35369396348048
1096.5198993143915,609.3524064801727,38.19232621937845,112.48744767999617
1100.5494822592677,610.1315805485765,39.40110972018475,113.60111839357384
