1230.5,624.5,38,120
1230.9223227334437,624.3630644288544,39.28832942681599,121.84903866753146
1231.0928992295983,625.3179656021196,40.552807305560904,121.34662718066686
1231.5118444304928,623.922195401276,40.394648172134296,122.16657134895684
1231.2980721328026,621.402211571433,40.227666730862595,122.05389023247271
1232.4864084093704,621.1235390559888,40.34128563960533,123.51583695853716
1231.3215473543362,622.477101484552,41.35429978839713,121.81174066416047
1231.5312894605634,616.9744083799286,39.88467242730404,124.53562240905691
1231.1842024360694,613.939774739951,40.077738629064235,123.02080427978227
1229.0417496761427,614.1519947847564,40.83299411800356,124.31383614374275
1229.901965374474,609.1116597334553,40.71260200344139,121.2274127074524
1229.497608084921,613.9751969309266,40.34758391130816,118.90220465711627
1230.0379326887473,608.8283225957714,39.63858793529333,119.97339415700196
1229.579521880283,609.3528861156937,41.53015067232314,118.63729442266276
1230.7970321447933,610.2117185384794,42.035982107420736,115.51013815643437
1231.2399033283375,608.7753318329018,40.454798034076106,116.4427325050797
1229.786955097894,608.8576315910819,40.92675850574381,116.14809670187233
1230.2117310635235,610.0484721552021,41.13237499333667,114.97041672206961
1231.4593265841847,609.4307084787428,42.075236721509924,115.86304905413611
1231.492101986363,609.01355754624,43.436717935841614,115.85353767369553
1230.6800854013236,613.8557503615255,43.29620898873689,113.47325027877432
1232.4831590520544,613.805177072765,41.85761832596107,110.65795972398537
1230.675761962881,606.5131625318037,41.404044572651614,112.73976135362264
1231.612097461449,608.9723100799165,40.5703127586989,112.34761184474131
1232.5367610461215,603.6713737151078,41.26452110933933,114.92764076085604
1232.0115933518293,604.8646383283586,41.11530747854614,114.52687823519732
1231.8869027350809,600.7003428127741,41.7538780878496,113.34331565199619
1231.0135873335757,604.7338316831689,41.82948520000526,113.10155966290334
1232.4894390160337,600.9066070070328,41.50517456019452,113.61741059368627
1233.5248626322264,599.1714048027014,40.361375232874124,112.50270172969621
1235.778484783782,600.117504132036,41.77623198284596,108.08532601764875
1234.982027078029,598.461079268407,41.46235545084933,108.68563158796474
1235.9078964789298,598.0676142936568,40.90658189777059,109.9629234403584
1236.3463697579436,604.1280414858097,40.56877345109163,108.01458596538384
1237.5313178459307,607.8144066837714,39.92504410985685,106.68157700407659
1239.6676598829506,597.7867678792561,38.83944801024223,112.17982740357934
1240.151465320784,601.4822536499066,39.2828314118717,111.90257265607491
1237.941669579961,599.6572920850502,39.79694543077622,114.61758730061982
1239.014103047744,598.6234698512187,39.24096924971721,115.10778106050823
1236.8379526376555,596.5954836783143,38.57094270365326,112.86790564186047
1235.842127880138,593.7035488126236,39.419769949983916,113.6361784001584
1235.7350244169268,593.7968328657066,38.945716223235976,114.89815895578454
1238.1070217127092,597.5320340292285,37.80696073746921,112.50347162536251
1237.685198852971,594.6326051900868,37.33358681524213,111.20841972037685
1238.5965941887155,594.9045289463234,37.28724881332329,107.42414065081948
1236.8256940412257,594.7819050008673,37.360872415765925,104.63801288763568
1237.314002158387,594.2592958733759,36.47980005722094,106.18882180174452
1238.709159227882,593.6996183017808,36.695685785057634,107.04479404451493
1239.274888191114,593.9267186527086,37.01142537498347,105.3738893926952
1239.6378042134106,594.5159408775253,35.66986634764747,108.44948089084409
1240.5514199900313,595.4487915535917,35.58549261219246,106.81202289963034
1241.239511072744,593.4800400073194,36.85224767658937,108.76939629102411
1240.157341773878,593.4538963874787,37.37914911064103,108.91085910539356
1239.0172128269419,598.0701202902289,38.27514716555955,105.63506329375709
1239.287991332658,591.6597213536093,37.23732193008446,106.77212788466069
1238.4641853324824,593.4752652645773,38.49481421282628,105.73334911909569
1238.6625861316572,591.5045696053709,38.19550620673556,106.40931174610782
1238.7767369712612,588.3286806428655,39.23471486614413,109.0401136861715
1239.559239014338,585.7269475102295,39.435363007131485,110.97111601752462
1239.5184041447242,585.4077644392129,38.83608141004413,111.4768985149693
1239.8016210145636,587.3199878912919,39.032140707238945,110.83563298604203
1240.2589580257998,584.8164763232635,39.50314298390856,109.28485383446937
1239.2035707537914,582.2565228551259,40.08846557249481,112.01237830805971
1237.3427802745007,580.4141456373671,41.007787044893234,110.66903761308419
1235.246571384738,578.6816139651443,41.58140604563615,107.92897186540866
1236.6699294555995,579.5852683742479,41.49416509080339,107.53533382765895
1236.516380382137,577.2717463419096,40.997024587818814,106.53662941496106
1235.4264577515344,577.1839253068301,41.36587182051622,107.41825904022124
1233.8238723947595,578.4779548752164,41.70659205425076,109.4894477025264
1236.237792779247,575.9797856349677,40.32771332168315,110.43287577069796
1234.9641515629673,578.270924207644,39.52596941688239,108.83958603155477
1233.3811740089905,578.9585590058592,40.96337675352875,108.77838383369473
1229.4270177513397,573.6699367132359,41.61844193613195,111.32367389586882
1229.1583975005449,576.2321400782489,42.935379690542845,108.99961083938041
1228.3194701503708,572.8992219834215,43.08085453436436,107.97628392751486
1227.0723838090637,573.169705430041,44.27071254930594,109.10167384838151
1226.828329740086,577.0522773896524,43.809633204605774,106.51843739487812
1226.8337405545296,571.4717015656505,42.76486930203485,106.40838374067863
1226.2591501252198,575.1529543431636,43.17453482902147,107.41604962942769
1227.3429093029558,574.261157847918,43.54966998398646,107.8074465116906
1226.6997686997465,574.0125739898156,44.31218749308711,109.4349402961326
1221.2767682762753,568.1354318158961,44.93910775083005,108.67029493458563
1220.5450337253405,568.9579446718164,44.66911304663623,109.27725018675177
1217.710441027226,569.7986739574446,45.213899124968165,109.52540674871193
1220.2164563089366,571.316265207569,44.827611098905365,107.68427825571399
1218.8750842013126,572.1845488354958,44.44074021429982,105.3790118991979
1216.9701305768508,570.6787746937276,44.80434639902994,105.49981835246868
1216.8890301709669,570.1754769271904,43.94363086159977,108.13899881407804
1215.5115660939139,569.474197075823,43.31736561476224,110.25696463015117
1214.6203918458564,566.7810666630533,43.187714505423656,109.08302030006833
1215.3385805060077,570.255257513861,42.18837508533677,107.79849742570579
1215.1306807615504,565.7686761011065,42.31484258140475,107.58260434792405
1212.383233201662,569.9587832382342,43.09124467449014,109.6813096181408
1209.0859566704164,570.3413960073071,44.13860492576916,111.48421704020791
1209.6619971614468,565.7547861454722,41.6600145813525,114.2601489534571
1208.2887205801899,566.0415749623694,41.947629762567594,113.43262051834006
1207.7903101813758,569.1843201900145,41.388301682832804,110.14701797821621
1207.5617119249623,567.7540525607453,40.69901309507814,110.527427216441
1205.9639134885435,569.5853519205373,41.00880752009155,109.40881159801913
1204.0503131071973,569.6902503705636,41.013954998183394,109.8566643160867
1204.0651585676078,571.3126956200879,41.6962418174527,108.09734095244218
1203.0055471618634,576.5653649164637,42.85818214898011,106.22283490947626
1200.4282876021828,576.3058565050152,43.02509889842172,105.35069506160143
1202.7099345454467,576.4444029755239,41.45301515334249,106.92890374735805
1201.111497514037,574.3736907733526,41.05762435440005,107.47726994186493
1199.7759712921415,575.5248367270119,41.82282606666855,109.62302268280051
1198.8382204916657,574.375321822739,42.67170869801605,107.99995898836053
1197.5054639534555,578.756345625452,44.022178549444526,107.21231773552782
1194.0404066991132,578.7278686768591,44.329179691472035,107.5336160800272
1193.8867384631812,578.43134077341,45.39754497249221,106.10457584609682
1191.4378526196717,579.0270488233215,47.72707364960145,103.2854115834727
1188.2876016904004,579.4605569187074,49.392556236882385,103.17153436078479
1187.5700948204735,582.8134230420603,50.39381335604435,102.1133936984262
1180.547868503762,583.2897154173737,50.46233060823491,100.78675822573041
1180.2748340909102,576.666367063478,48.020354172356505,105.41836617070959
1171.1548398242583,575.0944736647185,50.72954949983624,105.02379216076066
1171.9418885273687,572.0375027134825,51.44477243895881,107.15584730145065
1172.6953449599248,575.7957228311722,55.08853227410543,104.89959909774097
1172.9466405560413,580.089925737915,54.12123107793684,106.42549525078887
1169.653539747392,578.8461702718195,53.56412810172579,105.72384629332629
1169.2937114390154,583.4569141651134,53.50326515257371,104.2433673458246
1159.7738480332519,579.3719399808671,55.15925867689768,105.60848161324151
1156.8950391115482,583.4870258792982,56.328979488934266,105.75023670767825
1155.4008948786031,581.2840526067315,56.30880998189319,109.60686870947694
1155.3094772741783,583.8428039998763,57.428647044512054,109.358750437373
1153.5435725469333,584.2436516573919,56.31488863889607,112.41863333128498
1151.4135538495757,586.3108628069475,56.98454236194474,111.84576288418202
1150.122294685784,584.8962884149157,56.18958471207103,113.2765025325067
1149.1445655140144,582.7206354418937,59.47904815778854,112.21147751965881
1149.7452530554785,585.7117186179164,58.870157275189925,111.82170729838217
1146.5977837260016,583.5334816438029,57.727903920431814,113.36692378479512
1146.2601584344493,590.422709213388,57.49734265171482,111.23635813182759
1143.3013969053104,587.65151485533,57.36766300846773,111.72763909341215
1137.8125372830586,584.2910104704897,56.53434027497933,115.18425674097881
1134.545549410096,589.8245362523112,57.3345502735554,115.16721844200366
1129.5420899875705,583.5581486326195,57.01857846705121,115.01098766917934
1131.4383278695936,592.6835975329848,57.04907172421518,118.06011663440597
1131.636994482073,595.7168238579989,58.90762942909919,119.74311911899433
1125.006935207558,586.7250691702478,57.957271134009154,122.39035226547361
1129.133461314236,594.492837007047,59.23743699800436,123.47967503712334
1122.6769678747205,594.3418423025722,58.387075853043775,125.2035461987739
1123.9618328570405,593.258264474266,59.55114711017744,125.13966692107223
1116.2808751257567,592.5055399799013,57.31278695950784,127.55400255497005
1116.9794806244379,592.0350485447213,57.49741284891069,128.2475429891875
1115.3460405252995,591.5333590635547,57.19346350500774,128.74745577715265
1114.3036335861786,593.3745441622599,58.997712593643286,128.1021031031455
1115.3642649921087,606.3825251983402,63.12626428508453,120.16709421971493
1106.3809016001765,596.1003699024487,58.41793648286882,124.48100535884188
1105.2465871039594,598.3787620372979,57.107822298260785,125.82992933798019
1103.0272147229311,602.8850344695978,58.74582623402064,123.87392939024045
1102.190259347981,608.0995403421922,59.557232299841324,121.57012963848292
1100.0577257461669,610.6657795066683,58.97552148430371,121.042801727766
1097.546657236242,616.2120388919942,59.29348441844179,118.08679626207771
1098.1408594485197,610.9484720333498,56.99948492659466,122.55075504801962
1097.9086020258662,618.1909412831836,59.76289915983435,117.97837472179656
1091.5354905252052,624.905852941628,62.02677060385787,111.56123571702476
1089.7940254171288,628.6931498807571,60.12825308361262,111.82740047963267
1088.9821319496039,625.4373916250875,59.19436315234215,109.89557008327648
1087.852962728489,625.5336289503267,58.25079723233999,112.01024038502442
1091.1627565818,618.7120454507999,52.96729650278755,120.03162291279985
1090.0989405685516,620.9565940119516,53.15203243055866,117.61810792406557
1088.0157324145582,625.5525985130687,53.51358039073919,115.87060476245799
1085.834389223903,615.3517109562242,52.46101954385222,122.32868236012565
1082.66835799562,623.1219667271712,54.72928515652082,119.38489058275925
1094.8304153617564,631.1838083270279,64.80285317407076,111.3422912906459
1082.156349022312,625.308750417984,61.70455106893519,112.97995475997304
1082.282937427759,619.1250134059931,56.521273625188,118.42778506119691
1094.8257160666155,624.9039950427708,63.838571204887174,113.30028655128763
1086.6386126393727,621.9892652360426,64.70780433971554,113.36965162593609
1074.1766807588194,616.734786401835,60.182630876251736,118.17303931745207
1062.696751931407,622.97866731873,57.15918412687442,119.76838551778607
1062.1975807896242,619.684981411025,54.757536651786495,120.21494938966447
1060.9130394715287,622.7660927963025,52.78721158208711,119.06992581960608
1061.2499554727228,617.0036255894051,49.16536424745175,121.69574943102876
1062.8338317030586,619.0768722990897,46.500502881581596,121.98606514220441
1060.5059843422525,618.1305218072664,47.574121191085005,123.533062146426
1062.035309742881,611.5191697086516,45.90185471125697,126.26726514964642
1064.026189156447,616.9543325905668,46.83468109132603,122.91703205204385
1062.7516080385537,618.4121067623124,46.064849790485084,120.08694312112138
1061.6441412272438,609.8595365316726,44.81324575016887,123.37255715590231
1061.8078846650742,605.9038812441526,44.12625057752511,126.82012634146275
1061.5565652998819,606.2643166013661,45.53369946186484,125.60532967046143
1061.6130496215983,607.3823230751208,46.99492938599073,123.66473025303571
1060.5675940116887,615.8266885258001,50.59486107054643,115.45446545671146
1060.7909642820248,615.0573164055027,50.41492905688009,112.56598678122974
1066.2949801369823,614.517244874391,50.83181542904669,113.86823713015274
1063.1872720993545,614.5752409770906,52.19996833765195,115.15615319090116
1060.7188397263703,613.3470459028998,54.611864719248004,115.43861638619816
1061.1831707538838,617.5937173412692,58.33408679009713,112.067311010304
1060.0164203547881,621.0504222670774,60.458363753295274,107.94730091722818
1058.2813844040575,621.1664473779937,59.32045997384157,105.92119760742779
1057.2410717467735,619.8722805630802,58.18388044686176,110.26008632780812
1055.1621683570945,612.3753617227657,56.69762351274416,114.59137321767025
1054.8260789584251,615.6253875353589,57.64379376694458,113.21748871745828
1051.8228900878776,617.1414084531525,56.561434325027534,112.89246717622419
1056.558260715433,610.1607762132977,56.79896016468325,115.39597778479447
1059.5104510924016,621.9357201494256,60.329358360076384,109.71125985510537
1052.3553730184458,622.5500450783508,59.92695320176091,107.44000769629875
1056.0142781651678,623.4351384696133,62.111354206396285,105.48316992593683
1052.2090401981693,619.0944128753923,59.16491431532844,107.3113523423255
1049.7730277643698,622.3132801565046,59.063584070172716,105.04379702366668
1048.0255650999886,625.7706445192883,58.84781791108166,102.614941270173
1055.373772165052,626.5527662574225,56.15713909431282,101.58129661459186
1054.4441951634283,628.8397813550341,53.94264507419433,101.50567026071283
1055.7559804430848,627.4921409789434,50.94575988653362,102.34505982362589
1059.5028668775303,626.8767192989154,47.687802532676045,103.01006620847747
1061.4462041963775,629.8549970556625,45.66715572373428,103.0890813831877
1061.3713647352677,630.333657237564,46.072765280228666,104.41918709706283
1063.8256913797914,629.7588487652887,44.14667130699563,105.79632890644743
1061.967514573841,626.6401506885422,43.07820529646155,107.72452706294655
1063.718674940583,629.7895275122053,43.159404638033955,106.50172061272912
1066.0581057549318,630.567763952188,43.00109782801019,106.10558666357988
1066.1939757999223,628.9423678498782,43.40707208550299,105.6907814056015
1069.7083569975287,633.8101131256518,42.08886250332358,103.4108331949567
1071.9978166344447,636.3600361492461,40.77565361716519,100.96589842048421
1075.553366699925,630.7720133247229,40.080346879191396,102.58238678506993
1077.315521179813,631.0080858741754,39.333681617703036,103.37663307425711
1078.4337546613642,630.1321463611484,39.53994127223727,102.84571288681741
1079.4564887336314,631.3869294622878,39.56767561076136,102.35850865557312
1083.634926686233,630.4985830844707,39.31428176781236,102.13914326191396
1085.4680440137436,632.1706033733416,38.33457696757539,101.063060958936
1087.7494109577578,636.0399222413226,37.5748837075586,101.9771108781852
1088.531231966392,639.5337009761995,38.204471867255954,98.51091345255573
1088.5817187583546,638.1957468824154,37.74872255331893,98.14608708112911
1090.5132300674031,638.646968431877,37.02284288520562,100.563668098858
1092.0444604649679,639.4901378716228,37.27818078366005,102.1757286147924
1092.2223182280281,639.1811349085891,38.106646384754995,102.43872300133837
1091.5551507281104,641.0028127418495,37.665701583568634,102.82454108576175
1092.9261043665008,639.1389298819857,37.484922826223354,105.80226098391968
1097.260636946601,653.0783549189332,42.9000638278619,97.18657020165352
1098.7256709964784,646.9648046847481,42.81207978601038,95.86056614386949
1100.0390168502195,644.2608535371804,41.18632757138625,97.46444537094868
1101.6181870420357,646.9397503567257,40.615122150222064,97.99934381620372
1104.733180006119,644.8783225898414,40.034021322763365,97.39133696185124
1105.104842198426,642.3114198992538,39.3954338521072,98.0472370891602
1107.9228908497114,645.6334310178826,40.97121495254483,95.59751500132415
1108.4961615047855,646.0136062000598,40.353985077927994,95.76150881188542
1107.8858363519946,644.2997308239316,39.80480409585303,95.66876297253336
1109.5888809312535,647.252877127663,39.321157133836664,97.31922832451417
1109.110537761502,649.0972726721138,37.679182253872895,96.06404022201485
1111.171444343141,664.0366440510161,39.585951919417234,88.95881202361123
1110.2832509124742,655.443438731446,38.826027252824105,92.15476370099799
1110.1609562878834,662.5328786147288,38.973075283953335,90.84120582227266
1109.528676226154,666.3585873589061,39.637888856192674,86.71854886214507
1112.930537425178,674.994840223846,39.06876974056054,82.60457785533768
1113.8074371573148,677.2546747630555,39.1479819115597,78.89213743841677
1114.2935759804038,681.9160591607376,38.27152919995742,74.38926359523255
1118.6178804583992,683.044345542716,38.25438034705007,71.79051065254357
1121.8699556499264,685.9610399129989,39.17638538946426,69.03710810352601
1123.697108041039,684.8719894006986,39.399970115576636,67.29121089405677
1127.3237979536548,684.3871117593892,37.9824734936515,67.98817604512527
1131.7504520729801,684.9068245239295,36.480211787815335,67.04212658782089
1135.2583473620693,683.6528566259813,33.298813029597966,68.6171133760481
1138.9120464294874,663.5324449904886,30.361764758037836,81.07269804431616
1139.6225927228143,665.9175716129057,30.989941136538157,86.47024888425119
1140.3407281587602,649.3235050818704,29.117254420290777,96.7817562518264
1141.2129211338754,656.805810406453,30.66391868864648,100.6253360102883
1143.5392417789965,661.6906056683088,31.68334509574676,98.33157525346735
1146.2262099048994,668.0344574806384,34.6421758951512,95.60784486366157
1146.3670051757208,665.6895887217679,37.44077059298097,94.27028321088696
1144.7580268336758,670.4868474544759,38.44396430356688,92.84857917248635
1149.0156763441037,662.9743416954163,37.12299928632059,96.78479436388626
1149.7611862701845,656.6391768025635,35.705155214999486,103.73703406213595
1153.4371013490488,663.7971681994766,36.953355748230024,101.86018052896493
1153.15814945218,662.7925149764135,37.35516272663294,98.962956379722
1155.1292292062083,656.3886050596396,36.098623215592085,100.71152360493286
1157.2594533890033,657.8588581723465,35.29549443973013,101.16923340207795
1157.3742074257461,656.6281270047667,34.76143351841321,102.18670799062065
1157.8838511883612,652.364226643447,35.41658952395215,103.60198703509792
1158.016109097818,653.2160314878963,35.83485676302789,105.57705202498151
1158.6714850494056,652.8377985009912,35.637465520455535,109.1569780678715
1159.7440582964662,653.5072483171273,36.91626028444283,108.3526695553401
1159.74328197739,651.7508541661686,37.27877226531471,110.44410867616605
1161.2857434948246,659.5162073874591,38.91013235370259,106.59644099179894
1161.5956746391616,658.3459262855853,39.45665189650089,106.8688169027081
1161.5179503936663,661.8165594568154,40.39127423819353,108.28367510714202
1160.6572426112557,662.916552875726,40.31376348025981,108.49754351039932
1161.9345117766172,668.0783940950013,41.240957760819,106.65371114870527
1166.1748629214735,659.1414113155713,39.37870913148318,109.37144491314183
1168.367397859375,656.3749241159595,38.62143587711293,110.16523768671503
1168.8578978947073,655.8647304745101,38.89022234968642,109.67328872694219
1170.6046758664102,660.4001577137948,38.56132532353497,109.09830203637125
1173.0676635242194,662.031250205865,38.276392788767915,107.73433500488625
1174.7821116409707,658.9210409664847,37.638502257877434,109.68373467215716
1175.6779542976117,659.0705094494548,36.593564027030574,110.71371636119387
1179.7789025265538,657.339479342748,35.054194871348,114.70808553195879
1178.797436237093,660.7130749653024,36.72166947185413,113.5247226532434
1177.892105376318,655.6367076610844,37.2005902777464,116.95562586509669
1179.8824388068356,658.8148979027272,37.02944007063779,116.75206534348185
1180.727751459534,656.8366153064295,37.139865061727036,115.55109424543495
1180.413329606168,660.6430765290822,36.346297524097075,117.56624257072994
1181.7900230921773,658.0188268888389,36.549204914547204,118.04498806516189
1182.3762863865209,658.5751380918575,36.88435706032118,118.82973662644797
1185.5327067618198,660.0934295231449,38.14692765475829,118.27660491778215
1184.475860978654,659.8213090799859,38.561879405941305,117.81661265963311
1182.8975034941172,657.6344836392801,37.59772049352118,117.14024484363351
1184.0347267074367,658.5177856682589,39.10291792231901,116.43175483856255
1183.689712674024,660.520151598142,39.430274178695676,115.19236272621373
1184.1623329832564,664.8197432277049,39.87800082216219,106.60500398395578
1186.1482795201925,662.273538326279,38.27173736599691,109.12620488891226
1188.3140152565816,659.9382757076628,37.154028352944124,110.3744908123263
1188.2673704949948,661.3701147583965,36.97185317506177,108.9638916382086
1189.7170003579374,661.7142047900358,35.87908780628798,109.30638223937461
1190.5738741979176,659.4541823738372,35.35730739940057,112.3986244451006
1190.6625194513686,662.7084516893108,35.80000588271396,112.39336861267135
1191.5835337768262,661.4702003929094,35.29288000999431,112.55029639343499
1193.423801390796,663.1758497843686,36.50318032688746,113.09124332792939
1192.209819472257,672.7824251718723,37.7674848642331,105.35135564983693
1191.9420270969456,674.7232576869822,37.47072118212408,104.78862853586098
1194.6802550998484,676.2127818681371,38.36465106703682,102.54437982803474
1193.8757739192683,668.3937235347347,38.98880584160012,108.59668155635983
1194.5885070874479,669.8409588439514,39.352777329141276,108.62885180091409
1197.0808585842037,666.3519795878318,38.07171480064612,111.15045364490133
1197.5509849214566,671.8668271560632,38.32565442474369,109.37816993927447
1200.1733415205415,683.9578000927008,37.378010563794575,102.19696916374744
1201.925554405,693.6244314087837,36.31835740779,97.31500439441666
1202.2521012136676,696.6502933157648,35.22247451070291,94.89608479466236
1205.130877494288,700.1552051060074,32.589249192455796,92.78152106743732
1207.4740491066364,703.873759352518,31.344068520503914,89.90119929672825
1206.533460887278,712.7713862141314,31.508572042762015,83.76898285723796
1209.6984395321524,708.1412428978156,29.18914609415797,84.32017376386946
1212.3245926877269,708.415134670352,28.027100007856923,86.47556527783999
1212.014555240204,709.6808161923065,28.934729617150637,85.5712480744679
1214.1638405283818,714.9199073583591,29.637390180771547,83.8064478035024
1213.6049413617416,716.2383187147211,29.62730430438146,79.07187657257724
1215.5038367543882,707.2993677381673,28.77705713848533,81.23780710501336
1216.866235482734,709.6257316865083,28.353373674851348,82.70174707184859
1216.47405918234,712.9984217485746,28.34051369728904,80.10038131622478
1217.2059803568216,706.9016037141777,29.988025031628993,74.97906772381437
1217.2683181106622,705.4192975027659,30.149808365261038,72.54104059209122
1219.669751759819,704.5878315709817,30.848787096242653,70.3943056418439
1220.8060178127585,700.5541670200414,30.65401462874115,71.3672264733957
1221.6282421385558,695.5092313291282,30.849256010194463,76.21284147751075
1221.4648008405052,692.1992208352754,31.52488073993092,79.02726769389417
1221.9626958209149,685.1019740128877,31.72358263601791,81.39246297448427
1222.5415251687016,693.8788594543939,32.06830589325689,78.66164996203207
1222.2617292307268,689.055726404282,32.92069812710656,78.93693895888998
1223.7194567252172,684.1297653936488,32.54415358922627,82.70592457443254
1222.2770009436606,687.3128429607914,34.78204058009889,80.61809442968963
1223.7388503073214,690.0350395502211,36.87124369704101,78.42476107048303
1223.6907809652125,684.3179210904128,36.54449539541146,79.93477792151258
1226.635854264507,670.5549974086939,35.58139468753711,86.5884927945414
1228.1493752921467,674.458460715511,35.98180930227687,86.92713985638147
1228.0723688605503,669.5198982542958,36.21062685013961,90.42176598023093
1230.0557048869737,658.8099051201972,35.858957505160845,99.47742326919574
1231.5798350733478,651.2351955708322,36.71269069971683,105.12989668186901
1232.3243867340377,648.8868035644784,36.95041296974473,107.88293720294826
1234.1445223302253,648.0406523404763,37.069268764259995,110.10303488470218
1234.6437259368715,644.4815909862228,37.709141181167666,115.71097444748382
1234.9531236546575,643.0118528327846,38.76417152637103,117.20628860162543
1235.533506011151,638.0984790335121,38.66598424073056,119.52487516232904
1237.141764439689,640.125767934078,38.651164073215945,120.44399552803242
1240.3507054678607,640.6289745862205,39.77816619935941,118.17696868480724
1237.1961287792433,641.4801123340101,39.360837350323635,116.28560609793692
1239.0737731667139,638.5320183104313,38.31496535785794,117.6367916558612
1241.7371219872866,641.7936855675093,38.63112039502879,117.7389356178758
1241.817661031634,640.6187500538707,37.51035543266488,119.24101577855309
1241.3144322316687,640.1782232411858,37.965226464524164,118.75609465318823
1242.6758291980373,637.8516608770069,38.54335012040676,119.65220661420742
1244.1372612635337,635.9263123393823,38.80859476406227,115.46185590292396
1244.5259977174462,636.9980794357035,39.38568439986777,113.7989454974358
1244.6651431205514,638.4912819903,39.18135691164117,114.25644315471754
1246.518820499073,635.3000909207201,37.31826685312923,112.77665559365195
1247.0938521670719,638.7022311096132,36.61340067253576,113.33803902644894
1248.0024412961848,637.9961254337309,36.23702372012606,114.68680533919643
1249.2231348505795,635.9525096185798,36.022060129762735,115.4486056316814
1248.6194624016111,632.756563592135,35.36868562401058,116.40009867125444
1250.4725159285026,634.2876804199641,35.65353444981422,114.95834953704448
1249.612672073939,637.340972717702,37.194433172918636,112.25621867376518
1249.5901718709667,634.2324378031295,38.31970297486626,111.47273002343658
1251.7579935868907,636.1113001842065,39.05589098587373,112.3265932838724
1251.8067770985258,635.5827924920595,39.51266962689222,112.76741903285406
1251.179344446664,636.3046007429178,40.003715349213415,114.43485303652774
1251.6313806991027,632.668520571642,40.80124017549799,111.74071314218514
1252.2038788444765,633.9263521814075,39.47876007157503,113.57139911859792
1256.578246598854,629.6622351402973,39.1701211538026,113.54580605029093
1258.3497143120699,629.7012341390769,38.810932241245695,113.30710404711445
1259.4394975342848,628.3791981580182,39.18869644757644,112.56025323832031
1259.691651608768,627.2714977327436,38.93126010239236,113.90704057655802
1260.975861504003,623.7981685239226,38.35281948505498,116.0268024641033
1261.8690854697245,625.3930595716483,38.92782791815674,114.69674439267436
1263.8623044751803,626.3150763741465,39.13533940010781,116.26004593082803
1264.3941533843838,626.2368297094787,39.57004988216801,119.48764585117516
1264.251532835237,623.9344082940615,39.830178212637605,117.04343348460773
1266.3647211728794,625.7976213006432,38.92571653477617,118.91102565744278
1264.5216560725733,626.0570501347488,40.24185364179995,118.03268107037732
1265.987319082735,625.3716785597179,39.34921496118376,119.55879311326719
1266.7441025791043,623.0986537497756,39.52756823419671,117.7334519642339
1266.050560459787,625.3279123324959,39.686941088518694,118.29477297806493
1267.7417918747592,623.1158975225283,39.962884540828426,120.01420859339659
1269.8048655818757,619.8938329221721,40.418963984362186,118.84431737191917
1270.3701563969948,620.3077853852423,40.915229571257946,118.15958366191309
1270.9604216328266,616.9698680037101,41.10948927339241,116.23470202598666
1270.8837924973416,615.3949841382093,39.31719302313822,116.20464749574069
1272.74614703861,617.0534194877831,39.22431526462773,118.16031160781304
1274.1167874966143,614.1069605233916,40.52520694001856,114.35978862045991
1274.9423621432404,614.6635441046902,40.6518718469985,115.12971408128824
1275.3673816989728,614.5830315272558,39.373236143443876,114.58628434079677
1275.6988581986104,614.7049775533418,39.559393200693926,114.48838643695113
1278.3450812599892,614.8141474651067,38.76043595210239,114.98725748482843
1279.7075305008545,612.0911472709054,38.376224969032876,115.82107730621648
1280.0352958940853,611.7259810306283,38.509560871861154,115.53034679203168
1280.8001280078015,612.3652913608199,38.240737777099596,116.03417108285296
1281.6195129127207,614.8928442390185,38.63235823157264,115.85905568722924
1282.7002156947472,613.589416493112,39.62790557101704,114.10581818947139
1281.3407433520026,613.0332317043986,39.21919601751145,113.98156478626035
1283.152946162519,612.4645171772854,39.660655416363454,115.01116397218743
1284.0150499734798,611.2765244478742,39.38337597034053,118.36805719929785
1285.3838311265504,609.6958221810736,41.377586437454,118.46311813881476
1285.3002519168383,612.1303837795052,41.70955935999385,115.75729479271044
1285.35844051447,611.0046095624031,41.281533409860245,114.64681743911541
1286.1519259385461,611.8965662379679,41.24212894076818,112.22479940070102
1286.0129183059903,611.6624306619026,42.12334360431615,111.81146418749086
1286.117898032701,611.1613227144353,41.68974032774114,111.41436309825434
1288.2421149234772,609.4275932519404,41.04799119903099,114.23010601297223
1289.329466034552,609.2556753603849,41.14087032960292,116.10932056681838
1288.7752786198084,608.2139175264814,41.06235962435179,117.43098600141525
1288.7178291003706,607.5061126821059,39.96974574948686,117.42343199693373
1288.9169225502537,608.2219372795106,39.45494913238626,118.4454715705828
1290.6653273312088,611.1833575127129,38.141770727872945,119.65269747360864
1292.2821591475965,608.8943041297812,37.365894808179995,121.57648078224797
1293.2675346089666,611.1292050571454,39.14097221238107,120.85948513944442
1291.6091806466272,610.6658735626903,39.371113738377474,118.08128755611935
1292.8712220135367,612.8070461319705,38.91941726293499,119.65023620123611
1291.093748883643,612.5430965102641,39.493792628140845,123.13178743699001
1292.963881755612,610.5791623614019,39.966545923713696,123.07299132805701
1291.6725491910647,611.0327822529164,41.63052784772568,124.17211348115939
1291.9403525959851,608.0477661814289,41.583064933542154,123.62830277626368
1292.444900892036,606.6855866800898,40.9214186814556,123.44925378198408
1292.4136973374616,609.0161286619325,39.824489777426244,122.38030735195214
1294.071911168781,608.1178791618626,39.01254643625411,121.59152978193681
1295.0286547684248,608.9322821537393,38.88302265459232,123.48507575087847
1294.2045815804593,608.3198237326835,40.09430948468754,120.08446137001418
1294.7850763240256,612.2304120389676,39.26287033694112,120.74808990042223
1295.9744694506098,610.5798148263196,38.626889344217616,121.25363080821981
1295.6011781022228,611.3312832027934,37.69885832342602,118.70164808198791
1297.6852598922887,614.184682593987,36.69879471195355,118.72440837747668
1296.5804405531844,611.2804475769317,36.35723731172278,118.29074469681763
1296.3313119854386,613.3824741494885,35.24278364751619,116.67105743357907
1296.632769447707,616.0581699939095,34.0449023455777,120.06099557761968
1293.5774887246707,613.6669350418446,33.61873666746025,118.23044950834509
1291.9750759623803,616.0473863439295,33.97377549119149,118.09277894280828
1288.9617578168693,611.8924703809842,33.959519981012875,119.04740726227051
1285.8554775302323,616.0943663842514,36.21510581162539,120.58945261848636
1284.1133160910492,613.4663795250501,37.10516175105299,118.21688146131046
1282.4731669400437,615.3231286101917,37.6461139054633,116.5778630985701
1281.5118526391377,614.6387321195018,36.771966212638716,113.59225822094297
1280.7905459138858,615.6747834622672,37.24324798684414,112.54293720002687
1280.6544007965042,617.2486001853745,36.37563256973307,113.9491520577785
1279.1453466353273,619.1804469826193,35.746416193084656,113.79308698863352
1277.9888350764857,616.9759420162006,35.77426318784988,115.36658223104187
1277.8792412192627,618.0476767574552,35.18164066993714,118.31090096450296
1277.9894010987932,620.0513365080141,36.250186465373716,121.13113862021075
1276.1302929091896,621.1701442036276,36.320639413984495,123.45567599604719
1278.026373353623,620.4987031010743,36.37098527603884,124.37148705597522
1276.3585555633522,623.1953884995166,36.10883611771791,122.62967052895286
1278.2594310884606,623.825237448043,35.74621887804412,122.7080871632779
1276.2536684942813,622.6880095743796,35.5541700848304,124.49540761941427
1276.5189267317908,623.075895858451,36.57025020311837,124.05503419692937
1275.9229951742616,624.3583806151103,37.188701778500345,122.66790794964373
1277.3734043393151,625.6152744099445,36.871628008418476,125.87930708014323
1277.8378256571452,623.0466267806919,35.71879699656998,123.67510464316206
1276.216168869804,625.1643063648696,36.18674920272909,122.14543450183811
1273.79608372603,626.415250688741,37.15343255041441,120.72111794888869
1274.3068852060564,624.9956078312699,37.85533603154633,121.57990286028037
1273.4434760084257,624.5617350623335,39.09149957170294,121.45932411782249
1273.138423693688,630.5173904632745,39.58129181674537,121.38725161435275
1272.3000453518473,629.5844050494737,39.427282054614594,121.59093987050909
1272.2588749309741,629.2610868711441,39.19585620674407,122.10733746502305
1272.1569206298275,629.4559162838501,38.9011905830906,121.86908602426871
1273.174057513003,637.5352945178382,39.1435435799787,123.69042667194498
1272.8289007295054,634.5098303766982,39.62547972703618,123.10692189785851
1274.7292117709967,635.1791804122964,39.64752851406206,123.39785834893142
1273.6402489934467,638.3316474521405,40.12317620224985,125.12791728460044
1274.9027941505137,640.8118161902368,40.65278999256273,128.3301434034268
1272.9908781758759,640.4827922721512,40.284804778303844,130.76431807029826
1272.5069034615815,635.647223250249,44.011514435335336,124.73858134736062
1272.8828605592237,645.8689089231148,42.240755335104865,125.38340889702448
1271.5607739675206,644.5319006633272,42.31713326649099,127.24109067061545
1271.7340784328876,640.5798004517437,43.16513945982567,124.15286163210862
1272.5637049935797,644.1570349200204,41.9594758317363,121.689284001159
1273.625213765931,642.1056370314586,40.7730645897433,120.90939268595733
1274.1443487923852,647.5290256670063,39.54928612420967,119.19478642471034
1274.5120649549417,649.3123508235353,39.44743422672184,121.22754130951739
1274.6248555772504,651.7331148555091,38.007142246831236,123.74310388732718
1272.9360805067554,652.3165856600086,37.999065485068414,127.20767214753346
1271.7987137303828,651.9626644099473,38.867863515950006,129.25414091428433
1272.5679305189194,652.9203301623941,38.797588926739174,126.95996654289405
1273.3217979983704,653.6723745308192,38.91862157982068,126.46579848587666
1274.7010664213087,657.655964926333,38.141480773610766,124.12203235787095
1272.8267686814381,661.3098931977381,37.87901146789895,123.26913145829204
1273.0277229583385,658.3493221547263,38.46930249635038,123.04072200807647
1273.1397114100084,657.4338408441428,37.83012113896497,124.30969781576695
1272.4239093748654,659.0957941902533,37.43455901842553,127.06561503109756
1272.4721069647069,656.9052393061,38.487402367247256,127.04729774743785
1272.3738149030846,655.6557923950886,38.975768670227,126.34231999052247
1271.929314741046,657.6102534057275,39.4880292744086,131.72918775218974
1270.990648881523,658.8270875406512,39.90538676998651,133.24100262036262
1270.2938546986127,660.1352299885717,40.54709496229141,133.90765135586133
1268.7905966057476,654.923000198819,40.56857952578624,132.72413428365724
1269.1763056419168,663.9656342551109,40.22143639966956,138.502914677324
1271.0908248248895,656.9180402723589,39.45249295211688,141.74090959431697
1269.9046421849268,661.3077694359339,41.64636644494266,145.56412218788145
1270.3817038777136,660.1129337445952,42.08154300102777,150.27062739632768
1273.4569668445206,658.2111919685062,42.97535478776842,155.01696433877822
1272.9412895710034,654.9021113894598,42.34177183432525,153.285321536933
1272.5254588781088,653.9392347539595,42.8340016228489,152.7457987720569
1274.9909282311307,660.864220008862,43.47239288115113,146.8787619415458
1274.6454393206413,659.6181500036578,44.35359766398403,141.37297530670696
1275.077445057821,665.416989856287,43.48099170013117,141.78953031084194
1276.4170930890941,660.1914882219635,42.89396362245103,143.40752519866362
1278.1914659520676,659.5875992938924,43.280657671751975,135.56264099660794
1279.5024485753556,663.3904653828342,43.48454846335167,134.02245486383958
1280.8524410877856,665.3746422614765,43.174389298995024,133.38549209410388
1279.8243100274178,665.8263598453391,43.53545019912851,133.06764621014372
1282.4786835523678,662.3503476376022,45.241331382455435,129.27203508774798
1282.3633542743048,664.1285595961795,44.13634089578382,133.42844519529638
1283.8428497964082,663.8131128523346,42.88384749669727,135.07990431675276
1285.1138360885884,666.0698608098534,42.65357697998121,135.24052141835114
1286.0601835671594,664.0333313515885,43.390559814946,135.1813133574004
1286.4355907981985,664.1694154924868,42.20507102660263,139.28735785545865
1286.8403696371931,664.9658418642239,41.37612099494785,140.46530435454457
1287.171257831055,663.3744603309518,41.46507445375522,135.90445535233133
1288.5117429182658,666.4908712218024,40.86040153006612,133.92628605676478
1289.6469453952461,670.218404733967,39.69846872002305,138.01805858139193
1289.754392451196,665.3164307504001,40.212837595617344,135.26710166955445
1291.1636913703433,668.1583219023713,39.44482610828483,137.01511928812857
1292.4938899791364,667.5843896477506,38.95036658211416,140.25775305266814
1292.8682924927034,666.9922822019599,40.11569011947395,143.02867685922573
1293.7874873257156,666.8064091842283,40.229182122553766,145.52144175455896
1293.436627966558,668.0277473771778,41.92396642721457,143.9129193263011
1293.6755669291367,667.8020826980281,43.06981739116894,145.26862766035626
1291.2226743050014,671.2834516090938,45.02008582698194,150.49616443589412
1291.018448919547,669.8745990761754,46.734241581059464,152.59635798601562
1288.9021500543502,665.6193437613256,48.60227418666241,148.97949005032854
1286.7178112434708,670.4245771695038,51.0111628919121,152.21453621858996
1284.653583325068,675.4713256605211,51.20206566925993,154.9043851681535
1281.55818197851,674.5030288918769,50.651405633083314,157.0055828789506
1281.5860616073094,667.6505653453273,51.40654115657732,157.05739091493132
1279.8293234744606,670.4099363278903,53.69273307328103,156.31776134338583
1280.2360187034176,674.9589100904565,56.55259495531503,150.6636184443888
1278.7154970349338,679.9778867778689,56.019620711024515,152.61521426541833
1277.992584946012,675.9955970359053,56.764785609787886,150.55280178536378
1277.7511333645637,683.3991533783487,56.96700294441191,148.81834486735926
1277.431452545298,680.5738471878819,54.51582284292721,149.16377414694432
1278.2642631622766,677.4422629043216,52.48858708266269,148.291145406814
1279.384765314472,671.9909846171713,51.74059164224177,150.0328674290662
1282.1141567484888,681.6480308170164,50.16815597562565,151.98615512126383
1283.288336203046,685.0054716670238,49.218335058929014,156.61218766540202
1283.2316069722006,676.3958129191059,48.875169339355914,160.4739773283768
1283.6254603240213,687.66400206725,48.69354101207588,159.51049400276747
1283.2785176563734,686.3379199271604,48.07770922488607,159.64455370343256
1283.5587051166867,691.1079130016606,47.03537086678692,161.40437032822229
1283.8302881195261,693.1214771362302,46.36949139472895,164.2400929106226
1284.0029528568618,688.0941212797105,46.376479642169016,169.0230205647813
1284.136432414322,686.5328334452838,48.10175174306801,166.96906860015045
1283.6418172891852,687.2735730985191,48.34484888446577,165.94273551899113
1284.2732281422989,688.3770141091369,47.94844628902685,168.79943698122761
1283.6492833367422,682.5984217983697,47.95287174486282,170.01118439998092
1281.2176921899795,685.8764440771502,48.6632691636017,169.72160907431214
1280.979866433031,684.0901240495731,49.354733701118235,170.01269745264887
1280.113063999073,686.7833855809456,49.32651030530013,173.76179629786628
1278.9621320193457,682.157866719072,49.436094978881414,176.5883115827561
1280.0052376387725,692.2507485711708,49.56503007415583,172.67492860049924
1276.217553503867,688.0789253503162,51.538492806925206,169.6801319267352
1277.6375462233045,682.9903757932389,52.987941063446875,167.06177581036206
1277.1754631623735,687.9406687867189,52.217706936247566,165.50586423879128
1277.4057273701699,690.2929852750706,52.3579881621545,160.21846704781478
1276.5766624571852,690.9859906379143,52.79217863370181,159.8344056012029
1272.3104334645554,693.0846676308577,52.88434791487261,164.134231988661
1266.6416403477365,688.8084561087811,54.78236520279589,159.11505796569898
1255.1022244829815,689.4335992382986,54.700880650117355,163.9561566254595
1243.8415728055988,689.4265731095993,55.832654435583414,164.5286071873726
1237.7721759905228,687.5579692094988,57.41541126374099,163.06472035608908
1222.5844692151218,684.1865845986092,58.88853095088956,157.9288947762987
1212.5009475217448,687.0982290133632,57.335334646134015,156.0454321452679
1206.2426346056702,686.8621226658684,55.139356024515706,154.80554842689298
1199.6056515836221,678.5060625072563,53.6288730237643,150.67702201181174
1196.859693351724,681.5370325909538,53.283725718320696,144.6541332455056
1191.8664385865927,680.2893121830692,51.63039367099259,140.2345135238304
1188.243658087866,677.8692733292862,50.00341658872234,141.7357754891055
1186.506256034529,676.4347244174727,50.205695815400134,140.39727182282735
1184.5859624560999,676.2538053092301,50.12411041947888,140.2652742393378
1183.3275761923835,675.5470529572121,49.116532620247064,142.116427620533
1182.9972330375842,671.6586378035853,49.141277717845114,141.61526607712773
1183.3031757044973,672.0017601896734,49.04291132197294,142.0090298227841
1183.3231347113217,670.0843570897771,48.22916985763872,141.09520739606424
1181.4245256393826,671.0189424364352,48.11996968607125,139.34315595619978
1179.6848415864483,668.6905041529366,47.580939327660445,137.7404063727219
1172.1767704153706,669.8226623442313,46.835940139015925,140.18179158549972
1161.0852725119337,668.0781597157306,46.83648993510032,138.45399091965305
1151.9045927129368,661.980141247299,45.79157485053845,140.55615253381598
1137.0539921664251,655.0504376025394,46.06244792570258,138.98658189143873
1120.9255556813632,662.7741181568615,46.13420153265352,136.5043187075765
1105.9468486767541,661.2756273854181,48.23087839377972,134.94669224698424
1095.7967252469734,654.5284682956253,47.27357363474991,136.42809580588792
1085.8117801138733,650.505146370858,47.27703707313662,138.7080739655329
1075.1618664045595,653.0188524420325,47.18545254615164,137.22933298895464
1067.4936982887743,649.2804304894878,46.871981181817716,136.67896987523204
1064.858306353095,648.0856464016014,47.07998525617222,135.56345677459893
1061.7943146452747,651.8942201250175,47.751902357268,134.77816265659152
1055.8453306428125,647.2610343697504,48.78241485093647,133.0186242703573
1054.874374276768,651.4890577664296,50.31279218148894,134.38886037207513
1051.960184934556,644.7895884862273,50.91970661482178,138.4031708412254
1049.5669184504545,649.6099189770614,52.59728047912593,139.91339700601
1048.4509214044713,647.6391426901092,54.14163967684141,142.24478381516133
1050.3243610086442,645.6322441503428,55.95111221922181,143.55622682226175
1050.7852813753934,645.4156557451855,56.74313556592264,143.50546348223477
1052.2412639592071,647.0877230030783,57.908581530478415,142.2153340947467
1052.7635302508406,642.8371431048452,59.52039024290656,144.50319856196916
1049.3281662008296,645.8326553360231,58.67809427273629,144.45863587571282
1053.4369864755715,641.8455041122119,57.827121305247395,145.30352549974828
1054.1022162657525,638.5919752130449,57.11031441719708,143.9436548098233
1053.230557770314,636.253693191251,54.65192383244704,139.13415870573817
1051.507181826349,637.4306395379903,52.58145884387822,135.93548256929517
1052.623710436866,640.0089949073413,50.391448486629656,133.1056384369479
1053.1706826612005,639.4070246864881,49.3316914107998,130.95177904968853
1052.923880515203,638.2608595625461,47.65978476433067,128.3158120399924
1055.6846101902029,637.091945338112,45.52985923603926,127.07445824372863
1054.1528026104397,636.6074391263512,45.44788849792192,125.97080722993624
1054.752916927379,636.2799803194154,44.507732783096756,124.89125308242885
1055.473346520277,637.0835307820716,43.663146038878864,124.39044264376142
1054.833421173658,637.3950740267991,43.9658559009964,122.73290420580813
1057.1253226837935,637.7340623081203,43.07394795606864,124.61796182797363
1056.22427696516,637.8951964615272,42.932875379130834,125.59769377005414
1057.1741480504222,636.8397514590481,42.36193688705803,126.27641851618263
1057.0282546135102,636.9197396340484,42.39267721349263,125.67894015309301
1057.8037479665252,634.3852971166314,42.31684412822972,124.26654232796955
1058.5411219790826,634.3328168726384,42.37659372402453,122.90318013365419
1058.46558670757,635.8913576375761,41.946286037112834,123.02625382342859
1059.0470402415108,633.9800707650999,41.49224615118372,123.57129868272736
1058.2826215626467,633.6831104682192,42.25871692101626,124.40692026054703
1059.8222389158852,631.1676688246204,42.432632921129134,124.60974837769257
1059.8334393891073,633.1527227011761,43.34513423038738,125.05010188906284
1060.7041328587795,632.6134280339691,43.96461983043494,126.9926000552104
1062.353698024965,633.0882999404483,44.1525810169285,129.74115652244265
1063.0953395074994,629.2529594274231,45.39516280363611,130.673826076021
1063.5607999369363,628.9494058821416,48.041401501638276,131.05409503435848
1064.0446468551693,630.5173267264385,48.247896997708686,133.17118207427734
1066.3499716622232,629.3657627093125,48.76869063942473,135.91356086501594
1067.607699524039,629.2808670502938,49.32486683916456,134.66953979558463
1067.382435347991,625.9866547891637,50.691564661517035,135.67074442423947
1068.2617794368734,628.8305738231993,50.93830926430833,133.99291076505057
1064.490567323376,629.1585783274938,50.715495661968895,132.87403257611678
1066.2575281267484,625.4041452154037,49.85591768534174,130.02998071112185
1068.5572317884378,626.5981213979593,47.85213117997486,126.76318026736269
1070.157486797259,626.8297591128999,46.84697743143034,125.30187024229795
1072.536554055371,625.3767032111384,45.27329780241778,125.35080531732459
1073.0391720515365,625.4816992355996,43.99711957921179,123.55347590223272
1073.3267329014623,626.8895611480091,43.01361946263115,121.41126138009291
1074.922432561637,625.1638154724795,42.013837345825586,119.6507867935447
1076.6253150916982,626.9974116412606,40.1682620991865,119.06915992326887
1078.017045049937,626.3058375614371,39.61646266740672,116.71743880085839
1079.1143934298261,626.9933954363366,38.76307875054418,115.9336028581697
1082.3209855225477,626.7320214715514,36.94702834726658,118.209493749227
1082.4397078160055,626.0953741743086,36.24459366890768,120.32443404879334
1082.667096413425,628.0471192944667,36.130213954165434,119.70376623093966
1083.4405337498674,626.446147113224,35.44195083267474,122.26859206609889
1083.7731357084008,626.7050891734551,36.78012956247848,124.45093260564134
1081.8866688133555,625.6037120225583,38.41008262291676,126.33891877554714
1079.568257843907,624.667794274313,39.98126730533617,124.8784725250701
1075.9823962119528,624.2717748265661,41.24824970632979,125.72175319159965
1072.1632931067384,622.0579052569005,42.59322916403538,126.18801710938689
1067.8712454297695,625.1775817418563,43.492269358389734,124.86939028977793
1061.7520015495963,624.5514758658344,43.75670899445061,124.48188980143237
1057.5133088629193,626.19481907584,44.639605588811015,123.18431140824356
1051.7160793740147,625.2492487321149,45.59739051464172,121.48545952247882
1050.3191618384428,625.7075558936302,45.92170650261099,119.46925663555706
1048.840845076092,627.204648657194,46.3510810954336,118.38649701387342
1046.8996503689254,627.8157114894747,47.08264191274894,118.82600463285334
1045.3538682961012,630.8111313669432,48.087971212738694,119.90549395374529
1041.6000777884935,629.1440335393726,50.38841312041292,120.89558491326561
1042.6121629664774,629.5343902158464,50.22591253676146,121.82152532540039
1044.9682232845207,629.9931935875189,49.261016697880336,124.51782101540859
1046.0522197839653,630.708588857686,49.894432093636645,125.99962501979263
1044.125742721289,631.2156755614079,50.48390781793046,127.53899780072813
1043.4184000888263,629.9791545222118,50.19091650026719,127.79871703778522
1044.8851399570776,630.896596965256,49.39310087230666,127.63675907966162
1046.5775360388811,632.0933536155392,48.968572373893,125.35679789650709
1046.8469076926012,632.608495035262,47.96149859382947,124.7632719999817
1047.6120290728982,632.8471950628584,46.51426485545141,125.23599026409033
1050.1108816614585,632.2763798455657,45.234556552417786,126.08592842345158
1051.6796973198038,632.8350157754966,45.101430497489936,125.78322533634199
1050.30644178375,632.6432854588758,45.59354548163127,123.43181415108302
1051.3819910571606,634.1726095314278,46.28174910891153,121.95762911101912
1050.1838799712236,635.3333582906585,46.81752256145393,120.41561572135336
1051.0002681252668,637.2413611673129,46.37140074685114,121.35626816164381
1050.8625007109115,637.1345012015596,46.21419784966404,120.40016136913138
1052.9627784874833,637.6023380741889,45.8523042825727,120.59187713154174
1052.073038150199,640.3918706840692,46.60819347034587,119.87594510669496
1051.3871696034387,638.4104275360585,46.23917050742297,119.09709429802744
1051.2627261433042,640.489275000414,46.277283279642745,117.8881544541697
1048.73686749429,643.0936373390109,46.60995441273781,116.75053782718437
1044.9324951214253,641.0375607684729,45.27097627983049,118.96978330241338
1044.638947940122,643.2983722021445,45.41667233955407,119.55837916891144
1035.318474614263,641.7022982351158,46.66042341277128,115.9470766249029
1029.7452830512398,642.7023433033179,47.41183329368366,115.13211007833803
1027.6964395450173,647.007965620511,47.38358770597618,115.7890602244633
1024.5701360079183,646.8259706852801,47.217980384631815,115.90956120360714
1020.0285449195198,646.9595208921604,47.40979668109633,116.998818536668
1017.5591032898947,647.776585184351,48.12349678744614,117.87632287717328
1016.8845155564588,646.1934554217846,47.54341851058139,119.20052012318197
1009.957458799535,646.8043893631065,46.86285222530319,120.38870340852154
1010.6232049177218,647.2536744247709,46.05119037849272,121.74333771423386
1010.4839854106833,645.925977681138,45.73815055839266,123.49281012042064
1010.56494407144,648.2365641707165,46.993636094247286,124.83897817087762
1009.5647536960147,647.912764425641,47.84748577461977,124.98842948799722
1010.6751328736092,649.8222820078136,47.933879252919894,125.06416399661464
1007.3919200660531,652.5303867306329,48.41102922749329,123.97250110943278
1006.5658783415125,650.0291436280041,49.855028618352414,123.21202105421659
1009.2987311152007,650.881019364165,49.009944250457266,126.23945646447478
1010.0874476157842,651.3579076623051,48.9350103931087,128.51492110702856
1011.0498435826225,649.8537816879605,49.18333878400934,128.8214485952855
1009.0110292180308,648.347185207552,50.97365741227369,127.58783930976008
1007.8456565487425,648.9931860862855,51.294255183632735,128.40177503258636
1009.1464083642481,648.8663713504833,51.576123814109344,126.9535243122226
1010.6553264633484,647.8685573869958,51.11591125070501,127.80225543780224
1008.2561167631077,648.3718507999073,51.9010313570348,126.28438127555029
1010.0616273526691,647.7906968724154,51.88967962057353,126.09355214009366
1009.0723656575339,650.6828604265593,51.933618824460275,122.77172872463733
1009.9160542758996,648.1449687667015,51.34609191732844,121.3829090156523
1001.6491988986427,655.3081465944946,53.030934846774855,119.02896755742628
1006.9598629806553,657.2746043058439,51.21151962380384,118.05412081530653
1012.4115756710274,656.0639886495338,49.17929703433504,117.35022315238537
1014.1677691762025,663.9436500681422,47.75265069094171,118.13910198590622
1016.2106362071379,663.6472218129186,46.56316177491314,122.88995828295143
1016.6752843157967,662.6056352523196,46.92810577801769,123.38023943708308
1016.8061274323186,663.6318121251546,46.91387627615488,124.7484515721761
1016.0633977004269,665.0909100809204,48.759475908793156,124.01481541399392
1014.9289487155255,663.5160504054644,47.938669812652925,126.40601801233214
1014.3795122122194,663.9613273937549,49.09620080074555,126.39565521348845
1014.173045284369,661.9400316320647,48.989119377345986,127.02248505258417
1005.0451967978483,661.3692790513642,52.646687645967596,122.31619738307216
1008.0328120033164,659.6548719449082,52.62162903429325,120.31981966185116
1009.3711851658826,658.9711182648472,51.03395229884675,120.58749090675192
1008.3207613800155,657.2024716384284,50.03410093866839,120.05791200897421
1006.052125784125,659.6888707801214,50.15967174265671,117.96992300078058
1006.0821936623836,659.6397145101962,49.38259409984231,116.1466709245519
1006.6831385279569,663.148512565783,48.76434308606866,114.20360399674205
1005.8023749676936,655.431046182721,48.00131970708796,114.73390933465785
1006.3801625800041,657.8402159935663,47.45045890354672,116.5530971907619
1006.5296732472226,655.1188369411869,46.395528673845696,119.97656358287436
1005.9005627036561,653.2196123740829,46.67261855443623,118.37980600828226
1009.6645089912364,653.3529577762561,44.56591263966293,121.63356217929619
1009.5505471462319,653.2160770448171,43.05101478215086,122.39457987019378
1010.0448479359567,648.7372666038802,43.44367601644291,122.49508148968629
1012.3741737838438,652.5370640386325,42.70870619736755,125.00658663136699
1010.7511764313631,643.415064839081,42.51984256132523,128.35986230653623
1009.6680982044742,645.7419129920107,42.91364259390398,126.66150225977161
1010.1733405697906,647.6666571380947,45.029673007517175,126.11632864500629
1010.4189511763108,644.2899695526839,46.58472806975551,124.05151068007976
1008.1108735992561,644.0803940719543,46.07851975831088,122.10081190486531
1007.9108455379808,644.3762778616505,45.984565923848024,120.03127347911837
1009.2003420382568,644.823611380194,45.580461945208796,120.13412428688531
1011.3853255454137,650.4150736466545,45.95780379888221,121.56654862128906
1011.0158239067873,645.7401679039504,45.2538044171928,122.12799656902308
1011.3475638156272,646.5643406231715,45.04965505437124,122.5158557288412
1010.4987338649757,647.6244490702239,45.496080846602496,120.71218121248872
1011.9454281369631,650.8973758450495,44.649322978615956,121.41140949537379
1011.9303367428619,650.4542058761409,44.84466722249793,121.34378897804643
1012.7607674197687,650.1198355764726,45.297873562595456,120.91538376715249
1010.9005569974028,649.5001572372129,45.7284594334504,121.00007078875329
1010.4797590259353,650.657305415052,46.00638983761809,119.15960485420993
1011.4684913875284,653.4395062542649,44.851328587428426,121.77965896908282
1010.489874024388,649.0215763652237,44.402430601313846,121.88795905869003
1009.2923384231435,644.4315968101132,44.388424114769734,120.32418151391033
1009.6824553357167,649.2256258490532,43.5509153374238,119.55676455738187
1009.4960454858777,645.649353541548,44.065943678606175,119.26049314026328
1009.6622567018975,648.1583541035081,43.82261995729854,118.25267398214785
1009.1703091979969,650.1320130756324,42.91840931162321,118.39558077305982
1007.6499411058,647.7435231636614,43.71632546921403,119.06847728016393
1009.6068858823238,649.4676460339729,43.28661300738135,120.16581145394161
1008.0557374065042,645.7710500564065,43.449130003475084,121.03478563571326
1009.3074270053103,651.729722728022,43.75493085857158,120.99373225704872
1006.8602262723788,644.2116092182648,44.09258892858203,123.43345764019358
1007.817332267344,647.1610277780555,44.808915103381025,123.39248955070482
1008.4462000553815,644.8509531498732,44.01114992321443,123.9576062527928
1010.0838718946552,643.8682366459531,43.981604835795295,124.1739174044979
1009.9770307928029,644.5544235127323,43.34792684853485,123.87973008043897
1010.6446761059195,643.1305341883082,43.549340464981626,123.11968726172586
1010.0226560236704,641.5548164456218,43.360649161793745,122.72181030379264
1009.0257473235527,641.84670465651,43.2021322169762,121.2579793493216
1008.4902767515201,642.3741097931899,42.55808391736788,120.00791176153311
1005.1887034350386,641.1269159278996,43.85335026272739,115.17029137114886
1005.2131023122998,643.4418267244756,42.840145519522395,112.29459718767134
1006.9307240089547,645.0975247414368,42.150486102716556,116.51783488143093
1004.4829598018914,642.5096086498332,42.68986127356909,115.8354396234628
1005.587771395747,646.3874291863476,42.47375679848312,117.18095688113205
1003.4994381895281,646.6603635696131,42.85667460754485,119.94968644001608
1002.3369027424385,646.1393587380514,43.94755986870175,118.40604692511876
998.0883110685133,649.0846940051241,44.3695658918725,119.38602248897249
997.1903180699306,646.3171554955651,44.817693739896654,119.92722545544096
998.5515009856989,648.4586572740908,44.22574229521615,120.77427943855398
993.0857888898196,650.5127991776842,44.87656428078998,120.17614685599497
985.5558317072666,653.9734876992018,47.745894307431485,119.06792252045372
990.0385078749271,655.2336776234472,48.00976642966974,118.23685364825968
989.1903165305107,651.1634179197387,47.599228811329475,118.86511301380492
989.3932449423723,654.7337946413485,47.43484392097888,117.68448344124411
984.3770978392163,656.9092990956254,47.341368201729495,116.35367642362479
984.4000746330208,654.1970821903304,46.12984958401131,116.87510594836937
984.1800735783261,654.2314910028069,44.86695676695484,116.93936410539519
977.2737437574228,656.8539219154871,47.226409404038165,114.48962088710167
979.2134887454515,656.3345747406238,47.01310874697049,116.07709976935547
979.3644364481928,656.3949924082664,46.67963148129698,117.43419399241432
976.1621286266392,659.5774725891952,47.41796154317282,119.54358199775739
967.6137220432294,661.0575685320289,51.28165494396224,119.93631516587064
970.6715451916874,662.5248581963006,52.25417156751868,120.05427109006315
968.3412508948377,665.5601153222678,52.19032288589064,122.18740167855655
970.16837750143,669.2660911260224,51.74626457053782,121.16803388762386
968.9105133212134,664.6337729260122,51.635830456508614,123.27233275853544
967.7183695111972,665.2675431922453,51.18889406099556,123.16138413938111
964.9595383426451,666.2780234426464,49.443940578743636,123.15108444645892
963.4126567127644,663.0052942237738,48.21753855167151,124.81160588404639
961.6224966315752,664.4236109124914,46.861523227405186,125.0342778900692
960.5714534057704,664.7613559885655,46.72542624558473,123.92903608498509
958.6766439138397,670.4542281885927,47.70832345913465,122.03570503592081
955.1777080409258,670.2296910847704,48.079975550870316,118.46397635903716
956.0294371913119,671.0219094537093,47.59427922839471,118.67775369391077
954.7135833189026,673.3095091693328,46.782873157189876,119.9491663716835
953.2343614834714,671.5409369663945,47.385363705066354,119.77024351956862
950.5667161083798,674.0670680102603,46.44153538461708,125.17604620621493
947.8394833286764,680.1801852258549,48.08246660558149,125.16965003915116
937.6416891555124,680.383378444529,51.82374143679146,128.57033333367977
938.7927213344173,682.3206239998111,55.038766838944426,128.86237814365694
940.2288202380333,688.5447732644041,57.46563272383637,129.5194711604862
942.9093315389606,686.1678325621928,58.8044295613325,129.83429630575418
957.9345940025878,687.2465975749225,62.313185646026454,128.20777191184112
972.7577260035389,692.5459444193715,64.78029760919972,125.81227422571087
992.9360800864931,691.3428228973602,66.18760667188278,125.44152300696572
1011.4991303126603,693.1736399156665,68.22262209516194,124.94644382004081
1029.8848788570024,694.3841840969773,66.74887109156906,126.75598042255584
1050.7570374529494,701.6401118115479,68.245647538137,125.07586773985813
1070.6563558093753,700.7780317914443,65.78993058640349,127.19562127586033
1085.7983022908738,699.7713747867699,64.8481584376548,127.53745538818646
1098.2861505066812,704.9572691003464,63.35692862309462,127.64905237305513
1105.7691874713098,707.4135012764433,62.177333164194735,129.83535822254007
1108.6857151964027,710.6113740853647,62.0001492089856,127.7390744803794
1113.0077580076118,716.7145084005418,59.92628132463947,125.11004211684681
1118.2119731022603,722.0466709582945,59.834639791213235,131.27232164041558
1128.376213654364,720.2847026646605,59.75467817759319,129.14251396632716
1122.856248783025,732.0664471050624,60.19162195404347,126.85764242355452
1121.4587533307113,732.3582451891631,59.56901515386059,131.41702820831645
1122.4491922589878,727.2649037294416,59.24636693370581,135.38512955131011
1121.9193145142758,731.1361574921048,59.15894783433105,136.49312765584966
1122.0395443833331,733.1982683518959,59.83296546422345,135.84247856088146
1119.717194328441,729.6554673153111,61.51912590769899,135.61207622877913
1118.8860811968577,727.6967387603383,62.42746231453799,136.89949267793892
1124.5337425361186,731.5966395799189,61.16990191649221,136.30303018560994
1125.580882714895,731.7037810975385,64.06221095080609,135.3264938613325
1127.0556413721565,730.5239300111388,65.13740756019034,135.47360320736874
1129.4557604438835,727.6355096878826,66.73614760668487,136.89499725076132
1132.2977394506481,731.9026102144059,69.27184053813983,136.6737627133094
1143.667925819894,735.0186113256809,70.24169060027381,136.19288014199134
1144.590401817721,734.8382231558276,67.83840382363502,138.16550075385672
1132.121318672208,737.4137592802339,73.32073897082199,136.50401032360156
1120.634560939251,732.3840413228693,73.93414193110394,138.60024764469824
1122.9600195064422,737.5424202196557,74.72288949170775,137.86370697298173
1123.7581832536027,735.6170713299516,75.32597543446384,136.51259997660338
1124.6283011969203,735.2215240304171,74.36535218156837,135.20789967422658
1126.258961444573,740.2985626753645,74.84408010206634,131.49876110995635
1129.4974589182045,734.0077091055406,75.73414199059353,131.85786015638516
1143.0372052286061,728.1310417284483,74.8216773938357,132.93689980151674
1144.4385158439568,724.0679452809874,72.69902947698884,134.90182165148485
1143.9055685869823,721.0417926629012,71.05950340182319,136.87759249528787
1145.046478659919,722.4630544780385,71.95489215410643,136.98003145716967
1148.3302115394927,720.2848734510625,71.2010835453923,137.7380254092702
1147.4972480597362,723.3183206566423,70.47860922644566,134.28323288271204
1147.223530003845,725.7541126548323,70.72634061734287,132.48406653328544
1150.966625612931,726.0671493385253,70.11832419108481,131.3115288384521
1150.9329689212339,729.1073730818082,68.59893614108226,131.8760448788006
1156.1133048120057,729.3638787138036,69.60265474143354,129.2131247818176
1155.092226181303,724.8125854203944,68.91082524812046,130.75524579708548
1160.5843171058275,720.5606124471558,69.07883624342841,133.13853965747876
1154.1777543532942,725.209890425175,70.88507765091816,134.10543373674398
1154.6535813595624,730.9821603912142,76.53876268962077,129.4544062682146
1144.6028268694063,728.4936089273665,78.49912275749797,128.92933261651328
1154.682549403,727.504381633044,82.04858975762012,127.86613441894943
1153.4815144428894,729.2113819752685,84.8528574551198,126.45148065566974
1144.984144829565,732.2299671776371,87.64359667549445,123.78508600605157
1144.1780654563916,737.8469597679681,91.02671148651066,118.96839235865451
1144.1961812245322,746.3855118995541,99.58556033009303,110.48036119087851
1145.2479182578165,754.0282007449281,107.18356093782714,102.44929508344221
1147.4977444304402,746.6219157638131,109.20555453237228,101.87695569808464
1148.6859206810022,733.1684833870294,105.27439648655361,106.77501446458157
1147.4595280812725,732.0684272185509,103.87284047951755,109.48161237564128
1156.0427633091838,723.0755420117723,97.18206039633722,118.95318840781127
1153.7774667920862,727.7159524359992,96.9884277328612,120.06179520334928
1151.417568097972,740.2932221381459,102.07624041866555,115.79020990278667
1135.7175311743129,754.1651499202798,106.24572032649905,107.56469274165025
1139.0662082209753,754.4205154284512,106.86897876451499,105.0826769553859
1139.4595330096427,753.9839024761367,108.07738498918852,103.21218545932435
1137.1705958050793,751.4783546467861,105.59664642665051,104.56441620924049
1119.7361441268738,743.726898247735,96.09218332611213,110.67187179531771
1128.6193583549202,759.0511309203849,96.93000179672165,105.74111784841412
1107.9926689451524,741.9662309609353,87.40297023884338,110.40648686969455
1128.5706503906506,751.5055589727419,87.02157063512239,108.70364658051187
1157.6190349089238,745.1468303904694,91.15274648910865,107.05013626084279
1173.3705256824624,753.5268885913212,96.6798068341473,103.37488939715185
1158.5136642274394,757.4682280032785,100.5217928575345,101.09496115478909
1181.98271383557,760.074393081461,107.73038025025825,96.54500092002924
1161.9269436934696,765.6241563623206,118.99092470991127,91.3881621228994
1157.9448662011193,770.774222441778,130.9914017007929,86.82855691973347
1154.5038678317585,772.8437353056833,137.59088399725493,84.25898861199859
1149.910417457436,771.3272251004842,141.78427065829453,83.52047970757108
1149.6872482674764,767.989882011043,142.20003524248784,85.21004004454105
1150.1850999506648,770.5276197767255,149.38630722557662,82.9041253912649
1149.1298455963797,772.9173165489115,153.59438055601396,81.97164463310325
1144.0703450935416,770.6056717086618,153.25591775950716,82.8511152484446
1142.000988687693,764.6304068959734,152.11570540373233,85.0351855546297
1145.3472747648088,771.2349029928668,155.82774922252494,83.45809364162736
1139.3142024262597,763.0795193438207,155.20095754758435,84.3141047004982
1137.983999280325,758.4260380531935,147.42198379493198,88.11393061973183
1141.2451922013176,759.0802969690767,146.80257978497235,88.1315081559453
1138.509675516619,752.4954388983134,145.61768884443464,86.9032812104846
1119.4311525021637,742.3313040002596,133.25168559448818,90.5518863605287
1111.507248879639,743.9625273514853,129.60284530174113,91.35225140039594
1119.802256323334,741.2689914288316,123.2864524513442,92.77625300170929
1124.1072561162748,742.2484917244952,114.50108097944343,93.00373651901836
1126.6547791570915,744.5393332620563,110.18042205820602,92.21161796300957
1126.1597580073408,743.8411563185681,109.48561610355463,90.17989011240272
1122.9321549322424,734.0322335891796,97.4102768659103,96.11388823903118
1131.565327113625,742.6831825540005,94.88950560373947,94.24114295580782
1126.941428674001,741.7954527402075,86.10572790768191,92.08292998391047
1131.8183069612064,738.8053451446012,74.81784686309729,94.63797811393258
1139.8629435212831,747.2129569444118,74.97071263879097,90.14400234038189
1137.6384559040798,743.2501304508983,69.0573686862604,88.2931486640015
1142.449046363471,739.819036195629,64.74241766898024,86.82828340637494
1146.6037888292562,747.0657006733322,67.12120973182589,83.48399165712864
1142.4574134149755,746.4667258090572,70.26584188738633,79.78359280488877
1143.0085396340226,748.5938897957972,73.70899245480425,76.84846514126423
1154.8553737357572,747.3880992877054,81.13453107310474,72.10351190239243
1155.4824759075418,747.4197448224579,86.07641727380974,68.27300381823156
1149.3961683672321,745.5463609579208,88.15401872726416,67.42955341460731
1091.5894296881247,737.7849315050652,81.52771536881008,70.34364457603208
1082.9646078066605,726.1437298551132,73.10962057274517,76.70373801188754
1092.8173255586453,728.858133966781,70.20960154598357,78.51131902979796
1096.8218727481296,721.2806293137558,65.32135120971253,85.2560870848283
1097.5114379261215,731.050348612542,66.3171478809853,81.94220217964462
1095.9023823109383,724.6563906926563,64.49992282872418,82.11029200808022
1096.4534631174236,725.1403296271384,63.21455391032579,81.91606257091844
1102.6167363779896,731.1618917006417,64.9082922581501,79.02854299572081
1101.4665266107759,732.7439293712474,65.90198028919819,75.62688108985512
1101.519861633269,732.0988325740063,66.19592686391042,74.07936867144838
1094.2142219524467,712.7203672256969,60.97163152433,81.94940111549262
1100.7128775392036,717.606143392852,62.4331334852658,81.74501827223253
1097.0043465379165,707.4884169128724,59.87701431278144,86.10641799105878
1096.189745864867,708.9676096853482,58.320009972104216,86.1216704048334
1093.9472844877116,700.7656045655642,54.18432175999718,90.00195126077969
1102.0476718771242,707.5258797432222,56.48156709551135,86.16097127440645
1092.4295574820537,686.5794566604965,49.91787657099519,95.45886942284201
1096.7414683140044,686.6702358772433,46.72188765423333,100.68025251348436
1097.5936659876575,682.1318645647976,44.31142412349784,105.51417447748082
1100.7607495097466,686.3512462320834,45.710600386228585,105.06616213592537
1102.3974281089527,688.7532710624355,47.00340454509238,102.56859010764973
1099.2688800650724,684.6218242708959,46.34146990531447,106.43118588175042
1104.4643689116567,690.9866364174023,49.14364548421203,103.03008056936523
1104.4249280062531,699.9894706677123,54.201305962043236,94.5983986657867
1100.438971918344,684.6162098635282,50.73951297760797,102.70974298544377
1105.3640772911467,695.1792505524339,52.375751825266406,100.04667656995761
1105.6399195609756,693.4798736760332,57.24056873267696,94.7183067930464
1096.0649061922245,683.9842178922179,52.936057900898874,98.73335721392333
1102.9022132564994,686.1901810427597,52.07296156410071,99.29262367867054
1103.3854125758794,684.3309214631984,53.511956902493466,100.25939131313137
1101.4653717210033,681.7461775799619,54.17718862163664,100.68776245604296
1099.04951903236,680.7377427379115,52.04277154652064,101.52824402068154
1105.296907244175,683.9246804983848,53.34143900402101,99.65380487573455
1103.7993037046137,687.0673867066745,54.00275045613553,97.61805329654686
1102.0102209605056,681.0029540581719,51.64525735939249,99.42121298776738
1100.4063836680198,680.3282561371618,50.77324028779152,101.45847185462668
1103.8889290161987,677.0519671245646,49.67754036161696,104.34037469165199
1102.5246560276348,681.1180435443515,48.77175587366452,103.88109033760121
1111.043891174221,688.6605657604531,52.717473019857344,98.62999090567843
1105.3242105839863,682.8928105283425,51.54150130477931,100.7500677115018
1103.0015119867844,685.2349575854638,54.31143864098725,99.99913815699907
1100.9749109483441,679.8828680759144,53.80844218153594,103.70168440893184
1103.15392409323,675.5015264749194,52.68924701540723,105.05472099859266
1101.2006585796332,675.550816543865,51.340302254428906,105.6964498664083
1098.4159312751594,671.0140413730476,49.71551361213969,107.66005143785988
1102.5171108898292,671.4872891428306,49.19489193925145,107.22639516325128
1107.4744881882896,675.6789868689245,53.57556823871394,102.86949305532494
1101.6872742812352,671.9653441721284,54.92272730167518,102.34605440819311
1097.9798277281143,669.3954047036422,51.18356111698583,103.98474699741024
1102.266601463868,673.7285607570708,51.89079802056267,101.97253945634333
1103.4350578768506,669.8919238434934,51.393730138815414,102.61454649190509
1104.987878541575,669.3199511842374,52.58556575702616,101.0780425602394
1099.6223464013206,670.6001684167236,50.357415486843585,101.87850490908731
1101.2721275620452,669.2782070032549,48.303922210322696,104.28191063390354
1102.6849497836306,669.9431368464471,48.80086244656729,103.47047541306071
1100.160927224061,667.7693469950841,46.63540154541752,103.48917489453049
1102.0561957563834,669.4968730565124,44.680845689989745,101.32358280166034
1103.9502879312124,668.4667026572653,44.4017537784746,100.43197924245416
1105.6078179747954,674.7019162706683,45.37117269014655,97.5145881853042
1106.2232558352532,673.0359608427667,44.90655697501779,97.58030503230614
1105.5388399763792,671.5396378349564,44.975381154955436,97.77703125974912
1110.2003349799518,685.3100578552709,48.78027554147947,90.20236594749207
1105.162654366264,671.9481473634794,45.417140071636,92.0442677356578
1107.2280011716218,672.7596790164279,44.80145561280172,94.56583715069272
1106.8091637282187,667.7064424404706,45.325973495661174,95.97920796199871
1106.5979938605706,665.8696750153091,45.92820861449045,95.63061408427733
1105.883692997222,663.9057291576312,45.48239960429589,96.64662220182251
1103.9743696973715,661.6716014212766,46.016108400239204,97.74327256526514
1104.0050255327235,663.2008515991995,44.88285132777856,98.33189480763721
1102.9231144890202,661.8704356726158,45.87851083157541,99.32033856572681
1102.5167441298277,661.96188136048,46.488618715653146,98.40083395810188
1106.2499647831214,661.0271038979645,43.711745014062785,100.3615835069611
1107.574574746421,661.455300979965,44.85125650881122,100.31200504582962
1107.626791678621,662.4125627624593,44.91884962070171,99.72606978442536
1108.4561556684303,662.7583005384104,46.58545314014441,100.38610552944945
1102.8517719515294,663.6247596986257,47.23246192141987,99.53242941424503
1102.77761095628,659.2066149348243,47.55605196633174,100.04533319050049
1102.0319787826852,662.4338563354676,48.07730985144276,101.52545115653552
1102.2546191481679,658.8714188846084,47.769088428575486,102.67564644429491
1104.4176368863548,661.5834009629772,49.29731769039138,101.7329281540539
1103.902996348612,661.180055498987,49.83636481214879,101.60514083396822
1105.7989275991954,660.1904419351426,47.448256604199855,104.07185631819294
1108.3838798317774,662.3190646846551,50.248461046997775,99.34058538919626
1103.8653617945567,659.1385457487396,47.324036798961316,97.75189348540621
1108.9319231341574,670.8234455841159,51.42992232181045,92.8427991568115
1102.0867945380621,661.4911960736795,48.8410944745042,93.94249431470969
1101.9413402408745,661.9529325877875,47.32504664708682,98.03723888486604
1102.0948764010905,660.8049452106363,45.89330606101552,100.28326000669935
1101.4427958032825,662.5812648010387,44.876980891764845,100.3203459180681
1101.3984186521695,663.5381909302736,43.077608636834164,100.06430115446337
1101.4056308732136,664.1414509443296,42.673506249834276,101.94738288628729
1100.431218766352,664.705482460999,41.44976671614538,102.56651790489408
1101.3957668676994,664.0522315736912,41.59595753154197,101.28391763006523
1103.1032811317884,660.1322660848917,41.62841106407561,100.77123956715907
1102.3135696183558,662.2548681465753,41.35004269643363,101.5660296538935
1101.894333092155,658.8676500147042,41.78761425246185,102.54211948401004
1104.1610707991067,658.5727177308192,42.62736044778554,103.914654871047
1099.175994117231,658.3682998911906,43.24707468777077,105.39469687541802
1100.322724990934,658.3447318710006,45.915982923912644,103.99473696995318
1103.5271417166132,657.5255162165854,46.056108249989975,105.65928498627758
1103.6527597109546,658.621105155379,48.61087622596965,104.50949590121375
1102.5180150327274,660.5744853400084,48.14604835095538,105.157287051189
1096.4433831947824,659.71026828473,48.97622742410202,102.72793615872573
1100.7278366426456,659.0544268943842,49.033501948994854,102.52577777472837
1102.0591350301136,660.7139106833979,49.44577529431385,99.8805369151554
1102.4594161773337,661.7386373558064,48.312987348663526,99.4488605544384
1099.0152896098232,662.3488713799102,47.45472172183791,99.96986831667743
1100.6794965208908,662.962019167314,47.20274542105653,102.75189856519904
1100.605149888948,661.8502316733621,47.23892783213204,103.15053503849781
1101.7127414439449,663.3872891589526,47.609522941904814,101.69351708212105
1095.4811515520696,661.7216571342071,48.441339720350754,102.46918632268819
1098.1325472257147,663.3790614763623,48.62837428451157,103.63806143163745
1099.2855814658317,664.1243379626305,49.62739108448037,100.45393714156728
1099.854511851601,667.2946644252238,51.12933279888587,98.45721153189912
1104.2112366143717,665.3535337359486,52.218976327920274,96.79355401665812
1101.3114989117817,666.9813784847117,53.05691570839949,94.67895487361933
1096.4746978064277,657.9240512040085,51.65244796948864,96.82517515858319
