962.5,673.5,32,89
961.4022053263867,673.6626373526427,32.99641979001033,87.42376455285873
962.074199559384,674.7559547668614,33.36934468498473,89.08786580101805
959.2533837311607,673.9218274735105,33.54889038714655,89.57562224624844
956.3719076533422,673.6624050816149,35.57614876535021,89.85857138795123
956.3584824355036,669.2426826300384,37.72665271265738,85.93410928088011
956.0715337472379,671.3743063632132,37.42483090907171,86.58446561429648
955.1205402908066,672.937679444672,36.66818106422207,88.26427435184672
956.0043082982921,669.3802255079203,36.85872372290416,88.89910196781872
955.4971238534255,669.9373448408634,36.99649654229853,88.65642220719847
952.391208967859,668.1320687645389,36.954296581502575,88.4144484453747
951.51192210876,665.4343546768655,38.13121874556521,87.6299080970924
951.5001387742161,665.2903806153876,37.22462828207331,89.58664178424264
951.2084625765666,663.5619631795948,37.62320143656338,90.76720988966846
950.3800736602732,663.8514485255406,37.524947198698726,89.08432644016008
951.074739357499,667.3441732221848,37.21368384503066,89.25805649418228
950.2450615460536,665.9880776402783,37.74297165505534,90.47276337919078
948.1397687342785,660.4011700397297,38.38896009786706,91.14349784348738
949.5916203725008,666.4502594022298,37.102146495904414,90.00840364046536
944.6935688208292,660.333728604831,38.01705224289283,88.21440100694204
946.7014852322851,661.1906348631453,39.9064615224444,86.59979581891227
946.5819308761571,655.901778182657,39.85801558321448,87.15726359220918
945.2206179647918,658.2305616128109,39.173602038212124,87.21594241090195
945.4639736035339,660.550698350212,38.46388141915223,87.77519862823945
944.4315498657608,660.0731319346748,39.808669207359706,88.05613222493216
941.4508252185736,659.4242370003388,39.37004352591234,89.17455513327853
941.5911107450198,656.6666084681424,37.896865579611514,89.79913622735994
942.4074446979521,656.0528972297167,37.78144065317068,90.87634752188663
941.42383738722,656.1122428302332,37.41723564083392,87.67230030076551
943.9254396938652,661.2841281693588,37.05689680554781,86.89733476336934
946.3911093238588,658.786314921691,37.972134030492015,84.25793309838477
942.0478179664638,658.6023386042344,37.10352131380099,83.61405939475358
943.817598085266,657.0188723023709,37.80135180495128,85.49460581963706
941.3182132391423,658.7960882939949,38.788163974693965,84.92876933627407
941.6160814840334,659.760004704543,39.73578405617636,85.63534676462572
940.3458414507857,660.6740194950979,40.2713037528177,85.14399691957489
938.1270010906999,657.107574943483,40.92507154957734,83.95286949164668
938.7228850163781,657.7289134521957,40.994997577535216,84.71013863728251
936.2695768434487,650.3316868808461,41.07001510090386,86.36776737622473
937.1562150904115,657.3791275251457,42.75985146199909,83.77342683450664
933.7592299066021,653.7163115394898,43.30600948454095,85.09474331407955
931.5098934540434,647.575208495248,40.51042409683227,88.82623386536
932.0619984060478,651.9386853321793,40.4942622716848,87.39408116058794
932.9563276573696,648.8486469019782,41.79873122911567,88.78948899002017
932.1843442258531,654.1901557853291,41.518304951118445,90.33154145113096
931.2991440398445,645.7748825306425,42.826639977108655,91.94391496052023
932.1416412203326,651.9959666541077,45.340362944517935,91.63174914376575
927.5151398373068,650.0319165412042,46.74387906978002,91.08610817475005
926.2435422956875,638.6535815363026,46.28649084345447,94.44214395636729
927.1170823160111,652.9629481127294,45.88391005176142,95.88560763418064
922.6795040484424,640.359419079279,45.535328809368146,100.78943840503445
923.5887653268697,647.9236330774885,44.463220539410216,100.3717773922285
919.8804087679187,635.8991845280977,43.35161085217861,105.43442635849179
920.9508902455559,636.5394833895281,44.27019377849362,106.89158976712588
918.9008479355275,632.4985172049286,45.27264103473492,107.67311087829499
916.8200467274269,636.709775911018,44.926343472741294,110.86112908077772
916.5943727923847,637.1411239421229,46.24320229531831,112.65657199332253
916.5026236891749,633.821764932055,47.818040793708974,113.2734673665875
916.3201236828394,637.8203940988374,50.612661439449134,110.42130028322046
915.1239102399829,638.2719101078678,51.62650060837315,109.18143916555238
908.9273231576808,633.2688813950964,51.10716834551769,110.80379449696905
906.6857394115623,640.3202458690499,56.78367754506297,104.08069296143921
895.5428540093689,642.4350996152056,60.18759142977299,99.91166929853301
888.4920738437335,645.1336837483469,57.586015115100786,103.47787792669439
876.5745995650182,641.2189949616728,58.30642768146757,103.26540321474295
869.1775259454434,643.4128712429323,59.277603036020125,99.78766790405058
857.349878947974,641.918594546148,56.68958548331091,101.36445585216822
852.4416591020888,645.8180230993063,55.67128311813522,100.84301009369847
848.0166511348782,644.5882392449769,52.10776370749578,106.2538182019573
841.3196164772397,638.3247494709273,50.48155833742723,108.7015982713381
835.2113144089917,642.1549678388527,49.547017887295624,108.35269903471001
831.420339893175,646.4785452035289,47.55239450763661,111.83162188135884
829.4736937331173,638.4499181685696,46.968493078199586,115.54937718112737
825.0275068777762,643.8243610543097,49.145519167175856,113.39133589509618
821.7323855486015,647.0870963211784,49.68838137095469,110.84515606723649
819.0387459427997,648.175200776755,49.24949636981889,109.09805810636279
819.4530698862247,648.4977219420866,50.25032204579135,106.90947284316347
819.5572371567341,654.8131906605227,50.005619025017054,106.20957446379636
817.4285506567617,646.9525738482929,48.075476196966896,109.0009664040453
816.1795281612656,650.4483373535072,48.54868218370011,109.18476571456591
813.9982247835724,645.3146935912415,48.62785864473187,110.9577573075822
812.600742746273,647.9629077274477,50.07504422876326,105.15633315049914
805.6097499696699,644.6898383602594,52.03691417598271,98.7493515994764
795.8671089075973,639.4677330407297,53.62742805701433,93.06633390551222
781.3403873334536,606.0337694931843,51.85675786617298,93.52054762212455
761.3906278858541,598.6490439592003,52.84786172210253,89.58523341253039
744.9438435586086,598.6830134612251,50.26270042943959,89.01216551431557
731.4267640332888,600.6334831469997,49.200389624445194,86.7615950229457
718.2263660438372,604.7936933927691,48.368381059378834,83.1674125772729
711.065421563062,604.5034168840656,46.094819168018944,82.89554946982761
706.7249347144541,610.5370896342403,42.391902354923644,82.53009934703033
702.4430647749349,614.8354022458755,38.517700526696814,82.34499546983241
699.6275029219457,615.6827844050403,34.26677781855451,82.88018794157645
693.575946145728,617.4268180782753,33.96903014486457,81.2627305680929
691.0364638979223,618.0948785507534,32.09635633621481,83.12950978184355
686.9953751273617,618.0308872959458,32.25689842098069,81.98370310193853
685.864962345309,621.3663563885574,31.611740621672503,81.04992417754735
684.7112525838178,622.844986113003,30.2605191587975,85.56897613215372
685.7670922432359,620.4039631841648,29.683421172094008,85.50531326712007
689.0730985563764,623.2666868189542,29.26908644822652,86.07476233078162
698.2683655387606,622.1348609296753,28.8608501175748,85.82302208722871
708.1890617405433,622.140252202854,28.82067630154637,84.89851933598382
723.0907267046512,624.1015735817762,30.41884274066073,79.9933188928444
741.1702194101648,621.8349687809091,30.223772472525994,78.13314553158042
757.6559247872439,622.6675526571826,30.041792116800792,78.51404816474749
767.817097445669,625.0748670690377,32.19325459214201,77.94988623617155
784.6002103886846,621.6745876123512,31.560782110978916,77.6608196551175
795.5690175096744,623.1354353147757,29.977342788510192,78.35628120389039
801.8321685162873,622.0625124357508,30.172727257983535,78.37856617745578
807.2685558598739,623.3113595781036,30.16095060679201,77.5461069038792
811.9854194854537,623.3327587995391,30.76008586926708,76.96860799148277
814.8115381813121,622.1448485684772,30.27061108407976,76.87525422101061
818.8322517915628,625.3008680278788,30.024810494689717,76.91369448430385
817.9502726528946,624.209850233219,29.61929826057144,75.75398631358632
819.4409113365098,627.342987012031,28.495119427107554,77.60761400019621
819.8112387404092,624.2826828315428,28.6110367017289,77.19095188484783
818.3153852619768,624.1732992900629,29.627255747792084,74.90527262397734
818.9979219086604,626.8765326885776,29.02312715536705,74.96757916664984
817.4623654447347,627.5963646226953,29.278879390378933,74.24187561123371
816.8296283669205,628.5325060315897,29.054670724279553,73.84461995206138
815.0980716148407,630.2697527582465,29.30858087167225,72.35550760333207
813.4199047864811,630.2732443668965,29.703268204623093,72.19705097428283
813.0810475601544,631.2795949020289,29.588962466932376,72.05601228085021
812.9210066269183,631.8802119640118,29.213496256809986,71.87061346914771
809.9701935851743,633.2005707251197,28.391493764555015,73.06868225197218
809.1079357732862,633.0241969174888,29.059883595521875,71.89091759882857
807.8406659037029,634.1875461790341,28.67207635373513,72.20299854714975
806.9497960830058,635.0613856536854,28.07349728348362,73.09997549549855
808.7407391202674,637.7831712339216,27.46943903081951,72.37956940602422
810.6753850329665,636.6677050266072,26.907082817777166,71.91004612421443
816.4010378974725,638.3945882359578,27.01941675310149,71.37847885261954
821.5072312404947,638.3538361240979,27.12484083274593,72.55217117086949
828.3074070541971,639.2225950050205,27.172278339889466,72.71460357640504
835.5966710803363,640.2481883944279,27.020608709741367,73.01179259823472
841.3659554139684,641.9691961777507,27.60568493134226,71.8056867332638
846.4883994337339,642.395113930771,28.707950902471005,70.87517633812506
849.3046424296186,643.2396077524985,29.16884748344895,71.8897992458708
850.7070365982187,645.0007407913996,31.659470605105795,70.7930369594081
851.2326534589972,645.5078766990471,32.87623274398129,71.90943907243312
854.2274309636836,646.1573339217491,32.541431466018444,72.82513881228842
854.447056596063,645.6764074750778,33.21700981626314,73.55445549508639
854.2125599175937,645.0567131012758,33.830424763609145,74.91898390130338
853.7250973007823,644.8982428734245,33.21436467480132,75.53532020761983
852.485263207392,644.3386554572882,32.021682502345044,75.99782224943355
851.9377812724052,644.5529598031992,31.449559891916074,77.4024959748608
850.7504031664199,645.0342739780322,30.248160610847826,78.02529327663432
850.1541863138127,644.871080233236,30.723227138521146,78.897263196891
845.5614118268961,644.6257994208123,30.650405596876727,78.66108751110103
845.3302597903471,645.613255169429,31.14696828630968,78.40758900135066
843.887645025948,645.4387059864384,31.53660984126894,77.60861031656272
842.0944615768631,645.4632668409425,31.522620138384987,78.46780982745268
841.2414518698179,647.5441303234154,32.49884148640782,77.35280698095369
837.7173982096454,647.7258562549496,32.85286898899764,77.58040830510254
836.9966356124535,650.1124259639358,32.97910966719098,77.1966721792177
835.5600473202006,650.4718480300849,33.59590688824549,76.63421727519687
832.5308517646972,655.6655788602637,34.370378307384996,75.68732277453202
831.6386324503253,655.6878926263571,34.201774749506356,75.67345122416651
829.4206337833443,657.5130358622481,34.4845706103565,75.71664918363514
828.6539262535665,655.5819556463932,34.16810846802609,77.64187535189046
827.7789161326897,655.4942919259125,33.91674869841542,77.59997283988885
829.1644480438146,656.7330966410025,33.95578076537289,78.13730127074552
831.2723198906333,657.091306234337,33.95038721804171,77.4757101539825
836.326091467018,658.0628748916961,33.80889069816417,75.91786328240664
839.815476260087,658.4540885852899,33.363066021085665,75.2144284998605
845.9306060196667,660.544560400495,33.41353591460898,73.8037661504271
849.6982780415588,660.2223072023837,32.9957649137923,74.21955809320495
855.3174049917103,660.0400926602944,31.88723970094463,74.00463762425892
857.153878069296,661.5909286372087,31.505761544740153,73.71189387805214
857.3873852168648,662.8540665682268,32.32917003375541,72.43289212577312
859.6175333517991,663.5998862801523,32.561586761906625,71.7053742513515
859.9060607406337,665.6805584448392,32.45149840388693,70.83263939426085
857.1296730205618,663.2717845297459,33.17077703198234,70.90797853476737
856.5570633373379,665.7589374816346,35.083208995834084,70.41694481200332
854.4085371777251,664.2582702627838,35.73058897755692,71.93422557429626
855.5936855764551,664.7321462260577,34.72796251063005,73.25202765309717
854.3319823237692,666.8933552166969,34.09659584075044,72.44776520882138
852.0503770333638,664.7341774989596,33.218572243923745,72.39779240314921
850.7504979319672,667.1361814070035,32.53699002606777,72.09371451517967
846.9639955452406,666.5948086895655,33.917064380170146,71.93867780318845
845.0284877693728,666.2323060823719,33.715810926258705,73.37660765482326
844.1131517792245,669.2759979871981,34.189322791584146,72.5817155383651
838.6182806189961,664.8231820394326,35.747819923712186,73.11125133243142
839.7780966158205,668.8658472726615,34.71224676274153,73.88042533352338
835.3702087508534,666.3341769725834,35.85816305338244,75.06055027725955
835.8909033655698,667.3255552494437,35.651004844038994,76.0263160455818
833.7542152482893,666.9987464571334,36.27829959245783,76.34661333410882
833.2016347309507,668.1437520847799,35.37501884349476,75.23724456295761
832.1022527891352,672.2770214754017,34.91130812588516,72.6457934922098
832.0523067131793,678.8179392687812,34.333871396178814,69.00419987187126
829.5772381460795,678.596198917004,33.49184066628731,68.28134215966945
829.2051642385936,679.0532607847499,33.44426447761885,64.71014786780097
828.9987257827314,687.6710388024978,33.19386000089925,66.81667550483803
825.6391571542222,681.6780981465271,33.248371167999935,66.41051687111624
823.1118267793299,684.9193753386236,33.79560602047641,66.41007356525863
819.7639674449933,685.569834541565,33.94931198781005,68.80444568228269
819.0504612458355,683.5183795408913,34.52144768311294,69.78509572376944
818.4839249635312,685.7904668661279,33.03983135088258,69.65774336396993
818.1886140180345,682.8264345987436,32.38635200974435,71.49611343335138
821.1321559495866,682.6132787535827,32.43689667559397,71.31693138699178
828.0870841918862,680.2300603750771,31.90425369210059,71.13868317469559
838.8852440400391,678.6004147631863,32.04330622103122,70.09315747665258
855.6420215161419,680.5510490338722,32.097886787844246,69.2495873514817
874.026059766081,674.1302067738787,33.058707566568145,68.4844055289703
897.2924275991091,679.7969929335854,33.3236842133676,67.71317406343151
926.5200776661094,678.1076426506878,35.01556850309272,67.21632964416693
958.3203749068264,671.9801050665529,36.160463620108615,68.53596384174396
992.4499091980665,673.5524231947577,37.64629871531854,67.1210743912697
1030.7149896936444,667.6112200585096,36.0857094493398,70.22871558519164
1069.1330601715122,669.2908130669557,34.46198287004722,70.39408613114762
1101.7219025361542,671.1735526597491,34.247697286229936,71.7170514604387
1126.1860069710567,665.8179533009276,33.276701808106004,75.54315940979657
1148.6851421646134,672.501299199952,35.286223208349625,74.84766595536951
1171.7216579683152,665.8029883919477,35.719124533406706,76.60636223367578
1184.7574999503383,667.2273126995983,34.6728183178916,76.13332424301986
1195.0379270688734,666.7154582429596,34.48527783529948,77.10412910103665
1202.9440994434403,671.0559039656907,35.38403952790688,73.21456415196198
1208.5360541878454,667.7746365777422,35.355648674970624,73.46337723355163
1212.8963629347,668.6414644774594,35.053650212123785,74.87752182917622
1215.4922277130331,668.7112795009747,34.92562292092428,76.1780962584795
1215.8590707655171,665.7940652320125,35.77516601792451,76.86261156794669
1217.1452561017772,664.9014891950659,35.94788967440962,78.66193807304163
1217.470544147398,664.0358766830931,35.35659233138583,80.97201238720535
1216.7689909977935,663.527556371672,37.01718151071225,81.17102802735289
1216.1149542408702,662.2357484143929,38.242895171974624,80.40127215577414
1213.9175133335848,662.1638750873338,38.211250272737786,80.48528028682105
1212.1352527159365,664.9767425285737,38.29049714382078,78.23723596121971
1212.6458234409583,661.9262025894868,36.58123378332702,79.00715080915836
1214.218639358573,665.0007081825183,37.10720803522325,78.36936102836603
1212.8499518502585,661.0984383731179,37.05095262347906,81.43592601947734
1210.4175846753963,661.1256697649654,36.178396534793634,82.14299103003378
1208.7315770177893,659.237427773659,36.16837455895174,81.95657664745798
1206.7826887371423,659.5840714662328,35.974950834482435,82.05394470527861
1206.2549272542042,660.7734764338653,35.38697602440699,80.29246455465584
1203.257575960582,658.3616775317704,36.19276629609158,79.47471681751696
1202.7979166349944,656.4267943050177,36.195024796298696,77.48434945302277
1201.373578365472,654.2943143521187,34.675127244981496,76.67076055195434
1201.290409429905,656.1249231475613,34.07301522618787,76.9405802842402
1201.4655571682538,654.8019350957617,33.665449005426986,75.83742558356695
1200.2111694981452,661.4954861601906,34.252983055867126,71.8658396270995
1199.3509874742388,658.9040115502214,34.77626693782507,69.95039922321658
1196.2069543998064,662.1647306738786,36.53098138311873,69.41850190337682
1194.6311740606018,662.3501313650962,38.24538889709156,67.41169945523733
1195.9483078616329,660.3846433911158,37.16891228107747,68.12579919590502
1194.1721227384146,657.3039298437463,34.66171117215515,69.3068221651416
1193.3328270883203,661.9423917798492,34.114527897486965,68.22790367466598
1191.2211525849627,657.1143662326439,33.46074300403009,69.7937169827923
1189.223970099191,655.2819478717277,33.72846697661155,71.52805566655749
1184.6200273620425,654.2392726989002,34.584192310123825,71.32528811699186
1185.1122289900472,653.5474480763194,34.88013467902072,71.63280252054268
1181.1370107834978,652.0120668181869,36.857020437376086,70.87304483574167
1181.7868999437223,647.6141974976324,35.57881681609578,74.38694116329555
1178.1507581036794,645.467550441764,35.08240564752728,74.96500526560786
1176.9512039967558,647.4731390890198,35.21639004040443,73.33456219104824
1177.3722962750894,646.3329003841287,35.03238602342455,73.69397319459024
1176.2316630519479,645.6860048575875,34.74880784532015,73.59482483078135
1175.3196053688298,646.7032338064549,34.857255865185806,73.37513323901848
1173.4655785944014,646.5225001154988,35.561765563763046,73.08575150307645
1172.1700382843871,649.9044457044687,35.86425873592982,70.15685858030383
1168.6096114889458,645.7719201532013,36.1825537155963,71.84889525454746
1168.642740590841,647.679730983397,36.96096861998497,72.25889063227905
1166.3034690464601,648.567717526694,38.07453852575868,71.67847240276268
1165.9032351550588,647.9051780139837,38.17740592505362,72.85903585602765
1164.1296724553442,644.9028598651695,38.929487507691945,74.16023577626441
1160.9188637055477,644.0780794805537,37.69068891460984,74.527455033144
1158.6441661117674,643.7061943475187,38.17396471836566,73.5706457015171
1158.0910346021487,645.6990400781149,37.360626500421716,72.58936996034143
1156.196236326627,646.6556320684646,37.95663204233382,71.35796042910047
1151.5544886464163,644.3564895755277,38.35182874077262,71.90170819311223
1149.6050489808301,642.7818304440593,37.922132066468805,71.17644803957178
1148.3337292484719,638.8130085702797,36.91650270149876,72.32976588689547
1148.8351132871435,638.4740892953662,36.325151942580725,72.75455805535763
1145.7102420704534,640.9642642837456,36.892713199483765,70.38757486044727
1143.1299109395588,640.1446401731037,37.25513903740334,70.63650107235264
1142.6297975409927,642.0388555797415,37.23164251141073,70.24792629820274
1139.982734118351,646.2472376651457,38.575107854113185,66.60558038701336
1139.4582157222799,645.7012719724224,39.03939993323107,66.41722702926212
1138.35607323952,648.8895157369506,38.40462832022253,65.08842824790895
1137.7160357130829,648.1820759244824,37.3868014463544,64.51480064029799
1136.0687859112581,650.6265709219997,36.875614090869746,63.055042443155756
1132.5014717839426,641.5442418264482,36.520796950563266,64.92785374128621
1132.2109440443294,642.7871578510038,34.27456117748095,66.83040678548494
1129.571266238458,640.9747855941011,34.01489961780587,68.83632554801602
1128.1451551508496,635.7389941195978,33.89590962961881,69.8994749320158
1126.4053952984616,635.9467561780345,34.971971129639776,69.79723523783062
1123.709836306952,633.5855215463479,34.59358950708318,70.46636632284026
1122.584750257792,631.5272399747321,35.023225030492874,71.05294112653401
1088.2890778683638,680.2954879462609,35.61486040678146,77.46663670547139
1087.1620654723536,683.028999092308,35.983389667237546,78.39208862589491
1084.135309334882,679.3151282069416,36.11480802425574,80.51577804837515
1081.9037998540568,677.2031228327162,36.796778607329756,82.79778352034947
1078.8228310781958,676.5474390275252,37.98134467182814,85.07456956935772
1077.0667679872756,675.9865449678266,39.660587905285794,86.44224791477298
1072.547344814825,673.713578502854,40.07133533945982,87.89939055625634
1068.3921408154824,677.0426779976058,43.39043899638932,86.56141498362993
1066.123586810768,675.0983867738839,43.813977426411924,88.2494685196316
1063.4668931757703,675.221585988099,44.520532561609635,88.80216069514594
1059.6445120342878,671.7627716334657,46.22303278708675,88.9441156843651
1058.2138150988721,669.6601069191336,45.812267635218674,88.96552401323515
1055.9125810609623,669.383215622598,46.985212523607075,87.58853655957715
1054.1293651413353,670.4258621019353,48.94172686022809,84.84632100153496
1051.964987847581,670.0958189268091,49.75511901280787,82.4010949047582
1048.1910902156421,671.4366298477738,50.66212769803472,82.20275924511732
1046.7221187599407,668.7673640617012,51.66346472953283,81.47415461884425
1043.754346173697,668.9078677055456,51.187148299326175,81.55550851330301
1044.8093082651885,667.8662096519806,52.01142941135457,80.02140115270454
1043.0167760092404,667.3476757673202,51.75749395240864,78.92177702288058
1043.6917540687755,666.5774868724308,50.225927895498685,79.58096627152432
1042.156050421504,668.7432310144304,49.30039672444224,80.90379039308439
1040.6894849490736,668.095644921128,49.52786098056031,81.05298241811364
1037.5591506420376,670.5746815819393,50.01991905914771,80.58186012720873
1036.082079155452,669.5152287538623,48.77701157116733,81.33411707490042
1035.1644188121038,668.7200526518725,48.19130450852134,80.25444990423046
1033.4029193168385,668.6454880861053,46.728718241657745,81.14726636479296
1030.958252890247,668.2806028906053,46.50595418386021,81.22307821430772
1029.1493292949576,667.9789850659249,45.25884742873464,79.37382842339579
1031.2230230480118,666.0000395705682,42.05628597182704,80.08008192662422
1027.3051329870557,668.2245967240593,41.224685397132816,77.05380101724633
1027.3803985681718,664.3474704935535,39.621386802361414,79.23455311928618
1028.2955636810032,664.8187412177223,38.14157948996128,79.97721527690025
1022.6552033471738,662.4753171678477,38.19870319275809,79.55184378505214
1021.673432889686,666.3404758716347,36.94042500714477,77.52653169875998
1019.0508459209631,664.5884684047048,36.24369085392044,76.4206162920137
1016.8479173553319,667.7686491136155,35.39029648466024,76.72716970024675
1015.6445944369773,664.9823670864122,34.47217181127694,77.86282714235742
1013.921879805038,664.4676432840613,33.090370578014074,78.45623847682577
1011.1219202135359,662.9321665016581,33.123770741241735,79.56180034615903
1007.7151862777814,664.4060283319138,31.444200382381197,78.98113369380448
1006.4459599470966,665.0606557058863,31.351015551306197,78.56403988022109
1002.8756307874194,663.8976220407752,30.363597231513346,78.18758475431375
999.8582934163425,664.6496104550014,31.63739807508518,77.82340142945189
996.039581233412,662.5198240746822,30.466205195680306,78.55870486252283
992.5636112925118,664.6591743218723,31.052098264533683,76.31495264346202
988.8074230691683,664.0394475809362,32.106300756287894,75.33359114221614
985.7572469276555,660.3868767480066,32.492529550899484,74.08371867172191
981.7122902154214,663.1025041392115,33.904567885335716,72.72474833007735
977.3004030176387,660.8295361698282,33.83243114827039,73.2842823765493
974.718250803872,660.793656687673,33.636698166230694,71.56262674157853
969.5784237358831,661.0724474050851,32.24040105916469,71.7668369252078
966.3604563931913,658.7515151333228,31.69599158346385,72.56324619335648
963.0172790038739,660.4959538356768,31.66929376607813,72.59582078398523
957.5909940437147,660.1689891409956,31.07437431054005,72.03863906752238
954.3662082782153,662.7640677039441,30.54762537831038,70.79317511643444
948.151170012972,662.5885502447085,31.434639174653867,70.2118296155646
944.7339265541658,662.9031883028007,31.439087527236616,70.06294008372313
939.6505144446403,662.4328491237517,31.485593362624034,70.8586105785429
934.6171690679851,664.0791141653594,32.03598618337354,69.61847034953495
929.1018521914593,662.0775496418557,32.05531227400945,69.19938978572185
923.6210749813993,658.1321799739128,32.69841313526428,70.95165095280412
920.1497069535158,656.4467274987293,31.966017402424743,71.79528425337637
914.1118392624534,658.7439652381495,32.74303393579335,71.55669222165739
909.4520784751785,656.7932919139778,32.052291340312834,72.52536237902257
904.4769860072738,654.1617015397103,31.58718499093291,72.30341186220437
900.8081834338814,653.2078439605936,29.44200645788923,72.73329533198677
896.3068721872737,653.7155934665079,28.712019119276093,73.07563317566942
891.9150761425128,652.2747654955581,27.701520281126577,75.24584662232888
887.2592432184139,656.1603400348279,28.361695660072762,72.89162563253696
882.9214665761161,656.9801513466734,29.449292790278513,72.47846483609976
879.5494379384126,651.965560030294,29.010979673662327,72.6634285575102
877.067186535016,649.8194881153462,28.33397084759026,75.8615307474513
876.6640153226522,653.8282836649447,28.565847022215223,75.15281791839737
878.9507172843009,651.0284225574545,29.058170613287167,77.13773692294373
883.2770196571338,654.688571797689,30.735451168821747,75.56665721727532
893.7177208022887,650.6343755548559,31.439980738806803,75.26932793716759
907.2911998871898,654.7240772251432,33.505247438638904,72.05384952659855
932.7857520501317,652.3998021988924,33.741949749971,74.53169421618409
952.8725531290648,649.9975075669336,34.10656604147843,74.46348345594615
985.8936277915831,647.463117785963,35.65361571701657,73.74579380964808
1013.669914463381,647.7283531858603,35.3091979192732,75.4534153918174
1054.0247760574985,648.2585083532035,32.19938836807363,75.03843639992989
1092.8840991104732,657.6781821942236,33.45729935372688,71.09181466366775
1129.418916644465,656.6379927195115,31.695447008504942,70.06057144728211
1170.3426238485315,656.4103698838396,34.2808552445709,67.47984744035739
1215.3964848458381,656.4755598170802,34.84864548853254,69.07944314685906
1252.5743441756324,660.5578129684188,34.72524284831792,69.56115716270934
1291.6997815995592,668.2385570077029,36.33591548539731,69.24489721567085
1323.40290600963,659.3405586104271,35.434525266067766,73.7738061340801
1350.2619096808723,662.4853177578848,35.83413229289184,73.69166944637735
1371.5119463525223,661.5307024341574,37.31749836677567,75.04983478881311
1382.453751841996,664.9494037524606,39.20658618009776,75.95705772309162
1392.2511296357004,665.5304867093326,40.58044629035834,78.42479418751334
1398.7777069466279,661.1582247125531,41.77593350492687,79.31697994345981
1401.4321895822743,663.0511262651113,42.59363901927503,81.14869101710656
1401.7880498695124,657.2560074119408,41.993406184330425,84.13096718314145
1400.6244187514965,658.7456802441764,40.9463692264203,81.9910661588365
1398.4521205927545,651.8244594080554,41.365067743972816,81.4275247216529
1396.4362104090299,650.6360964106397,39.51099811310555,82.72548783273689
1388.8406024587844,646.9256002017297,39.855121915269365,83.78660336972999
1381.7109567645648,643.9859653706,39.45099271981695,85.33255958153352
1376.8797405681953,640.603366714071,38.804112158271835,85.50572601377658
1369.8530341527157,637.2115609576942,37.56339158157776,86.31482232192775
1363.5137466338997,635.2696355899818,38.2253696932131,85.35114802056938
1361.2941246658283,630.6920575238644,36.23419967661113,87.20758993064595
1353.8559936154536,629.9057420002504,36.889135935693886,86.34362417457166
1350.7620825630993,629.0643850039709,37.69453469004647,86.86022035646283
1347.2138133532494,627.6095886614823,36.28821039330971,86.90975069133168
1343.3433763124444,627.4811992674368,37.019720913870216,87.45078908298441
1341.5542996951456,626.8126879274018,36.53962893646816,87.84072587226512
1339.10097480557,622.6218751478801,36.914161587865685,87.91057044895447
1337.583345963968,625.2948845146439,35.77489302122393,89.52925866808522
1334.0955688833126,624.4159362969019,37.42477395694989,88.10433796378908
1333.5286930407508,623.8238629077338,38.23847352088724,87.07514080570743
1333.2605022165944,627.5449373448495,40.56375788124174,86.34213855441445
1331.6132709453107,620.0210548212438,40.82814079882171,85.72930434680194
1331.1283486909488,622.7066091527049,41.07283033712527,85.39415703584778
1334.1788588309641,617.838515036635,40.11973279683693,85.59551969767638
1333.8291277201117,620.7276755905094,39.0701875502359,84.61345311037277
1334.8346554731063,618.2242578486846,38.91513842155842,85.33524139493221
1333.4611338516345,616.1777656258656,38.92150433537991,86.09150328293804
1334.5525540937651,616.3047052102463,37.815012155948835,85.86490854040503
1331.189811418148,615.4040531797357,39.672752923093775,83.44764008027148
1331.7488433316953,617.0506139449772,39.925707373017445,82.80579560813558
1329.9273515383338,613.744811523183,39.131557787202084,83.81623618486887
1333.3694408258402,616.7835149250513,37.84198613945232,84.44346198919027
1332.0060028991977,614.4405598515015,38.15828281797734,86.79845929854885
1327.0492910121375,616.1530688093492,39.53202468055176,85.52333748404882
1328.873010699537,616.1451121943671,40.02345404257341,84.21864939238625
1328.184222579099,616.3845574166777,39.47623758270489,84.70009143326062
1327.1747208176537,615.3740425550541,39.37573959054542,82.78120824245286
1326.663293936376,615.4099070065778,39.11915387543827,83.04615179855081
1327.8051029760516,611.5100544384669,39.05922922577645,83.8550378051923
1328.9716436422796,612.6905457121364,36.96639004967887,84.6904036465409
1328.8729610895946,610.3384810949672,36.55983347949133,83.74685483528465
1331.4623975422269,610.6065624817048,35.03196127594563,84.58844636106792
1330.4783238667565,611.4513780298515,34.8370993184036,81.37279798166487
1331.1167034288535,614.9259344547088,33.83352105868354,79.51456620727319
1330.8622796774864,611.9823830335819,34.08810375344382,79.56412308909574
1331.7122053641779,611.3928494050128,33.17071191669055,81.33512111195864
1331.9930466561566,614.8715017457426,33.04449787878541,81.00309974573068
1331.349104634044,613.9236571624016,33.606663619184644,80.47565989622976
1332.3729242239297,613.2899962187332,33.481464738310486,80.06738585809137
1333.4405260215724,618.7438874592356,34.11860836341968,78.45507330306836
1333.32127429596,616.9894390151974,34.453697460188884,79.45929085589142
1333.4768546224989,617.0793959756729,35.33394048689598,79.63896148305805
1335.41324110171,615.4735016090085,35.35084386447568,81.43235979964888
1334.2915000546711,615.1960658547367,35.51000670660751,81.08709084477027
1334.633027571826,618.730986310264,34.69163033376502,81.44146041723587
1337.8464863485344,616.0225125053911,33.6768418277568,81.04332590019428
1338.2031900765942,620.3236256558673,35.4615565300923,76.8572230828658
1336.9101100208031,621.2618229269391,36.43364462982608,75.21180366931665
1337.7126653065716,615.2994863231177,36.79974775832147,74.42472300279437
1338.7881768278205,619.249754773865,36.0863348194997,72.81737760212513
1338.5532256740366,619.3197267406771,37.05598098343924,74.15102730264616
1339.4601919931813,619.796213240601,35.62061573796446,74.94285171269203
1338.8133675295915,620.6640373009523,36.21195141796579,73.96141040950178
1338.2786819352382,618.9643073606413,36.779575862927274,75.07256397557464
1338.703074487027,622.0965345067195,37.326233481245964,73.81059753913723
1338.2523421653393,624.5118383852106,36.33882413204441,72.09948264911158
1340.0409703006496,621.3198864914436,36.3387087374609,71.5322969122473
1340.3953696395592,621.0884228054363,35.67654538272879,72.45258195019169
1339.7688163138191,624.2665280670278,35.625563879000204,72.58676049008321
1339.3383999142072,624.5196830948969,36.922894703248915,71.74942112371781
1340.7013401532026,628.5599728996765,37.30496621411072,70.08993283014468
1341.858129769641,623.1016018246962,36.72148227771552,73.35749653231213
1344.3986430961515,620.4623857059594,34.52337787802511,75.59492245409909
1343.890574507695,617.8420001280277,34.06021731203876,76.57601802333824
1344.874695174444,617.9252390573596,33.669673394893984,75.69677254181164
1343.8646322240331,618.0132371576102,34.26770952276824,74.90444115462151
1344.6308504416822,623.9438173981094,34.13441779048162,73.7492276236841
1345.0120521455178,620.0069473176161,33.88853095861546,72.76223686676566
1346.8033418998941,622.240283712771,32.87350046687423,73.5057065264589
1347.804114997496,619.1826735286069,31.83893215439562,74.97179191927142
1348.7829305233363,623.8162698303926,31.65277537930786,74.24895483579228
1349.4333250965108,625.9175481833702,31.708822486451403,73.85568525810095
1351.2341462866007,631.5047410605104,31.027082112651392,70.92009384796776
1352.3782442075287,627.0649355787613,30.799436794668097,70.59917263082758
1354.4316681057367,623.6567019349101,31.001436277560316,72.68760445676993
1355.517380111402,628.0476108859158,32.00334292093492,70.5569066012481
1354.3116281388643,632.6837003760066,30.753160657061443,69.49910724342544
1356.5710914883425,634.8990267838485,30.47668208736735,71.02679278369101
1359.2002793678541,633.4540602670828,30.811606727305296,69.22214773958368
1359.4421542818782,632.806114681783,29.907563525250957,70.5900431170773
1359.4608270798394,630.1831728933033,30.326768034869247,71.11072769896843
1358.4221147881076,631.9590886265759,30.198205934781782,68.9214212379506
1357.9849756910291,631.1678034893079,31.022915867092237,67.29063024558306
1359.8458377710344,635.740458246456,31.252305810810455,66.08165183873435
1358.2337356331482,639.0317526754545,33.396540598627524,62.924525087081136
1355.906273064988,641.3453200076705,36.43379751613995,59.02029855009416
1364.0170017105356,640.3819273965025,32.98784024387106,59.63972821504433
1364.0170842392963,643.4722544104328,33.66938642925053,57.92013537998845
1371.7873048117585,645.6126282725306,30.47062735441439,59.466969747371635
1370.856628209791,647.8055578619341,29.00514831829603,60.07757166170855
1369.5935992081013,646.1676561355251,29.45982347597,58.90626990332234
1366.4711919711776,648.160906354836,31.962942415636153,56.81012873600261
1368.7045993725112,644.7219704453992,31.57593139957553,57.38060456898586
1366.921188839175,649.5453399776021,32.64570683788294,56.38193245597945
1369.2880097910827,648.7869410423192,31.306035133260124,57.60272075499933
1365.5909692488267,650.1169762247449,30.701215689155866,57.9049342948808
1365.8387319806952,646.1013319179733,30.614897264096378,58.05629766730482
1363.1377000687744,644.4636991503717,31.794027720195338,56.57997195378614
1359.5923557807,643.2711299721653,32.583273880456225,56.86992851164892
1361.0752304054577,637.6961129691734,32.06458028848038,59.08961698360923
1356.9472002869495,641.3777998508598,33.969586990763275,57.60373343284846
1354.2920823755537,644.0090590850879,37.253399328127216,56.69473762321556
1358.3335871059317,638.2430662451403,36.1228070886112,59.82305993338514
1352.4699852035685,642.4848979708795,38.14725329497508,58.65768490516084
1350.7591506063152,642.1065596062822,38.45567842376248,58.64381249100366
1351.155783840528,641.0070620841163,38.68268226802133,60.72620223023269
1350.7888009879237,641.0605227795522,39.983586388597104,59.48962680911689
1347.9891442999274,640.8492134896323,41.23273655766203,57.524529529582864
1351.3578625832786,642.8197496747496,41.342371787353116,57.79666026467047
1348.214693162735,643.3506298460395,41.5600537564513,57.604916187877734
1351.6192285037387,641.9944051809866,40.84071051052136,58.478531793065784
1348.8821020473815,643.673097236848,40.38915243843226,60.02573824826335
1351.865655002435,637.2324035209339,39.55305401981203,62.054854789944656
1347.3074002657183,640.19644968571,40.72123756202589,61.02424524038787
1348.0038571708412,640.0904748123907,40.9986416196703,60.504243456913954
1348.913217463039,635.6705893556069,39.98008189177047,62.09017045365739
1350.1430632214474,640.4456825461975,39.745111655714915,63.76887226582083
1349.0255314977226,632.8130220907785,40.21648861312019,64.8623372708893
1349.473824639619,635.8513695287861,40.2520912182952,63.76595507467082
1353.4082690436785,627.6002276532562,38.619506305829944,65.52046218619536
1349.1957401741604,633.6361913202984,38.84621041060602,63.831067349939715
1347.6406177429499,635.1521125479277,40.847696351467064,62.307639310362426
1347.0226219001188,635.7675768349783,41.73835944855166,61.52470199896466
1348.9613169941522,633.807060112366,41.93969826742851,61.16197240072835
1346.5603603620582,640.124211880893,42.47376425987257,61.41984701299083
1349.5409064378935,640.1474622242292,42.31595203043663,61.43305674465624
1344.5979777064995,636.801641985163,43.44565986840008,61.30208191198025
1349.4704541405754,625.4345885783548,40.95458960560592,67.85757629911858
1347.453361977716,634.7471989141833,41.334078512906096,67.15123089197796
1347.0809273793884,634.6290494108557,43.22415585289527,65.97535581107387
1346.2759664586326,635.5607408945898,43.23149341608721,66.27464379121577
1348.9778964083057,631.0929599266216,43.016828825893846,66.23118520740414
1350.440663460878,628.0226175370532,41.72585474323968,67.25192767491927
1348.1770612709336,623.0848148907303,41.3548318142131,68.87399418102642
1350.0200974340537,626.8167528983125,40.99050840135846,69.423226852709
1349.4588111748378,620.8681728077415,40.729094362758964,71.14987425617751
1351.322123904192,624.4268815715301,40.11857711235084,70.65625604254225
1354.117844432305,624.1860767668015,37.92871937700603,73.15986373792424
1351.6960302874168,618.3237339687025,37.77831131659529,75.05154109524378
1350.890508690176,623.0054856512145,38.478764112830845,74.81064093110821
1352.66099787499,624.115836522941,39.07698165531201,73.34929565351936
1353.4935937262603,614.8125375529094,39.02876833469866,75.82872283399324
1352.6440114855604,611.1699866224233,38.83973012011123,79.43490614598407
1354.83774582227,617.2833280323792,39.1756830168988,78.96349727733143
1355.5552064287156,623.0687341649138,40.07728192545238,77.13908284393248
1352.9504935111147,624.8797546109992,40.907914650132454,75.24533931765549
1351.0291130187582,624.9901746065705,42.57863296870496,73.26041933145979
1351.7253025069065,615.4014928448405,41.82533208100398,76.73260368074332
1351.7094299192993,628.0223585835662,42.589877050450525,74.18268199198893
1350.8209075614602,629.6720152245705,43.95115613456,70.61631619909492
1354.2263255811488,626.908302521319,42.41540797284027,70.91221461054941
1352.1654996356017,631.283983437706,42.55285149010308,70.7430070868125
1352.7058797810628,628.5722621331145,42.654121901692314,71.12881844601898
1354.2531808306755,632.5688536339147,44.441509726534875,69.04084401568318
1355.383101493775,628.3422508577323,43.75389520750858,69.33612606868495
1350.019023271851,633.8589855600145,44.023613374642565,68.35159581373972
1350.8434575877093,628.4509883117174,43.14921925864568,69.08856630550918
1351.223563554339,634.2524186287648,43.57341933948251,67.94508782206194
1354.8882553235958,632.3489545096063,41.673485034825525,66.86583622153891
1350.276685674326,633.6269108419324,42.7172837180583,66.37939953136262
1350.4592717499606,625.3628205682911,41.439759397252715,67.80830608350382
1350.8011973818955,629.5049266817363,41.74561940088727,67.06314534093976
1349.5725569973874,630.3517917285645,41.449074641425526,66.85067938611056
1347.7976944728698,632.5312474125243,41.55760704093296,66.72884568073785
1348.9852791387912,627.9982952847605,40.37579843325048,68.52638136687696
1347.1428964175464,628.6228243504972,40.17000036686676,70.52508318263898
1345.3753745513654,632.322806940966,40.24442439269599,69.4914840471405
1345.1516431692824,605.3537259819132,38.18643496951201,76.74184346402255
1343.2596652543195,619.0448671992654,38.21114470308075,76.94746610536365
1339.7763863617174,623.7656511740004,39.581669201974655,73.55165797409269
1336.4574671440312,626.9423769460738,40.74610830044733,73.30471686834593
1330.246711633984,635.0993169816524,43.140404040945185,72.27193245061729
1334.7084488804499,626.7044495199987,42.138093944203526,71.8412844068415
1331.1025695440683,630.7762860899531,43.06319459130735,70.40983825691123
1327.6611721636268,632.2019685712842,44.80490421502426,68.10386816711606
1326.0085024373443,631.1127105618691,44.06803839498794,67.54777638906228
1326.7636536006034,634.8316894106983,42.80309891450685,67.52249785751823
1322.7817766488834,634.2475534584862,41.58519208957585,67.36750580659603
1320.4989952670917,628.5817582597526,41.64709130580304,67.33246499957345
1321.1407301534355,616.9133592807331,38.60806550392413,75.104154152485
1320.1742684631472,591.6318057189931,37.427473283359745,73.28679977952174
1313.5637460328028,627.9321059994016,37.54152952180803,73.53736839941556
1319.2146090882889,598.9951601183773,34.517955502999264,81.80506429900676
1306.9471188070424,626.2481104182245,37.84042883285983,78.46720879233348
1305.6578161145226,622.1680013881034,38.67815902454704,79.98930016500708
1299.7606505749854,623.2220729356923,42.03959782450247,78.82644586226922
1296.47780244331,624.3957235690093,41.7696996932185,79.20402728461042
1305.8133496580047,604.2670303989631,39.80800148427576,85.21370272603735
1290.953439145479,622.4405977032047,43.67315769375152,81.76064710941992
1283.9124343234444,626.0388124465144,46.22672120080756,79.45793018912838
1280.4089115647666,631.6443443148672,46.49143069792813,77.78016232870863
1288.2635314162987,600.34525385932,44.011531457958476,81.13520536408774
1271.7189236548215,639.36404256565,45.660347360434834,77.06793280155847
1269.7379997566634,637.129142641335,47.4246083186258,74.5837600677317
1290.590715789379,600.1440186990559,44.00046477382362,76.46777639317048
1289.5406302530262,590.5213669794767,42.79058785925072,71.78478745880294
1291.6743774661447,580.2798655313945,40.68634273490473,70.7608822450389
1288.872645045476,584.330495159218,38.20614994618224,70.40733145024822
1287.883926714859,583.2738886851838,38.601595197071006,67.53569077261395
1281.4916540228612,591.017763664167,40.59587939740081,60.87758772915615
1281.8842084346086,595.1975876160936,43.45488403258568,57.40947957788275
1278.0139400095572,587.3697375496503,37.99859523098309,60.19913653887754
1271.8341848663947,594.7063884389883,38.38175114793643,56.1634423384434
1272.5420056816492,589.6561119397593,34.82996280788679,57.444883586340524
1270.0993590925352,597.9238853004648,35.48415432655287,52.90640144390346
1262.4791635823055,596.8217222088483,38.5972475022034,46.529231546194225
1261.7484833285246,591.7337230585928,35.10305784730467,46.91808704677443
1264.2762567927643,585.2031613135215,32.026783806549616,51.20951033642343
1262.623255137813,591.0968132795467,30.19112244183357,50.99035649996285
1261.0835901784287,583.6307901528357,28.59733089541318,53.28913492708759
1257.2983137094698,591.5588609374197,28.967711571729282,50.18809032213014
1255.7910988149142,591.1311474068528,28.560001439086058,48.447073331965086
1252.7858808205087,593.8067888002473,28.552497483100666,48.459092371129415
1250.4263270724662,591.6225365090514,29.72348627843246,47.62376323302412
1247.476981379259,588.6722054700392,27.376788660871362,49.923575617139626
1244.5956850453315,590.4525626871409,26.46119387463273,48.20900346106369
1242.0983242477428,591.0421144166837,25.589867688731673,47.31390223811184
1239.9486217928295,587.552604705035,25.301771499809323,46.072716848988755
1236.2368598116643,584.3471450298551,24.657292623811394,48.85661248380851
1234.3064063955107,583.7250332459357,24.7163198756801,50.510839929187
1230.9139017061057,586.5845628472355,24.29228376059088,48.94291296574423
1230.2564882507318,587.2453213209783,24.604810349223197,48.10998579393528
1227.187604250569,585.388157112174,24.056676491478036,48.82993402290617
1224.0717754152015,585.9889295022836,25.262173682079368,46.874704161981526
1219.763052216273,586.8037397869983,27.899726161116998,42.395895921534986
1217.4821759929373,582.4126533108129,27.43070510705585,43.85355320894543
1217.1375687163854,588.319857721257,27.15969701119233,44.745012467671096
1213.9860658683235,587.4394993816477,26.573137014431715,44.342490817149056
1210.2914979686961,581.5035812608445,27.068661254643395,43.37445142958792
1208.1289121759976,583.4166028000606,26.450351226648806,42.90378829312705
1206.0751386387403,588.2277537570543,29.44919624725243,40.96295451140354
1199.6558522544628,582.9116140009284,27.384173231947244,41.43956962489443
1197.4890122222218,581.3207607314123,25.548127633404526,43.66896400771661
1196.9858352950753,584.2451984971335,26.239655211847687,42.41664011624239
1194.1796020152517,581.7415286308657,27.309716613338352,41.84357345429666
1191.1897037231759,582.8834805716825,26.58715398192038,41.42737570010806
1189.4246560601289,582.3046068569329,26.202624945672095,43.421198207783306
1184.2504616161716,577.6653323213097,26.39143401833654,44.62207927680655
1183.4712015700613,580.8471085972782,26.317892090682506,41.87767398403662
1179.7957027197608,578.4605267697129,25.90071875236881,42.53949068724597
1178.2244205591076,573.3064051090238,25.325821725867446,44.87999160225736
1177.869288089967,570.5317794822861,24.711585960794267,47.01463246443654
1173.9273132417125,566.7995313856047,24.653671147129074,50.407538555453755
1171.6105022458166,567.6645305465343,25.890320570415938,50.987115839382206
1170.5672084486937,569.2380204871982,24.821249105800668,52.849001679852975
1168.0369031824116,567.1203959683568,26.5256030951901,53.150492503667536
1166.3459559227558,568.5383958965378,26.323473154369623,53.13222315728963
1163.2324582629828,575.0984574083759,25.57357221790488,50.9471369478045
1162.9229087914973,575.8771403194,24.846577480518498,50.051086397125474
1158.9420370313037,578.3831554793912,24.887873116790253,49.33106395712267
1158.95194524789,572.6261235224822,25.390747045999785,48.74769050844264
1158.278701363057,576.5169263255024,27.034868904384805,45.856679363768464
1152.7612193442535,569.4192070645294,26.43101160466231,47.37490622305611
1152.3124581881384,567.0225518694803,25.328320946660746,49.95745433171943
1152.4631320137835,564.5045881322941,25.552595848556905,51.697399785916616
1150.1539278013904,570.3008304706267,25.80118213648569,50.517442022131966
1149.3394461102305,570.4391461561307,26.528127673328914,50.28386573147674
1145.6962222672043,566.6060909514562,26.272245126853036,50.852545306195225
1143.4707018958507,570.6816159053084,27.863077861594476,46.71510519391285
1145.5391883352609,568.2298191829061,25.69599484806914,50.87901511447706
1144.5674758952755,566.8034255867593,25.559693468999026,50.74576884506149
1143.2448534089017,564.3964546448123,24.789180032677415,54.233210817168256
1143.0219031914517,569.4102348840988,27.042892190993165,50.28185934712491
1139.0739130270367,565.3757997132744,26.723993188902742,52.66003840618484
1138.5456177140798,570.4622239753676,26.589775040410302,52.06857511658422
1137.201161537507,569.8266419657343,27.5547005280967,49.46499272369159
1136.6878020687116,564.6064077820238,26.518001171620643,53.40197183368841
1136.6047067697277,566.0531963131145,26.22047453510721,56.303605441718574
1135.794907933208,566.2641651848446,25.819676771333775,57.68070093518124
1134.926101899861,567.5906153120274,26.582554692997512,56.17381710361333
1132.7258690917658,559.6884680793243,25.9364864453851,58.83217822071984
1133.2006399778727,565.3806613751618,25.56651416492153,58.65144965765266
1133.7919672192932,562.8130017602798,25.00809777239199,58.49193532501645
1130.8780059906896,563.2524820482631,24.674324027758388,60.36584473232337
1129.3453671514264,562.5835403267225,25.15067430836545,59.9903738339267
1130.08352749182,561.7685967333024,25.399653608451306,59.22834360070915
1127.4884716030272,569.6245508563181,26.133033401266793,54.983248095953336
1127.6998029530205,568.7916245535773,25.586581080319167,54.15828458907367
1128.1142254038607,565.3566407222847,25.579997601556208,55.337786991879995
1127.9372517578834,561.4869951917528,25.174785896099458,58.58461534540895
1124.8376737996718,561.6041663847674,25.985995883724524,57.6039441269266
1124.6657496416062,564.3127452775935,26.87566025087459,56.34371957124391
1123.437392207475,567.872808971301,27.42443518384831,52.734411074361276
1123.6513836041768,571.8371990426834,26.645429481256933,52.237436044308794
1123.2360256658608,571.0316333424895,25.729660648480397,53.4002330706478
1122.7047682229668,572.9695573792933,25.311322245793278,53.17064566058275
1119.957517812015,570.9796394672069,27.00238242687501,49.85187065840975
1121.2609224526686,567.2361098221924,27.40274711318586,49.04155999787241
1121.8753739244114,565.5367545938584,26.2176888840579,51.6698591104608
1122.5020088248943,562.2387986921607,24.954059321259358,54.8910435873168
1121.7126099801244,562.6316024341046,25.129493219342663,57.13667946589637
1120.6479653811698,561.5453562591887,24.656515208601885,60.24668868892523
1120.705431905835,569.1509557302535,25.752696371370888,57.345278931049556
1120.2839187415298,575.1806942257823,27.2597606795717,54.39397344627244
1122.4513091346846,570.0048274252466,27.122703125342646,53.57010048132923
1122.2713807869525,569.6603681613191,27.20629517856792,52.20236110756244
1122.2433203524909,574.7608056232092,26.85263386846258,51.99329055504407
1121.601867088804,566.9612063575154,24.96967988837486,55.78817162451171
1121.5968699891996,566.3195386463923,24.247277061240183,55.71936308378517
1122.019270184404,571.212623577029,23.75008876362931,55.83213737145362
1121.9298968498395,574.7865125901677,24.665555548582653,53.62067081916669
1120.127561599901,571.6430693037028,25.37367735024089,52.68583600037687
1123.604347291655,574.1417895620364,24.277194230850895,52.804604363422456
1123.4433293699644,568.0294734224764,24.51614907110546,53.56212418981673
1123.3684647359523,571.2117446527789,24.53570679295131,54.61116011902418
1123.072081365575,569.4671407176942,24.452110410334363,56.45713914383005
1123.4066004302595,579.5003517707597,26.582439546560906,50.416001145079235
1121.9629233747044,575.1420901925053,25.694787369348116,49.8444467141006
1123.1340101404958,574.144471486357,24.503261755847504,50.18790435632286
1123.7816498601799,578.6449756456135,22.8133338028754,49.394492011995986
1123.5198700728938,582.1214002305518,23.50710132432716,46.814486574511434
1123.6577390018401,581.8033571827453,22.97354950028474,47.45225368517413
1125.202639759836,577.734979989103,22.53472908880795,47.49856912090923
1125.4099181488384,579.4431960387981,22.00855246935948,47.03155652884868
1125.4785866520956,582.6814408401501,22.366913939815106,45.79783364496418
1125.3329189452672,578.1559571999861,22.851775141959255,46.28488516725116
1126.3029460636878,587.0317426053812,21.821776639921303,46.93896201336991
1127.7850131841824,589.2788427740578,21.774637088548975,47.895949834145256
1128.125061494652,596.8685656565142,22.419929206491396,45.677058125176984
1129.1735433186818,589.2748022203655,22.996372329926054,43.957607555732906
1129.1055285120988,588.6690255409648,22.82377699018479,43.99081192876106
1129.7616552107268,589.1220685542579,21.94484865155372,45.9595201936585
1130.79401337617,588.1523063671192,22.54034716945925,46.0835583512505
1126.8276118916367,595.0452106048723,23.163812597196163,46.25465154578541
1127.9138520333554,598.954944567404,24.706568636933092,45.36570787147416
1129.5726755617652,596.8504810674914,25.219618947646147,44.56724971697547
1131.3387269207178,597.1786483449389,24.48008528045368,45.32316737626513
1132.5364407693187,592.438625791753,24.470873288271648,47.566543310238025
1133.6960686588498,594.1499623756918,24.934566354836353,47.58966374392077
1132.3860116531034,598.0527630449442,25.537332328354537,46.928774890780716
1134.402256692128,598.0295940507012,25.048876040448754,47.85924971542459
1136.2309824996553,597.568085472555,25.605374269859738,47.41384502474981
1137.5257885684007,592.7543216490074,25.944497949241715,47.55994160172389
1138.081991634405,598.539363175704,26.059552837115195,49.05556161618311
1138.8823281080872,594.220487036016,25.786541483978688,53.05488678690384
1138.5451506902605,600.4446104631314,26.013125499165348,53.108496311999474
1139.1076016657714,600.5863048792252,25.903803013205795,53.266103646889704
1140.7927320717788,599.5563646721351,26.188957484983305,53.464827925212816
1141.9060881121472,594.8143494433098,25.78699389730268,55.15245581142126
1141.770396207194,608.525393151045,26.578913936125566,52.96670096147677
1142.2213695469313,613.7141248826456,27.35127688224031,52.21228196055623
1143.2308696972907,610.5790014628913,27.721911214126727,53.559264161892415
1144.7864144022733,604.2018128600786,27.149978586460442,54.65252237375259
1147.7440420528983,606.9246052392172,26.966394649870608,55.55015919829006
1147.001442696926,608.2278759827838,27.308176098562246,54.82068852867392
1138.9279100416327,613.9297795392503,32.866803596196085,50.25821133990506
1144.4150372374293,609.4716102692269,30.516775556493748,52.235584298775294
1146.3848497008191,610.8527606798739,28.58758406073391,54.95564687665033
1147.9029555716602,610.864378157183,26.396484570377638,58.629782357980616
1147.6144861916891,608.7719073829682,27.84170637591042,56.5997631230497
1146.1639561555269,615.993259453783,29.37774581053676,52.58361764846214
1148.865166685662,612.0431501578331,28.48984924233889,53.124985336851104
1151.0870005124273,612.5279892388559,27.921887718476615,52.33820718842042
1150.9825095225199,618.1987761584556,27.04811904863714,53.11276937760206
1151.2270432012147,615.5833472012628,26.753081024588013,56.028710202671846
1152.805542471682,614.467066549487,26.061490239666988,58.45279009083082
1151.1409381433093,616.9041098759245,26.751212765545645,58.31589006704597
1150.6140329895868,618.1627816672166,26.73175560206682,58.14979943707708
1150.5089135424166,614.2722313718465,27.040322022767462,61.05221960302749
1149.8677268364286,609.9574097984558,26.336072425679106,62.07753981522323
1149.4605750327348,598.989230244938,25.993682203613577,59.88694493954813
1151.2369232370759,601.8610990683054,25.591725236619062,60.36938894920971
1150.3721102335546,623.2771269478933,26.06686611186973,61.48150393562186
1149.188231845017,617.8110238689802,26.346840028799587,63.700323638782685
1155.7407774750438,611.2985875350338,26.74804136662146,62.03025762788662
1150.8033131035613,626.9498723877567,26.761806171207382,61.02069635119697
1151.0668608872563,635.9263106035996,26.290171992397873,61.17891460289111
1150.6450119645979,636.3301880362943,27.256347862258153,59.48716977455492
1158.4517639728904,628.1621648840418,25.84946379975751,60.75356171711515
1158.4698167124384,630.9454891064614,26.15960389771864,58.46036884110806
1155.779968322958,643.0316365174084,27.182340091355407,58.190836498646746
1161.2579736854225,643.1661243866427,26.209002036982508,60.22795075819087
1160.9166858669785,644.5934286442763,26.342765771488658,59.07681457568245
1161.714191457437,649.9631430063589,26.24303611383828,59.14492899872367
1162.7990197389136,643.9782825721545,26.472974056728717,60.15651898932976
1162.621445225586,646.527097851993,26.68374169508688,60.4206433840141
1162.485185635239,651.0597611708469,27.82309509361513,60.04637531141645
1161.5810853901874,658.4829518023748,29.022739102634077,57.47385115180039
1160.883733611498,659.533073503613,29.473143519160235,57.301638587279
1162.2819026148634,657.8434528197434,31.575458050550836,56.25628442440016
1161.0764428366147,663.953758324123,33.69008312446293,52.92470640759631
1162.6068956941376,663.6745137732037,30.93122767945249,54.581378433405135
1162.946412187981,669.2948975235826,30.046889618784817,55.2857228583849
1162.7931634034776,669.8574743971369,29.75520829338813,54.60054800630505
1164.4563981600747,667.9584864885378,28.938964373710235,55.02075975176222
1165.9615085678877,670.5475584221374,27.744827128153794,54.34385479679348
1166.1360006374814,670.0011306426703,26.779780407403905,55.86662823354506
1167.1892070064455,668.8044989883714,25.11129290255987,57.184966601557775
1171.0440062063396,665.0694884855371,25.65769414846666,57.532553118682166
1170.3702140323444,669.3961637891651,25.357015604686637,59.655199296633384
1170.803857348929,671.7024296977903,26.506789750428084,58.91804453954154
1168.702220758421,673.4047171477157,27.082618008571927,58.47057025138318
1169.0582654940147,679.5036862083236,27.5410202198057,60.034408324279966
1170.461903848441,686.6614772157203,27.156359701770874,59.009300327155785
1172.1315707108058,688.2746439691653,26.011383159654052,60.10343234428312
1172.5932651088897,688.9197022456497,26.858401399661762,61.741109230713306
1172.5338244050506,682.4210949054179,26.706729605987924,66.05488965826964
1172.3825556751606,687.75876133985,27.361215608845455,66.50544707631019
1173.0657181954912,689.5876382576532,28.44572114895181,65.09146311028847
1172.8877447005266,697.596532435555,30.218339166689645,62.17923488123928
1171.118967313569,703.5332962676406,33.446723217182026,56.405134271534386
1173.2749400192372,706.465183447505,34.52628180828275,54.23040246669633
1172.577012534135,709.6138808412775,34.48499971063675,51.560425770895066
1179.4840970904813,710.1031841957493,32.141959867621516,53.22961680413536
1181.7806769412227,705.0457550304944,29.332950137069126,56.25717064449437
1183.5480975391888,706.2719557099638,27.55132181497256,59.712356729413756
1182.5066353771235,700.1906896817205,27.80191523874742,60.83062528496444
1184.372436018763,708.6816200649637,28.8687691411996,58.11290763950543
1184.1751330617597,704.8647540861132,29.22716113613017,60.080383330249326
1191.8987813755944,694.9521813485369,29.113016595347304,61.49320903259658
1193.111546567391,696.051388566406,29.909732578525393,62.8536526836549
1192.6936846034396,703.2808408600189,31.27326876692748,61.711771590912065
1190.656733305198,703.9893001816349,33.14890665233118,58.44365453134354
1194.2686967936156,702.2139950002444,33.67309594632108,57.96462486595709
1190.3757653727812,700.2190939971587,32.88426032728516,58.99045395631228
1194.642957302623,695.7298786182292,34.24952905271213,58.764602534345364
1195.8203857750855,698.1033616597521,34.049974646200724,60.15986864136728
1195.9262934592284,695.16971865069,34.43369019739785,62.2878466149193
1194.7574577614319,699.4832997320509,35.38198119372318,62.14265483423278
1201.8828311931495,695.2813521479368,35.42972929147197,63.31211458928969
1188.4625800772383,701.693492899166,33.71505007668483,62.117016501687836
1176.9594670874476,717.4484432330195,35.2790589503541,60.483172355426994
1185.9264040318592,711.1469742626322,35.06047042303188,58.57901464796451
1186.8476980764444,712.1705121095672,34.328038403707126,57.77086554936639
1187.584808640406,703.5513178900312,33.20965705894965,59.45679039302236
1175.626977310835,719.5576238376864,34.04987036850743,55.16576243003635
1174.528258076999,724.6186147267277,34.421571581042485,52.723489189845395
1162.2193363276454,731.0323473661022,36.29095244073608,49.45202660862831
1152.4455138801727,735.2574308994282,37.33857619143481,47.411293182240584
1154.4018602186334,737.3506869152791,37.71341193508544,46.02159399537244
1162.5340491372658,738.7698685734325,41.47517277119738,41.71193164166116
1163.7006384431338,735.8899289421403,40.73897273445209,41.141071569122474
1201.1022232242099,707.3727884337839,35.06098218714826,49.2231132576367
1205.9650021130537,699.752740214645,30.215858457961062,58.968014446460046
1211.0341194919097,696.1751411025323,30.29108109683272,62.254203734805145
1210.9748702520535,695.5600877754724,29.27271845714975,66.86752724632998
1210.019196892369,697.6797140827193,29.866880359536545,67.07471468452779
1204.5947239170837,700.8971918680392,30.64304658929066,65.21856306614754
1209.4712590379838,701.9678641899337,29.911217607232636,66.87410641559576
1213.1712178617404,702.7523841733308,28.923073793282512,67.2926934795039
1213.5436968015313,697.1202487095787,29.713686304814402,67.82171394118583
1214.4452159410455,693.9663099752806,29.669304385337913,70.54368050483129
1213.483162233757,699.513072215893,30.901902939257297,70.40338184921991
1214.0996467313832,705.848551064442,31.13885045031285,70.03977567978683
1208.4392317986762,716.2730687664299,34.84393588402055,65.40509931231506
1204.4645684238517,714.3000096232956,35.06994074483983,65.86134520644868
1208.1445277505638,711.5869255384625,33.08636364349193,67.04398205093085
1207.8727562652723,712.7792671568227,33.31705013202481,65.52451371542816
1208.870230595818,707.2878706480361,33.25506326498698,65.97338679183223
1212.0127277929873,711.2952593615304,32.72610619751039,66.41011563364971
1213.416003789352,714.9462661301102,31.295791407184307,67.68850156567095
1213.8191457313178,705.4256787580294,30.114060082089757,70.40423130121023
1214.9350528222965,706.5039044184895,31.377815883048868,71.44852207886112
1216.005888630074,713.4254779265216,33.410469428813386,70.01578271521677
1216.9159913752123,716.4523338479698,34.21494025276356,69.02507301278422
1215.9735524924035,708.0060908575032,33.342243327089946,71.95227858319927
1216.1799283124858,714.7753973670357,33.027217504907256,70.545878775305
1215.5148140745316,713.613886356478,33.72103869286846,69.05483837229225
1215.627519942717,723.1251414542764,36.863643657109435,64.11888186977781
1215.8847483654156,724.0403770386578,35.733436351708846,64.3112653350615
1215.4766841997748,722.2559276298258,35.22379865921819,64.8402031720161
1216.5222369481928,726.2531044864924,36.49845123805378,63.57011858933465
1216.2727514466462,728.234124929286,36.974952224085044,62.49257568325234
1215.0019965133106,730.2874791188558,37.294111305041824,61.73141447008415
1214.712169036989,726.167572805502,36.20881914214397,63.137267734788594
1217.4243005572962,721.7835543051544,33.93246382948965,65.69625440422422
1217.4283555786196,721.2934967780285,33.315281951298175,66.56746292614044
1217.5530066178253,728.2676130815418,35.28775570022352,63.272054723282835
1215.1544159713794,724.0457535286034,33.99304866215277,62.85404000546206
1216.4084917511354,723.7759420802157,33.45651197441826,64.48529682206566
1215.5281903481623,724.1919701030465,32.76855209867311,66.60874919839506
1216.055490583769,713.7740637230942,31.843422228726666,70.41888007389517
1216.4102354267027,716.4583299037374,32.786318102452235,71.02195902496425
1215.7974644857334,715.9832297420159,33.546360606062336,71.33153685319645
1216.7766805366962,715.9996758142488,33.552345813826854,71.94937106354769
1215.7663725024042,723.2159619852537,34.73812098693734,68.9781907333941
1216.4057311718693,724.5249839233632,36.25235049930999,67.45202281045191
1211.111651717886,726.7977595570926,37.16120996934511,68.20270512171179
1212.807085717818,719.3368214046285,36.80341394001464,69.33113662532051
1214.9899025613654,724.1099508444502,37.5307918381135,67.02474365303243
1215.813017772948,721.9394648040645,36.773436021224576,68.19037784491351
1212.863016299749,718.3821492841521,35.15206763176066,71.34580092737804
1216.519941167051,719.6310640816134,34.36388894542201,72.82672899939553
1216.9612817830907,713.9176303671697,34.15659616840681,74.21212783257063
1217.307472791966,719.3975278960384,35.6765868695882,71.31031153996611
1217.5894920856797,723.442434433896,36.671980722225484,68.99875559378519
1217.538526234784,713.5572619983544,36.50202816250447,71.03920340760484
1217.6223744822294,719.358208790171,38.177862572648095,69.23189312743742
1218.280351141806,716.8055308722921,38.886687390047435,68.04022069074736
1213.3872543084365,719.1456734020035,38.43367035949839,68.59906366719994
1217.468427231969,719.1743789399079,36.161527478223576,70.36083870774516
1217.0333485808703,722.1888552189242,36.677066156944,68.72543934567938
1216.0215052724432,720.9485808733706,35.83099476584117,69.74170732629176
1216.7477943972947,718.6156184180192,35.92154470003524,71.16699560099363
1216.7958864711095,715.0823081119655,36.31438024557039,73.58810600962497
1219.148259171961,718.0462859422579,36.98482934762255,73.59463281716941
1219.7596521974822,718.2174525025368,36.52440820533857,73.94929573785356
1219.8694440831346,722.0622288178156,36.19827811985141,72.97673448297488
1221.9904602592396,727.1395415820982,37.533069951912594,67.74145107756848
1217.674421439583,731.0369941548634,37.346430530407616,67.22871441749828
1217.8960334184383,730.159264133798,37.865867125483675,66.89048794151606
1220.706827569569,727.8483216022354,36.29365900907129,66.74643089394431
1218.38971276845,723.4435869069775,36.34846812737876,67.5250630558199
1218.2961763799067,730.0066479680982,37.23148179548367,65.63864104382597
1217.5087363608745,729.938707812115,38.63226671747867,64.81511000396154
1217.0526386780243,724.2172647439451,37.6993826356071,67.71964354084528
1216.6468506473325,716.874151417354,37.83257042770988,69.5429379544747
1217.035668240439,729.4226823151628,39.53867920826539,68.58070291395696
1205.8553035462098,730.7128312997932,41.82297285633251,66.94442242722096
1211.741670446714,726.5946544430379,41.121332932737715,68.79753938787275
1217.8764345748637,718.0797178611002,38.340175853410784,72.75414185373157
1219.508361873962,722.9756830477324,37.96772116222629,73.48747456472171
1221.5186861414657,714.3609399977131,38.85084146588946,75.25216298102814
1221.4529551635069,708.4206406441909,38.765530590144195,76.34840720297551
1221.817469893031,709.896728145224,38.12200352635947,76.86479568613245
1222.0988425005617,704.7268089358713,37.396029923495604,79.5609018280318
1222.1889339816446,702.3343203232313,37.060044192383444,79.69317854442961
1224.0984267463873,702.2789664675513,37.71311179090097,80.33476652439629
1223.1541064753062,706.0180162650149,38.649227043580964,80.44349692638065
1222.7824962952318,697.6420128884527,38.542680411791835,81.34217266552511
1222.8393882223818,694.7571679863439,39.026533167442814,79.74342619154649
1222.9662452007963,690.8228650468257,39.247411523557716,80.25941335982758
1223.4870217401876,693.7703806742431,39.15734433717584,80.70719112735726
1221.651983372171,692.9588758582705,40.0146359333923,80.45295523774378
1221.7175768697691,689.0685094680691,39.28121896433265,82.29544824246275
1222.0893093275363,680.6533224341819,39.73562985627415,84.3044490185523
1225.3965616599405,682.4676228339592,38.86439224933973,82.81599620005558
1223.2473124656603,676.4995873293345,39.66205849083967,83.27525108774125
1223.061255819398,676.8968912316137,40.05071970200834,83.90688598681882
1223.9772146542155,678.2124745634675,39.93075466441002,83.86222866876521
1224.7622844470613,672.0725516973944,39.852708007162754,82.76765096028961
1226.051235474927,666.6065246416166,39.40965757587945,84.57298782329056
1225.1488824047724,665.673586238282,40.23836909482077,84.38994822681285
1227.9097807573721,664.9115613148797,39.23683942852881,84.05743877256076
1227.9973819783083,662.2041729108527,39.06745642178181,83.37964574061132
1222.5104307053161,672.1163567973276,38.11481867497045,80.76381541339825
1227.8494233834522,664.7540679728266,35.70293072274267,84.39744827345743
1228.7942076291429,665.2741783157429,38.13576121908184,79.7680813119637
1229.0000951541858,659.7797574044675,39.15601278339554,79.65587590992163
1230.1626037692454,655.0081024734925,39.32749115937927,80.29841314903109
1228.744353779864,657.0409090418333,39.89731880700748,79.2362482496128
1230.5067746044695,654.1214247920059,40.70093683201006,78.13478478596647
1232.5103041840898,645.7915566528155,40.547883978392676,79.30577332136
1230.3161747709514,644.9112521043636,40.563605470325385,77.93492514798325
1232.5116633079856,651.0827994062569,40.48497676982027,74.98186277391969
1231.2967643532793,648.8408443542179,40.680820128735604,73.71904465302092
1230.8715859811614,644.5520820934524,40.138151515999326,73.52610362844909
1231.7344589812953,647.1250241116048,39.36582211517586,69.40788359264315
1231.5576990665459,644.7058632795043,39.55086804007469,66.73604576700426
1231.8461255226384,641.0820711216902,37.90203386583639,65.94044439353722
1228.3770666193514,637.4026341525536,36.39996490943034,68.5452249376138
1228.8178315132725,625.477224671129,34.42226032727716,71.19575333489621
1230.4812732092148,621.5097340942012,32.387333914927744,72.49469639121342
1230.5479045202703,617.8618779061416,31.15721503870767,74.20404718256358
1230.345954807544,615.7476361530064,29.37010017230203,76.75587917648426
1233.2028165823342,618.1803870698964,31.278581154887775,73.22956126726206
1230.5924349404788,620.8498908910669,33.342546979053786,69.83507883870028
1231.2682057832692,617.0470046623044,31.89275667474994,70.48376501421038
1229.896691141339,607.0369810748149,31.36074173229641,72.28340297174574
1232.5013255766346,605.6287212669913,30.567558265473945,73.78564215586165
1231.8781850782357,602.8728064493259,31.700861150327366,72.50428352086587
1230.7846311802161,599.0332388521651,31.623993146705388,74.3127280734588
1231.8217113826354,601.00693564482,32.50305656546939,71.98395705470253
1232.5197757870362,592.2465229771121,32.19209162040427,74.88443432109995
1233.5864428734046,587.5126608812982,34.05744244239172,75.39845627026611
1231.6659841579522,580.7102235884989,34.09681883981501,78.03453850031593
1233.456861789265,577.1594401599938,34.922594013689775,79.54480854406602
1233.3899103868678,579.7607896956491,34.771799464051234,79.00937292362346
1234.0536295871973,579.9507009172597,36.52983533222801,78.07337323109377
1235.1792238849591,581.8118224571411,36.91042508551546,75.53340243226255
1237.0705024276585,579.7313860072667,36.2543795621456,76.39559646396995
1237.4725533235235,574.2330132703102,36.922721347776545,73.9982055541058
1237.167549907052,573.94312516382,37.54381954948465,74.42933476001853
1237.6349024680167,574.7462199353042,38.643918936989465,71.30798179576692
1237.9587040370038,563.0658968463131,39.79682980763273,73.5960535220116
1236.093937428452,558.94713158058,40.360181182211846,74.28197493156671
1237.8228247328514,550.4563117824665,39.476605310356675,79.81790285373683
1237.1332670874262,549.8310719714145,40.1623118520431,80.15672095578509
1236.3648514598112,546.7350024291769,40.256787440014485,83.15356374949579
1238.8784812779563,545.3566272153704,38.715831936551304,84.10986993880519
1238.5491205126846,545.9985721016956,39.01421474895674,83.65113797374201
1238.0194152716747,541.5721454351514,40.583426318774364,81.95667280839311
1239.215923749177,534.7864016932117,39.42031021254628,83.46256054613576
1241.0519643158957,534.0629171540521,38.802399111096435,83.9003205616689
1241.502220639532,532.3428091594077,38.06948502158224,85.25519770470783
1242.5921204472006,531.598571725341,38.0876920517791,85.62516545722237
1241.971177707962,527.3352685120254,37.34056033813596,85.92888264637031
1242.9718720974208,534.0820819420688,37.45899599722988,82.40921181277278
1244.7214801097177,528.9720379238825,37.26307420304845,82.01869684050087
1240.5042836900125,527.8657323274512,37.72916047677718,78.26571504169297
1242.9200467064798,530.772121753208,36.82186317192143,75.85745426470285
1243.5824840375635,526.7483894163472,37.51405215097926,73.76881159385428
1242.3873462487884,523.8301837802891,34.79684710613362,76.11092602826281
1244.5798586888511,521.9623116919684,34.424419753525974,74.67028197572986
1246.253730715836,527.6406235742064,34.757687218171924,71.35881949904834
1248.2114115472161,524.7695942497706,33.78327451057795,70.11767125208115
1244.3923443925041,519.3725175886684,32.61129850111092,72.48585497515893
1247.3358353416977,509.51629862322307,31.29673677028771,74.6638715463771
1247.9426230454567,507.00982890848326,31.598198778593186,76.5736212117919
1248.741164671818,508.75227462718544,32.06746912652166,75.52486656713633
1249.9209728719547,507.8931341059423,32.29398733579732,75.59180800296761
1249.4286785359516,506.5766809174754,33.00986404176369,75.9813505802949
1252.3177808572077,501.2019591556503,32.22841126211648,78.64586378717115
1252.624912486261,498.7676896283126,34.1980800746015,76.75685727327964
1254.628146356306,503.1860400529518,35.20838201387238,73.29556082408263
1254.5819968319793,506.1128525454907,36.14344305050158,68.74542195966586
