1166.5,474.5,50,134
1167.2593943027466,473.4016991242123,52.439205664190474,136.66767465739943
1167.7193986996588,475.3596963783813,54.00016188003778,139.20298492059243
1166.7227288028064,473.23402112156657,55.128045685733255,138.31525447740734
1168.0064885901684,473.88268317309246,55.1768563654401,137.6043042194429
1168.8724551569696,475.3245700485281,55.21756346484898,134.55088063481807
1170.8235716084794,474.2359014399948,56.2725763428717,134.18389376308613
1170.6930825494053,474.6736266669896,56.75958173212972,135.81136627876765
1170.7888034325533,476.3355488155982,55.87990054735994,138.79782831265936
1173.1007489477374,473.3984532127548,58.524873352858535,135.06058469658916
1172.43638496688,475.2105769315982,59.14900110795057,132.96805304729475
1169.470503589544,475.5588983795427,57.72512822712034,133.90710015640116
1170.4267100267325,475.4147129264701,55.0865719156821,136.92550615219307
1171.7061572782761,474.76936275893723,54.436432789649444,137.93725260113376
1172.0075565645168,473.58382783834503,53.8068610997789,138.15440216288638
1174.234203941234,476.61340268812785,53.03683461541969,137.12960443716685
1175.3942873128676,474.4773830310573,54.83124397412082,136.99227407224393
1171.935225078339,475.7228786116512,55.17415823770261,136.29826885179602
1174.4807370952124,474.5861992202208,56.19406270773748,138.94415789951125
1174.0410608428022,475.2181452812248,59.66188731864128,138.6602856996521
1173.3615716297618,477.5014680532521,60.563616786726016,138.3772533551503
1171.8297870050405,478.41484246262104,60.85363219591281,139.88095851335777
1173.832863837932,482.1081196864261,60.6570545220618,141.03402281246434
1172.6212383984298,484.2524856037153,60.19999571630522,142.1275698789741
1173.129737566215,486.8466286009482,60.4915543893936,142.37207606572412
1173.0673624367864,486.7914651807535,61.008685116426776,142.03967608556343
1172.179663348894,487.58454654543993,60.20141939327981,140.91405405436393
1173.2917283838437,491.1966927491113,58.939830836994815,139.57531103662194
1174.5328132955133,493.8695596422548,57.556576374865244,136.9119003937961
1174.828918035083,499.4295640122757,55.87023349546513,137.83285727188144
1174.1028362427135,498.80402987971297,56.329664552478704,139.03110884899792
1174.8388748825564,507.4889801645105,55.631899561679035,139.50719875910244
1175.0977454101983,507.706544880815,52.83453722219019,142.77660578961888
1175.927009555889,508.34994858984135,51.44815462912185,144.81423250977193
1175.734723060809,514.458674029475,50.66164187778165,146.9008413171855
1176.0241221996553,513.4360226862229,51.520922350978445,141.37486482172557
1175.0277932889358,517.4715316395436,50.89282949378754,139.82795034394036
1175.3931218272264,521.702239632848,51.81877842695124,142.06626046142316
1176.0139456760573,523.8582674229798,51.026853808037814,140.30417999146266
1174.9406017225983,526.2317055667211,50.97819922961297,139.00173120160565
1173.228908902903,527.2059941909016,52.19174718098889,137.6260028755248
1172.7469263470107,527.6823474522653,52.56204218100538,136.1255824757318
1172.4781441241762,528.8541270198364,52.50270843495858,137.89723480086957
1171.5775215980686,528.1797976355331,53.045940070847124,138.03614009773509
1172.8362592303213,526.9390701279243,51.36341365697108,137.05894498496514
1172.8852455623253,528.8218756101954,50.813476262905866,138.47944273823447
1172.9416126981823,527.7568678979892,50.19956645685989,139.5696328726657
1171.5024645191215,529.1058618923661,49.855239188132884,139.7335751923203
1172.6062047105904,529.5498999707181,49.31112561716711,137.41184790503445
1171.4804298789045,528.2579109902265,46.65430232030623,139.10065416238228
1170.3541212370606,523.2738812073221,47.918417400370025,136.33259886117366
1171.253448905643,529.2300054953847,46.30251411318771,139.79127786466125
1169.288025705312,525.860284393562,46.79390445703058,138.72475149336643
1168.0942184338592,527.1085678228194,45.872398143230505,137.46984119988934
1164.8738938218196,524.9072824901058,46.840217427702854,135.01255118250728
1161.9281100409758,528.3248962207397,48.05389203263751,136.0731609528537
1161.7745708346265,530.4241174812798,48.62943263196432,136.3273241009898
1160.9244917285553,527.9554852959178,48.82903729281653,135.61092826732485
1158.2216322293923,530.6877281485819,49.8250693763462,133.31723013093037
1157.639775127898,531.219206782767,49.79227535796477,131.90943377962523
1156.4288361115916,532.2536998905105,49.95140307736216,133.0789785621994
1155.6382674339432,532.1327483117444,49.29918619079972,133.5168025263134
1154.1842642270226,531.4443377133895,49.760426711429034,134.53504209331464
1153.0464038630216,532.5753234539592,49.947890731079475,134.39975207360064
1150.9180883644703,533.6131022497894,50.19115913119067,137.23346634097064
1150.6243788704505,528.4782180992621,51.382180237182354,138.4127833747221
1147.0441750056684,530.6204383852167,51.41930438925426,140.22929263225723
1146.6551834942836,530.1136246451107,51.65141525117576,137.74373614812345
1144.684714447527,530.974233555339,53.53626881713,136.7059574651861
1140.5434914723985,529.4356529455923,55.4683457942961,134.62546384146415
1141.51916083633,529.8705428528693,54.61245162980805,135.9273170576808
1139.896602212838,528.9098446105322,55.29008220236075,134.86553482158615
1138.5780934499726,524.6807279531399,55.197694568110876,132.85838138904165
1134.7527914846469,529.7268219674976,56.5386166742158,132.60573634950578
1134.7161626534914,530.8734252761183,55.22801973613373,133.9253158291172
1135.692249387198,529.060675570405,53.83715884010611,137.14991698762265
1134.5202847577725,528.8050078888787,53.63588483440299,135.4967091640225
1132.2923527288187,529.0543542103684,54.388974239697816,134.23029669132293
1133.848244579185,529.3513182099668,52.99342055341939,134.99601356898847
1132.4282855751783,529.9611959072508,51.9665961609182,135.6313292731594
1132.2507519648555,526.7694250800939,51.35814263636411,135.04905027078723
1131.0938531155648,530.0658393419403,50.165978601430055,137.30351278172
1129.52149744745,528.0592071709634,48.79272405080991,138.91618645773065
1128.8665130313655,527.1578045807637,49.51561472991486,138.69120301371365
1124.036737261923,524.6277008156846,49.08887331051311,137.8105190705231
1122.2843333830829,526.4153956128101,49.27745254541874,138.3295955957092
1121.9886485416432,525.360356418251,48.74205546540796,138.74703173849406
1119.4413342885475,524.8403336102263,49.20381335836811,140.6051552856546
1118.1784704343172,523.7617229869825,52.27697411146413,140.13502218493704
1114.7957804599348,525.849614474628,56.06050812231794,139.47832979604178
1112.5007064005142,525.8743357963587,62.61639250808304,139.1008039486042
1104.1840221855955,524.1643497898715,67.03155723938963,141.6371806790338
1107.9793988190158,525.1519504840215,74.59173805860209,138.99862099708932
1106.0255233538012,527.4207087419934,77.50363192814228,141.70224025898588
1104.322291960388,528.0988534540079,78.55587269972968,147.18212963455335
1104.756423930679,527.7232925090793,78.1120340557296,150.87293836805827
1104.5649356028612,525.8996020570877,77.76357551769374,152.00297537033913
1108.4165214215752,527.1936133976336,73.94263481329796,154.05962945466965
1110.4434826174465,526.1828310302986,71.10449223149516,153.12386188339457
1117.2153147765623,522.7018190957382,66.3286563777846,157.31377728740048
1117.2719651614482,522.2889767097871,63.91530227903725,154.86774469626022
1117.546393994688,522.1484521070943,61.566995336019986,153.6484289760109
1119.0350763112585,525.5306250234897,58.47435463198628,152.92252853256178
1119.1870563293958,520.427724731048,56.576783579008705,151.7025379539693
1116.2844437587667,521.4786858522423,56.059564306419425,149.63103304527917
1115.159788688437,520.0345372736004,53.93891565772256,149.48630438962377
1115.0749692245145,519.7961124400717,52.44871748761136,146.495779081766
1111.792790910141,520.1697860314041,52.21625609647057,143.82586223121277
1111.8059461340013,521.22525138069,51.721362708481635,140.13150240018973
1109.554344585516,524.8399615702062,51.84459110944958,141.97765110858182
1109.2857987193513,520.4721645466989,51.3343995552968,142.94027619245827
1108.5809463765604,522.9862127446478,50.78762295414775,141.55917020514002
1104.9885724971848,522.1694322934842,52.00094461391466,141.90602197025675
1106.288147898325,522.3018817866181,50.596505051629606,141.91004023654688
1102.6097085267513,521.8153862296952,51.44026757574959,142.34607016100398
1099.2152930511077,518.0209394208862,51.33731928129775,145.74938670416591
1098.9462606908705,520.953995769119,51.61821174691428,143.48147276032373
1096.0581265624153,518.7251488253215,51.678981500639765,143.9295880775766
1095.2379939175044,521.0671326208392,53.24621550859612,143.51838299352102
1090.2140277451283,521.5710184926141,55.12412517838264,142.9857485239915
1087.675373640832,527.4650455200851,57.385318417231176,142.20438521894584
1085.34219616303,523.1363350389827,58.575611868599196,143.82253112492577
1083.4806609664222,523.7822786283256,57.875356987387335,142.94195352810772
1076.6674492915986,523.8161364963808,56.534975888444,142.6333286773998
1038.4405418363451,521.9426109179012,54.262966395649386,142.29244546540934
1028.544633620198,515.3506503074776,52.83205326466205,137.95741381298947
1027.992224708188,517.8951836721224,53.52088596585951,131.71051577333304
1027.155702339772,522.0774847581412,54.13826056359741,125.61862383274378
1024.9828103089126,523.2714146063724,56.289797375022474,122.35537658821377
1025.5719036349658,524.5757749760319,53.89787501081478,120.53039329095142
1025.3731761285328,524.7335657630773,51.10753456912631,118.6132691556745
1025.9108243328892,525.4602742585414,48.36382976927658,118.89804069865886
1024.682232056804,527.9479666279284,46.57390590667769,120.96569592090196
1023.757667387785,525.3240090899978,44.68945204401694,120.7184415727786
1022.1928708260115,525.8668280435706,41.71991859661392,124.44157823379105
1053.348056658881,537.8272065898482,42.08253447052241,129.25515665413116
1049.5240380877176,535.0097118041465,43.94930518076711,129.76324321653368
1045.8568364414336,533.8432105685537,45.219246385165334,130.65541531833102
1043.8391044208024,529.4443342966407,44.94095455328393,131.22864286183236
1041.8847092357746,530.8577978735123,46.07985743246027,130.18865201582923
1040.0032457620002,533.3933635476249,45.157690093526114,130.65314662913954
1039.0512712317911,530.5514887226554,44.293446583082954,127.91553030605604
1037.3804458156558,530.7266774618538,43.74334597933618,125.54192986751934
1034.2690641590314,532.3295150501439,44.976630112069195,125.23295286526536
1030.4127477974653,528.4134508477925,45.70959086376156,123.06626061982301
1031.6304664650695,531.0497120200254,45.18741641215638,122.73807926156319
1028.861376896408,533.3132604562803,46.22875081549037,122.67438138330688
1027.6908258287895,532.5327386938967,46.304797810600576,124.2991039950129
1021.1744242643737,531.9223503378173,47.07073649675125,124.24714456285008
1019.3928939407471,534.3376845081505,46.9938540363071,125.08541066537936
1021.173440023957,533.7314206944868,47.007243603883694,124.60277923567565
1018.4703301018817,534.7897555925604,46.92674783567186,124.515974237928
1016.6053347238416,534.5130062913294,47.873342778649445,123.43775195114134
1014.7692130633509,535.1520587142572,47.971173169251344,122.56329222315611
1016.2851546923234,536.0607954722195,47.385034837059784,122.83311022553818
1012.5447576008286,536.2470154219245,48.575224720332876,122.6180987152192
1011.3507999568309,536.6195365232205,49.437431973627824,122.20792572594209
1009.2912720811943,538.4444876310403,49.80442441092306,122.57082379040116
1005.7582880008724,538.4704944332915,50.49664993816948,122.39294346156427
978.3986675138093,535.190521319277,54.17156948007275,119.2547615063915
970.0793260410834,529.8653102276686,51.97409610839901,117.63213454456267
972.9980381086424,528.6782258722886,52.94903609552831,116.13498780743868
971.7912193952396,529.2825421262052,52.41913253206605,113.4151067182642
967.8063046931205,531.3975255672699,52.17072062435831,110.7975909755281
966.6539568902829,532.0832600552463,50.50108701406545,110.5054287884309
965.332316846145,532.4285451550097,48.60094449062123,109.85037089372145
962.5136177229103,536.0630200740304,46.72400019383993,109.30342394445091
963.5055432993253,534.1554378035248,45.64917500278843,109.03438353086119
961.8198911519522,538.479934750455,44.087927663849,106.55378304806509
963.420296703838,531.4247830611996,41.36551065339016,110.59514678199983
963.5772547068831,527.3324591152847,41.53270353803691,112.58794131671152
957.3576501901374,526.4503424236608,41.39109814478913,113.08885210527926
955.1819586139376,531.2178713952406,41.01001316734876,111.84343913370864
953.4019032407214,535.3777120842142,41.16121764003742,109.21249544992168
952.1099689734081,534.6157399960126,40.50325995911138,108.15878738609663
951.8101013242808,530.0818183425505,39.792611506978176,107.43908447427378
949.7915988550698,534.5123627048183,38.779679787751405,108.13323876804932
945.8698316344345,537.594516931983,40.49556762949509,106.04769161448098
945.5106857213572,541.1715706739694,41.74145002840601,103.06732663594818
943.771322263028,541.2602092233966,40.85074499196901,103.67403814252444
944.0433895503334,540.597547047307,40.73424238212279,103.5171793123878
943.1259011209611,537.7739528186672,39.474618641785746,103.79468222320767
940.3016396924106,542.5507184021865,39.6893403437694,102.01337321130538
940.8264796592773,539.9611840506786,38.13032934307546,104.81808532710909
938.3488381383672,540.5404408645535,37.15084643433008,106.84825372129461
936.9842975638934,542.712898474294,37.76737235122125,104.09634510346619
936.2956444656005,542.5139310536479,37.27564689944556,104.27075648550755
936.0994692116735,543.1482780575703,38.18995990128292,103.6778662879239
931.7964103055122,543.4944430550984,38.76308644610921,103.80122755740567
933.7833684822267,544.519407383965,38.77297332892161,103.98478299965882
931.1696007154251,543.5201855749674,38.90689487361334,105.64667314230394
933.0861026958981,542.7617147865406,39.56065601297528,106.92715533855274
931.1466394880741,543.855312074071,39.5620466229101,108.70173615857905
929.4488537290453,544.9497216517763,39.13783791520073,109.82309669368809
928.3078078739275,546.8154129710306,39.957586820173546,109.88882286765113
928.3177141357407,549.177746670985,40.20582430295289,110.21009125083566
931.4274400380684,551.5271960717768,41.60589615897172,108.67700309450484
927.4872748533709,546.8088211658521,41.80002625273714,111.81939180699862
924.5683472257679,549.5018071928454,43.39302459366269,111.99596349680931
924.1222337751752,552.0478170301948,44.81157451237908,110.5046046329788
922.9879135515592,548.8896072239972,46.26610579805355,112.34028677517364
922.8562646226122,549.7971850467388,46.54710533321698,113.38005894437595
923.8500329677003,549.628430046603,44.21326388735936,113.40833840600749
922.7658651667175,554.8763409232881,42.64908605985085,114.58176035527762
923.77008852036,558.806264381768,41.92692654918575,112.84154332903225
924.2871049107362,554.7367819189279,42.34017461139669,112.1427966381579
925.3606646440753,554.670142825229,43.38369397488327,110.64445230665287
923.496081248128,553.3545608633017,42.31907141528775,109.48051737982516
922.4238294541092,555.9674199380964,41.016570760422375,110.68816070870771
924.7077541533555,560.0378744082025,41.74018158583759,106.18633726650216
922.8775018390073,565.6803221820843,40.052738639777566,105.20422916460271
923.9741665480825,563.7424085843855,39.840904221842166,105.58799938019655
923.0477384092499,570.1786292118186,40.79174923663997,104.24307053905352
921.2607802925028,565.1487803967211,39.95820548086452,104.78416179348534
921.9789731194423,568.6683152558281,39.4602033736203,106.91787201548023
921.8795141178056,568.3197364939682,37.43103270127898,107.20856896370586
923.3041281778399,565.1385995564981,37.85528768491723,108.53663078795417
921.4730114623903,568.8251039626056,38.23790723193498,105.91147592124169
921.4492820234616,570.2998410532356,38.17405711891952,105.77483863156081
918.1131030430236,566.6319403072182,37.823891116849786,107.45746785419381
919.4434286468884,572.4113836603933,36.10155704056132,109.0321210017851
919.3884438209014,566.0096274209168,36.257899389713906,112.08643847579432
920.8320949917523,566.9986293239289,37.22448202067602,111.29486608897679
919.6661327502344,566.8998386110638,38.01905124358947,111.68184716669906
917.529431697163,567.8536379245284,36.963018084445395,115.70697691524542
916.8591624964675,569.0128816687966,36.58163823725131,114.42751672186456
915.8752314468675,572.6618460788509,38.181497962766215,112.0619127290881
916.3547503224152,569.9153753589078,39.97239260583538,110.20320499989106
914.5783241898724,572.5883549724875,39.63344438812095,111.21834784041656
915.4760695761615,575.0425330885671,40.06793120737986,110.01361744806908
914.8515030191112,574.9603093624308,39.516905531614185,109.4712407471921
917.4470363548538,579.3027340132637,39.066239841983545,107.91152491845983
917.2593706024252,580.8899929213012,38.81476138535113,107.86278625621452
916.4012271769727,576.0072405988719,38.14712785401585,110.01325786825055
915.6424004640656,580.3124395965887,38.36847867614742,109.59984567428637
914.963121378205,579.2878819213948,39.701298239138936,111.52136154296444
914.3602567732032,581.7396431345148,40.52338714552171,112.37472044190508
912.5851927407548,585.3639386545552,39.609889025884115,112.43466882378836
913.7813399670132,585.2873305097281,39.70413011460829,111.58411987965866
913.4646405071874,584.6980507741168,39.68728651874172,114.04958202774039
914.3559460953261,581.7365780325581,40.503774798575385,116.332987569841
914.2616852898392,582.139634506832,40.26732554547295,120.94486173126896
916.5204666748415,587.3829908007857,40.147506096877656,118.25725055557521
912.2997177955718,585.0483175100204,40.077400195427956,116.54887271046364
914.9557179297146,587.9537113374636,39.48256443815079,118.32570696339926
910.6255586612261,588.5026406611354,41.50858767258562,116.81288873690434
911.4668084470939,584.8893242528935,41.75352720093668,118.66909739226519
912.1635414075429,583.250704451984,42.24302305398095,120.70781885277283
910.5322456290966,590.2393278828963,44.063254601831595,116.75630849024213
911.6563268239131,591.9488298399034,43.53305211069586,115.89699977080244
911.1294847792011,597.3075393982689,42.98878126909639,114.01396384486338
908.0972935756826,594.4254309919629,42.29124135867565,113.67466641741144
908.2891723915017,598.1467348945358,43.98467673306624,109.22030662285255
908.8110137312178,597.7608046901001,43.39069266131822,109.1138350363419
909.2230581611964,599.5029969293411,42.73610997918187,110.93679124201645
908.7319928633215,599.7373242649376,41.235740803848735,115.15427602225427
907.0569881742148,598.7031322314424,40.734612169140505,114.26989489304147
906.1416523930385,599.7418403182172,43.539198704181004,112.19218020218565
906.2448991989733,602.8783177656439,43.11256852655378,113.33795646829492
907.2172487762259,601.2230811470642,42.40370387244103,113.51937571798942
906.3407960034818,602.4740121770714,43.38728329426425,113.39034506750207
906.5217283582575,601.8026432993295,43.63623184149681,113.84925875765839
906.9339872771822,600.2757539605576,42.86593666331192,113.4626227065859
907.2322352630395,605.2764536503066,41.75022885873143,113.19784323583883
905.8080674473695,605.6389067446391,42.32326055491633,113.85320299014242
905.0243778706907,603.1154234072623,43.96222043402044,117.2303667517822
905.0659106066478,609.0354519509752,45.0918682293741,118.41918450342482
906.4069160307681,604.959409690668,45.27788737827384,120.1381341604238
900.1546817381571,604.5797466877385,46.57279015112405,121.603977922198
903.4011580104917,607.8151694608573,46.26408018455032,124.69139635210237
903.5196683070559,609.167577410765,46.57097995511728,124.53717740815827
903.1328991843317,611.1946869490132,47.708861818066154,124.9839853520159
904.2502596334168,614.7127736517011,47.47009694363362,125.97153544492518
903.8061651511734,610.1485708531415,45.32761150867516,129.20150167554675
901.6576977380674,611.6839577402077,46.168702092956146,129.6101024736198
903.7981466946571,614.210273180755,47.400419246171964,126.06083559656875
907.6171861493375,614.8270078820838,46.981134556289085,127.49160490685057
902.2730545284996,612.8213944318751,47.423706159738984,131.54703709822806
905.1371416497832,609.9649643121436,46.94946818560834,133.36756340399583
904.9011312165446,610.8519397159096,47.505604701095095,132.28944328456163
902.4563921409014,610.7058004878085,47.410601844723715,132.5541632152884
901.8458171566275,612.5159001372456,47.64718669671457,129.17393060562983
900.9734118541553,620.9981628681991,47.95266505125525,125.4728283808818
901.8162305762243,621.9092950004401,47.05158153382982,123.6745955025128
898.3046426065713,624.9598132688416,46.02448949542382,123.42014233261455
902.5685178103824,623.3694230917945,45.12636099926745,125.22023420608923
898.0387585619776,616.2747431396484,43.638904176972716,127.57255611270557
899.0432815165876,616.1277003564775,45.72991632132782,131.0746793343239
895.8843611757746,619.4139814449848,46.46294538684815,130.32888757383773
896.5872689611549,621.5730733285751,48.34086989148328,129.40874131505416
896.0214378160509,619.3864131525073,48.5101935313048,131.60999306405293
895.1489629020566,616.8243474469587,47.285628727850934,136.1987924713486
891.9870338372469,614.2522769471924,48.41621293002352,140.53947791951353
894.8183273942418,615.3416355078773,49.04642754966103,138.31774357594708
892.4665809148053,610.067008237543,50.88208792336951,140.29311692281283
892.3163084443825,613.167590837371,54.99965964494094,138.15147266619934
893.9838089019762,606.9306585610676,53.94308354665486,140.0358529993627
892.8661493874821,605.4308319905714,52.75038866984724,140.3255929981877
891.282032012687,609.4699471149692,52.253370251107754,140.1467442533151
892.5499930978593,607.6159384762165,53.94818079549786,138.16922205232208
895.096967947559,613.847477219512,54.72571847383208,135.28625772457997
895.0826315872117,613.8073506656455,56.97982897734686,134.69073135663402
891.7913756715527,611.654791287077,53.11704910242702,136.23727165941597
890.9615693069186,629.7988411396595,55.54546293969296,134.66148890821182
892.3764961459532,616.2870679371808,56.408916252938,130.93923082020078
891.0853438830568,617.1936493169856,53.0189923977947,135.21936840919363
893.5070242469232,621.2634015558842,54.143949598677416,130.26230396775452
892.697650843794,618.3469977139348,54.39054994785731,130.5290937845042
896.6492441897601,615.8219249657666,54.08507901309093,129.3945394610423
896.0156986891483,617.6942389312256,55.53329069639215,130.96582161855463
899.045226542849,609.4837768135599,54.604823670728955,129.72215064895488
899.7258105422333,614.3733353651528,54.05166645348139,128.2365995462593
901.6483026362309,611.3945859536166,52.048647189114845,131.02004311582357
898.4986794841445,615.3034073071352,53.26059966507765,125.8174711112335
897.9215375752253,613.2944901796826,51.01262307684397,124.28362735719763
895.9042543024547,614.9495799917647,52.0113716622492,121.90300921175
900.4079595924319,616.4003603103283,51.27048317669711,120.9033615576219
898.8351250405077,615.9099142304369,51.99386317095876,118.38197409448145
899.1467001658599,625.1270065402008,52.201743047380866,119.38725865708247
897.526953452947,628.9208397380975,52.461930014947896,121.42698629464627
900.3412528520319,627.293451407166,53.34693507181473,122.73036537546281
900.2257111410817,623.4833620239273,52.79030687049034,121.3001035857322
903.550223713545,626.9718607662006,50.62504161717012,127.73137856619444
894.0937432843994,622.4094765601199,53.701825184378436,127.14813130485018
897.0560813831589,627.7130883195507,54.7901765998799,125.41871878231939
900.2694886195789,628.0113625225927,53.37295097697975,130.08840017462842
896.5463125921566,632.0196910280938,54.45336912544812,131.27159027912595
895.0048181673486,632.4424474872717,55.58571388558054,132.4407631145508
901.6993359779258,635.5904530912203,54.15322894663724,134.3322465523711
903.6915237951705,632.9211817599999,53.58484897286751,134.78937369114686
893.9153305067867,636.600565013859,55.397823331121856,134.03901980414344
895.3546983814002,638.925000386724,56.51365635247489,131.57997064651246
897.224844064445,627.9810573813345,55.00114145382348,137.55561365897336
898.4943125313807,636.0814865697552,56.63718999125349,135.94095038326228
899.653157398669,632.0737927437714,56.56002872073009,138.70438011893603
894.9853499053515,639.4030012045965,58.59564816377264,135.7340478020351
895.9520123172357,634.5447829356967,56.99432767523213,142.1210872218017
898.8735257833002,637.5271582355233,58.121454178849106,143.10177884749908
897.7167094665202,636.3412813524633,57.20315679156559,143.28961752021456
902.5409682810351,637.8001864387775,55.54888457629768,144.87642605913365
902.6633193092167,635.3473973325281,55.7649322981693,147.540138820298
904.7229506868154,634.3750827442803,54.980999424730584,149.54055260275453
901.9949631684633,638.7544687997828,56.595805203335495,151.42749234393173
905.4991033034363,638.2127337921484,56.36460296002112,151.29023757056302
900.0960050842727,634.1777613440968,57.39650397293154,152.2167450516488
903.8721895954686,639.2800069753051,57.829893934048826,152.50814296869413
901.884934531545,639.754514801796,57.88676562708879,150.21251470504438
899.5822447176358,637.5273313761337,58.43911042303764,148.6401495862283
898.5278266353994,640.2188529869161,60.77928670645983,148.0303103262371
896.9567436915269,640.0596241323905,62.897034323908635,145.7162214696327
893.9299987344864,643.0423761973279,64.51679669325306,144.60292153331775
898.5231509555533,640.893557179839,63.17746511415382,146.01537530088893
899.1940540704194,639.2794298754834,62.90748281117445,143.47646182810414
898.2791597254662,642.8935062984889,63.34209903579038,143.02484445374495
899.6009363795306,643.2030526234417,62.13300342389387,148.1788583321922
900.2899369622351,643.0369217308921,62.442543687233794,149.6153030132029
901.7093896817539,646.821602588158,62.001796172074464,151.8492243596632
901.3013942554243,643.7859286274709,61.595938325110325,152.5956862089075
904.1383199816894,644.2093938842582,59.377533231924644,154.7074036837523
907.7178159036615,647.3934474933802,57.99844922457057,150.26858056604485
902.6325074472169,650.3088839208549,58.68757491425916,148.22280205440836
901.3432621088176,649.6876180305167,58.885507816508415,150.49372057088158
901.4401945034754,648.138315682587,58.2778854217726,147.48018236375236
890.2255550626721,650.7121538522591,63.17617094545058,146.791935950921
893.4384125840339,650.9627745649768,64.2023204660631,148.80957241910374
891.9975467044625,650.4119040754331,67.37251796029543,146.4180508180474
893.3645195632537,651.4054191655125,67.26579708499585,145.54774123842623
880.8382200275149,650.470066209919,74.57442260024403,141.65635348014374
878.026656586075,656.8234771464704,78.48670524480426,139.42647634403227
878.1381820054951,647.5346393455993,80.40484928406273,142.85542785910127
883.435336035736,651.6211268482681,78.12930223069039,146.23539024290056
887.2624879157352,645.4046111163184,76.17828807822579,145.99789306433286
889.1072641933481,653.6729731456879,72.50127744949677,151.02485319296534
892.7421898762327,649.0381277445415,70.05716188307748,152.9416442489295
891.755884569788,648.6555639927067,70.31207910257551,159.77617182758854
889.14962380491,645.8936549097426,72.50339571026991,163.63455528845913
885.9168525834824,646.9705275522772,74.65275487660045,162.7571814096491
879.3647599630408,650.3430799212136,78.83643370709098,157.82454186817336
880.477128399862,647.736064291891,82.08558465234773,157.43891760634241
880.8731175836085,644.0312648875818,82.96569701014263,157.84926580809235
882.913659832622,649.3355620207493,81.48910782238123,162.93609625677277
886.5161869026273,644.3609461630565,81.10812486866575,158.54751613530078
883.4262675270013,641.6043319806159,81.95298856809734,153.96773546316385
888.4312626295263,641.5575550085442,77.51452180220619,153.8606791546849
889.7164154304974,638.9193259058507,75.88021538521969,149.49383903664335
879.7510224750715,643.9307934914142,82.04225874444117,144.04732217077438
880.2311579973863,648.1581548431393,83.69257976022263,139.8094709138171
880.2438893079892,642.860582610537,83.84517468234552,140.63056198560218
880.9753242262506,642.7715456805836,81.31611348870408,141.4666963331506
880.6854339514033,639.9427161177712,82.27757687546915,140.8283225142544
888.123222138503,638.2294010948461,78.49268210907658,141.4823867930532
897.2588255663401,637.9063825986734,73.99296555313727,142.7984747094043
899.5172241751379,637.4953878540975,69.99955725147777,144.09941094538735
895.9596835239137,633.7790024427679,70.18495352345343,143.20178789220012
882.4003129688972,641.3937398380789,74.94144460941212,139.158248556346
877.1298861893818,639.5711665595314,82.12202224841236,129.43674572208502
875.9182461010889,639.9711365479607,83.23428513222015,128.39658702605237
892.9548949917605,639.7931722787249,75.52214841781363,135.96546714438577
887.8581947569135,626.69815208478,77.3940670409979,133.72535992080296
885.6897882083243,623.9086862472337,77.94803171898876,132.5996558220494
875.8959494848766,625.364757460709,81.54051482760843,132.3937908328433
880.584406490656,620.9659059870038,83.59797543935278,128.79339251558912
880.5802997010984,622.2450198130225,82.79313203964772,128.55620929183132
879.9197870302501,622.6872761785193,83.5673738074297,128.6080571201832
879.657739509164,621.4256579237831,83.9839439367912,128.18131192124008
876.9052536094624,621.1186586636767,85.82801138593415,129.4015727165184
874.9948833497884,619.29781536108,87.63904731489035,132.62828339630218
876.7413651050194,618.2315810535292,88.000540557861,134.6049661257004
882.0999385304959,614.8359077025947,84.29713305576807,138.1289208137818
879.9548024269471,618.1568928761318,84.23863897988693,138.90502821393542
877.3288492351641,617.4498469790178,86.05941725682365,139.6949743522935
881.8562239140372,614.146994017442,85.19225499162535,140.74106097079257
878.528167522576,616.4025937952836,84.50815774420144,140.8163363889904
879.7478748459421,615.071417314438,84.06134049392796,140.21646809557663
882.5333550077338,616.7426458486445,83.30341259534723,141.15821124503535
879.846377641461,618.8841711490484,87.12718494807027,139.55252015794994
878.8966113208871,618.8149720460369,86.28702022640343,142.3892390905273
878.1344556751995,617.1013633067748,85.73547474789171,144.2313429943366
878.3977665517544,613.0918721892265,84.89530822392493,145.67445958841904
881.9663050218161,616.5325760892506,83.85021263281428,143.92658225704594
878.9927259919107,620.7532567949576,85.63128158856293,142.34695841359078
876.9625804526904,620.4387806255095,87.1257222988566,140.65715948462153
878.8126901274348,623.9137195553453,87.16873222136745,139.97248774898873
878.4510957489723,625.0919168674418,86.8754147893294,139.45651367436392
874.564854496061,625.1167772058811,90.49203713845334,139.26740509434634
870.0729891421065,630.0798574076946,93.85811900461944,138.79778773814505
873.0707356686173,629.3495737046095,93.01509777446859,144.7085847141178
877.2594179870373,629.7757922908063,91.25453584901898,150.19596537094117
874.9946849010661,632.2927377302666,94.81362083720168,148.4019067447056
873.9842036718524,636.4149277066465,96.89374950854764,147.0466348476133
876.3828149684168,639.1773311270373,95.77647396408727,148.47284193314493
872.379958845086,638.6328206357186,95.88131679973804,148.5998528526576
869.8954811692535,635.8525270228655,97.61292487856342,147.87334356196942
867.2864431829187,634.3293712876989,98.60231101248795,147.62408564948026
864.2400400215646,631.6868898830185,98.65698656975587,147.5111685621286
862.4541030578732,634.8770967650846,100.86527339577876,148.08064987217514
872.9005512277562,633.6118530954927,97.43042474462877,150.24303699920912
868.3963184785835,635.912441390284,98.14965245215456,149.41165495504947
867.3692098234376,636.2382707942419,99.07686580375395,149.13628416754585
871.6664204974272,642.3235968033683,101.58204309013615,150.4164563644558
872.796691511502,646.3031348933723,102.03039412484841,147.77598568105583
895.6791420759411,638.8648041402221,92.17329254065109,151.18622912010602
902.4447255119759,641.0604278842649,81.77781736481029,151.0947596888397
885.0891732564464,649.7332404197574,85.08033728180637,147.95268705908524
882.5788653024629,652.2005289257504,89.57956043565696,144.95684688779932
883.9569543146666,648.4626284448575,90.74597353138198,145.40954198198472
883.1262611781061,647.8631744120111,91.95422763567586,147.17254545141628
881.9154659253823,650.5292426870445,93.68091402140851,147.13786579302808
898.0807703144047,635.5308361457327,89.22790330630984,150.26889061366575
893.3662735541953,639.9742624444341,88.910672199562,148.0572186320668
887.681041277353,640.1086018778765,91.98313998650927,149.76889513463914
883.9960860435272,640.861961804879,94.5337169525711,146.885277437485
883.0920261915568,637.5837199582279,96.0299825692992,146.86375601887823
880.539332513035,634.66897237242,97.24972798748185,148.78499673273376
882.3813112875363,636.3339102654738,98.30054229387207,148.34105633656634
883.1094400419029,631.6545946491892,97.34969668275053,153.75703919174612
881.7584506097609,636.4441646285491,98.9241295926901,154.17777999994127
881.4428926220444,641.1417106351774,100.68226918549706,155.41735074737102
882.6330182921348,646.9129798889464,102.33759534620535,155.55634657556914
885.1269060321409,645.2057643077051,100.93797101896918,156.48963270768604
883.4418372803613,653.6251194916239,103.42188490139779,153.9107162937143
884.4532432034656,657.5063570653485,106.16548350323572,149.92840221897032
884.1835512278075,647.6913666754651,105.04547756227961,154.48758990652294
886.2528898305338,649.6414612531453,103.98908382976566,153.32802051128976
888.4761910953389,649.877799921813,103.08375082039657,152.54917551337903
890.1561381257787,645.536094779973,101.46243477240401,153.9352437108114
890.343121529255,650.4132076873916,103.02139319047237,154.5400078768522
889.0115058007282,655.5201376782757,104.15432271203194,151.46802391389065
889.3583335335722,658.8951212761813,105.7658667186241,150.02337899840586
891.1832783330833,662.0119931880279,106.78408675776775,146.00632228268432
893.5995927549457,660.5951572550866,106.86502982912177,146.30541514514806
897.1596493776472,661.7664989228008,104.29406622268345,147.49260379156556
900.5077693731606,664.4160754190086,101.31003233569467,147.17174983582424
914.3663467920455,670.7865336864013,98.74349356333907,147.71428917055266
907.6902453358834,687.1240427893783,103.46846287871087,140.84547532180488
911.9766834959778,689.2936492106455,105.27870894198776,142.41975817161074
910.8486850431262,687.010197572472,106.22345178623462,142.72748306951394
909.8962872185865,687.646691537389,106.84542264527258,145.65984978463473
917.3934493564655,684.0819483938049,102.7152488495318,150.67769818531573
921.9031684460954,681.788288530342,100.04143657620764,151.98892100614202
926.3571153107047,680.8458354035474,99.63758250484597,152.95623077399785
969.5234975734459,668.7275047305875,86.11259094589568,159.99074556758418
939.1374833524937,679.4006623146422,83.67581263319192,158.00699572441965
937.1149384939698,684.233227448087,89.93623483686261,154.35000439505524
936.7728579541124,680.1966724530812,87.95577749489104,152.8713655396602
938.4759083448749,677.3116243022802,85.7244411785705,153.21321017008975
940.5134066976465,673.2583173659984,86.27260497910775,153.8751833977514
944.1171838297718,675.296672159818,92.433350844614,153.84729374229147
1000.1343397264318,660.3009138225709,79.18177557137,167.12599861262322
1002.3946226213966,653.7755092250198,73.80653923637867,173.06236415998825
948.4527771558795,672.4067904796638,80.7076789713812,167.61487470104387
962.9342238692348,672.3416811219553,85.30017640596171,165.37737975204982
964.8386117212549,671.8373368280364,88.32936567174235,166.83470538153466
965.4946248451964,671.0684901531777,93.90745235398214,166.94399287056444
968.2843786655149,676.3804090526735,97.19019109937724,165.69526933146977
971.4154756885649,673.7705442856345,102.47074237773106,165.71593397135564
973.8818664199524,665.1022375236123,104.60458375089382,167.40732559288358
969.2241206875157,664.4670596308583,107.23993742341645,171.9042285881631
973.236535419327,656.2833441454205,108.26486480989949,174.8570926108288
976.8187430789826,649.5256461847965,108.13690842235474,176.5197581836746
971.6849596044997,640.4245481023472,104.78630327132387,181.78036541535292
977.618271101377,651.6989946375228,109.11307444656376,177.2491763131623
983.2183309012801,643.8464825938116,111.52026950774234,175.93087365182987
978.4460481953395,643.9838964344383,112.09276103426,175.70498517939143
985.1461346137227,644.2118057863514,114.61280687739307,173.85036421172822
981.484217570795,644.9098981109838,116.6646432813867,172.42862491184633
993.0063100625871,643.2457224738586,117.38400729393709,172.4125117179469
1000.1657456359479,645.7480270931585,118.4392108049812,174.2266385027812
1033.4541040618872,642.6281359975135,102.3018789082253,179.22775625230952
1042.8588460456535,641.0678602671627,90.35129390530808,182.43873753644047
1050.4393325447886,639.44070201284,81.85136428906276,182.97617835541092
1057.0021160344484,636.0342100224732,75.24362447056583,187.16125829220184
1060.8417884889361,636.7544339761566,71.40016333736969,185.9340153600271
1065.7555974218085,632.7560178577976,69.27025228558058,187.0124128708332
1069.1943175096585,628.9147510344621,68.17514644406496,187.50426296163982
1072.4450616298352,627.7673896397112,66.5733762615119,187.8388879358527
1076.9095974588981,626.3644171164354,66.89891375644464,183.58649124700648
1074.5285069721224,627.6158284031212,68.39323836520452,180.18814775736502
1076.075919458465,626.5466092977628,66.72444167517213,179.53833477677563
1080.1323792229753,625.0108484685836,65.88026941692415,173.69232562547222
1085.677757321564,629.7930492516708,65.6512597034763,169.21046119090525
1086.3995861153287,626.2479773480914,63.97524946543884,165.32222696108784
1087.2076454305209,629.6780759452741,61.96067496766898,164.47742737269647
1090.0607144280127,629.5471246555012,60.266447356988095,163.81740670962165
1092.727344825127,631.532285908233,59.49166144154539,162.8941365148645
1093.2421636030608,628.4899408894262,59.429870965701255,161.88505159316702
1093.9629328086696,621.4409645175215,59.49867811871462,161.3588835618039
1096.2522629160635,619.8964811471881,60.365986103117116,161.75062528149397
1098.6172646294128,616.2449952525137,60.32026348770242,160.72688385948751
1107.1526652890407,616.1550894801707,62.2402112928426,160.42062703488017
1104.0626918453618,611.6274185548868,65.8877714609979,156.96354718736723
1104.274356749982,607.6392244889361,66.84383327915853,157.18969556332277
1102.2538973336596,611.3678280874233,69.92384218257251,156.51059453573987
1102.0313573623494,600.4831195416737,68.06699305522946,159.08649886943766
1106.95286213586,600.8310255069972,68.60633650217113,155.6864644718503
1102.039691825494,604.728167844981,67.892957418721,153.29130028027387
1108.6437955767738,598.3087776082805,70.98631563576467,147.39491448994738
1107.2423659784545,596.538854422625,67.55503287823171,148.0134265306026
1107.1760964809548,595.4906518032478,62.889870628162086,147.45526501602933
1111.3711681367133,592.2233386984908,57.68248540243415,149.5630639123911
1112.793181352447,591.585818817465,54.1018599103074,150.16233674865555
1113.6540335402158,592.3883066279313,52.11007217091563,149.22925758380862
1115.965470350383,587.5724264405451,50.20631979149198,148.65990781280357
1117.9422981136033,588.137302296522,49.52773723752429,145.85203517688487
1119.2080271724192,587.8570924984716,47.76897454215114,147.0228055550097
1121.06260074286,583.5954914638984,47.845868035621535,146.8587849750408
1123.292516030265,581.2509092057005,47.73850030191227,142.97775857274553
1124.814350695138,582.6301507596613,48.07598506221577,139.7615567342317
1125.814914392062,581.9574911761056,47.89377491478482,137.36013190749156
1126.332210481761,580.1085474228294,47.526658340369735,134.76269703768804
1126.1249329569337,577.5133980764971,47.80000272169281,134.46478833377824
1128.8254087758737,582.0357261379137,47.219349929313715,133.69379827365293
1131.782832096298,582.8811960755717,46.64084565940321,136.168347141937
1132.5706472991492,582.6953447510003,46.47863971236161,136.71491240763748
1134.7591947855667,585.6986147680185,46.157630175963526,136.71716068501814
1136.97137039146,586.0142958640764,44.67465908719973,139.78689227502718
1137.9410056230374,584.8097254788531,45.40948775733573,141.37246530951154
1138.8060486545469,587.6573040115846,45.490360791189744,140.51579524646576
1140.5734312168127,584.6445815619825,44.29329604118746,141.33215230745338
1142.7124847335315,586.5160371411205,44.006296724659336,143.49621586846644
1143.6584595484446,586.8366035427293,43.6982677657042,144.0286172796969
1143.8953622621345,586.9763512167959,44.590020078704185,144.29413766108547
1144.1835532685257,587.7765021967795,45.55866562800027,141.95039646100344
1146.2640400897196,589.4716260707305,46.04635697982748,138.0390703719003
1147.0720667761561,592.2797743405291,45.239658786849,136.3952698860585
1148.235990470719,593.3034013184549,44.45047043779762,140.0132002273731
1149.8963337786288,590.6569311984135,45.20964779976315,138.31061853061613
1149.7884047623115,594.817159815911,46.743337860391335,137.1510627143036
1150.7493506230262,593.7076435865216,46.864502084204574,134.6118284323234
1151.4368201551947,595.6127703208252,47.714027573876834,133.98104986716322
1151.9360896373184,594.9033069474663,48.87754348087019,132.75776493714443
1153.1140058226908,598.5723446505178,49.170357509676336,134.9092688479335
1153.2129281999116,595.8524126861798,49.51296647881058,136.99465138680347
1153.728279358456,594.4681674905461,50.15207261155389,137.05867820250188
1154.7604714004633,596.6592818705623,50.67603429215393,134.9479396893334
1156.0363734781824,596.7124910486801,50.731405679405796,133.05009762542778
1155.3696119600834,600.1932665000176,51.68921759393936,132.007092395879
1157.2718819479105,599.4633244285054,50.57209338885984,134.83374367624992
1157.1428576114554,598.7173074402964,50.34879845223902,134.80148673351624
1158.539008010979,599.721446634504,50.35608307910496,133.26414903032432
1158.4559955415941,600.9247679474317,49.87786828927883,131.64766627308765
1160.0486753655819,600.957062101345,48.87106627823803,131.76502175695435
1161.4155611938886,600.8366627186247,48.73861548291861,132.59395038210263
1161.3787478868003,600.6339321721433,48.93637586292377,132.818219788443
1162.5042913047125,601.6994568235849,48.665897479971036,133.766666195719
1163.200614916631,605.7606668010285,48.89427412141566,134.36799095623894
1163.8840646700492,608.5975145370298,47.97562175048946,134.67611268390445
1164.9983668263953,611.4444435791336,47.422139599311656,135.65573842726522
1164.997594246631,609.767968519483,48.08781239692763,136.59559059109634
1165.9258038805763,610.5906179429637,47.9890392233379,138.60346376733287
1166.51726786767,610.4725668128644,47.992917506594985,139.85818310992335
1167.4116117660606,609.5088754366855,48.144119175534314,141.3734254880938
1168.724602498765,610.5488125080308,47.97914937314374,140.6195594926329
1167.600122159176,610.0595221560699,48.35999892471693,140.11180386285216
1167.8614297109998,610.6144310196802,48.69919598136026,140.99911010390824
1168.3027155049926,609.84292072349,48.93034144193997,141.58172639145297
1167.8261351439603,610.4973324674961,49.249986908445614,141.76507338030808
1167.2475383635883,612.2395827237788,49.79843549168905,142.3310366073758
1164.449528007606,609.5824725307555,50.364712591011816,142.60552930205586
1160.7263801720103,610.8006674668607,51.7790327739998,139.9826075375815
1149.9748245945405,612.0519194907806,53.05768640916743,138.7543841017761
1135.6193988615341,612.3634408069444,54.43380013310467,138.23301106040876
1121.0239113746263,613.5718995704382,56.0296338458301,138.0372061769408
1096.8953552505266,615.4830337596086,56.219666698378916,137.96948033333723
1068.8603785286816,617.536181020712,56.717722840212986,136.15551239779364
1039.4535284036017,615.5473609642747,56.62169991355893,137.89718578549298
1007.8419627752917,614.4300359556622,56.04502156893745,137.53832052489838
974.447748520315,616.0982225034493,54.68952423794306,138.58416551736855
929.4845255815486,616.5219358036564,52.12485261434039,139.95775325029462
885.9360972306552,618.2704504778892,52.71259881862825,137.29723383420492
849.4284731401242,618.2097630008932,51.79143146691576,138.53528397405933
802.1756661624945,622.2084907148268,51.89119833360169,143.61355453137088
857.877548268435,648.2068509325422,54.04504283085598,148.00071746316308
816.7665073921289,652.8701945042728,53.08968575074441,150.91746584373197
763.8025676200657,653.3522100842758,54.312404683652574,148.93630723440253
719.6265451973436,659.884134982737,56.48189647179401,152.82369986843986
667.2419913368169,663.0543661120804,60.45857936847841,156.58915091668678
614.9025509302286,669.6974616194509,62.310009674956945,159.60088308783637
570.5913573637398,673.3271600579567,61.16636796657387,160.68464060786795
514.057236550312,680.3787625587297,63.12270140612482,164.21944987365978
471.06017544201967,686.907340029338,64.92074931679178,168.60219357130967
426.1478487225181,692.156961335559,67.04946659900511,168.9633280190652
381.4502688647544,700.5921798163967,68.99566310849175,171.0548281735277
352.29936188817544,707.4824507849793,70.07543319984984,174.30019292468793
327.3223336948565,710.8319417513778,73.00426713552639,173.52954076609842
301.33766743512257,719.8689690429729,74.27772209573561,173.73721945579197
290.1387600164346,723.0865773361775,77.10673566459045,175.34511313327312
277.1921757131124,730.2362374657326,80.73991426057022,174.498338496686
269.1776120288975,731.7877462347902,78.9946591105079,177.4892756781716
263.024448507637,736.3711865280338,80.42118966362511,176.93978978177657
259.9854583558324,739.4260624487632,79.78251169629893,177.69567146610802
260.84388974269547,739.8614276606127,78.33956990337049,180.63710198584783
257.6148582525041,742.6238844710746,78.87236019212335,181.1518115213721
259.3352265736347,742.1015648063984,78.61807234606695,178.17409194121615
260.9648025266276,744.6201659940466,76.9795320681026,179.02744861716798
262.29465937468353,745.7236490932133,76.4350469027575,180.63290556947996
264.2454128410608,747.3112007712444,75.19948720588445,182.90921828811224
266.5343108757827,747.4117372098844,74.1044539421884,185.91816246260385
268.3878467095532,745.9203269134632,74.41169789889588,187.62070800617056
269.21964713315674,748.1466002190757,74.96045893234523,185.71211588933045
270.2902272891574,751.0873182378325,77.26090308499684,183.31793132260216
272.440839422031,753.1855973626466,79.31794652557406,182.19755734066678
274.32038751836717,755.9067632046882,80.57300934675658,181.7999718895333
274.8932764873739,757.0310680108464,80.7249148847188,179.74424319860168
277.9765707723302,760.1357891294563,80.73950486595899,185.05581938682695
280.52234896742937,761.1553764137387,81.22213967137137,186.57922218109624
282.3381884029913,762.4136324756537,81.35008724390545,186.8223907537075
284.51539873266734,762.5419607898539,82.72038021896977,188.80165860179943
288.2597590105689,763.4552014778908,84.1116149445239,190.64731720312216
291.53660342465923,765.5930474290657,84.47822637217536,191.9917209940258
292.66481442237557,765.5679490843083,85.06654869152862,193.11086257454872
293.0774212941061,766.1078385186213,84.675370217075,196.4463527350257
295.5742072825498,767.891138377601,86.49923452021903,196.28636090050355
298.2841386425562,769.9634926695812,85.47098467764597,201.08320307779613
304.6215638725626,770.6065871929129,86.07324883115551,203.5421205096205
312.5232022377321,768.6908467758751,88.02389115609878,204.75361319677864
325.5294254466618,766.2422480939972,89.44655940810514,201.63424835218973
340.39712293464896,768.1486592354028,89.51669616058837,201.99260827763982
363.4253400959272,768.745485345285,89.74783945569186,201.6201644782866
386.34028241537555,768.8196521649836,88.71915129236771,200.88414386404077
410.9546164104811,765.2937775219327,90.59555891095317,196.91196539171546
440.5749784370182,765.8876990130882,88.319015265461,196.05711698170185
467.43442188746485,763.6624975122813,85.64045261112304,196.2846580950449
504.4962209787821,758.8153964049363,84.39239099965297,196.3964651033529
539.3245834184878,756.2401659562532,81.35135473231988,194.31344047773308
571.9316212709219,755.0347001234438,79.9396249281189,193.82043301529353
611.4648946038594,755.8400279777619,75.94049426321922,196.86976834589262
638.8295825056961,747.5364991260028,74.80039617322873,195.37291015140022
678.4718410738254,747.3588279772996,73.35170112891335,195.0464790902543
710.9037824034435,746.2903819895361,71.8754962377335,191.2761470600056
734.759707939679,746.3369743158142,70.40653326034256,191.18392468054458
758.5980058122439,748.2323601218169,68.92183886612567,192.92994034016834
777.6293562389047,750.2746318275244,67.97556075126468,194.23677480830045
788.1172269261258,750.5440060967433,69.48758092541077,193.79981130349512
803.9334477245761,753.6120683147633,68.67889074796861,193.73797216276108
809.1671185890235,754.1822093543158,68.5818587771461,193.88168412166843
815.2124576884464,755.9415472284493,69.08134168989147,192.59701047985527
819.5735071393549,760.670550149471,68.4030249087259,191.99477050361594
823.2079447667586,760.2139164364437,68.8851439716078,192.10637468403831
825.9148833965703,763.0424058526037,68.07559869006866,193.96244325113344
829.0813929367264,764.3557359110114,67.92289711365888,197.29368894316923
830.1586526492905,763.5307981727267,67.53254145966847,202.29685771882134
830.1011427567352,766.7458946500664,69.58325527226135,203.10697529324517
831.1725880985597,769.1282852326204,70.87890026451942,205.4276748173898
831.7452720790221,768.9825216589222,72.5773561021738,208.74097957605278
830.250131190692,769.9585276759743,73.02801972050463,211.89612066999825
829.7428517107342,769.7518865147841,74.53734006538681,213.92630026376673
828.7643335822389,771.3293735347297,75.12215049255312,214.88923126468592
828.5778549657969,774.5740342413803,77.03451061291591,211.98436356971513
827.5370307619831,776.2983780391211,76.92030869560784,211.78175779179543
827.8190523090325,775.6249520414534,77.21165974531084,208.4167011108288
825.9359845300885,780.727608524108,77.55244242011072,208.1398087853748
826.4545738401209,782.8139093930974,77.45168347403614,209.34336098798977
825.7222855265475,782.3045737747107,78.1022304488639,211.78055104555767
825.2526867668164,786.8192749209111,77.99235615508778,215.52771226295556
824.1454712686879,784.4999673602406,78.39367461841978,218.11983731204515
823.9799694316007,787.06520410766,78.62570986295535,220.00429873620308
824.4144508211266,786.4528128533856,77.82674175493895,221.8742714939072
824.6092841140897,783.6637256003675,77.31106451998309,221.0384030369874
824.4734800720693,783.1618317596594,77.02246459464116,219.65095862966393
824.9436051784038,785.7235350957914,76.59600490796961,220.22007090199554
824.8780671127549,783.8385891535193,75.68465896114384,220.02076055391572
825.6330073048048,783.0852805096459,75.24840645214881,221.8665351858071
825.5178590241703,783.138253402912,75.40986081503314,223.79202235080425
825.0248140550622,782.7237557627045,74.89475853864906,225.35682583332976
826.240863837888,782.0786609776387,74.49990580291018,225.62740429781613
828.1705497147678,781.7220682910718,74.22172174461906,229.1697064880567
827.9341925095747,779.3284427103727,74.07425919248278,229.62476763800677
829.1549877195135,776.5621835394016,73.94293773320389,224.07495060523064
830.076143718805,780.2902789339656,74.5497637681114,222.64331304563507
830.6579375213927,781.9044948004149,74.00547999119853,222.7412954411521
832.1956112839687,780.9075250599944,74.22663576597728,223.86719860548362
834.7968205554904,774.2984159889634,74.93971279366524,220.3131138092155
834.7355953844424,776.5489590814209,75.82111659172222,221.44281485004637
836.2719813576955,774.1845487033397,75.71650932819796,222.26339545259304
836.8882679710263,769.2141266113263,75.82060688848324,222.92803197121896
838.2797160759959,767.7564129243714,76.31732087977994,225.16250565781007
841.9581996788877,761.0379326483442,76.81701322877251,222.1390889206111
841.1733405119252,757.9980704648162,76.96550021182571,219.76205841244217
843.4723217439636,757.294520999856,77.36176458550453,220.29754049057792
844.4216282459686,753.4613423419894,76.42161904678264,219.63937283606327
844.822577850035,750.7899600273925,76.9963183266309,217.5469964640706
846.2944893756037,745.0527314381111,76.98074451313065,214.0803704243727
848.7756071903623,746.5901615177806,76.70392623698399,211.51790204819642
849.0537255407115,744.1003779846124,76.36412165349452,209.80686914541752
850.4964950507754,742.590342854309,75.57981409993809,209.36754201317052
851.4996165529775,739.458443508854,74.91797495838813,209.49175925952972
852.7936634254472,736.6339513230354,74.82648780148237,208.51439878540415
855.9285239525693,733.9949042035287,73.71641334570872,206.34561732682462
858.0568758406949,730.0738555127925,71.98648214197878,208.78189315472338
859.3092059993436,727.4985749158029,71.14905065377368,208.21304075126207
861.7809521313587,723.2972828960014,69.45182850947428,210.17771371326296
864.0711603844866,723.105652023447,68.30089357134818,210.10676096895193
865.3225756363993,714.826819591233,67.66805667833935,209.2590475003451
863.1332408300244,709.2844477172795,67.49842993788609,207.0878325209489
794.7810685257589,671.5160163627575,66.50031939958205,204.34671797493536
796.7946836082081,674.6942518294757,63.854299297062695,206.03832420634166
800.234338025575,669.4963984618452,64.18684413500432,202.5291176552425
804.1788011621604,669.5914681643044,64.12021129069092,202.05321117373722
806.6641686741842,658.7198900015967,63.107216323042756,202.77224555468064
810.8061947671202,663.2422547893829,62.77731592534886,202.52844485391415
813.087125477723,659.277669701567,61.38265731369195,203.72451773125857
816.4488436059114,646.4789237008465,61.58212793862788,202.97629135311
818.3923146054766,649.1077570820466,60.25036723468821,204.1008796533132
822.0984894884858,642.1166973542904,59.85487764731836,200.80611288159685
824.6918447686118,641.1220174580233,59.28069386911177,200.0503697007536
829.5458860125949,642.4741972446755,57.69571371843891,201.5694694544024
832.1386412190068,637.5681549620392,56.414417334166636,199.22564676272737
836.5460545492465,637.151501417078,54.99144559164651,198.09101848746866
838.3552415818776,635.0531647811481,54.633375270073316,193.4337797087727
841.500237767833,633.3253769088944,54.590968748979,189.01345279147938
846.2219656943889,636.5442003443519,53.14777312963868,188.74365071602847
848.4687965130498,635.225283723717,52.904730960974106,185.29452854239463
854.1181966920973,635.9020930921788,52.94932234553954,185.31043090500214
857.3689737972174,637.6882617010875,52.202403804122824,185.53250673768957
869.1255270866044,637.4064156781817,57.30614060625415,184.9952964280201
881.2799676925459,640.7631804182228,65.99101680009608,182.21545014903268
881.2743559634774,639.9753187926544,74.00581828739537,179.39512269829083
881.9865397363895,641.3778186178872,80.71922825087725,177.54445443058125
874.6388939866828,643.9945775832573,77.19027674382204,185.31664230813982
879.8330062267377,645.3516547354566,80.59918063741041,192.20023841025215
885.8742940839024,644.7572639044192,84.08272976660044,199.05011598033192
886.3977692563332,657.5130274904101,83.41884519449427,214.60928362802431
887.9421037145216,654.3146123053301,82.81591779774851,227.18950725655304
889.8329698915999,651.120602813285,81.97928602251365,236.50960477729058
892.9564558664089,657.178385237073,80.90047928235558,242.80619083865872
895.6679080856024,657.4837180638086,78.18134074268514,251.77074562150875
895.8552715995055,654.7583319547457,77.07924856307062,255.72097731467971
894.9643187683641,659.3820221455264,77.45870185432082,258.7992659309842
893.9725766466186,662.6097996667183,77.55137858195734,264.4157105258875
892.9597894936808,663.1740325915644,77.65393620851599,269.877093702932
891.8135899868773,660.3443300179704,79.05040344607113,267.25793896527
890.6829112497562,663.8237220669328,80.48340680788687,267.6231697734801
891.4915534362315,660.2105745853488,81.02524637271826,266.2441596687911
892.6876239595654,664.553970571465,81.31585027764979,265.7021381610697
892.4361731759257,664.2615193496111,81.81268991040395,264.94381841161413
892.9619192241337,663.4557470949462,81.6224264873212,263.58966427104906
893.1454993037964,659.1826469176873,81.37298340852891,259.8363439408683
894.3367872875182,661.941347610771,80.97918083533958,255.5894906237037
895.2846043454219,667.0333035376782,80.9790845801783,258.5129341753012
897.3261036383038,664.4063937296255,81.85394068611211,257.20617941439104
897.8894668969353,660.9838016895228,81.14616850288665,257.71892611550606
900.285289060682,660.0190469828898,81.28244730757658,253.73618955243435
900.8896766908902,663.416261589886,80.73373754479842,254.29855814173078
899.0113395410397,657.0946010817588,82.07517736792096,249.84668636482172
898.4577359900113,662.1035232695934,83.36332946075798,251.35649834921688
899.1909394100757,657.8104990863675,84.79326716068661,250.12095554425562
899.2583869687836,658.2299932301605,87.85784440982387,244.84930997822846
897.9662895916175,660.3161397493359,90.48958133619841,243.17610076022174
889.7500968115679,667.2546850980148,90.25555456701764,248.17533155957585
894.2259661976891,663.2742985177345,92.56198309657262,254.5042958788701
893.8263873322071,661.1651671211964,96.10281299325767,256.78544135310256
892.9132038278045,667.9538810595645,97.99176344325082,262.8104043955815
882.4774350298205,666.4048626249528,93.14521526400824,266.67949295586646
887.9108047928919,662.7733880606047,92.53673616865984,265.0853176850258
889.8605810251354,663.9278032434196,90.78149691918415,262.7263865920574
878.451754343521,668.5771005231264,84.54211476046103,261.636319377739
881.6905863790796,673.0791910454859,79.19283834719378,258.5106538083009
882.8676691606967,676.9610339763525,74.83153267541988,255.58640356342374
882.1787924569151,680.9463081526588,70.47003247383353,251.6593532669515
883.1519917028038,681.7533200515059,67.60086665060756,249.65270203147156
883.6525918492899,676.7827507518723,65.06688568610994,244.49761483224108
883.9032530858938,680.3579080569057,62.667945149668434,242.1248535927542
884.6762799824592,678.0344663817393,63.37732273761877,239.2533159046751
885.7962466447767,681.4049415587488,62.827829723265296,244.07990784257788
885.1653233795508,675.8458820896501,64.45840495954624,240.79922377331184
886.6964106905032,674.4885514836445,66.57889635713667,240.7769872504677
886.8520408535412,671.9522385108818,66.84422211052782,242.400968936337
886.2734050943042,671.8763428107992,68.54995961658307,240.874267150271
886.0858490134091,666.62718505471,68.45599850320761,242.98757204914563
888.3994308507525,656.0699935286407,68.64457383685014,239.3722504287781
889.0235686165879,662.9828477610581,68.23192200999216,239.13114922439354
890.4698757652932,647.166321140649,67.46599748938844,234.9466273818722
891.6357345215829,647.3050227640854,66.8679864961779,232.1907785540701
892.7469372807373,649.8935245334986,65.90603522167717,231.43460419116622
892.0600042014272,647.0509309118136,63.227586543578866,234.76340437513352
893.2779627894929,644.7281994812024,63.112273354794986,236.44304277584058
894.8657522684416,646.6451935342036,63.29909998146451,240.1573280121626
893.938728412283,640.6996184610947,60.75367131550992,243.75968866217113
894.882890719694,642.8152016598501,61.840153351160225,242.62504549696084
895.8265151477405,639.1459810961594,62.019133692245916,241.0256230884101
896.1345422748705,641.4145389073561,61.426046862646075,239.87991165547518
897.3748892638906,640.1098674709278,62.845100093963495,238.51792966253998
896.26180187735,640.4704005296185,65.07022063202044,236.25459780034134
896.8536400797137,636.9611335727736,65.03388931534982,234.73842270726828
895.2717784734351,640.010751977791,65.52532970763806,235.03096754440992
895.5080295215872,639.6222907985284,66.95946009046824,231.82862407118301
898.5398681797989,635.0959175286936,65.43984403966654,222.8234274768311
900.2405924295887,642.410992130085,64.77778725574073,223.14235808093144
901.3943907519313,638.8326016326064,63.05459470497527,221.65944564631468
903.1982017502617,640.4205707709636,61.60104866294908,218.29018572667079
904.1758475182128,642.568784781083,61.34894101529936,219.72086783857873
905.1224319682531,640.6844579567112,61.93684636590601,220.13211735349358
905.3069101134132,644.2394888102026,61.491208128893334,219.35169532901338
906.1658808164061,641.9879867417868,62.230201742290255,216.0751706154187
906.5553043378943,643.7015530500285,62.145553558769066,215.8229324485289
908.5152859207349,643.6779574712064,62.00390204885448,210.64113346034526
907.4080065496853,647.3477207743005,61.24573196773446,213.1416459614695
907.3281443983451,648.510924022771,60.94877489210484,215.2005005510961
907.7797038128977,647.1004713575737,60.52113980597825,214.1436083486167
909.04246554311,648.3450427910739,60.055974482881766,215.36967380582615
909.7712064143266,649.9797141143465,58.84290434155711,218.6164895785497
911.50058898331,648.5609443527007,58.36511256934427,217.96340283136203
911.1894859008976,646.9366486982855,59.68649076716609,214.31087124216592
911.652863998549,653.0668118689823,58.796861828600036,216.38702319050083
913.3843287423716,652.13132939649,59.46185152139751,212.55170778330233
914.0247305586861,651.8902580297796,60.17274693750154,211.33931062808324
913.7832362266727,655.2366642607859,59.74123115833228,213.95790443278497
915.847752466215,653.2990528637058,60.39341427402267,212.54474037223451
915.3382577817579,656.2049016382143,59.0832464435924,215.61991308141262
916.5123975537135,655.2639584931808,59.59549027464644,219.22047193542403
916.6263291560748,651.8272125521,60.20016587511947,218.28764191557246
917.4051423909909,651.8414180318591,59.82033910057747,216.58095802925965
918.7930945133484,652.3918747524623,59.550950098306046,217.45222469977048
918.942512320317,654.9973859392005,59.71127058725442,218.78309465297025
919.4912853823407,649.762753730853,61.274440145695834,214.96096079171406
920.6741864387451,651.7804861235907,61.95914348520482,215.03450525441048
922.8231185024289,648.3574667521202,63.728166512823066,211.69752936804505
921.448489830888,649.5620636575637,64.33125051102907,212.2161879574858
924.0507165847766,647.7503113294064,64.93564750018649,212.04257742093566
923.915926402465,649.6559545639072,65.51352233909711,206.33921397516644
925.4463522480194,650.9406897430847,66.16000055374494,209.27533638820398
925.0913126712468,652.4673494583742,65.22012080737517,209.71824459037418
926.3587959805984,650.1256594910894,65.98375068437974,208.09774059728514
927.586136738151,655.1621787422661,64.16499823131025,208.56461803894223
928.3540213707777,651.7139114535655,64.70024165395239,207.7389526787145
928.2429038283377,654.2540909162068,64.33876431504594,206.65146618037528
927.6570983041615,650.9142056478845,65.1928964996652,202.5896407248453
927.6855329484011,653.6627705782374,64.65115511339238,200.43598616194487
928.7572136375704,656.4679247062993,64.44173401645884,204.10933631124612
928.6226493935386,653.5927327158718,63.969312350858075,207.1455237809104
929.5778271783792,651.2609793314238,63.60126064157761,204.6048105803241
929.9506031296451,650.4858492311955,62.87268257330371,203.05919109518675
932.1294851593898,655.9614094258131,61.10554580974848,207.4864048378417
932.9918745628312,653.3581605674439,60.74390967635995,210.71694095589015
933.6554713377309,653.0685090050792,60.32016685819484,213.76514266890595
935.0076793507403,655.5440118084593,60.21469962514797,219.9607956906884
937.0719989657497,656.4514879556298,59.428754355427195,224.0217756591519
937.2464852791477,655.9326637988867,59.894464109420284,228.84218471475734
939.0221579616566,651.6433962448655,60.785318471515424,227.88669707586615
941.0135779119605,651.3152357794654,61.35293235528587,229.26189784749886
941.1508805802233,651.3771995925342,60.14461894736914,230.99000946184674
942.9476664452231,652.0357305540475,61.46632998439908,229.8086038131092
944.648725477641,655.5249305068584,60.873833033357826,232.2206022807602
944.9668299640375,644.6353181668148,61.372694534305936,228.68019855938147
949.0634932434428,651.3418903474111,60.91294039311843,233.08678557718594
948.1236418216465,641.5839844289776,63.09867001105918,227.21424080249824
952.0021337616269,650.1211514274725,63.82811628964507,228.9549729562099
954.4092744589025,648.3041637274291,63.86667315201613,235.36511822030062
955.2309739068453,640.2090584304644,65.51253371085089,231.42943649538205
959.6067157420106,640.3218569660079,67.35862134549352,228.85744904839157
961.6460919148657,641.9242147149442,67.97043272357242,231.22570538289483
963.1447132197055,637.2906916805977,69.93807596493939,229.79750841262674
962.0973745693244,638.7883208804332,69.52768335268652,231.15751329789674
966.715962274062,634.6324679900101,70.24746778399691,225.85567102959283
970.6443529164193,634.8304742846485,67.38915141737377,223.1890398119482
970.5898638143858,632.3053797420014,68.34174145464948,219.308024740301
976.4616982609294,638.3964268657114,65.30547112552384,221.4082334311803
979.3452808778162,633.7108761099039,65.1185283044872,219.86211080478375
981.1895477828807,634.6996407339484,62.61500317193871,219.11442381364787
982.6297687712162,636.6480360251672,62.195460426239904,219.63569679517266
985.9491059172543,630.6900999320401,59.63343327731879,216.9554295549476
990.1544284613086,633.8843486251156,57.83115805259384,215.0190519362831
991.8547740738715,630.0871809807187,56.32422843555871,213.42740409132173
994.7195835486494,623.3680743479102,56.72968238833114,211.88641419761942
995.9068520156618,623.5512616781997,56.31519121128801,209.54438043263121
1000.1225212974367,620.0396090934565,55.26112038702905,210.68146333334886
1003.0940781836616,621.2370081397506,53.59631468723006,217.28556875258113
1004.5773082342344,616.6308406524004,53.57570276233715,217.992468133584
1006.1027966913666,611.87311410122,52.96741095896222,218.14557580367745
1007.204211202778,613.2091187450139,52.828741321353036,221.6303692600616
1008.4216161563297,608.4830473390697,51.76226355013609,222.5966104946861
1010.8979321615312,610.5782304719069,52.14303437313249,221.8437977195228
1013.2654862586372,607.6205257989324,52.061582447756216,220.11647624280047
1013.5292567058492,608.7306350617006,52.86979917961648,216.22096046467465
1015.7914603864243,609.9388625456219,54.26891963491076,208.78403201187726
1017.3827305223559,618.1445906131623,54.29361506045856,209.62917212934542
1019.4097767712234,617.610595524168,54.52497866010496,205.8754159543914
1022.4392504031703,624.1643505411752,54.13036366278995,208.06920891443994
1022.3341356325056,625.0012531439204,54.32439707792455,209.1405200520379
1024.6235726755904,623.4221313069645,53.578901180009495,207.7157101716505
1026.715129301065,625.8862157821943,53.80932107462556,206.53555785430473
1028.3190792758785,634.3286941473792,53.48783397239245,209.31091158836807
1031.7854097125403,638.4404432600918,53.572654912988305,214.61600688457116
1032.5369166138069,639.1609535446055,54.94391620047067,211.5228825269407
1035.3432271359256,646.2361169402257,53.6316573501422,219.7348079034494
1035.0134919319958,646.7179868573556,54.986329187073,222.64152975092432
