679.5,679.5,145,397
692.4077359052044,684.8678466996155,144.192151369812,392.0689302040082
695.3037167912839,678.9222000429926,138.1937989126851,396.609864473465
701.2482610004644,686.9609000153969,139.20277699432867,388.28733124777915
703.2241610778826,701.7955438254671,142.29382078949578,378.5830259135977
708.7864316011514,693.4089727129776,134.77054335872705,374.95743161312305
714.1924783909391,713.0072227718001,136.78291702685942,359.49501397811844
721.0411719959621,702.5724621688429,132.9242186392831,357.77372640810705
714.1849197608777,706.9387632846566,128.2482364938742,351.97348473582156
721.2783220404841,714.6126398912834,125.36444595909707,351.229657341999
732.9108095543679,702.715169519728,124.5354369176415,350.86898446238934
737.4108431001705,707.0531452494105,121.19273668429844,349.3561346639496
737.9172204007044,712.1602221622843,124.60145099399179,343.4724419301501
742.0837347858723,701.7202465523892,123.59648225230218,349.2196458564481
739.5559984744198,685.9489820324566,123.26271679731704,356.2136004385077
742.1792437285216,681.2244913824378,123.03806420862566,352.21397190301644
753.4050587163143,677.5255467711902,124.34812474479891,349.4136333348739
755.7573207370781,663.0037334368874,121.80803616525846,339.2263782626577
765.3361239430496,658.1704204503185,118.60897922435467,334.60766977740275
770.0687052002619,660.4738552729885,112.73138586817322,333.4309885976531
773.5684160807135,650.3488824272483,110.66203668038929,325.1947128787735
781.8439897168589,678.7023926387383,104.94466093844554,347.9097520760889
789.8754119557113,664.3769523251997,98.11244423722307,360.41883653135864
762.7379607125657,611.1960350941929,98.98185740259393,349.38321513864656
761.1859847852958,621.1069398311924,98.44541410386759,348.6609306943851
760.2600580614187,612.8431482904941,101.02031492250133,350.6333940136284
569.6051342344164,576.1656359418137,99.04962194987482,346.6741721364836
570.5632050432723,557.377020356889,105.31111650156699,327.77031396280347
571.2750760082835,577.674793256808,101.45965441273134,329.5834624170936
576.3817080353227,569.9245811877365,102.76302731929474,317.59804648189913
579.7708417842567,563.248808142467,101.66651112962535,313.21631161962404
583.5174771090994,553.4116205125546,99.638850071501,312.26550788930314
591.3950230746127,544.297509403951,97.34086598511922,321.68991616433044
591.8636756599698,548.8408663167457,96.1747022200734,318.2835837944412
592.6698130973399,538.0292810371805,96.42060112942394,311.9036155532335
597.6607291304263,542.2433216179453,95.53862492423048,309.6369927605913
595.401930008609,534.453148341533,93.88158884266156,298.65736216060714
602.8426825037228,537.2916045062095,93.86407356562572,295.91350110460723
604.6835341971971,543.7486004928049,91.42970699759243,301.68590578754333
604.0800985436772,515.7557436256316,87.75630159739913,295.68763152928204
608.464262246332,531.2723195504018,85.57747851932953,302.5656289056393
610.3151903727644,521.0067004523379,83.87036121645261,304.7484019432208
615.6258146586736,520.2160168926531,85.01146101628976,307.89667986375986
615.309231529563,510.56506507843903,83.32508781194934,303.72852841422906
620.228568228112,497.9504136320449,82.76188668854554,293.26785783120897
621.3251296823486,501.19569697404745,80.71695940532018,290.6616712190105
627.9640209337134,506.21375957641294,79.75253729937074,291.93312722466953
631.0477355227567,492.4452003402789,81.57650594366856,276.2321101196537
632.3679944479226,503.30215678091247,80.27575415211714,270.6810547983914
634.2857556821439,497.53779089474057,79.55406852530588,266.22405384323963
635.6182252737609,490.43787386664917,79.64346888279093,264.33712229534154
637.2890724274629,496.3320571020513,76.21675989570916,273.8848800553164
643.7701195055737,474.1249580366193,78.36619166154352,266.7223990695272
645.7428504578551,481.79929729896406,77.74319007970706,260.31534480512767
649.3605156669548,478.0303076728251,78.15983382500988,246.8546221915478
646.5971406416343,482.09409774405356,79.46433414726829,238.79926032865325
648.1973594917089,475.85719867967805,80.56873618907193,230.63361389773564
649.5853330292932,480.6107190912603,76.2698712538469,236.5434838794183
648.677097419348,475.7908919551875,75.4476417180075,236.72612677505703
651.4240384792828,472.240502425791,75.46285607577212,241.82928512634123
653.241504362739,476.8411125575868,73.25808794052243,252.03822563108704
656.572388667356,465.87710940460863,73.00983477433849,263.29352421452796
656.956093719278,462.02720102040195,75.22610527793881,267.5254808391752
655.8332199180388,459.9496695365602,77.54630022126435,268.1294637042753
658.0851715447822,462.61288490389063,81.82278886269174,265.17011666859725
665.4664641730852,451.1792128438623,83.24788313519596,259.7108461049843
663.9576077455852,454.7520684504451,84.05051926669532,256.63261843406923
663.6013711339178,448.40859300579405,82.04610651845783,257.66243922184645
663.2122553620351,442.9505991246515,78.05397536974968,256.32243694857766
665.4987968675916,438.911666511848,76.80203736209947,253.60065902635372
670.1707412513437,440.8217658561601,74.70522560220361,254.04230409402462
671.0227826101009,433.410694299954,71.55866364777303,249.86037007351052
671.6231154746245,434.606899376792,72.7162158908508,249.29405885762674
673.6301492906842,435.08368759763715,71.60367286550482,245.45118471244254
672.8762179158268,437.04041850968736,70.49678848295078,246.1051463576173
672.213571952911,428.1121550786994,68.90735415271902,240.71825447854528
672.5195082619384,430.51483563206284,67.69867074733604,237.2575538054889
674.8445244640845,430.19041757536763,67.96921613058751,235.35673964118138
672.8462137419518,429.5972379656913,66.86374127838008,239.68268336499597
675.0706811867741,422.17263464200687,68.12038699476005,232.59448703722322
675.1834345713047,430.7876849227578,67.66652268209815,229.449399138082
673.8745393646236,424.78824389704164,69.47316749943697,216.2724007134732
677.0790817210504,427.60196147271733,69.49920991902823,212.28186460775208
673.7383205774563,424.7087008372715,68.9360816223113,204.840023554423
677.4217192136438,428.6638431256929,68.76938082932607,197.21603204073358
676.7595395602015,427.36775162037003,70.2223974828818,193.7021604048149
679.9748044980431,422.7875053820681,70.32834496280546,189.87692437183583
681.6674678218816,426.29694582141224,66.09759504114982,192.2048994728586
682.182483957316,417.2967898262456,62.75883808203329,192.26429253369065
685.3734886224139,422.10525355823404,67.37092959728557,186.84368045466317
685.5992243278465,414.371365354471,66.88698308826771,183.2948914332124
684.8186093011898,410.77039204068365,65.54860690579933,181.28827593905942
688.4027562152296,408.5808479556813,63.70055832087762,175.0060905208561
688.4284454749763,411.06631899148726,60.88685414999998,170.06515783165793
690.5358567758718,415.0092089551971,58.265170176859236,168.0859525814057
692.6942673656649,420.41016424652014,56.53404235065981,172.60460503203666
692.4951901881967,414.4386213646346,56.40518527905166,167.86793761130633
693.3581316639327,416.13087375394537,53.79735714257641,172.68708697613218
692.8705001752577,409.7830213815162,54.34756831169871,173.2093843430299
692.3330645102822,407.7463088955793,54.621525712891966,170.4672793178242
695.8183846741517,413.56160453707355,52.14800380425389,171.99593129133586
696.7272725291017,410.68541349777365,54.176447346077914,165.754158551564
692.561795124588,406.7538373812402,56.51601496035468,158.70527304499296
696.6125952000716,409.3238008671306,56.08263628449773,156.2527405807284
697.1447830738653,404.98411887529863,56.91970747190359,152.24505888357632
695.0949586380148,405.1110872894772,55.564522806703074,150.22976652035916
696.1315239724152,408.9775766272596,56.71191997355173,146.39436694077108
697.3801510377709,399.8231928945311,55.36130065997915,147.69791765140215
700.5188374253039,394.55776983765486,52.68199498326308,150.18331012462642
700.5993986267054,396.58688481404,52.84552369969291,152.45798621206382
694.9793575679948,398.69288395884195,54.478822350167206,150.09493925545723
699.7390584687492,402.7023357032334,53.067456179276014,144.35063664708252
702.0913661158646,399.38943748645937,52.90568398507659,140.41262474706392
699.4879734633932,398.699403427029,53.79398104719185,140.60573153919768
704.2743495598486,392.1834787386008,50.368012543937006,146.49899713431563
698.1986396416505,401.63942784920204,51.32034301849288,146.78111910252403
700.5847693501355,390.77920639257036,49.09166891618372,146.52593131631042
694.9778662304657,393.2330324499533,51.02725287225823,138.62387399519324
698.038575088585,397.98455913264434,51.5127822521549,135.98265053195803
692.1653288225723,394.69245803833377,52.12086832876183,132.5290096089952
695.1408775007006,386.6160140929141,52.15125550543975,131.84104843136004
698.1379413424494,376.2611937815408,50.22800528408668,135.66055504041253
699.6731082921651,382.66619654654284,49.67931374822811,134.801540869242
693.8812183422765,380.2605388175779,50.97649315808283,130.8775416780434
694.9443709213099,385.33477506784817,52.11874253661928,128.90277092921053
697.0499222461541,385.96160675384056,49.31835483275627,128.69815971718174
692.4291663424178,383.89856670594787,48.705027275988286,129.01815081640578
693.8063450094666,387.3332765853106,48.06378515159891,125.94150794714842
689.3176436796563,387.52269116154423,49.12738741896804,126.76577548890049
690.7481335105161,391.3922567354682,50.28660832134325,124.0217511297721
689.2640003142369,384.7701531283783,51.01084418735415,123.72600410765028
689.8436356213142,395.2288987971319,51.57223746281477,120.41302347414353
691.1701442684144,393.76058969718184,51.38831681022637,119.65396209462301
691.0593014720863,392.1819313458873,50.76939218754578,119.20764163439357
693.9233746709851,390.29215429700423,50.60226024688375,117.39181644010571
693.2535277519255,393.2524561992403,48.52294920589141,117.43478380653713
695.6167023530056,393.3863062957476,48.66752421476299,114.71181906051291
697.8181301471178,396.2660500521473,49.701191891641386,112.32470738335209
698.3148004177024,399.437426796981,50.66428036187219,110.30775628815647
701.0826534871521,400.15832471104864,49.485252519117154,110.07661662617204
701.2032357460201,401.78907156832895,50.84137449603572,107.97398856595373
700.9369898256707,403.183568264701,52.537266915857344,105.74763439958106
699.6199499631321,401.76209658613874,49.986071273239524,105.20540680196801
697.4481681146818,401.6642220497121,51.30667866842238,102.1948959252886
700.6766399339024,402.9235193703464,49.26731660691641,103.3158465079188
701.5655395307799,401.58655961501546,47.391847606528074,102.5720760703772
702.52838640567,399.31513625021455,44.65215093359061,102.92505152976572
701.1213413991247,399.08382911380306,45.34039403315598,103.14051856470877
702.2499499054326,400.35667155514676,43.65491189385541,104.34397799955399
702.0731761068298,397.43699605282177,43.14608075162239,104.77379373879879
702.2160873900954,400.0109654609122,42.20277838916106,104.72385899561803
699.7556621394474,400.6234488502514,41.75051730682402,105.40167938760246
702.356908747696,401.8369427639798,43.06429194775238,103.00956859317698
706.2826134791451,401.9259746358494,43.56645818795485,100.5213254878848
708.1516945515145,400.89001346683955,44.33392955421429,98.33235676344555
712.4974727748123,401.29753879515744,44.705086187763214,97.99361542787383
712.8459510871171,399.96830116422143,45.56201484143566,100.01039771891271
759.432554702892,398.0078915299486,45.15536866781766,102.57799468721905
760.0538817242453,397.26339083932805,44.31376941203338,103.37423025001479
761.7824248546182,393.59189982944673,43.95273117796777,104.31403615897105
722.729151572191,395.43545632514247,46.801062250553215,104.27163467178084
719.9060094720791,394.0345874646529,48.2077627646522,104.51849912211298
720.9237520362879,396.8062139586524,52.851134196139625,102.22364042467764
724.1218049417578,397.1030438244448,57.30920317728035,98.94629040590863
722.8852657934544,395.3683002706915,59.27630365795789,98.38313315755954
723.0601842214058,397.3664932211529,59.14188310388744,98.62234136287591
724.0095282754844,395.36801050522627,57.83180178331898,102.65368430845461
724.452734442543,395.82141668846333,55.51584354973983,104.1574675216197
730.7791387797984,395.4565843724845,53.99483483118921,103.70731048315412
731.3271655179196,394.57987728471545,54.486809969306606,103.39970685063079
733.4514357798532,396.7171030948172,51.947716904971514,106.54764033761718
738.288830348001,398.1870416540125,50.46872774665109,108.62252224253402
746.3644263125584,395.6961777713068,50.93804572310745,109.17319428989441
747.1706607355753,396.4990598240344,49.18984093404028,111.92242469499828
747.1804157385407,400.9240186539128,47.48084887235409,114.78488634422934
756.9113616315108,401.3414760813351,47.51620608830183,117.25007611615901
750.8962399983404,394.8804693688342,47.67696462686263,119.4240443203996
752.2839194050662,394.64247445724703,47.7199958668623,116.2791003462193
748.7690543063434,392.50997988376315,50.74662796216154,111.65291584862423
745.9886410680555,395.1275828650116,53.71508705121046,108.39044071709836
749.7562950915815,395.3619593270871,53.41131194174295,105.45790881827571
743.7552465489855,398.71647107161704,55.15215559683844,104.83263445029006
742.2245831208011,397.31502412429893,54.51433941080279,104.12059501060189
741.9781835277662,397.92029419320187,56.12438657630556,102.767152402225
742.2193289702626,396.19614144542095,56.0826367921742,102.11272017417042
741.0900667921122,389.1378204581746,59.21003816214852,99.38167268917454
740.769572017277,393.86927714272986,58.96618313813805,97.25560000676165
749.2053568959647,391.3034767615837,55.870856603671186,99.75048833937521
746.874870757367,387.04192947266006,53.784272742714364,103.78125286134299
750.8898214350369,386.87985407114337,52.09919338882772,100.56814131003121
754.8892687302119,389.21283312711967,49.79862217414105,100.5300351122292
756.1167812685384,389.16752044603254,46.87270675323629,102.64094659551162
751.5082277952524,387.8664344630307,48.126223942309416,101.20490556087873
733.7049226590754,388.2833441743807,48.54699695716045,99.4577657321903
755.5139129676601,391.80932227753686,48.42084181118463,101.62158770521808
763.765587281625,395.70039353510595,47.97568787980671,101.87972093531505
762.1062966414564,396.4427146912742,47.876255645725536,100.45836082017189
754.530513488203,391.9574564263744,52.00703949734604,95.10704298838456
766.6071180622669,393.17830625073,51.043167836502334,95.16760443260628
767.9651143938752,394.7678921297815,50.18484081309525,95.14456835274223
748.2511859173082,386.31007894406895,51.5411962167251,95.99608597401823
769.6214729402312,395.81400876550947,51.27712892034627,95.4306869763956
765.0222105800526,397.79199187075295,51.74632572033029,94.59033249858643
769.9157476131644,397.14997725790283,50.036809161439606,95.18139979248133
773.7978262311691,396.1254302932339,47.81381766269916,93.56022725610077
776.7986956426245,390.10678389591953,43.619390273033986,95.31536319518116
778.8182656980154,392.80390678555756,44.025671125828666,92.90815790595546
781.1147883697284,398.33709952561117,42.81926429266621,92.55911993691026
780.9945205768885,397.612269828746,43.83156231515724,90.4403443722901
780.6562157651772,401.8392209792748,45.71993310778004,85.93828903647442
784.5080023709636,404.29005492736974,44.32855824145379,85.22612681416877
786.7407795936743,408.54300546747726,43.47879583680728,82.59088442630173
785.7454278959292,416.46464395838046,44.515948974880985,78.55271469230006
791.7823474660128,417.5493326949842,44.62406292831187,76.00074157950549
790.6459611728762,421.07124179005643,43.464030560477454,76.08862825674686
800.7346900542369,407.85343045272833,39.3052806533292,78.73258754723108
802.218878969218,402.1813445029293,36.31246085247736,83.47284443711072
804.9749346573356,392.0067912026633,34.76372685803369,88.22514050318739
805.7019436494667,384.25443893908056,34.368795984068534,91.71378997617171
807.3290033848183,396.8092679481404,34.84241079292583,93.42020136945402
807.1682298691314,397.32261485296584,36.64803627790243,91.41435294268739
812.9960406923361,401.14828462625525,38.83474247407042,88.76737012113438
814.2789222944127,401.0924766031682,38.934050740229054,88.32637399069198
815.2492623101374,407.12200374853364,38.55430669585092,89.09076060739042
815.992520454702,407.8957930748072,39.10823722387351,87.82854580754143
822.8079145261219,411.2670032546935,39.805706173126026,87.97236893170228
823.3340475001999,409.79471304395753,39.19947801198924,89.51898735914891
825.4376203208934,407.1530553913147,39.74880340511609,87.86024575822286
829.4176356757736,407.8095627433301,39.13124349670524,87.98811824796732
834.1634698323276,414.67373159895897,39.7385892780343,85.1715713847845
832.8493474354821,409.88433253309415,37.731885036718,88.02156437769938
834.037961819588,413.7016490827839,38.007675758259964,84.95933349134378
836.2557210685994,415.44177481044295,37.15170282840292,86.19405327600032
838.903452801456,415.0776643930167,37.30749608687982,87.48776724536654
840.7066561963483,417.2943150860259,37.72411802859163,85.75393526407834
843.8689557607006,424.5271138284071,37.088939674198606,85.03388599174374
847.9935214531089,422.66400188889895,35.69486517229369,87.06633190843068
849.754844231375,418.91856489324977,34.810863624083474,88.10087793562344
854.8277767693429,419.09843461131146,34.4367464791664,86.4884487692236
856.4282275299529,414.1647486153484,35.24244610696307,85.09915790171434
856.3130427094416,414.32583077065664,35.266718650886006,85.01949155073304
857.9862683298503,418.377918542381,34.074088693265786,84.96298400931495
861.697661675129,413.20706903679,31.997870157403284,88.2046066602469
863.8603736656919,411.59581115569415,30.6450752430891,86.60881108139449
864.9247455965041,418.1242830339189,30.94361264817163,86.99937102448686
867.0651610342323,418.23492139747543,33.992670880882045,82.58775061867487
870.3186323743314,415.92014715417315,33.813650870197506,83.67248817464963
873.7534039498853,413.2572896877802,32.47406741125812,85.87082941447999
876.529842489944,414.2956150356707,30.387608455739713,91.40207064541715
875.6474370783153,414.20254349094654,30.66915850715077,91.02314953244755
876.7899514402951,410.8704827099623,29.97744968228293,91.7213632300759
871.3554052547486,404.2055124519305,32.60905246491767,90.39258572987549
857.4559521269651,397.22445383333087,36.916531729077434,87.79987974526173
852.4813662526808,396.8964725131275,38.40795654264706,86.79978579337568
870.3230920816964,407.24362255979327,38.64110688451751,86.50444496420783
880.2777906379969,419.31883031880835,37.60046061687616,90.96818082264221
883.734860676046,426.0825114933351,37.55107741433946,95.92772308204252
908.7381252321762,462.0601399346569,37.21871467324429,97.960117390964
917.8110468518644,488.98427244612344,35.421116847726495,104.99266545332969
908.1777083869326,497.068135306402,35.261422802256554,108.93247301611034
917.648602171585,491.64345473701104,35.91161887047097,111.70694939862337
917.8705440061151,478.95119071985897,36.99888515699179,112.03692668590938
907.6222157091569,476.43046953995264,37.422634722989955,112.99524411808702
905.0957601447119,488.5864890826804,41.35920994436442,111.86649653484005
915.0091814734159,465.93733641129717,41.359283689698174,112.94217671271676
904.2628035414273,438.6826171730986,41.62576761788314,116.72946498122937
934.90930222061,423.1435122721146,41.64217850976648,117.64209817278
954.2412871608128,424.5934954922295,46.16170689029883,114.06654946769794
944.1987225575454,449.8216525277586,47.15714758347727,115.06321495262361
931.8633319889359,429.67286408882285,46.378302446876575,122.96864873452019
945.2737151565399,443.8332001655125,49.05336687746643,123.76181371144136
935.3152038906655,436.5146387798476,48.92830263289825,126.11563728331029
961.0177848689638,434.6299328943923,50.08335490441799,127.9001968882272
951.3577971308446,420.72024450319964,50.747553463780186,125.85232330943239
940.3342287028477,435.3188329743782,53.494756581305396,127.44226493692466
952.6030048022034,425.6887002126129,55.727244884517546,123.64958176886692
964.7425330605776,427.4502113718525,54.58307798876932,124.02384787534156
965.6693215454819,424.49269497569014,54.8291609588714,121.34171420923337
956.4173899323739,432.0964760620279,54.76554632403383,119.86463695702935
958.311205814076,431.3834382048,55.65300166048384,116.02096210931742
971.2878174013657,428.2136561482752,54.10940284397344,116.91102038218563
969.9704425621453,431.8850645280003,54.1028796730169,115.59080967017073
973.1124197450087,429.60546226883724,53.5719750734532,115.09702562778361
971.9502032232618,437.74577701247915,56.27303177640094,113.25468582043935
974.3679906526762,423.8737003322022,55.796179282327586,115.82088426257272
976.6446134543044,441.8582493343605,55.52165396448656,119.92849554323908
967.5809064203502,437.76909041000897,55.708180715867826,119.77067445347994
948.6690525306565,420.77419662148463,53.806239776837316,120.60523510380165
928.6543772955763,463.3498101723839,50.333368002483525,132.76317378116516
920.205034917442,419.4423458714728,48.43712129871871,137.27081935247028
932.0164378309069,434.39265104288427,50.61533905464276,135.34488201293556
956.9284379033152,423.5770542698589,51.86240081397736,130.16274379651136
971.1135351418734,428.8661015709924,53.23046827910761,122.20414092291426
961.7756399409167,415.02370564540536,50.891939453651325,121.47953361348638
962.9484599876929,405.65358209790736,50.660745692353714,121.35799779001042
944.6179602115092,436.75830179816967,51.4044869589041,120.8661185038564
922.4807088075196,451.54355033790307,52.12088536785764,122.26559545566857
824.3331844986076,459.24228582914236,52.48782170248973,115.58939774670716
820.355975448222,456.65293091279403,51.42386602909477,112.89387599166078
824.6844641203232,457.85542674986544,49.78892778542051,110.77481016584503
829.0494476439089,455.11021059511654,47.43371087694784,110.83835720641213
832.1992320303028,454.6591758573304,47.17706778196545,109.99752140809863
834.3684892831537,454.04148354407425,48.31287548267032,105.06829155391861
837.2989968033439,452.49675696155447,44.99221891664544,105.1679320946123
840.7273660154015,441.94813099303735,42.77692141154789,107.05774036637916
844.490311781118,441.2797899134467,41.54450386781538,108.23528503796526
847.1222558464157,445.6182884088371,41.41359869815516,104.74729260089273
848.1017614054535,460.7063832162447,49.52797791181164,93.71379165550971
850.9292820886423,452.0141939916439,46.15398073077884,93.50074008029202
847.3977359491911,452.0843694052909,44.29192320189168,94.54320046108491
851.6897100479853,452.360064711464,41.12988243714888,101.52762148576943
853.7420217524947,446.12442146994533,41.47124019035323,101.79485085999181
857.7241360428638,446.49231766855087,42.25788135611266,102.21563910273284
860.1861528933056,438.1848491356574,41.52449292334494,103.45465961599729
863.6379227042364,444.9243225571328,40.84884801319032,99.70541011130669
866.4841439216486,449.0808285061155,37.922731428508285,97.4882757325935
866.698523551887,449.7869234553263,38.11996847011188,96.15426221672439
870.8430001257857,455.6375126637054,37.521599560510325,95.58422080459708
875.442636272907,446.23549635024693,35.042679167140236,99.66917516476646
878.6208390045282,445.60720321350016,35.91037610967565,102.63926060279935
880.9540996351034,435.81756911993205,34.92951459616698,109.75532846975261
887.5146336945159,439.78264289952244,35.84838000485952,108.10653473544772
888.22173934423,435.58319816878463,35.73268117348792,113.06100827745792
888.823909626073,432.3801762658673,35.321683788657765,114.36787136920798
891.155059505829,431.1497132562372,36.105474254487504,112.28173197525695
893.0390607815184,429.35613768494073,36.621289926848874,114.16796683918776
893.862311762864,437.8227160214027,37.61007007213206,116.67901610959717
895.3308069726107,443.2469078730296,37.35308232434444,117.56065781063225
897.8331741198925,438.770096306361,38.342889893376245,115.26316756043715
900.0399064436347,445.8086797028411,38.84200983128517,113.69124436143238
911.2226391455786,439.4087264129564,39.252424216078666,108.91852646151808
905.019514121696,431.96694559411867,38.154880541846964,104.73334263588923
908.5266236236905,432.3494832021637,36.260300741148356,111.57730222713207
908.8304611543625,436.33719775447173,38.561798530710774,107.00906205382525
910.5979586935208,435.1364814184403,40.04317108278815,102.9881593538895
913.1309736900723,432.3095933344656,41.439420894115635,99.333883719935
918.0378141750726,432.5740632763556,39.91716948618692,101.62038199467509
919.3169977750766,438.7704861538109,39.45730409273093,100.66489252802018
920.7210551028551,436.51021853018483,37.08837317307233,101.17291631187743
917.7788791482623,437.83875094509335,39.85580578570296,91.29480153287426
926.6552417227837,438.04001860145405,38.3229210859813,92.98246877004036
926.2924923417868,429.5988014233237,35.50190795964776,96.58893101198932
926.2927744443336,427.6974254690517,35.84632524410002,95.25659784901862
926.9491138565265,429.03795980336184,34.37031262471156,98.7537231316214
924.5648746942968,425.66525226341275,37.1885830721443,94.63282992285502
924.8764865918004,424.795053107345,36.878809363078844,92.09336559382854
927.4270731303812,427.281229722167,36.22032985307837,90.88674167773931
928.9886765918662,428.3615985043643,35.4561406780972,87.87240973656756
929.7773613733805,432.26825231122746,33.7015923881486,94.48780760040391
930.92388266127,430.2766312177616,32.94275953961146,94.258811851148
927.8115707290747,427.2411257100821,33.31122128703243,96.72988238753211
926.9003063528786,428.1275663988617,33.01303657569839,96.72648665711483
931.9487443054493,427.567922289033,33.514336503855276,97.70166015744348
930.3066617324009,427.9071926354186,33.42714540288487,101.02708169605366
927.4624495342396,423.1613024162916,34.94491703995937,102.46059473956512
920.5506332893262,412.9835908356635,33.813888239788085,105.95291635829436
922.6650685063032,414.2155747596463,33.41068545807851,111.29081492531583
922.7895289475252,419.8403071359353,33.55261287445258,114.93533311089882
919.2760997742005,413.54944443395283,35.77293044682959,115.17104486884944
908.3380108767568,395.50163062605714,38.69395382369066,115.83171375702219
910.456667588918,410.8297962515135,41.77515717876382,110.77781090382666
910.0451108257487,408.23178367445354,41.45287456803449,108.7833629502536
910.5790042551082,411.12893531243935,40.71046109616846,108.58893075235736
900.1297963888835,392.6105091740071,42.079607688342044,109.83985080310626
911.0470488434704,371.4617699045003,43.9703747903402,113.89145067524029
907.8358462661632,364.9416547615896,52.70983281532436,109.51098513780568
897.9428062620229,384.92704525171285,48.84217779968577,111.45943297016423
901.8857441329745,408.57613188870675,43.73661860588018,119.20997349293594
902.1108589115092,410.931312583254,42.68023657879587,118.20186234823103
902.3827273601978,409.60204752928666,42.87629648074507,121.39300951179888
903.3600899146604,400.5356499716139,42.79161280219057,124.52955853039124
902.6688407262407,413.3452899916523,43.13892258156082,126.79494988996083
902.0947738051846,396.3807862663566,43.33925042241634,130.9017937736657
899.962704129902,379.1849146497111,44.210787909373366,126.90833210356763
899.8187686136537,370.2726617994174,47.70303090683764,125.88884493739596
906.6334899110478,364.6257442100612,48.489050168129644,124.11702474899349
897.9389066916766,365.2971028235982,48.505640384171734,124.27148729874352
905.804758439363,352.8857348575295,52.3363778575371,120.21728140331436
894.9208309455539,371.5552658796637,51.814933112626775,119.99738250365877
887.2866257383052,372.5251533639737,53.12237112909585,121.25154766425895
871.4528155472185,347.59588982630316,61.09731814428758,109.18344054442929
874.8533958199064,338.77008629000716,62.07455564981967,105.30650544326174
878.5397104877644,328.9520539164555,57.51970329282789,111.7040657325271
860.528817827966,334.3275949314148,55.336893806605964,118.2337410834066
862.0700985895792,336.4950741767951,53.25251803669493,121.48520966232226
877.5577520335848,357.5613795470131,55.776547929140065,125.39018348519555
878.1409202629683,367.68100711885427,56.32152405156926,123.87628767946825
878.5570042102363,377.9369956927367,54.213538459516364,126.93173632814273
878.7477029746792,373.8806708186574,51.31597310329914,126.84063341543799
877.3933347830845,369.737147861854,50.58996820498571,126.58298923998007
879.2361295225083,367.96245569830273,51.26257696322779,124.32789840036494
868.9056202340475,364.1436063020634,49.74959040613565,126.08844776716572
871.3908652019308,354.1112340106471,49.081729267115804,130.89304527779632
862.4762008934573,343.421713554142,50.677944769007496,134.5198701196855
862.4920018496452,343.8110422470378,53.08267399515317,135.15081436456873
864.9536488275068,350.2298643192332,50.03627104323337,140.4026780557591
864.0282769048071,346.3409293776651,50.093081520323146,137.34536399125918
852.6986710148155,350.4747641971494,53.72615278030228,131.55414352208498
855.926633107092,359.19569045326296,51.84616806478056,128.7705945064136
855.3255495787545,356.6903541533832,51.17126369055303,124.56097786865925
856.2053789790873,355.80089649514895,50.099481629523225,121.58493586607436
857.81801925859,361.66340964149765,48.07104269455856,121.66399087990425
859.3186705520994,359.8627654473619,46.64656503251082,125.17818029246749
860.1087225423906,361.132169232371,44.25634134262036,125.85211616559135
849.3258175057566,354.42542513081696,46.65644662865398,123.38555335491006
840.9709998308482,362.00151233455097,50.008313880671786,119.3791355548657
844.3921752251559,361.2446228565765,50.79638245567442,117.26259766174593
847.7160033313456,350.70004916469895,46.61169977612089,122.46555314059965
847.9916071955173,353.22157016352065,45.39654380135559,123.17598195698972
848.7011889054672,354.96808012270435,43.42526564531997,122.44124474589964
838.2737202625495,349.52031494300667,44.44161478408594,120.71590612815962
842.2698436668163,344.8628286469213,44.728393704946036,122.85693211207067
835.3014253812938,355.09075827557797,47.46570725660358,119.02891905523978
836.6265864741714,357.2829293833809,45.25265002113461,118.3008791226076
838.0643419249807,351.7729472705057,45.326164444060616,120.538451668285
838.3145207326811,348.1092919427281,44.09272641029915,123.30098558805943
837.6176563309884,357.89921435717304,44.721681191237224,119.06921583355148
839.6672412577269,358.23277428455253,44.063079215534295,119.73831685538448
831.91676007406,352.63771797319947,46.01179380633974,122.26444433511895
834.5611388665818,359.15343669885584,46.19584361803919,121.42336036371213
824.3901851613938,356.9642092112175,49.23198967974204,115.601497295294
825.2854771961897,365.3621144784769,50.4416795615848,111.43962830140092
814.2659139366269,367.21205568026085,56.15108932527533,101.6857780386917
827.4732384403211,369.09793584901337,51.53836691121607,105.36539294889789
831.3160052202443,367.4710382609295,49.12805795897957,106.75264754761878
825.2203099071972,363.6602508436208,50.15539836007242,103.70854330406229
828.5514281603282,365.96546678352854,48.16321876002603,106.54999291751471
830.1402711109729,360.76877412965723,48.24957900754741,108.1461447795501
832.3636688445938,345.7084834825726,46.5541153107075,114.67180420745545
825.8604595372644,339.4221242871498,47.28127824264402,114.68333547831847
823.8453229336765,363.2732556290517,52.33145340944259,107.84766186239915
824.7348982037903,359.6580536171349,54.314418766329794,103.19437770560299
816.7918521844631,352.6559554185433,55.85098865426549,99.85671014887808
829.3792090301866,359.9067694042226,54.23757159480071,100.43996291652961
829.2626991253336,361.16059128801436,53.250866337128,100.86201140705361
832.0938837456137,355.5431016593863,50.85123056561563,108.18163092208536
833.7789228214617,343.6335205708642,47.673121964459,116.46345009932719
833.7307819328556,342.10747181555934,49.56467074799029,116.74076379640951
838.4601242101902,341.31635948586865,48.81662932303745,119.34422245426208
841.8339028884409,341.9033695702137,47.679970082784685,120.92861482080289
844.053324879553,340.74759363636485,44.67146113114123,126.81182879980791
843.9540635461229,333.1652743883753,45.448534293827095,127.70581344698317
853.4688864736622,347.9072611394236,45.78452668614557,122.00342599750253
852.2754277305046,362.8166258628132,44.605271544075876,119.72355375881216
850.0481562226747,354.99376571074674,45.05856789332435,113.67731262139282
849.0497936502488,354.5934083777127,47.65392705828409,109.91627996393285
846.9929586273437,349.80780227418796,47.42188331726314,108.19468688244669
855.9810432373636,350.42590234396374,45.31373022617723,110.89436755058875
856.502345953773,354.09375779375875,42.49679370028451,113.17032904052064
853.7075430444156,366.86025647527094,43.283696047091965,113.12316717585017
861.8305053563943,353.7508124100111,41.545433198001746,108.47487485542538
868.1661922166692,354.94746233794586,40.42110662199878,106.36490311348356
867.510257810494,362.2393053536189,39.2040017346296,104.12119274977232
863.6356621434934,362.2367988511401,41.45417744366634,98.03374254900041
861.8720876654742,367.0142269123044,41.83282674024505,97.22782092878496
862.2886364715275,370.0210325813378,43.8973566060661,93.62669424629966
863.7928909260595,374.6074399862086,46.45236853406979,92.77743422743981
868.0134732531025,370.1997711388724,45.407254357465135,93.00744178482893
869.9661659308688,367.5763376085961,44.28471777783051,93.19966909129192
870.9874823574357,371.7298799265824,41.610025695013945,97.68846377364463
881.7963794433028,367.99603729780466,38.33038050321986,100.19263172936967
882.8005749110607,366.4985863142781,37.27883451814023,98.66835891946026
882.47374569755,357.6622648669154,37.165606461087094,96.26491913998343
883.2136842486174,364.9182678005611,37.51398884465178,96.17620921631294
885.040088622841,367.90087409709855,39.92284749356161,91.01271824669134
887.9657341374256,370.0730992842057,39.557332454010236,84.99148776373391
889.7533304295289,373.24359293978256,36.158351438328815,83.44766825964166
892.33252779969,370.84689896264115,32.58687896276953,86.0222063543692
898.4724867645642,371.08296816422103,32.65251956069691,87.93368691008455
897.3121107464609,359.64097333728546,32.14146608969712,89.66468725387432
897.7590721326503,355.9047677859986,31.483031145667283,89.52705909062826
898.0499708929549,356.0385617618227,31.421566291993003,93.26109691107159
900.4463735319076,354.8191561667037,32.537555481595184,90.27079832159046
900.5787761085317,359.14564998823187,33.10343610416962,87.29479033462519
900.0570967338352,359.81260822278193,32.98441667184902,87.39192521719205
900.1052729699968,361.072809768762,32.86002394483608,86.91710466959643
899.9668802695626,362.2936005792472,33.91639887908089,88.95892825828648
901.2141094421377,362.64313864784873,34.33718468238945,85.98458927163198
901.0886339643905,363.6436858312318,35.39015014877551,82.5056839699634
901.122651290321,360.09389413414857,33.07887650469449,83.17729887853318
900.1575933299083,361.46340427137585,33.90679507448594,79.38261531842224
903.4569394796388,354.80710238713465,31.890875774765433,82.92470278086593
903.862409226384,361.2336531310484,31.332825701418066,82.44578043495613
903.8018894386952,362.8583914333805,31.735710039309716,79.85438564131962
905.497637928284,358.34681595383825,31.479234222450906,79.89993315270331
905.5111120978186,362.82989398651995,30.97811699135581,81.6785531504623
901.6384173216614,361.0898735486694,34.99369434215174,76.30500899791262
902.9154134228208,367.4411250414786,34.6830932256811,76.25240998651404
906.1825581780208,361.38416464855624,33.09678411372962,76.49985169307453
905.6728341970901,363.8896861033412,33.33966466514668,76.22157063867297
905.2059402546797,363.33400768195554,33.65398860745222,75.26128334206615
906.5508805465237,355.5285050405952,33.59757211375836,77.07863721817347
906.6263300039958,356.81957415057536,32.56046963934884,80.22681415321452
906.8497151053225,357.8920755743129,34.17565636187865,76.75151704937758
908.3825028499084,359.5246597705307,35.26695823417286,76.7540823075796
908.5846057239678,357.7851518628561,34.49706598695979,75.57073124267146
908.6052993801973,360.58038177976476,35.85041432119151,71.80650194984382
906.2667020472638,360.35369346346715,37.43048190263663,69.60173483955273
909.1890469996472,346.68785860719373,35.100709414612766,73.39814132454947
911.421418816178,347.2608507574663,34.47720245964482,78.11387393936894
906.7120721388238,348.7741522298271,34.53366580552456,81.59050145504563
909.094839251204,349.9653289216725,35.45772510279723,81.5139839757635
909.3711046221067,352.6641532436447,34.639281075905956,81.42153521809155
909.6265925714523,355.8623530806432,33.23834228716995,81.4827137317061
907.0411056066957,354.9012665920326,32.51605470777838,78.0315025881219
906.3285611044611,358.1383989455086,31.508799732400547,78.2468495449969
908.3025171410716,355.9997151589149,31.485874127964152,79.90215870312706
909.027851284364,359.62278917067425,32.94218500323845,80.50159728111032
905.4903795896771,354.7621846824943,34.883398684200564,75.48656416119344
904.2121364395458,355.62935719620094,36.31166124390559,73.01080276488344
895.4896108853144,357.29596766329337,33.51826110689396,74.4520713965936
891.3855664476682,345.16212395220083,31.37536434404079,75.3749817501899
879.3438097356038,341.2150216176475,30.86188773254949,79.09330461540824
869.8359422437121,355.71534760029067,31.042121993811215,78.0172556166016
852.4309839746295,360.3919523584875,31.683130639175133,76.23332238540027
845.141988805522,366.21440614090704,35.28277001058828,70.06139173528258
831.2198236927501,358.25455475689733,32.87983906748893,72.05773957734058
824.8394277411421,356.9001500272427,32.31055426204834,71.81241426701386
817.4862844819316,354.0661106208652,30.84750578073029,72.52375912057283
813.532723778844,365.8246043123154,34.59228200760727,67.61228606872511
802.4210249119366,357.28300953688426,32.95363397890691,69.68325382736109
802.5435975972541,357.2256935532987,30.84217602434638,71.06287025275039
797.0960783096762,359.268712297623,30.76155596294415,71.32158001613237
790.2069825305149,361.5917510246934,30.421252118445743,74.59069453706115
790.5741818077255,356.7906303984952,29.401003900019738,75.86603519598289
789.065062907628,361.16121821013223,30.39703635914016,74.95755071689513
796.7422915685609,358.1343514925559,32.505013165780284,74.20285793666272
797.6634549490194,346.8123241866119,31.236221868251057,77.4356118392878
789.9163762916202,349.3485555525801,31.51033727129262,76.93459704219197
791.610481086358,345.67762208547316,30.226784500936397,76.03179518043521
789.9130024217253,348.23785030769375,32.59456997708155,76.51176104594327
781.8001334792089,354.9382518050189,33.43829730075747,77.18972739915131
776.5885721682132,360.2960844954748,33.12793092198981,82.30754635939053
782.9423938758214,347.5190674060181,33.18390171842697,87.25420586392147
783.8144166797719,341.33101759587055,33.56693098397813,86.59364253496348
785.1787142828051,350.63728624213167,32.77690247035419,85.32136598584097
778.7502679060327,349.24226241938715,34.465582623144805,81.1837295178093
780.0064097885464,352.0088243862341,33.78009380414204,81.50150096215276
775.1234409302755,345.241766703709,32.14478522560534,85.64902539859577
775.6070960085722,347.9217815426441,33.55743438723352,86.16251111226359
781.9892572059355,345.8686122417938,33.44375130957272,88.42347725158044
781.2955223415925,350.7384555894765,34.237004586246144,88.94714120762089
782.2658572106337,342.15957037490614,34.02815479120406,87.63326712724836
781.9401623190136,342.6704532583662,34.87891216911177,86.04556337890233
772.6719968571185,354.0579548294416,36.57702720444138,83.67166511096515
770.0794534673208,348.09735274022825,39.70014150432736,82.32153089429981
771.4485015001628,344.8539138979787,38.422881573097044,84.08786611257307
773.7085076274801,326.7284319797106,35.13974515710668,87.92057145255261
774.3543107600201,344.47110030458,34.00800762598326,88.73988789382459
769.0087528453354,347.49399520155106,34.972192197854525,88.68709141664547
761.0338948076903,343.0494878717653,35.56275934556277,90.49950090522636
729.5739862849977,342.8418913868122,36.04771555459722,91.74962169526701
699.4058167263145,367.45669823519785,35.63274387335521,93.698604285235
707.5741255923197,346.77010471599726,33.725819566562194,99.14630441272769
716.6668878993936,334.1270481358314,35.5220661074884,97.87219834109476
718.2150675772893,346.17184505567417,38.65300255717098,91.78634745431961
709.3522585390771,298.78680253710854,40.5940145124152,89.61078909330618
709.4876187227791,310.23268605397135,39.50058310854958,95.77386303708161
711.1654085380998,303.391718588947,40.96337681814741,95.02151955200364
703.2981764201404,303.9931019076291,42.4152810292719,93.03609122665587
715.0082066273368,287.24467562227335,57.316371041185604,77.53708732822935
713.9417170568275,287.0555167990056,60.47132215011851,74.25847054905363
746.9146512181093,324.85827853443607,50.708467625159635,88.63295080305127
759.9557048056137,332.22763271721686,42.44163368076626,95.65134200606289
761.5984361273868,318.83108756138165,40.01146023862732,98.53686562209678
760.882127978271,314.87718496029635,40.10368844399276,99.14546902454336
767.9195905333584,301.6498512510781,42.21113491114731,96.50390624612032
759.3035219683575,305.0364484556527,42.06309079122971,94.09827569917246
759.7272467731356,303.8611259664832,40.686083887515764,94.88721633077961
770.1279061825893,306.9822171383104,38.74362508217236,96.94314745540544
760.3771570031124,310.57958153926955,37.40863318503674,98.67884121649286
761.0332641457426,310.1397746505203,39.1313110684094,98.23243423392542
752.9536431779534,301.1321613975573,38.02517802567059,101.29199938573805
754.4865654800655,304.77318341387087,36.833963747762276,101.63592562567817
762.5937457814489,301.83459026626997,36.52479657580932,101.77812249467121
761.9825404773334,299.16169975431035,37.983189283936255,97.77179348355072
754.1838747737858,294.4502725715339,36.20531147689776,100.55459791172356
753.9214877306143,307.2610230343131,36.66545209472416,103.80394129949138
752.3895901666366,305.2191349851132,36.931439716060055,103.51115504389458
742.683107427123,297.7897649603705,39.271842870888534,100.44614055042267
744.6108820667887,306.9500154425823,38.7787193908505,101.3936230871613
737.497829825694,310.8962912315793,40.027809053934455,102.6832458712957
737.7971344865772,299.531030585552,41.054761429120525,103.68558326836191
728.603699408616,329.3166912627141,41.429765206830865,103.96439319384794
719.0332288817569,347.3395015762536,41.70812795734273,103.4147433871455
711.5385102634426,348.4581415940567,42.18099445615418,106.45421442838607
710.3397325997697,348.37755093108495,44.916069963964716,105.70907812594308
682.6390623928099,337.56076734345555,43.35571891961695,106.34790651651834
683.8371768824725,310.0278536707134,43.108896595283454,106.28757634998071
730.2292922275354,295.12561816133166,45.0672070963661,102.88414750687019
729.0007095710349,290.67076937894194,45.00289583225783,103.82810012537558
728.6618007840058,294.7211529520679,43.357692824680115,106.2077505548852
727.660652194627,296.86626872375155,45.45762671712031,104.39043193403296
726.9798441946072,289.67466913818794,43.68365723415151,108.15564086662204
724.4863506021566,296.331375656302,43.356694801248594,108.4330251089858
723.5230514275911,311.0117325222125,44.60646199175637,101.41260486381631
695.5722839652014,331.8469904430143,47.010565459077654,100.53519977742103
695.6514382554765,342.7308170891873,46.69557537654458,107.11552749454194
698.7993132811037,343.0498560499435,47.09084703511926,108.94213176614939
691.8109298904114,350.4864180716491,46.68111140273406,111.32668894378124
695.9563514116094,344.4955092301341,48.43640718382807,113.08318496708824
686.6367936750343,346.15598368672397,50.75796745986855,113.3114158067091
666.7043722236415,324.99174201176504,53.15276559701486,106.09098432798521
707.3507006595864,300.843666173281,51.391341277869046,106.86976782692591
719.6089578950894,298.8675439937157,52.44190175852866,107.5219959422848
707.5799480813515,288.783386232278,54.451718632248635,109.11567300500144
692.9187286327771,305.59529709362926,55.20311734338331,103.48130215202667
702.1300263285812,296.17020825883424,54.601700863895715,103.58517074847124
690.6639983676514,309.93603042132406,51.942017998196576,100.69983531105842
693.378188899949,299.8835406762503,50.00510429799301,103.03641408148829
694.4265389191877,295.13241203957887,50.99477442522475,103.49208761059579
704.1044130568796,286.9310969190642,48.003166261689216,107.70953950164818
702.8927047924459,298.8793566114938,49.10129470045387,106.67316781774963
690.0306372116331,292.6841317125819,51.75653153222179,101.79078740603137
699.4185149305642,298.1610208378321,54.060172467634544,97.8187571266379
720.0091125005084,300.4547888685131,52.9193373888015,101.79202817916574
690.6525945857798,296.67371861598804,53.58683060792984,97.44385680198997
690.9264175783215,294.9777933051547,51.74582852382769,100.22529817564572
693.6032981541907,286.1438464883981,49.359604026137816,105.07596204696901
694.0269519545229,296.2643866349231,49.460307901916664,105.07862597128798
695.8626858953133,291.9373948203801,48.96178370036364,105.3733009178578
697.0512542832067,286.02268293356053,49.438954881074324,109.03263919016592
698.1716260639188,281.58073628049794,51.528994302229194,111.39876135422537
696.9552946290928,287.9356814161573,53.237282382057224,112.57553899994878
694.8830860900742,284.26430648958683,56.69530015708317,109.78761776724261
683.9310324955287,296.1233663416095,58.74570443123702,108.83821014724654
693.738518528778,291.0835442429802,61.938265250894766,107.58175514835897
668.6897031227234,286.2315773347284,67.26676275838098,101.19168602684829
678.894512772131,299.4700304524871,68.41857074840354,101.5047291974139
680.2477144852754,291.86140909833733,65.78738046144301,105.45065321682509
683.0236697032117,295.46842337596775,66.11757343142455,107.03287266056533
699.4401823858294,302.96230773712637,63.80780871272152,111.18330714946181
665.7310334425503,320.4865845686707,65.0848225074885,105.89058025944765
655.4853125463075,328.99932751062084,62.786053857132536,107.80291835754169
659.1605381038696,321.36659996309425,60.040646006721815,108.16142321135524
653.7201502505383,338.410300723525,53.70418381603099,116.60703184241714
654.4666788022982,345.2604761045165,50.23839522636484,121.51374515144175
643.3468515055722,348.02792840825856,51.58570004592431,117.85323784252704
645.3054257232031,346.72497335586445,50.5500380453013,119.47778768483809
636.2190845424511,357.5627257520877,54.04308305844775,118.6464495734372
648.23875901555,360.7584234813751,50.91576449725507,119.75900114280662
658.3557926876667,355.7408512664872,48.41531285837239,124.59113470624328
658.8978618850288,351.1867803918067,48.86549085356599,122.39670893336236
667.5967350708287,355.29878193319917,51.23000203250142,120.15102563495232
655.2634580963543,346.8664981089487,54.08437865117514,111.41016536783576
668.1353619458048,346.1991128235227,51.18613919013471,112.38868570504117
667.9090005755553,358.7400070481123,49.733537586003365,112.16851322347486
669.8415234978609,358.15927605546244,46.04324196433839,114.79074993126912
679.081297313872,348.7904949383542,46.57897075464862,113.32942360632617
670.6608625103139,344.95434025571734,46.123123207083,108.25622672557049
675.0944591412728,349.0136281043191,43.9035665421302,106.87494896039941
680.2975223782109,355.44605393550427,43.85226460041832,106.78732238957106
671.7964528079311,360.67561976118014,43.701971802240024,108.26459833409176
677.1627517634106,351.01087931590115,46.436366225445326,104.1411264232827
675.8318944689158,350.7934919939504,46.41129573777127,105.52870706804178
676.4814158384315,344.16795491613277,48.09626111274441,101.8811644620247
680.5442884460159,349.36334947382966,49.58727717528303,104.73392747835777
684.1881773907987,351.0449117437793,48.20006891601603,105.61844175777046
692.2556281065785,350.25946978132146,50.6844224165361,103.0332884367639
682.1645026557376,353.60366159536375,56.47725401025893,100.9339037478797
683.1734250520251,347.6763669096397,55.81854794808743,102.8062101863291
695.6243401945447,351.3107282401237,52.48448847775332,103.92874402077032
707.7149875127262,342.81408525418664,46.13142166807364,107.2238779340239
706.5800750696511,347.1879499373358,47.14516183527735,103.03020246341568
707.2851151295304,340.50281659046846,47.10727139811519,100.12827661214024
717.9603911905399,347.9813509667718,44.264174282264115,99.5791707892103
720.2724742176696,356.51745699985446,40.29132241440665,104.18981364090916
729.2936539428598,345.85163843683637,40.76812338053256,105.77756669128345
729.0878830681019,340.74103456653785,38.94143770696017,103.76344622916676
736.2166254586833,345.9832447352749,40.29095417322208,103.85062516200131
734.165607271596,340.13274751780557,40.128007637748965,99.57713530979743
736.0898866924686,343.19096598991234,37.209955935955165,100.18957135422599
737.1451082994524,348.3184268360998,37.07929005279773,98.32609140306931
735.697328884824,338.618638288583,39.30258874081041,96.22251155821128
740.0480198103426,339.9857109786819,37.52672382190478,98.1546119961507
742.6998050132872,332.87745922999403,38.89325946873522,97.75280261203577
745.6691628132268,325.4478828554868,37.22695393583288,97.29612157181731
755.7375465316329,327.92350685072677,36.25499249987509,94.66524277305055
755.4727047929644,329.03134433490516,36.26519682167178,91.21671834693792
756.8823887775229,337.86700339561094,34.12165836631056,93.22148040958561
758.7032250438757,337.63957638294755,32.59131658051766,93.1130472517958
765.6280163711795,336.5245953741104,32.9347324834486,92.37001283472183
764.7810101763972,332.17948575473974,32.97521475983412,91.7067251479189
764.9690016776868,335.9336800218878,33.007857012337844,89.00662475081467
765.7248943410107,330.04928488341346,31.921985326008134,86.21234257521431
767.6648315589845,328.649996182829,30.49402937605979,86.07972029380201
769.1193364823451,324.55958421872697,29.957014630234664,86.22714338863966
770.1848587670129,323.00320600952523,28.335108156023956,85.90148511525729
772.2991239466169,327.36939361651747,27.38327700478944,86.76374738587212
777.416213688011,325.1450769730275,30.090716838294178,81.56113530707218
774.656638721687,319.8731743942842,29.51700924255728,81.5848539876393
773.9366597665792,319.06762508003027,28.87467498750045,84.10997872742254
775.4384989530417,320.3726576930045,29.905499321342614,81.92520609666809
776.5629749801685,313.5369007011009,29.295056983074932,81.29128890404311
775.5448891363163,315.5903277788776,28.836822920734665,78.5577545557203
778.7807064397085,306.7374877217271,27.729175469555905,83.63792559919543
780.4431722296017,309.59096930577954,26.213096896726466,83.45724888454137
781.0326939845576,304.398623833443,25.990304697063358,83.39881892410453
781.2329755907119,308.91739974146736,25.03066503926359,82.834263926006
780.2154271660869,307.8363474272641,25.365547920241237,83.16166695634449
780.8218580733301,306.05526178627684,25.937835584356677,80.92457019212637
780.8167549781689,307.9579056795567,26.915117372369963,80.3387278974914
780.688648833359,305.21711576143844,25.859280762024298,79.96441913498376
781.186603282229,306.3000839899646,24.790036846845254,79.99765585748611
781.9842462822351,306.6999740028374,24.263443699210555,81.55892710150303
781.2290173649847,301.47282954064406,24.302581646606654,79.90255572530192
780.8337825247614,299.03182994074035,22.920408444475804,81.60486034310063
781.0111763017543,301.27945243027693,21.694861099902432,83.00204755548992
780.4918519993405,297.73387617629703,23.046870649454025,78.19241222482157
780.3574546651627,301.792794940146,23.534633104902937,74.54387178817223
780.7224207905012,303.7503167746691,23.10566721359885,73.77342684380417
779.9995090938678,303.9370872076199,24.54354479542274,74.01506985515442
778.9739374908409,303.2457074018339,23.96367372037966,76.16364909066453
784.1071044282261,306.0916358265236,25.04471501942257,73.54770405285228
778.6682692912364,302.58869260534766,23.191296231101497,75.32766890690476
773.2839105597037,306.893918380893,23.92173666693762,76.18875431507297
774.0090634967812,296.0957520116348,23.585438332614032,77.11448069008813
772.3590677732033,294.7967710034271,23.7715512030911,75.21123537401647
770.7272059348077,298.2126588360976,23.69846678919737,74.64068532672414
769.8749527809662,298.54347195958513,22.63746318170337,77.12875597811556
770.5160621086685,294.61933780305446,22.732806542348882,74.32796944483287
768.1907269709909,293.7121867570976,22.542237982945515,77.51542768815803
767.8799494760916,295.17238051920344,22.681374656008522,75.48289816390607
765.7861609572685,293.9080414849735,24.19189936855064,73.74045987011563
759.0913995091782,293.01370377149686,24.74876193224847,76.59825922541106
759.3225222467328,295.2204046879071,24.820737771361493,76.31604842745007
754.2433021584994,289.76459012182823,24.770154116387936,80.82146014006662
753.4300476169237,289.66942676647477,26.484956996064973,78.46351669780569
754.4917474018929,288.8222089078934,26.10201969924062,80.4335404526457
753.8492360225496,290.873940592361,27.255794729073763,80.79626863040102
747.5086857148224,289.78374387667475,27.228119503387312,82.50647150667788
748.41545766883,285.2249688771968,26.88205827204242,83.04471190847086
747.8259737562897,286.04414173758937,26.899486706199465,79.434644893278
746.4190937169594,288.58188790659455,27.994188863977094,78.14179120538417
743.976046978554,294.61936663842266,29.628819202453496,77.76103024384189
746.117139748114,301.02232268882153,31.11038083642014,74.72867978369752
746.1896256877304,295.82710628896,29.74312503760084,75.60029640712146
745.873713674563,293.60186613527515,29.038427016537682,75.05074929127403
739.5518442448451,299.18502391054466,28.386691819521253,75.38327411512842
739.4395855234303,305.7848390260491,29.740148607113376,73.3093347588038
740.1903421462611,304.8424801049097,27.55444075894185,76.49015127008853
741.3826113942173,301.15121052807615,27.59058174086836,77.2843449669711
746.6167190108164,303.4218304321598,28.30104057970999,75.70742346452711
753.0761452867861,310.7555683269326,29.997657763148602,76.06926516642343
762.2991115072977,308.7640400343262,32.53160603578582,76.57161572485933
770.0238433432894,309.157108330649,33.89148077480098,74.78072346843953
783.3663737137454,306.422352288918,35.29612447698358,72.12348109219965
776.3094590840533,308.40800356921477,38.55666746881515,70.16201474750284
761.1328517446682,313.72070674145886,37.98462897064562,69.54372421777195
776.0316455276196,314.9285067843744,41.06735340584094,68.15794935775645
799.9914780664528,318.47190038003134,39.18656936681211,72.7039905916651
822.2631913494511,315.3138782656311,41.130840215950315,70.30550847830887
837.1115849290703,313.36601201294604,43.317628371141765,67.77346753714595
845.0645746547275,319.2441968858154,42.188687254340294,70.12735211332974
869.9923301007282,315.2652173097235,40.9926209327551,72.4767124896035
893.047996419189,322.28162364813784,43.260358649661825,69.94509583860851
917.0064816234552,316.35517525019884,41.59063641155857,73.41845138739171
928.1958248900586,327.6745910064195,37.06719856467491,80.7240744662364
931.2653468761249,326.35139799848844,37.02708852965422,85.1933115082914
940.4184798579072,323.23791667440946,36.20293458500784,89.27861753706873
946.6617673260041,320.94464245134685,36.650036288099685,89.57723945349804
946.0643224493134,314.52744466246213,37.786324058709916,88.70993352175721
946.5573168641654,313.69032787643494,38.98590618026148,88.57219038010493
940.7517164386859,314.8149689484107,38.40359816210917,92.35066332432338
947.9828269572109,317.7448102041994,37.9634386035014,92.762311637832
941.7142259194603,320.96743736692747,40.041436789433554,90.39144215466939
947.5050197979507,322.6796842520265,45.17932122410285,86.92951797105096
956.1074388484445,323.68784385524566,45.69362762414477,85.07878998820757
973.1140708053391,317.11009649424767,47.71631919411652,81.50896017525147
1001.6982074774606,328.7535985618921,46.561730284668826,85.90341620750549
1027.2401612542806,326.0653706865399,46.293858552517946,85.64444442822034
1020.3836111041742,321.64184484501254,49.49271703817895,85.35384626905184
990.1251236301102,336.89950267497454,45.922910304289374,89.53131633870314
984.030268781502,366.17729165769543,46.6601507738929,92.04000184154368
1018.3644534973795,382.45938999425755,47.11271820039223,93.75172114363002
1029.958210465864,389.61053144313615,56.12746144192496,88.41196863829323
1080.996882643578,372.6667486835952,48.03473562656103,100.79518344497566
1085.6766214894687,390.30112906320903,56.13996944123778,91.9352951885015
1106.8821699362138,379.88901385082875,51.79522048353898,98.18919869226085
1120.0458570949036,347.7030150681916,47.29553147943041,107.11259529263242
1151.9784733181857,300.23743747604817,47.362872892920315,106.59689836845614
1164.1560964461587,293.0292399367616,45.72082576160658,110.44214967198593
1175.837809109548,309.22629289953153,44.617847776322435,108.00062732244365
1171.7269779302883,312.47664628492856,43.731517365741226,109.26390372947881
1176.2522251907517,319.2352707945773,43.021783384977184,111.99166224690298
1179.6472084845939,309.6976791156403,41.96015769213953,115.43470000001838
1172.9987452684234,305.56543666058633,41.68454246980764,116.09467576085407
1175.4622756386013,296.7495603443034,42.38692367668985,117.32505854654528
1178.6800212796204,305.62523840349587,41.97240024079392,119.0240022788843
1170.8082070768253,310.76284796493036,42.792997424711416,117.45337369148422
1176.2128092501032,313.5555461741693,42.14377747499143,120.18601086830702
1170.3118821439537,297.8576075646257,42.306238370326675,122.42246597182375
1173.4854213298747,283.11247199089445,43.280001533107836,123.9622773667916
1166.06320195618,305.6519304626138,43.47220151248315,124.48091345157749
1169.0316996581998,294.8588905065758,44.259645818874525,125.16610495245502
1172.162775804006,310.17659715294445,42.96267493546374,126.01433355903264
1163.9669235609501,312.74927528054724,43.0826562766322,127.73177126598706
1142.7246648138255,354.0147875943231,43.970275994892496,127.92453754046377
1139.2908922912402,413.8108078062006,50.8835163531125,117.42547697681695
1139.3485801448396,432.355355676872,51.41224990358582,115.29501752443076
1128.157838847001,425.8973960437545,52.212206096977695,112.36616209818015
1139.019720700707,423.9840362320601,54.92134709765237,110.07827655010455
1129.3189510430286,433.05915779793094,60.87255652622872,101.15192937309142
1122.5697066006385,428.98294811878895,62.38240185272383,97.90384646184476
1136.6219867412767,431.7384578429067,60.500287668933275,101.71840111968854
1128.0133691998153,447.8157615748936,58.849024242069376,101.72541953108265
1133.1077392677225,439.7818037105936,53.72775082428158,104.82728358078668
1135.7542234800087,434.96007513986297,53.09906341478698,104.47637993514469
1155.9930977985096,423.4165411515975,52.24743296555189,104.81118747202105
1149.9269970612788,410.7602818817228,48.84955038579527,111.55887129435415
1148.8660232907907,398.35736476756625,48.75594703034039,111.29611230817784
1147.5222901262164,383.44844746601746,48.35757964894907,111.68825963147827
1147.5960657546773,382.34229676224476,49.610873719195034,110.40065423868853
1148.6120220651596,373.88918736006616,48.00685081752886,114.60887986026914
1146.5564602626614,396.63072012098723,48.03451599897714,116.25658839490956
1144.2683668577943,381.2868646445039,50.30316053579877,111.22633782974566
1144.9864350779571,359.3761444015313,51.76533549446519,112.31989036028489
1151.4350708646941,380.8602418740187,53.18204302631109,111.97778255465465
1172.235469044392,426.57784258343816,57.86134282063297,105.4284547700079
1160.9974208751348,436.4464110627283,63.55935251043323,97.71928944281625
1158.9113713972547,436.60971942880053,72.08282270044512,88.25363750079705
1159.6200186816757,434.001323246843,72.90729592309995,87.6749083804432
1164.519173434711,424.21652638317084,67.04453353615583,93.76824141629079
1166.363125485925,442.18452421984523,67.53011253235881,91.93987792592512
1157.5660914299551,426.76798630082567,70.11486154688521,86.66358638284404
1174.0168847433247,412.0666700997799,64.16443532628509,89.77593436658708
1168.2999571834164,390.6590500967269,56.654136797978055,98.57055427125061
1169.2786703989323,391.49629358916263,52.718665010383006,103.71964650561259
1168.9836359152982,384.3791864467016,50.93499716567901,104.34249480865924
1168.5405730826512,389.9954949349731,50.689342252361,104.15629097051477
1170.9518953229024,379.97687057365005,47.63379321304362,109.92011274432113
1171.4526488075956,384.68419329482083,45.8434216642118,115.93621572102974
1171.8247453944584,374.9259484224657,45.39587908099457,116.6893041850961
1170.8601876101113,380.7397386374117,46.6953754576176,112.97214435957515
1172.785045477835,368.9778653502281,46.626706739777255,114.36379235658056
1189.9693540283777,439.8029357104684,54.149463850678885,103.4645778438695
1182.2330007994303,438.15298559715694,53.01134080878853,100.66211881728137
1180.769190465316,449.96630585918933,58.09357357885354,91.31140058407323
1184.2682217067709,454.0313606739454,57.50045114035521,89.67170643342781
1177.7025805219444,455.8502039038549,56.670816163601174,90.68437448114165
1172.2202879097854,440.0107907909174,53.05884948542375,92.27056754487492
1182.7107957033022,440.91209380452426,48.9120176893379,99.16021933645149
1181.7397628825215,447.89274938819324,50.360849254370535,95.26307140054911
1192.2700976106228,441.1109752155256,48.66652601903731,98.69237962496547
1186.7898075774044,426.37702540222784,43.70072640842805,107.7910741588616
1196.5603125817897,435.0251644987464,42.236672474597654,106.3980218912991
1184.8427508893994,451.12610897627826,46.64233860421089,99.17458272169836
1207.954948227866,439.1924379640443,48.352227038850316,96.76470421279221
1210.4589840962162,427.6445139780246,46.9826034786189,101.30883628008613
1203.8433482720623,441.2201582636186,47.37617550327321,101.54324396533988
1194.319708552581,463.0853356914579,48.72649053163913,98.96388721130148
1193.4376394764276,453.545006781842,49.47329862645953,95.16167549947387
1182.877847216895,449.8756158898602,49.82202487679949,93.2873301225755
1184.1068712779072,449.38934309825066,51.33135586570454,89.54141873596055
1193.8099164676469,459.117967108713,49.5490868316313,89.67304884266528
1196.9247085159182,454.531157538502,46.62526792625492,93.20278198558607
1196.7795368227385,450.39005433101653,46.51521113095142,93.42114280823387
1206.8947103352348,447.8900696281977,45.62815173412447,93.59978950978731
1216.3796938467312,457.90579170061125,43.884383244182594,95.28580448570642
1225.6940744930766,477.3997756798071,44.042928809093716,94.36924065707635
1200.8464184027794,459.04389065053374,42.902416116756854,96.33587916883336
1202.6271577206264,465.4984380214644,42.74393135135852,96.71239600371976
1179.1319988762016,466.0817351814106,41.15814014549049,98.57188463250887
1171.5253243230818,472.17345235286746,41.623315203803315,98.77503967289547
1169.979473890211,466.4893437494622,45.779003046977955,95.8470336334927
1179.1958406451256,475.64287246046774,45.69831558335486,95.58228429408922
1196.6858225085061,460.329342977123,46.95622811090806,95.08792750059206
1196.565919665235,461.4201598871998,47.09619062778461,93.52464476448377
1189.0596342571716,457.7727523988752,47.42433729495995,89.52486915678085
1190.459867913419,461.91606560682675,46.34555505984345,89.22403379929497
1182.5740508654947,467.4086631019155,47.657747875651694,84.60918402735768
1184.6192660897395,486.6243584694048,45.54889112947295,85.83012513953696
1191.7361172191358,481.5754947391462,44.91197634464767,86.25631721483244
1200.7021036809158,478.45682925399944,44.63222059447919,86.37829596782655
1207.7614126519798,472.2243385648948,44.5146830708018,85.03464297699028
1201.7069671624704,478.47911971114775,42.360756436556294,87.21907882292797
1209.039623830055,449.98462750871505,44.44507593378401,85.46268265547509
1204.5391890345318,466.4629086189398,50.794940360984256,79.09660948036226
1198.732692995937,465.1088620993842,50.109529836126725,80.5184703936421
1199.4743837422632,465.0227118346392,48.14859995281084,82.04478433346756
1190.5752288249967,475.0281723828432,45.947724837994,85.20779167849604
1182.0785912732656,482.22676309437236,45.510485647446714,86.83039376698889
1177.0986245491774,478.70532147458965,45.692152697713055,87.00387602751597
1183.417080058674,469.21312491220567,49.71840571885173,80.54911525030255
1191.576271801759,477.5254113028668,49.70122986892008,78.23703926869555
1192.6913902380736,480.66393838634673,45.86670979597592,84.13285400792536
1192.3519185408127,488.9042468941227,42.658106474931884,87.521332281638
1185.1162927513587,479.5079732082953,39.94047330584602,91.12913988451515
1181.4791005247937,471.83868731058453,43.613910461306084,90.12848054896673
1183.4892272601928,465.1848131105396,41.26077188783681,96.38311048607922
1185.4635183785242,478.96269034672525,44.4306868414474,95.82598300622615
1183.1988882187582,480.2014313599745,45.792163853394925,94.724256864752
1167.2994571783538,463.1924464468885,47.22116904353501,91.0157689838242
1185.1332489637932,469.7827444817231,54.521405252986995,80.07456175837365
1179.6274244812187,483.0359754484924,50.6733088110136,85.65772258311294
1173.8851441682366,486.9288263249058,46.885106141264856,89.23028876615786
1175.4295781100411,476.0102953528922,53.35842070990171,81.4674037439666
1194.7538341018653,481.3777428908436,50.24514261341125,85.75587152427146
1177.3205510974399,478.7888644840049,51.80939040172876,83.971502067154
1196.6489224693782,464.87567614475716,47.061755329396945,88.10412389866424
1172.9987378237283,480.2866208007794,46.067454789084294,89.7872927766965
1190.4989239791562,480.773485357587,44.31892817604924,93.17807504656825
1183.3074218465592,470.9089928664068,46.30870936884376,90.66038575565032
1184.4872408758438,471.70851181980294,47.13229513297654,89.89544994732196
1169.9542618360745,500.361764842756,44.2433490999127,93.09279461325588
1180.111317727893,498.1602041903307,42.669990808363025,94.452700210377
1161.4619940487114,501.52132927611115,44.41810455513503,92.5462777433866
1172.410168266057,494.23104322142257,46.050432596121524,93.60416075847783
1193.7391691037187,479.6486194610636,44.852320014099206,96.30742494283098
1209.6419411512459,467.72138867529225,43.85379849233388,98.48852324751121
1190.7986740501376,480.49125457121767,44.5527444494809,97.76827457288451
1191.8811596614044,480.18882863625345,44.787635592568016,96.07742899153797
1197.7377259026373,479.8007981755836,47.434994295707966,93.01308720856788
1187.7716860644548,470.89374924492233,47.71084200257393,89.27163369353525
1179.9182196239324,472.35010741866074,49.88155178420021,84.61156891501875
1180.8139972342822,472.87402759174245,48.494381589958216,84.25792032717021
1164.697114220971,472.37017488275154,47.81836022943318,83.43524096093651
1165.7714731464653,478.13591297292845,49.22570711130296,81.70524169446401
1168.555975951992,482.2350860318678,48.28088662797876,83.10934642927879
1161.1246355468384,472.40783925573714,44.19519709620594,89.7742769271693
1163.9960801501745,480.9381766076208,43.01032456119311,94.02413937225515
1165.580899690427,491.3033431149696,42.15913538542303,97.77685606027266
1167.8447884521204,476.9018007447605,42.89713090044448,95.06739441721814
1152.728821745072,468.4028781526991,41.97540573023177,94.9939936100028
1165.567455414242,485.5609201705126,44.56290781228495,95.6116220919015
1172.1597875768337,483.1049732835447,52.012499714634366,86.79202514753621
1181.012934350966,473.0909106014073,49.63928805692456,88.86253466111941
1173.9305517429411,476.633541797565,45.60702003817235,95.85492303865422
1184.0931534546064,472.0529378535793,44.93953073774638,94.80518669725022
1166.8598696302518,478.07648045411685,45.10806019684482,92.18455380909734
1159.701374824761,489.40276073207974,44.77657540763416,93.98729911498617
1143.8808473850809,476.4716489097067,46.660291269437096,91.39151682883059
1155.3262939189826,471.70385300061224,44.20937619230223,89.6770737632017
1174.9975818005184,443.97808566532524,41.32744892138384,96.9892232132039
1168.153596810959,422.86763259135387,39.80863022212484,103.35938806457031
1159.9844987698852,412.00813256431957,40.70538368166322,107.3379309081158
1161.7337266745667,408.63935396480656,39.448597814459575,112.747330847608
1162.5241391255915,398.67549367033655,40.08221885930414,117.46008871593213
1162.4808129730534,407.5648644451719,40.80575583225614,118.46728430479351
1162.1878699204867,423.7138180535018,43.50712455768482,115.1025677256223
1162.776579851724,432.68157792934693,43.86018751620894,114.95827143856877
1154.642111473897,475.9373158920997,49.43471667548286,107.14498908522245
1157.7663253647652,472.5516250281459,50.4198631584603,105.6532464293447
1150.9122591541648,471.4463141921615,54.14063279678906,97.74205360836824
1143.708888712333,488.02951135462797,53.37747420055602,97.68400965183628
1155.440325939125,496.29594526081826,52.916653210301035,98.65591042025582
1152.515353907609,495.7047237814648,54.34465909264995,95.67589408614745
1146.7857593464853,506.71392316586525,56.7143910878696,94.12568215487428
1146.9599875983617,498.61905790260977,53.891041681283085,98.32068210221914
1148.2645415850532,496.268414523906,55.65227657104923,95.22939546183255
1147.8108917689221,489.6849545448232,53.97693407333893,95.47827267364235
1149.1578850998221,498.1086765552902,49.33136774635359,100.95783966646206
1139.463197450746,496.7736068908273,46.62389370409099,104.88002969837925
1148.5608861505834,490.88075723914653,46.040860359038156,104.30533861406917
1156.5870929791754,495.09465801731415,46.16499056943057,101.69593059696652
1156.0567778019224,493.1523218096166,47.4888131423116,98.63990748974955
1157.3155132147235,489.9656078270431,47.67963269867686,99.2961931836578
1160.5350677849126,494.1345489101887,46.08100912990051,101.97528285479787
1149.90334342066,517.107920699246,46.96180141310478,101.15163367446394
1150.2279610138862,501.1590370239073,48.148769387437866,99.49014626329866
1152.2718564055617,483.4221570900887,45.89390271326225,101.86491196173053
1134.9680516136718,479.79750119586345,48.574553619668265,94.5504477680336
1143.1684911363905,499.90926525027595,47.79703164845478,94.21099189510399
1154.1121383683007,499.24770648741895,47.170931851186864,95.63672095393544
1140.2032294008843,491.16172726705594,51.25384176313938,92.90810090393221
1133.4427441449836,478.6121850991063,51.17545282109721,90.83969796837201
1137.6643818635523,464.8025107601341,46.96878920341798,97.2508658537271
1149.2239921744429,448.76372619830113,47.3418435469912,98.04763249683214
1151.3770550231982,437.6442212405165,46.096632785796594,99.37116258322894
1152.639662755694,456.7780062797001,45.48049668013951,102.72869479204022
1152.2046590331925,462.23009842218454,48.39009949563015,98.82323388322904
1143.8193021507666,441.99157106715865,47.27349533530834,101.59966992427326
1136.0765866713245,428.4778005010252,44.677711766657154,105.4026536048301
1137.6801655407228,417.1248964364594,43.84370290845349,109.37121164998638
1137.4894044194798,438.2394643656845,45.58777864835987,110.679499776966
1138.495740082397,429.50656348238357,45.69565499807425,111.45095964904044
1138.4854288258095,426.1690453068372,44.74290134502786,112.97217941276048
1149.2594090127914,417.71260480484545,42.44232488835734,118.06466571509606
1137.302973341456,470.8196967605769,48.60284957502488,107.67613109401782
1126.8748458597472,481.05873909565815,56.39626127738403,98.8869448019749
1128.72049795519,484.4393567940626,56.01864192726971,99.24339830380141
1131.6165380867824,482.1809300122298,54.873600709862174,101.26155129229562
1125.952747690079,479.6284206044461,59.10135064875829,94.73535628846395
1136.028245541163,477.8763032559607,59.221922068163195,93.32819462381552
1129.3742378722757,474.17946527010497,60.67017134262272,90.82857427559867
1143.0584649663433,471.63827348682406,59.033628428623885,91.93923206961162
1154.8716897787126,454.29968557426594,53.287125407906416,100.8807701996653
1149.029449952283,462.02103934611563,52.904463009648026,100.46775074312737
1149.9174491347003,460.3520200786364,50.67021229068689,105.48633159641471
1160.3087963917922,448.67611279581763,48.24265359700177,108.80292116970729
1170.5134299487684,454.62241908351973,46.28461557228988,108.256663902914
1159.6234854831225,454.47212344376067,48.074315324347936,102.83592875922822
1148.8732167609014,425.301880409422,47.930923019445814,103.7140044423374
1141.4073078727008,423.5926308220891,52.417249619450985,96.79240464205074
1152.3692219679783,416.83951923631764,50.70080709635439,102.11117719139583
1153.8776075338221,404.29579293390657,47.8019381416301,106.122228872324
1154.4329834214964,410.84450048599325,44.62224566843416,109.00549095453643
1164.7333861543918,400.5591460319299,43.88910582165318,111.36216705440233
1164.4448555032004,439.95099485735653,47.47864371507313,107.09258636977566
1174.1683464953087,419.8587164104839,46.29659448197836,108.83390615154161
1164.112450403277,400.1162889391066,47.52872541533344,110.07903033262588
1165.0227156123503,397.3955475764189,45.66531750459493,114.80345067728432
1174.2315760588504,382.03376490983874,44.56631334344762,117.3150212956709
1197.7032656060767,344.49876109082965,45.84068424636813,115.92910808672973
1203.587887213872,336.93211540457594,46.79028307134317,114.7122491913428
1214.6458928092475,319.40574274840554,44.63566666103016,113.35313531165403
1215.5909515909111,331.08764549293016,43.7732880516726,112.11339657189664
1217.9573365240237,339.7961208832864,42.009341873211426,115.69939747337614
1207.2826269305176,322.95389196450077,42.05347902081658,116.04601659317258
1217.7794109035592,316.00396883445177,41.01222667092739,116.97721426214159
1207.4284037006807,341.1667294652889,42.92982056215152,114.16382786249994
1219.3141742211724,350.56105860637877,43.015868475578934,113.79069261698187
1228.9042848480124,331.3593584138979,43.03117257398554,117.90134431083553
1181.8521099161208,396.3113132597704,52.996326546820185,106.90103468784015
1194.872177807524,430.3637224789709,54.070056738077675,107.26024884518762
1197.708167448452,446.97523149204125,55.91720372622116,106.56674493214777
1198.7463690648246,436.08436675016674,54.69301947025207,106.82254338772151
1195.457053997965,434.91559830802794,57.9625299464022,100.57916125666901
1208.2435326705627,434.8229004442855,60.407547604293796,99.02275633798331
1223.5921671060246,449.0136562716962,58.864914859314425,101.63608829651604
1235.4616462710524,456.1100954029963,52.87240629057052,104.71204335853082
1231.4092646272368,457.2861344387263,53.68214657273029,103.85959066583237
1239.9924513692881,439.14073887062716,51.951237810469465,101.15936614419826
1229.8843098580053,439.3760217249944,53.54587863465023,97.48853690335108
1222.3493945315877,433.4451872878385,52.486782411931905,95.16885666923238
1233.9133980116442,448.8511215204412,51.11709804386106,96.21282096301891
1235.5492980260553,467.64300651901226,46.998024998972596,103.00078537013063
1234.9762477338786,460.68354108521135,48.160314816072514,101.68565043665208
1235.9019923664123,465.5312749781825,46.17243717856164,105.04063343709593
1249.778045182939,450.5429418310057,45.11895609266301,104.69458416265618
1232.7987637267297,432.9317244349541,48.70273992030367,97.35542320520128
1234.4680171112514,448.9361514006557,52.192750908578574,91.37770405518614
1243.529611217251,448.6309255984816,56.43122744791765,84.73577003293875
1246.7234712196914,442.8845778910692,55.002267191259406,83.26235307669094
1250.5510378882645,453.23945458865524,48.82140160257179,91.84163074186786
1243.4728605552682,460.41871027542925,45.86090737531233,95.03371098427505
1237.6972247119388,458.4447319973934,46.45267496904319,92.30943882965218
1246.0381238306545,450.28270089990014,49.902663659354076,85.81607244577063
1253.7727464412185,449.7658149066326,49.35418139317446,86.44683284207625
1257.479690271848,448.64111072356343,47.8230150393765,89.49699313429124
1248.707864684361,444.557254518319,52.022254316999266,82.57871827434414
1248.1830346746544,442.18720952936957,52.39073013301315,78.94613591319236
1250.461314837769,456.9906470057671,47.560163238600694,83.50469507657448
1236.7165472118202,448.32115293220363,47.06074253349016,82.3288908308341
1240.9870220633245,450.39029585798426,44.16942793063042,89.79935134638885
1251.2659215520193,461.4540372927475,42.951828520361005,92.36827140506395
1252.953532480108,457.933458012894,42.58687481828079,93.59234815350649
1254.916961681729,455.9559491301669,46.293309887177955,91.32062534057303
1256.9035936437203,456.11447617503575,45.651533997098255,93.57162075974976
1266.612277205387,441.7739373187234,45.48025834198807,95.23119849172801
1259.376379647263,454.74575570618754,45.12290582805348,96.09875907391205
1251.2286902964809,439.85567061710094,47.696043763030886,92.16228654007571
1245.5653393430607,452.4344597803375,48.32682917623234,91.14148253028395
1248.7800191758688,457.04456369927607,49.544570613601685,89.94756408336293
1259.8197569081567,441.86895302968617,48.51613845121725,91.25110441483861
1262.2203196870723,459.5589889172129,43.997345379018356,97.58195559247267
1261.014780855658,437.885622812266,46.78927045957615,90.69155023444398
1261.2436421968387,437.26208374228236,46.675853693455544,92.01723206106895
1263.2140559130878,436.8997943003154,45.93740805873807,91.92177262907734
1280.2926226929953,446.6863886061461,43.4351678992105,95.81287371963839
1272.7130098464436,433.0212723612721,42.56840597544001,97.73341586553477
1264.1095654404332,445.8222489245229,41.40941416033769,101.16417472598137
1265.0202829645614,449.0451909096882,40.30497193598846,105.24612376666587
1270.7287141197487,450.15307469342684,44.536983727483786,99.81835712084674
1280.4430151872248,429.28231033661405,43.4857224929814,102.56145938137644
1281.5469474633649,453.72724394710866,42.81376950849546,104.15690245778781
1273.1416009205986,440.79398808617276,41.781181624807914,105.16004864147453
1273.6175745678051,446.1060524560965,40.73825422224172,104.88357762736095
1272.8846058320646,450.81962864206616,41.95165393196494,104.1894984092009
1273.0628251369205,429.15818700770865,41.39987431662276,110.1803844483814
1252.5510731922664,398.92361209850077,51.78510133174901,97.91698083454811
1243.2655974659685,386.3785757056225,52.80225906039651,97.42391374791075
1252.9146158290262,372.57681259513515,48.836142076565906,99.95057906566561
1263.5027518887991,381.1986276266077,44.936134239865495,101.27349133911719
1274.5715215127648,364.4512668673052,42.09552508147925,103.2931283368525
1288.1960464615336,348.85490296891,39.77611880248698,106.73816167447853
1290.03190114369,349.3307393388746,38.17186941829206,106.14287822577798
1283.0247583442542,349.1673213940351,36.6577391311582,108.01335459386462
1290.0033796099535,341.41004708427283,37.91145274242737,103.5298123311986
1274.5982679810108,359.8615433114579,37.749632141271235,103.59675047705639
1262.9279816537307,381.4546125086333,40.560861325799706,101.54775522291736
1269.5139536160752,428.9894979680809,46.92948873756067,88.63463857547622
1280.7586954365606,439.5976332720884,43.2978737472621,93.87704894982932
1296.6940535060878,432.21260433694147,43.06957218893798,95.19210831601745
1279.6987985629085,420.23042320482443,45.31696809638787,91.74358139157118
1280.2298002250614,435.8507975102509,46.17448312103156,89.47189641913491
1290.3613670479363,457.26389064353725,44.89309534663282,91.04104808284305
1282.1140479568253,452.0381785231503,42.899387959985546,91.89915846405368
1284.04359471923,444.11504642740704,39.98762379103137,96.15360232315538
1275.1615407255383,441.96239470154126,39.40993729086081,97.05979967864265
1281.315475766186,439.71576041920616,40.02420370861023,96.35032612812978
1273.7853486851025,435.870050903863,40.75664800117529,95.4073453455377
1284.034606113009,435.96925675339725,40.99699794785314,95.29240233876934
1292.2464333186615,427.73262653466355,41.389268190052746,94.15801966489516
1281.97003483529,425.5510348902888,41.52511882416145,94.91228610438897
1289.8140885497817,410.26000326367557,40.918647815400526,94.35996907702116
1282.6186506730187,421.6491845149058,40.51197807601097,94.03739341619755
1283.046264725523,423.2836665916933,39.6169746075339,96.19570185944775
1283.1808434101729,415.82988262422094,37.481692695274624,97.58286438679889
1282.0032534338977,412.85981080295755,39.15563119926711,97.21786157922637
1280.4579901539194,428.81900788782707,39.81767595152176,95.49415701837725
1280.040518230899,425.87947506686436,41.75611174946823,93.73458973089274
1277.8616508092264,423.46342144498993,46.766981845721446,89.39694123904232
1285.419389256291,420.5507998382106,45.64918407392353,91.08914943978688
1286.9228688577232,406.8479627904617,44.05935797577108,97.65825519509573
1285.699571584574,409.4982465328943,43.76529582471735,100.05625513526573
1286.0939897156843,403.2877712600276,42.01753576800019,102.87985495981349
1286.5379000522078,395.77940417893194,43.72798684312396,99.25044718266275
1295.8261219350475,391.8792787120864,43.942459454663975,98.15952320960399
1304.1049204112064,389.66488679619914,45.01077393263073,93.86271447219117
1294.9396313648515,385.40909924397766,45.53871455096244,91.5216525160334
1275.058418699165,393.94259372853196,50.16236725834105,82.49322373854571
1266.7554255895284,407.95489430001174,49.15383584933935,79.77406543636508
1278.1204940704563,409.4242336816417,43.77342098743341,86.28242621637057
1278.9588491844129,394.8275062072065,44.29407030212941,83.80019388751836
1281.9833922700702,406.628870612495,41.711200725717596,87.4603721438573
1291.1336690138544,382.7037015184662,43.40196995812053,85.7745491245387
1287.5253717267738,383.4214057040052,41.719275677777254,89.38611648646341
1281.1317001116618,377.06847896846546,41.77017188428249,89.26179355989227
1273.0056775580188,381.6605286167028,43.3049424009655,85.68221090416199
1280.4714819657922,386.9904501268019,45.220910641484096,81.70897723732858
1266.8978243686877,384.14870870349677,41.520972336561414,87.34541450709266
1284.2707051380748,380.6111949503998,41.27069544936062,87.55681756743932
1285.6835958186844,368.1285059623052,41.30660421990255,88.79129010751393
1295.703666095109,381.95704974625306,42.41352149708639,87.53907874305892
1296.0984764575974,374.74726048186807,40.19193488425828,90.5574817996177
1287.232133246642,370.16814635860436,41.05101168732602,90.51976718769528
1288.6592925518928,361.6196765421156,42.63190655910985,93.29996152833684
1288.930261335578,364.1016450314304,42.604932351145536,95.46709583554735
1279.3927293457184,364.0383059276579,45.57567367368639,90.75483576944967
1277.8633676974757,363.23585113289687,45.29013693491642,88.58811867405507
1269.986231555592,363.27296972634235,49.03993527931517,83.41901236989594
1271.9960844370646,354.391540942687,44.90604871174293,89.608462078571
1266.371504858942,355.974522484839,44.51143617792655,91.50276997330118
1273.871438634174,360.09071162971446,45.87597725321859,87.25189259791739
1267.0437706275923,364.12562921857216,45.11570626384062,87.49604523429187
1279.1324203593904,348.85041031805173,43.57454424262548,91.72362528930658
1273.3408345913176,344.6204583309742,43.011562400004756,93.89886938474714
1274.2058866616046,342.26778702146777,41.307222004935795,95.20816162718133
1276.2499373437136,331.5891260021744,40.29960429152101,96.00961348191503
1278.0873489758917,343.45263734386157,43.21217101149022,91.66096252342774
1268.194782140187,336.6582241438469,50.38246682697921,84.03959579888657
1269.7782326121453,333.43414624945916,51.441147434715646,81.66548489886738
1264.2768850500436,327.56556712673125,49.03998958863125,82.80155873006368
1266.3448371878408,339.49481972570317,45.105665679297914,88.46267481626319
1261.394572743008,332.6256873910917,41.26059945634676,92.39593336564621
1256.466936910045,308.802020311501,43.67693538343609,87.3918539055596
1257.2687208586553,301.63097078975693,42.57705596689358,90.73845402810628
1273.4610641489844,322.86180002713263,43.06786174380974,90.72442717638486
1283.4533957000926,319.6826167861841,41.57434909428887,91.98017335020077
1276.8428138909346,345.67277434675213,38.31565844950769,95.38373713048492
1261.2190567716343,345.8451847474721,36.49200304310682,97.81484537029718
1242.2970761460442,320.6778303729892,38.647501635323266,97.13495830546742
1268.774317172914,278.0283255357725,37.6144993790045,100.85212401921689
1269.2798651377423,252.64225040638212,35.76385578767173,104.54231507514976
1267.4884309791203,270.2833192572312,37.57683850072048,102.4055455000449
1287.2400798102763,225.83227039260635,36.19215982944737,103.53396945732217
1281.4780734166009,236.53855810229356,35.955674058543195,105.51280413533253
1276.4665217788058,225.22304913516166,33.225075424235996,110.68888088932363
