729.5,609.5,38,97
726.0765113472543,610.2912511444773,41.409497857794946,91.9885990077286
726.6512697002478,612.1249752850993,43.77444953931719,88.22235868959875
725.4352111781994,611.0410043679537,47.500250503285244,82.89892097764573
725.8801285727114,611.8556319985545,50.11196448706298,81.2408875539485
724.9057936949686,611.6262359244987,48.22441114371335,82.61720057814195
723.6241138200054,613.3727469429845,53.66699992844006,76.19806703311636
720.2560114369319,611.1458015646641,53.668490673542834,76.0523506757101
723.0571829301916,601.9375977962889,53.066859949313994,76.18894220444861
721.4324491789407,603.6332473102588,54.82352863594885,74.93910566396966
722.3744064805772,608.6521499849259,56.61878368701592,73.74581646726007
721.4102891850604,614.5155499751772,58.419263170049426,73.53298247044387
721.3943955718156,613.8899813286858,58.658960040892595,74.15868143108509
725.3596987270703,608.3955972187628,55.448169805030375,78.18272439909994
721.8619922808455,608.0976400590857,51.543355928377366,83.51295866918451
723.4860169019049,611.0732065465212,52.01479682487886,83.66163653172063
721.1101860507481,605.8638970528804,55.044704308715694,80.51001343595334
721.2812924575004,605.3222382155673,52.07610093894404,83.48093113355809
718.7688870370591,607.0105005029372,53.95473383351667,84.35964897380597
721.6333891605462,616.2057020661342,55.662741971890185,85.9458001530094
724.9782927330066,616.0783022779749,56.24909119278816,86.73375925030439
717.3085329567554,604.9914861984865,57.944183169679775,84.50974360374418
720.52904397447,604.6965658533152,59.511161303589404,85.90988721423224
719.8198145415266,600.7998431766925,58.84875079411066,88.54577469663114
719.1017178910004,598.8229394959887,61.64897642981592,86.08247398584236
729.373178330229,600.2637156986342,62.64134991173842,86.30916387821526
736.4347420493962,596.3031813114358,61.392352004746115,87.64353550085593
740.9486624463035,593.5642208664393,59.9185333055557,89.70693992723433
742.3538030437106,593.7070844928548,56.267645803044516,91.8140911081133
735.6455455851051,591.9621859747143,57.20792357688355,91.89510375665692
732.3190895105392,596.8012384151587,58.49107712219106,88.26397209418215
732.2852351469435,593.64669042089,60.32950371246758,89.23080034850494
726.581409810655,593.8908878386194,62.347379781933135,90.59726202977726
723.3579715799128,592.8720393146727,69.38627942154227,86.60732812018284
722.7090297442458,592.6263756556391,69.79998110141054,87.17114310049739
726.7926032186153,589.7291192419798,70.07625024637068,87.92598925466407
728.8574172639941,591.7861090289831,68.62952599578746,89.51394054746038
731.4187124004259,591.6129974748577,67.38803414675144,88.97983835002535
728.9398460671729,594.7810299802933,68.86814074028332,86.36355418230502
723.7368303129181,595.7136423141493,70.99864332214324,82.9359234477761
720.2498654158227,590.8186622840178,69.28758925841643,83.83713261076474
722.4869691888318,587.9345706421951,69.0783813169343,82.36903748934978
722.317256685784,587.4586106802258,68.7022591445627,82.24698562551833
722.3734062131322,587.7877065549902,70.79233183536647,80.8545672922733
723.9806232901872,585.6102180875542,65.94827041609406,88.94718999092319
728.2068879250096,575.4836634843709,66.08076520941516,90.1873038617133
728.4748041699683,581.4891118419403,66.23673217715195,90.8333484428224
731.4587741083749,587.5309534927526,65.26201709084805,92.0628539019487
730.9911471917811,585.7829964978908,67.10353743665334,89.6883404985621
731.1029750542763,584.3129476064156,69.38878882251828,87.32555279272498
730.1024646802276,581.8316288567041,61.13878017771308,94.0422362050289
729.0204062289727,576.3785253580838,62.287068034168456,95.09248273218839
736.0894020408999,579.9185055660292,66.89183939568869,91.91506520204334
733.4047824715367,579.552747499059,67.6892397951362,92.12341784245686
731.8992078227667,585.8935818139103,73.245646388354,88.02245958513879
736.0531215219858,582.3259006898784,67.15146590628721,93.81229679531585
739.696399166802,576.6451013220727,65.3022350132641,95.11279028980275
740.523670961515,578.9052588306682,65.97946805282244,94.65640333049146
743.8966186814987,581.6418561288194,66.46303453008397,93.42436657142727
745.6459987428981,580.2522370524665,68.19651132182753,95.11098937671075
746.992470761118,581.2999153670216,71.01932778164115,93.4968256783178
742.1135349053712,579.5673368682039,67.47805439155849,98.64721816159707
748.7119024270975,583.5429286672921,63.51612498050153,103.11569164991923
760.8754269122645,582.3657792838351,65.99928412117782,102.26777619694506
750.6498020981666,592.3662694134965,64.19663354867939,104.06335657089613
754.9915598331165,582.7620353707664,65.24218691363279,103.79207761773603
740.1770239709411,586.2744294072453,67.60755798748033,99.46249652190586
731.1870497777982,613.5073419180383,66.6754891633734,96.52010771683888
694.5825108071931,582.2298594043202,56.7674336645363,108.30814090969034
710.9049403693347,591.5989912474058,58.26307052612136,106.949153918283
698.6946566131707,598.9257221233318,62.46550260213613,100.19181367359909
683.2392971778713,600.3863551814162,67.449380652227,97.5046258142583
670.3113066308284,604.0663119444838,73.33194592651358,92.87755709476315
659.3691710724081,614.1660732287091,74.16120763641813,91.59441769980612
650.822435786013,628.8271130485554,71.52099390759493,93.09954545765639
626.8451804322445,650.0863697749544,76.24802337500827,83.60523430211992
616.6174033376176,630.1443494431521,73.12939228039815,84.88765238835903
579.8777190740271,618.4243246992205,71.31956052787012,87.56417489123571
598.1913388860436,605.9354440981017,65.32796777806553,92.5952089608248
566.0782480587457,610.3583526584528,63.54110207022961,94.75379541534804
550.1756964721549,607.1663564598675,63.4979605555666,97.34773656103786
544.6824522967967,615.6441692089729,62.205795097582815,100.21126984784226
551.6713328437887,620.863776537658,55.58557427878068,107.19955828859625
551.6367932976933,635.6782012798775,59.73990285827726,99.59127595049776
551.3498438688167,628.0802637926776,57.08921304628062,101.00002228790134
550.3264943859062,632.19657999467,54.56843005298572,101.91161774173759
550.8613274303815,634.0235132135715,56.826628944771585,98.47478910765668
555.9962646875326,630.7167127288476,52.14829487343145,103.54247523341883
558.1549470940937,636.2148206386767,52.64452790861618,102.6908861839253
561.1122951326909,637.002086837885,51.97748641556478,105.00362846695268
562.457972300007,634.514166479849,47.87054014776121,109.9947129896278
561.8957242625382,621.8320049852186,46.58526399465782,110.61674399151003
571.0200748488681,625.4903433412469,50.07548578999727,107.82458071832832
571.5017952222655,627.0004897486813,51.27489288608552,106.44067933773042
573.4499037411712,622.4740656329275,55.64370271233025,101.40788778972937
572.6759475667805,630.7011118643352,57.17593854716806,101.82629334106586
606.4292534258057,621.5161757044947,57.246879644559584,99.16544797569378
597.2885412972109,623.83029287268,59.840335713273284,96.52386448609576
589.3523406254529,629.2585276474927,61.491493404056726,94.6230597666148
586.557908068639,629.9460344353486,64.7096721071075,91.70224203618488
582.991484812864,633.1502895609061,66.84227541197461,90.92550063051827
582.5306384001647,635.5805637643143,68.1170732314344,91.30417217285252
584.6823006357083,636.2981325388685,65.2269719167552,93.31592176889201
587.1973765102011,628.3658224451983,70.67485332045808,86.20870093105344
591.1458837086847,639.7081369447399,65.25446950270411,92.87178530501613
591.5267459656609,633.1715715348562,64.63142026463885,92.15409074008397
584.5959487241506,635.6698965860594,64.12698964134574,92.8298012000671
585.8103524738863,635.9784885098373,64.85154442433833,93.24599974530166
585.7088111734669,635.2903331747005,61.68549341567565,96.11755537259167
586.0628458409285,627.6842041695968,65.0604706686943,93.22151015198702
586.0288516593457,630.5472020571549,67.03413541571422,94.11296604824773
589.0253401785345,623.2274473374194,65.00064842980326,96.48036955983554
590.5178321406996,625.1550933058436,65.44672595716779,97.5792557627108
583.3629261939251,624.1839022056229,66.31532944724968,98.27985854665073
586.0624380790949,627.2791721262895,67.06390028179565,98.78682516856598
579.3638077893723,626.7385592082323,64.92392362473649,100.87803896420107
585.2988914583344,628.6466384133066,63.601183024999244,102.4385922550449
585.4516266672385,627.7997773512978,66.43700910007044,101.05624538054136
584.7952273845442,628.3852263994024,63.731904755397565,103.12500714151045
585.0343426799246,628.794144929397,66.72257698999672,100.4934364076474
582.6783372684986,626.6842667520104,63.85225759189267,103.3194868131508
588.3545824200825,625.9709759037376,63.2664897058207,104.05524655324086
587.7703767514854,621.843310498448,62.38099296661969,102.81081945781014
589.0114668708823,618.3315780407686,64.16826163667052,98.77164675714167
591.7992121746794,625.6228417657081,62.68127987408123,96.86230247441753
586.2043973067472,630.7156454091477,62.44487451270357,97.46183462019809
587.0598162072135,632.0987271888853,58.65695441021458,99.76619810050389
583.6165417593642,630.9857471531386,57.11400057152544,103.40664328499398
582.1596934349944,626.3923275573515,59.4661260337723,104.30736247266007
579.3812496943445,628.9928042893342,57.176797377280295,105.09491908283705
579.9355886768516,630.6835665953784,55.391659747526006,108.21954200042823
575.592659445222,628.5382757831732,54.710219472896696,110.38346262782689
574.5968276778706,631.1510996623019,50.66911540345066,114.79800662182329
575.4065982633978,626.9210166550736,50.43164256011517,114.43164425736792
575.3330969097206,631.4706664611842,51.86470879968036,113.54836696871689
575.4877103813761,630.0143961022204,53.569278727353634,109.2750649673361
571.746183594191,630.4097009706886,54.952376210665605,109.56978964615458
568.457348040626,631.8852209343198,56.70654965582498,107.82431529552731
569.6131985725066,632.2754412013895,56.82315920540562,110.0229892330588
565.0277873429051,632.6712779687911,60.74023894639298,104.6185306998926
558.3807585722249,632.0965631170593,56.38788385680934,108.20635135424868
560.2208068866403,639.62372624958,53.00894569477391,107.2567567866594
559.9300486050893,628.4137511637338,53.12176231047654,104.00816259187334
559.3693847737611,631.4134917017834,53.36956680861247,100.98559517952793
560.7993086515165,624.9166615822834,52.468881755289104,100.52183595415045
552.4386915664986,630.4224612972807,54.31199016493041,96.0196213377263
548.902703407127,631.6417153903085,49.061539631876684,99.60774731590789
546.2999245765972,635.5060850615303,51.183443543222836,99.27992131180665
545.4310569777255,636.3003558379131,51.363358316872386,96.53188810161427
542.7415410409623,631.6182128472919,47.136277331845406,100.61218415325189
540.5670109723727,633.4592837017965,46.40479938735447,104.03061796865052
544.2324296487267,636.5534415620202,44.35139807914487,105.57766966764441
538.2555786778992,639.2099866418514,45.230489682052465,103.57613490074328
537.8247533360811,638.539224289632,44.91290299798861,105.1885620516524
540.2438647098121,637.5801993640654,45.657372695807965,104.0078378187051
534.2086097553281,643.1889336268463,45.96918653572161,102.53070598627232
529.8519848455591,628.2039310719019,53.00792078095151,96.25959443174992
522.0976477124127,637.3135376538446,47.94335362378821,104.26741969121451
523.0898522314075,640.3447839386016,50.250362215153146,104.27974228642644
524.8510639307187,647.8995196549047,47.527128516433734,110.55704094682471
520.551846498693,645.5247535002254,44.899304665712336,115.68746336257757
518.578428920698,640.117401288924,46.1380464606105,113.5914363003736
515.9388044189947,647.1216209083898,46.13370829758637,113.79363634426423
517.0539918671451,647.3286319316501,46.42987966193432,111.44054783852354
505.96639450237967,638.8371983117366,46.1044867680435,108.1928320546551
506.126375691492,643.4501506905356,45.899432582685996,107.97702619956131
504.57416942828934,648.3607406738016,49.01377051098642,104.90874563199267
498.37839472906296,653.0990165044761,47.757252684788924,105.66354669710523
499.7354876367917,657.8149468656918,49.82259054220513,103.92956503548275
497.6262590562763,659.5218444806578,50.988655172171235,106.52528019052606
493.7454633761844,657.9493887680825,53.11840713786253,107.22756642014468
488.6768282541094,660.54531114281,58.000298860171384,104.02967452175338
485.15587282828915,660.953846456088,59.33189958588356,104.05505788619672
487.1659848683887,661.3329237756758,58.52147628007511,105.32361159130302
487.8265237805331,660.2967675184055,57.294858520415296,107.61082592826807
489.6789940863521,663.8146986179302,57.742556439898365,108.09546248863438
487.2100440632404,660.7760128928855,57.06265631271804,110.83944667429387
486.79452577593327,656.0608812040491,56.32221225568104,110.62058146449066
480.2315114311919,655.5812399755087,56.6385828804474,112.13588207664046
479.87928366566246,655.734451038196,59.20436797318068,108.67550645455115
478.95622109251303,658.9050040343068,60.55297808948396,107.4465942052498
476.41551212632606,662.3710734609348,64.02486743910701,105.47684077445923
477.06673950836034,665.4739631683915,65.87940243871466,105.90857674076707
478.7566754929899,659.8487146171094,66.81891772694287,103.75181354470533
475.3632608557273,665.9393286477952,64.81707089912857,106.2677281341077
477.46983554437566,659.5871222087073,65.03212964855135,104.95070661560996
478.71794401658906,661.9270271651543,65.78579134776692,104.57656271290044
485.66282560643,666.131254628573,61.51326377205612,107.41280173528426
487.9207265016095,667.9779688150686,58.48005083011239,109.3034297501372
489.3872876176443,666.390191712432,58.08375210018048,109.53715611027317
492.99367169757113,666.1555703576325,54.4528291140934,112.58616476592186
491.18418757266807,662.4172331373538,53.20140464276729,113.6960283707522
492.6417219480524,656.8242657436562,54.72160105339108,112.09619498159715
493.64319920159755,661.6294950276291,56.58185913170023,109.56269985605118
495.5846894442699,656.2927165795288,58.426119935669206,105.89620657896972
495.46055530254495,662.7970167474382,58.44075534492154,105.01687718716852
491.65612632634344,657.8445084438919,59.712259792195546,103.24571691872876
496.1350935235431,657.7835352573368,58.73436428145311,103.51489309847099
498.81120669596527,663.4999931328401,55.690697664263425,102.74102543074065
504.6542716006827,670.3580752747882,52.99743950152875,103.84157421431998
499.79178682166184,669.6578920460271,52.365978751218165,104.17447514881141
506.2090915027009,671.0800276259139,49.70321055955485,104.84047352080299
507.7918739961778,665.5275491541901,49.438575537434765,107.0277295478151
506.0691091464744,661.107666794829,50.061046239489755,104.44965389345535
507.6318215367188,656.6210322299154,51.884710876718174,102.38176577105538
508.7445387796463,656.6980876620783,51.39648040961336,104.5984386897801
513.9979864268486,657.8489637169502,49.1346074300602,108.41922944575154
515.1756794319592,652.2669543003237,47.6208106246164,110.37172344194562
513.6093304112695,651.3952999226401,46.50217430322081,110.57649444511124
516.5742006538225,650.8844665207885,46.33277663887218,110.01809577516329
518.3678788112178,650.5341276332312,45.624604054484195,110.62312383701884
520.581668970873,650.3950279114115,46.293973380945815,110.42580485448323
521.7883095062172,648.6518842446103,46.544847143554065,109.53771724726371
520.2463345845749,646.1406780344254,47.132173635634004,109.44981952234997
519.7541324835765,642.5321364953065,46.583282445020366,111.13842368956483
523.2560519062217,644.1972244731301,45.706585824291125,112.82744264912824
526.209310772519,642.9880060099329,45.85308666021953,113.59824175560053
529.9118214417504,644.4836406727413,47.6376472385187,112.31884890334626
531.1447118636729,645.3794075996817,47.02689125488816,113.56150217841223
535.6430251880092,645.0756280640832,48.62073871906931,111.16924530236356
536.1561148088302,642.3686767194987,47.761386704983934,110.41001811898823
539.5676823775592,639.9743128561498,46.81127893019652,113.85164158406783
535.6220812018964,635.2433777951627,47.01363347384127,116.83011494656772
542.3433630683235,634.2983381134765,46.747499308795284,114.33385963815039
547.0996061042947,627.1677096987726,48.42217879115462,114.86104779332939
551.4559420089205,637.8777365393219,47.808634105705224,115.97146690216704
553.9609872779323,638.9791462702176,47.54026327874367,115.94539089272564
555.6416322886083,640.6139344796661,47.192626512081304,119.36385006365337
553.7670021368036,635.0545796169985,45.56734481914856,118.36847604144528
557.1662294977878,636.6956658672095,44.53553671155194,116.65472694563415
560.226253019149,640.691456067195,43.861203867620205,118.01040749322286
558.9221838811603,635.2886536707291,45.08767233301547,117.84571126402162
563.2405180043069,636.8231428982241,44.91375576701031,118.52364433793738
563.3698606401409,627.4730198891494,44.66356762106756,116.57001079835439
566.062621366159,632.3770253879627,43.550190086828536,119.96800033401364
567.5100433508853,628.2819847773775,43.10248077957926,124.29023703874267
567.3361512435152,626.0909842915349,43.49777316764344,123.61556745315316
568.7720316407851,625.3018616089934,43.99596664686457,121.52187655621408
570.3642027842793,624.9086495846113,45.117871950611956,126.69362257432715
568.1231588912248,620.5425439124746,47.68872254810353,125.37671082143386
566.221830069761,619.849788770832,48.73626385957117,126.32780902505249
566.2154899826246,623.7650424242778,50.361720814832296,123.0134540999916
569.1682808932434,617.6850070761058,50.13933886342906,120.92287005468376
571.8154095391892,616.0518651027442,47.35424816905992,124.48530076987606
572.275850655677,617.8237694623829,49.26550259718117,125.38255000504134
571.2431670508249,617.7460282695794,50.8655694398479,126.6452058130272
573.3422846368583,616.1794445803399,50.54948628485229,123.08084816131208
571.46093048991,613.5768709097306,48.81496847574432,122.11097742348042
574.5018858942551,616.5969786993904,46.965738101216445,125.47501782339484
575.0673101068571,616.6293155577838,46.716679231256904,126.51611536072447
575.4882918492399,612.4879835503424,46.49313779149547,127.10678761297041
574.6952060823885,613.6448306205751,47.84695196753771,122.84574481435183
576.6652775995826,611.8767354439358,48.13970977950464,119.64089242785897
574.7156723216918,615.3257471769427,49.29941424045815,116.92402794937567
576.7247321477793,613.8682127670032,47.93598962214447,115.66908055697974
577.243464853044,615.12810645532,47.2980157762058,115.31119577572676
577.9817358097193,616.9513352709957,46.36813670505855,113.14405951779686
580.4821142214776,619.4362981961951,45.97409777409645,113.81267244778286
577.6439977826125,619.9035346482111,47.02239805131769,113.19858221428557
578.6473887672763,618.8790385284245,46.104432528439325,112.7528218491474
578.6349120646083,619.781494725615,45.4385998863669,111.872605879772
581.9627486393322,622.0148374976361,44.29163524727248,114.42087114453565
576.1793552454671,618.4070113478011,45.09796300771377,116.7342014970256
578.6839307992578,617.8674179962824,45.34280528046754,117.6448102639591
580.6141797446943,621.3687316695882,45.03651189570408,116.4754135082337
576.1518323974707,619.6587312662753,47.578194742525596,113.07097875256021
577.341504694937,619.5511383524452,47.96920746127267,111.5777578863442
578.5774889152847,621.8526248552336,46.20159263906987,113.65933956538728
578.1548104564758,622.4717533288947,46.54905931200608,113.19362860503759
572.6135320534571,620.2126726492027,48.81745802547907,110.92381505120514
578.9060666519086,620.221074190773,47.50846201045816,113.02968934723621
580.520374150913,617.9133620040607,44.54864092606468,112.36270825388917
580.4000374690326,621.8835263943766,44.678995618579364,109.84132114327812
580.9215055681542,622.0221381413454,44.55148295715209,109.96341058685468
579.1999921074514,622.5330216551847,43.66206751716652,108.21975732027325
579.3300116234054,627.158380009389,44.490803499767324,110.10243186294505
580.9566364388719,625.9120093732563,45.78493123699139,108.55704558258563
581.2808763545388,625.2067121412267,46.07377568170442,107.29190378422561
574.512423400186,624.7791508421969,49.27228862841605,107.5021256380011
566.2145135152323,626.8516568087726,53.502830036395196,106.69254997161563
567.3851471588908,627.5893579601887,57.73248695891855,106.63710741951186
565.6566207015511,628.333474920706,59.56396724785767,108.59596704758887
566.6151069715643,629.502554397278,61.68560593692008,109.63091713301031
566.8001382062929,627.6616442050372,62.5249561022226,110.25686413048402
564.9812072473488,626.5910146151753,62.66590685880695,110.86487847363617
567.2175857455843,629.559069791875,63.34452670617563,108.87807556293
569.7075510398736,629.0313924189087,60.627535149864414,110.42538204851408
571.5918134505011,627.8989573090644,60.08073638246451,110.236408200579
573.6716856199469,627.0257622259987,57.42075154628162,113.95319854496478
579.0284077376821,624.5592115036653,53.021426103302815,116.05266359314061
578.9126178922688,623.8579711661494,51.6997765320729,113.59550041326742
584.6784257152374,623.9431403798999,49.312133110235536,112.16885559694575
582.9036375449921,622.5784154787526,46.80342161088332,114.61516808579154
588.698869523557,622.517942393387,43.627840469447435,116.43261838812727
586.2492928637802,618.445992734522,43.248040094342,114.04075497299276
587.7470525960188,621.1867855824185,44.24656775367302,111.00239143222541
585.4705011456938,622.5426009654431,45.67387194546406,111.28359152735335
585.4859786899063,619.0460599409805,45.514798256489,111.43877146347643
583.7591391613757,619.5535287502141,47.14909230263398,113.79730775863061
584.4048323772902,624.4221818991814,50.12269220992198,113.28542655461678
586.2109344210968,621.3652257431199,51.296293951069615,111.6119810100037
585.6874572710393,625.7353524730852,55.644476048445675,110.87965931708496
586.1803193426847,621.4013786796144,55.88317967537338,110.77394125780944
585.5859010027243,624.2398082117448,57.31868553995105,111.62323445755379
589.8971709618422,622.2643488353867,57.00051468854309,111.73461790409317
586.8459371801487,622.4052219799427,58.56730906531591,110.33867175564839
585.7423980267231,623.291322787639,61.81539148745406,107.36821030856385
586.959434448818,622.1367993248313,61.51840920696655,107.73125145908354
588.268523897739,622.7030078006164,62.20803678085798,106.98412015039227
590.6949738752212,620.6323956511037,63.11907396398996,107.97769049307306
589.0180453966423,620.1781368933383,63.143614627159394,107.48248674503667
595.0086069682721,628.2202192931302,62.27456974497454,105.0967513910616
596.5912017086755,625.9920537347236,62.445641320927166,105.56539986697342
596.3570027938154,628.8728860146496,63.265282556321395,105.68179853072807
596.1131530059895,628.4063362766465,64.93159310760596,104.7720981158992
598.0778770681654,632.7772878977098,67.0997199853621,101.06887480831858
590.4604623636151,622.9608384780141,64.16892796119419,103.29853294092317
591.3408338582404,625.1248070883842,66.90471451306912,103.32124372234514
583.1918886621778,622.3415392332677,67.58167295887311,104.72097341567323
594.9339609441433,628.6563359693059,68.4012761585208,104.47353207187274
597.743072534184,639.1893363695787,70.00468404386305,105.09924009709599
600.8981853902055,629.8734216259214,71.35396740864088,105.68890393906037
580.1703254104162,624.6092047669583,65.35051479533429,108.3103089598994
584.912209575997,620.6222064293303,62.207722071130306,112.16555747677836
581.6589501307856,625.2191353524076,60.911971043259996,111.27886027080115
579.404057830866,626.576533379085,57.11265742159756,110.54067268464604
581.4801729760813,621.6205213216256,50.545185438769394,112.68098984145206
580.5772632690816,623.9709014340683,49.53586186849346,109.78248658046789
578.1517906420727,627.127173248066,47.8260635467733,109.68314040246284
575.2040845988399,627.5880614370345,45.49336047219579,110.3076851739442
576.1970255854767,628.6039089019416,43.17146938751881,109.90452360471501
573.1586849346683,641.4183234174808,43.939557047609085,102.91782496546033
573.9624619646768,645.5662827986221,44.97226964123047,98.1324322086252
569.4603718352055,635.5749236098432,42.00391854556327,104.55588831111253
567.7109212535792,633.6814420732114,40.350074553983035,105.33069828925963
568.837085044707,640.3927543877601,41.27396853040262,101.39873399437002
565.0316963485935,652.1512843085641,42.5457399836793,95.05957163929938
564.0538123748864,639.6640484919592,42.017748927489734,98.84249449785796
558.012645489764,642.5684665759507,44.008772212891685,100.24007163421362
555.3423150678193,637.2067495671546,42.90689590619051,103.6033197892154
551.8820023525503,639.4394827268119,44.37948588055718,104.36857782415323
547.7391030673615,635.131101158935,44.82468543367522,105.47042923859694
541.9387518748925,637.3032717636991,47.97261163309625,100.48237708633364
541.0450670698395,635.7353487334183,48.26179417248722,103.54070286569811
539.8961344014136,658.3870927854331,50.292375047213994,100.88471473533279
536.8565671140757,646.2087438821897,50.02624397322265,104.14030849526173
534.0656237940533,650.6777737780747,50.66167973206939,102.9607732403557
527.177787575514,640.5893734900129,50.23138235197867,104.99744646849223
527.0635818317153,636.7257882288181,49.28432543643697,106.61609337265747
524.2631994893097,638.8671450230053,48.93507550037872,108.86625976254564
526.9483058765137,640.5126756310021,48.29168028643521,109.20881042240767
523.920794877262,640.0345716389219,48.77805458587413,110.2766890685281
521.1458264707887,642.8899051769087,49.90583430798514,109.55347197630114
517.650187264722,643.9468298409239,47.68011184941143,113.54977442099081
520.1112967365967,642.2366674236937,47.016837162393415,114.54570664886947
516.343779601874,647.0870042115469,50.96261325958503,110.87449837577357
507.085064269535,640.2247716895423,51.0214395354397,109.26382303256013
507.06766232934797,645.6848140930915,50.86691876619899,110.53422503621991
503.9741804122998,653.0139803421556,51.881181903137055,107.28384578907489
502.58366513390257,655.780605034797,50.15759613712779,107.32250190375906
502.43238495496365,644.6573418277219,48.35758344897308,111.96581544202117
502.4128309473311,656.3131434385681,47.935318594858344,110.43727971818319
501.7755267006972,651.8014499925907,46.13548961852719,111.91811788086282
502.658808260867,647.4491796164818,45.577534498136,112.8665991617919
501.2248991414748,654.7766581702044,45.63473828614356,111.0162724060304
499.82797200663725,655.2881792947736,46.85382656403354,108.3323888729592
498.2013846486049,659.6476334949698,45.678142550424965,107.58242437526778
494.9061121043216,661.7584882232326,47.725957054835916,104.47046394039587
494.05725154510293,656.2997812711913,46.5238357507996,108.57989506440128
493.97640693003984,661.7458647440615,47.394709039982274,104.33076062332012
491.2955800224272,662.2294060891495,47.84228235883189,104.70135373874373
489.5533812349385,667.721086601834,48.082843599140375,101.16265369873315
488.44295071475625,665.4728038142721,44.78467231938565,102.5796093502406
488.297249833538,669.285779399281,44.351693723292726,99.7197086164102
488.6264902200095,665.4324260581392,44.91182926653231,101.37270817190762
487.52286158124997,675.4805340723562,46.468478017904474,96.65737419661025
486.68871461865905,675.8551454319608,45.481194726734415,96.35737361888991
484.8255409327328,677.3097322534734,46.79621583149733,95.86445733765862
483.8219766096846,678.4014369715243,46.5021277979855,94.55505434436375
486.37247450545004,679.8084947464087,45.93486302809861,97.05330226311068
486.4893415835253,683.4433923350527,47.38931834298853,94.41644146376927
489.8735268503845,693.2156604557969,47.89677020800504,92.1022718358081
499.8687181372511,696.8784298876843,47.76067598962889,92.10796416384696
492.0763736502165,687.536794645417,46.3545420673358,95.81170869017498
487.01951193390977,684.8287768889676,47.407144518836915,97.0485818324473
492.1894498699854,674.9705340873836,45.50030753222681,101.13370448014939
494.04849352020307,685.8822516944433,49.14637896188144,99.78784891331804
499.2748749908827,695.9855479165328,49.0443948893612,100.9342315702171
503.90841544436694,694.9782214682953,48.39167195666046,103.08803283146759
504.6338689837075,696.5274044468989,46.15004381861414,106.02907007997935
509.12307968080677,702.9389561334444,46.68975811508702,104.63070625835454
509.1475469620604,703.387189522137,46.5731079983542,103.04068034869678
511.00412782187806,704.5613991888534,48.31836340257597,101.12466222817785
513.6545966821973,708.9616528843876,48.84362732952128,100.26303117465488
516.0554702014861,703.2120185161159,48.0442615608473,103.68769235884776
517.7703777439732,698.4976451609424,48.329629969669725,108.08157648787119
521.0419819739892,697.5711518341154,48.65393400760955,110.4511107713363
524.3007152463134,701.3553273833347,47.91274309653709,112.19137100015962
526.1535331528698,708.772117387224,51.26928371409406,108.73343004013522
528.3336073325859,704.5854299356332,52.19303393374994,111.73862250725848
532.455111924323,701.6631906057378,52.26307153160085,114.51612935086098
533.4258710892885,706.1104206013617,53.97416405580829,115.96108028469223
538.5555434478836,714.0667582391455,53.92452106903363,113.58402879514082
545.8025522168698,712.3455660401476,52.94261152571862,114.45179328140848
545.1692637021583,708.1236476460821,53.66705538194576,117.15999409804249
547.5602240090801,714.3681135937932,54.326983365408765,117.28513191055447
548.8467578004567,717.3271376025036,56.75061262863087,116.86690780711334
554.0543368291235,715.1790870199844,57.55142279814936,118.18528311177698
556.710156385561,713.0770968616653,59.357802701767355,115.85196168997354
560.2357035156731,710.7760528523806,60.07764496545559,116.95328411573664
562.579120805719,713.7884482046479,61.944475682422876,119.19282871836211
567.5317531069494,726.0607694943233,60.47079674686445,119.47037119329832
573.0293482256882,722.6639364231827,57.294316697317115,119.73803968864289
578.4281756089164,724.5667907143579,54.806327487110806,121.09587440827164
583.2470576734618,724.1881753008777,55.46347209805661,125.21674490227511
583.2120889100269,721.6862251567953,58.9321392401276,126.05410870586653
586.264285871006,721.966507240423,59.05279518622363,129.00613097848392
585.2146801897787,723.2631037018419,61.020523145431554,128.07134948763036
583.8210746893609,727.5565519646021,59.53256778901,128.5091110295328
590.7795787069375,732.0096620438554,61.513531261657675,124.27117210762968
591.6816247231992,733.3143261910798,63.43018725542156,122.01020157663683
592.3657280258444,727.9645502367005,60.55174907743839,125.85948541557943
596.5890103727704,724.1503467522626,56.263378335238144,127.8930533224075
601.3908555901082,722.6078410470758,57.60651147497911,126.79631673343383
605.0905846642843,725.1086591780336,61.603686981130664,123.89197805270203
599.0668392959456,717.1458226181373,58.82255844192048,124.57771298382633
604.6198559570837,716.0337806210132,55.687802384310224,127.39615380098483
604.6068347006909,718.9987238946554,55.082255497041444,126.12714108347379
607.0804695696648,713.4745019188225,55.21269865160767,125.91313879829636
606.5870250938597,719.3201741107055,58.757413407209825,121.16553009971358
607.3622999025603,722.8133263293302,60.934239631913215,117.82426591782793
608.8641725668533,711.1724815428612,57.539806161441376,121.69348620409522
607.7562237540252,711.3320436167196,58.899345000935654,122.9894612685165
609.0221084932454,710.0423482956915,60.952807122168586,123.34679728906394
611.6024839264911,710.6572509348271,61.90591200773913,123.76862944395847
605.6837688105843,713.6904353382761,63.110248790605574,123.31341172452369
611.4732022766511,712.0589676607923,64.15662909465445,125.46796093114722
615.3491684136242,707.6661220627884,65.94179099236929,125.35775385777711
611.0550241927299,708.2818773108793,66.86884777418847,126.1344000568436
610.497018104311,707.8246026801703,68.15169389766469,124.10270197740456
610.6059166813849,703.6666057311929,64.49252640809229,125.10939041951372
611.9242864329835,704.310781971712,64.25044181929226,124.44035629373957
608.6070844983857,700.5038299717949,61.04768981526266,125.88754275302432
614.3912212164691,700.3266224364784,62.01265836783301,122.50746112705008
606.6830036998405,700.5790313875199,63.75697289565497,120.52860092909336
610.6681894536655,695.9293002248074,65.26990791360222,120.45241762758032
611.2461894138243,701.4633287067031,70.28512709700144,114.1999468166747
607.156488949398,694.268693784985,65.1745395094954,120.09222339488036
607.6543956270658,696.2507684037507,62.24406838025473,120.3642459777447
608.2845925664521,696.2168361237661,64.3599401914636,118.81735370112366
608.9646256361043,693.7989975417639,63.78645841573929,119.38392798189128
605.4854674136527,698.0376834117533,62.31120847083581,119.50116003867913
609.05718341838,692.6453283452566,61.89637949400344,120.61167470435014
600.525245015647,697.2282035034917,58.84196356372503,119.07097520893535
609.5288496877014,692.9134405458312,54.63884340505192,119.2355494118757
605.8276196918695,687.8595236745144,53.21486048726684,119.05935441906146
607.5204450968529,692.7895012219531,53.13975755934288,117.36257966765012
608.820661515734,690.7433649606243,51.59309075353761,118.07967239635958
609.9724890196377,691.1211756191318,53.19434247049945,117.75544103609046
607.6752983811704,687.6924814557366,54.228842273140465,115.88615698209236
609.9242409981374,688.2073654541316,54.29238808015066,116.33620595284675
608.5567399834116,685.6521951214182,56.579189892924745,115.58667640206954
607.004769853481,682.2623869444928,54.824582063008336,116.44114153279894
605.7845265619567,684.99552940094,56.12499574703452,114.11498527920159
609.6521296987921,686.3576759212937,57.524382773256725,112.85133973598934
606.6992392660308,682.2025441454639,57.02908219285654,112.60298687528923
605.7383215665832,686.9818809940588,57.14525964690495,108.33148495947147
609.7397362864348,685.9763520299912,56.047702812956594,110.59686364460926
611.4443107468738,688.1649827928485,57.212717232873146,111.90100148109859
609.2634013202362,686.2864531508508,57.58416911273642,113.1634783011479
608.8040692734336,687.5010328861943,56.93655990001786,111.40716488110112
611.512952548281,691.8238209804665,60.457619175827205,108.98868501115248
609.8356677426511,687.0946536872234,59.570576261324476,110.4561252010756
609.070978768434,691.9969085848529,60.24506926838576,110.37739725649416
611.8215182272198,685.1734438621884,57.87724859033693,112.73972435356677
613.7663901564752,682.8466538253908,57.767591662004975,111.10130990906511
616.122419957893,686.0387918181978,59.349689055288,108.39578143231438
617.1579269017761,688.0993016827741,59.62319398901569,106.29840750792462
620.1743382706034,689.8340312953064,60.5182438242213,108.32294802789275
614.0756551478373,686.0762497784589,61.746544421264446,110.11167596866633
616.7350999882995,682.2635602450167,63.123887972849566,111.38221942340132
609.9944614052904,689.7099445108337,69.91728783254874,105.62109352762792
609.6746262178049,687.0103341648917,70.28800509215012,104.92105552792225
608.241712786402,686.9656528022483,70.75346220464033,105.07333016172106
611.8968952955382,688.6043561087031,70.79503348081124,105.80049485759906
610.3404741596125,685.3214945128146,68.3454156453849,107.59150694469349
613.3446629315997,685.8151094769214,66.52832097389219,107.39294233665063
614.2512812180121,680.5024740033346,63.08864297925841,105.59016965652192
613.8994646926459,679.9347469292658,58.7960761487248,105.63032193883441
618.3794201665302,683.8921772840604,59.33277561735177,104.85874784682264
610.6172366183794,680.3193423784093,57.666733089531526,105.7068558753283
608.0809109526135,677.3026164241677,54.32416202291396,105.41697764085873
613.2315131708766,680.5725991897428,51.11536363697002,102.47705956980228
613.3336473982768,674.719995103269,51.11612604523728,101.91285137591717
615.5901334972897,674.3340849454916,51.5666617882997,100.2016292786658
617.1416978216694,678.7415770677501,52.06233457324019,98.27353016063293
612.5526896980114,682.1896759988691,55.11448585461224,93.35803390996138
612.6607423445695,673.673680677415,54.96183718232686,94.60578882070621
609.8630744759569,673.2215678049595,53.78329595566409,96.86554962871804
613.6073862847497,675.1049643959268,54.879998577039146,97.8504239389463
611.6790385657795,672.9229609008546,56.05833310672149,96.79332707461487
592.0166928278262,667.6133426264109,55.37307169019515,95.76178888262987
602.614892668712,669.6184584650532,55.219770469556586,94.55456951811328
601.8200902545235,668.6549185728126,54.72419574356013,93.5276466063294
603.0234909206316,666.4873763565988,52.33035829637048,96.32442800936096
602.7797912817373,663.1044671499305,50.13146680030184,97.94721666967767
605.7439507498505,666.2315931814917,51.66843585935109,95.58342478139572
597.5890697130501,658.748677710312,50.87779253483929,97.21491612182592
599.9385775297019,654.4011053198237,51.10216875450706,97.24645145591512
601.1296551916623,656.6815615335948,52.774928064967966,96.63733226694215
591.4920725964981,651.7638679827458,49.19700629636347,98.64237681977116
596.5120857643418,654.188100789265,46.82142134857763,99.06686450670759
592.6103723286393,651.2006007635722,46.21919692559903,98.69157576182138
596.5422152616744,659.3424796369262,50.450856457654154,96.32994114624746
591.8630906215865,653.8229584695362,50.798305158685636,96.99751390447378
591.975729972894,655.6710446459265,53.20386618727404,96.92222167154861
590.7499031458084,648.3612696156737,52.36477629124376,98.16296982040171
587.4146061819166,648.0023868212636,51.74512495812802,101.93356644566579
592.5957862739439,650.1894669638834,51.94662222830019,102.70382304388487
583.5618037088072,644.7767072570045,50.951226584531426,103.30949843420771
590.0679416502451,647.7307443618346,52.674264880220846,103.49151973550752
590.5046202134578,640.8237855451464,55.190396620261026,100.92531183563727
582.7077681453559,641.4058684832713,57.040518630297356,98.43437119416737
585.4501933322156,641.71706013126,59.53583953808777,95.43830972040323
587.8848606989053,648.220841169393,63.44549862956526,92.40399300627513
585.1438579203997,645.9064916574893,63.74404769240057,93.29416259471375
576.0497934821174,634.3977758288153,60.635745768932324,93.20520758777623
582.1972016937813,633.2415532959675,56.3706643659159,94.11691687359416
579.4652090263673,627.3339275490329,53.199832356429,96.94054813504864
578.9357197200536,634.475486965481,51.771387234520674,99.13249761170059
577.4158816273089,629.521854600409,52.51935678483471,95.74965268334819
574.6803088110743,633.0858444105467,53.110735453476906,92.74572721841204
577.3322086612311,635.0492566095863,51.73389659202016,93.5581571386586
580.0043264452606,636.0280411598902,52.86960072592444,93.99171526100534
581.0649752626398,632.5242636650253,53.10741775709718,94.8755185302759
577.092759581649,632.4732966099947,54.106365239126006,95.50955373542469
577.1083194586785,628.8071510778485,55.538247391118276,95.17513647702701
574.0254827538723,628.454869292715,54.93069350578013,96.6212239972011
567.8384496195812,616.2463933687584,54.060599414661795,97.90194928364633
564.4935057969298,609.5838285888113,56.1205776521023,93.46758445746647
572.2873219271112,624.6031316174748,54.965248016802164,96.61514098305805
575.1633964754546,622.8659614985453,56.26358055613868,96.3805081987226
570.5640965053004,620.9209802577219,56.43295943782964,94.98820485894082
557.4843914500253,602.1245572587205,55.161939004022116,91.40084679673029
565.5756098725769,612.3139136059598,53.34620268863834,93.01336785775187
566.6276168836002,612.5265628975387,53.72537851841341,92.84216472034429
568.9041695299393,610.6753292265041,53.00722769562274,93.53919395535607
564.8221901610026,611.2239177621603,50.93169655718235,95.23421465702357
565.0651247569957,608.837828450326,49.447515828218556,96.33993323519587
563.3489916034738,610.3344873466131,50.235619363152125,94.61432265129176
570.9052523367288,611.1070942743924,46.916264545553005,97.01416030085207
568.8672751351611,613.6007944398248,46.182801578352354,97.47824683614043
568.2559308131774,613.7272735061315,48.61755728471557,95.75359822059265
566.8088757976655,607.3170366375208,50.13504867881852,95.6576591056317
564.9057798251137,607.7530915103611,53.78411555041968,92.41902528349979
567.0545448740298,607.8349680401254,54.278437789848184,92.76478219872777
570.9995824123591,601.2024763011801,59.34573192548025,89.38868704513203
558.2835005874965,604.8130468731841,57.76370284906429,91.4038133456735
557.2598787805584,602.3614113194523,57.313924911447614,91.1443741233543
563.207024402344,608.9576746938374,62.15341201165511,88.04898663142765
553.9536906566909,605.0896902334566,59.722832340539924,88.5664730847768
552.585984607637,596.5957212195989,56.39017610532929,92.17565533941323
554.2769571677113,593.2514419154504,55.06107178642467,92.16639591476797
550.8700928588933,593.2096014648748,55.94811101423895,90.65588295637926
550.9901284778904,587.9622813616975,53.00137654513284,93.65612751955888
567.1713900931089,578.9993567925262,53.695117363302614,96.56237889370743
566.3205187834295,576.8178913048793,54.2965101882721,95.62456157776415
552.714121763006,600.9510571485497,60.45181453317359,86.19801546439112
546.0415724333735,599.7570303793726,62.840429906844705,83.67834406532567
542.6383300550118,592.0865799764132,58.98465539817269,87.67328320008849
541.0768668679837,594.146170102912,60.756830214143314,84.9352205658311
537.5269990116525,592.6297407157402,59.93224560133299,84.61644447987524
527.7748852053019,583.1194725575505,60.99760725927676,82.58357904153176
531.7261414431488,572.5867449208753,60.003663237941886,84.17915453108006
528.4302393796397,571.4737843868238,58.19949184593334,85.58459063182715
527.3821907286649,570.0523679741293,54.878422078923144,87.1885967201797
529.7993179198337,584.4172981443547,52.947372136610554,88.71326944939369
531.2138182441162,584.2955567793148,53.27974109181247,85.55275844698356
530.638725832502,583.378531790113,49.8816113346636,88.23286749419916
526.3100175514076,586.5664188601052,49.854562359683236,88.16641087299283
526.5634066505253,586.0223121398677,52.39478595736514,84.9605164851603
525.2228203757145,583.3335620741487,50.660772462319144,87.68008326982712
524.5643558238295,583.371394219829,48.21813777577094,89.77618421881127
524.8144674431072,579.357477241614,45.18119061567786,94.42803139558849
521.8779493730424,578.6028801919051,46.25549805962328,92.87451280379622
519.0653218068215,577.4143031596064,47.9341456465563,89.06966828105618
521.8441389318182,577.4901468185686,47.377671637982,90.706281060912
517.4112980413171,568.7639751613742,47.89191808758254,87.37402679103371
512.8757513949979,569.8376656417188,49.19546212777402,83.24202793543334
518.8457959157429,571.2686154773786,48.52842200986993,84.71686508982178
530.6290327511383,566.5807740348748,49.98270864337352,83.08933627927162
509.9055799034068,578.9892511065395,51.67514359691283,79.92690407780799
527.0933056424421,564.1817103115266,51.20897552506653,79.76226531865537
535.6713615078598,554.8539480620336,52.20755357001166,80.28888613707298
506.4029855114901,544.5958267022727,55.357725730953874,78.26172027770764
502.0697705750354,558.8983594760293,54.17253254375979,78.4362647867105
511.1774947748094,552.7070587913369,53.83774601248058,79.38145039485201
508.3408869923336,566.7034034811023,52.25822480867508,80.81400725606085
506.3561761204792,566.0307750662631,47.60603923262922,86.49583625136506
499.331402807984,569.1769797203484,47.87527200188907,86.35153165395118
503.64081525281625,573.798736627648,46.29468440610381,89.43327449771922
506.29333851074875,577.007187216288,46.43254704889115,89.74322739654265
503.3896150660519,576.0518884271322,48.37431404309814,87.45989924090168
506.1805770084554,578.3707120525637,49.42327018125806,84.7178660257462
504.91233152140154,571.5320093966781,49.631767779085195,86.26108511482192
503.4313906982807,579.330649049454,51.9389465515266,83.52146617170318
501.8879068688275,578.2634530977364,50.5026473551795,85.88379525041759
503.6959113128359,576.4990686803857,48.588724347245176,86.50254229362594
506.3971475208804,577.6489874499041,46.90780253781588,85.16376314697371
505.9321838864152,574.4794673153765,47.32866207021051,84.75305949142458
504.3462394507926,570.6046066824609,46.02050237461458,87.35926231278586
506.71127795579633,571.7053850632362,46.407203953602156,90.97624469236985
506.1376277700677,567.9516372828466,47.021186635762305,92.6650949857603
508.6684856843442,575.898641214505,50.97751639765009,88.92973424753202
507.8317655592267,574.3580129915881,50.68195584418521,90.22457857140137
508.06114954069665,571.0870305422787,48.89840648775174,90.44064018648672
509.16279741729795,575.919779379939,49.76089096813594,87.79815329056976
505.9241898010953,571.2803894634864,47.224347986300415,90.69575473671036
509.08722896627575,569.0397273571799,46.970213966911075,91.76994747295265
508.3876180890195,585.5534434717391,50.37263381251108,85.62525756311518
516.4209286592856,596.2558087422954,53.1867219918881,80.09263567746316
510.0341234370234,574.736899911704,50.41797360383809,80.67779290769265
516.8769211152438,580.2570104871693,50.78038802960179,80.29500781248451
511.988315362092,581.403545812674,53.02347230933934,80.04801627639162
505.69296057277535,589.9321347837811,56.05614236434431,76.55148329924923
514.1094416539319,578.1197454641708,55.079352984956174,78.24418277100054
520.9291105048704,578.2676865558994,53.885360095961914,79.62767525362267
521.3092682851669,579.5390866135073,49.07767672972993,84.99734401121253
526.0120020346587,573.5986042581059,48.67039302935348,84.19936410830861
528.3416641877972,575.3552121249216,48.6987809405009,83.0114833827854
524.2683129171112,569.4727356539595,47.88491718284091,84.01666885689555
526.5264123189179,562.0112417633889,47.74515664304428,85.73978559266219
530.0249398705139,572.0835593404519,49.25480080204038,82.44062648087998
525.1478461535131,572.2617054361402,48.845215091372175,84.40814955259387
525.731746171025,572.2312451292606,49.895654297146706,84.40576506023675
529.2890616411653,571.2869388193583,52.4725276869792,81.51763345749372
530.2008755204464,579.7239345928592,53.212087337825494,82.55670482228044
525.9729593389324,573.3546088114134,53.52858028526254,84.05744923268175
527.4194785371076,568.089119466643,50.401811797779544,89.47067207249688
524.7769948908273,570.8839878568992,50.076196686030485,91.16210810126266
525.7582806832327,568.1538556402861,50.036932830589684,91.78205609200984
525.6331286313441,570.3953589571643,53.23198988225226,88.76763911551443
526.5101429567585,575.3276104175385,54.08303125581428,89.85452252591804
530.6460602696521,574.3388700139541,56.84470229049178,87.81896848805482
524.4755130877893,570.224865998584,59.07063630980281,88.58373880003714
522.3312009884049,565.6125297575211,58.613995897437974,91.66778483862788
521.884250211737,569.0336246433502,56.52860743816209,94.2485553285025
520.15438550473,560.2780433917465,53.78644074262862,94.28479414093226
523.5630156995999,570.0566908505766,53.937045421860695,91.96226576794798
526.6631297537729,576.8532130593609,55.88329400068307,91.30251572137838
523.2109250028545,582.6199020098616,57.769890195149955,86.82624225540792
514.6062383189641,565.3879054965803,59.09713887921754,85.09619512465898
514.545017869131,566.3240632288712,57.46856986050849,88.56728363365934
514.2064903127039,562.5566689132871,55.75277461234429,92.00411675368468
513.9765900807521,569.0637228632355,56.8959170786179,91.39503964314068
511.1154302915048,569.075638090341,57.55242132045164,90.76638088006885
509.1412883568365,568.828904935523,54.23079779977865,91.65764732589366
512.6269111161121,571.7197699040348,54.178133262530075,92.6538036768838
517.8674215335482,570.7079994585317,62.08407576761799,86.30662933660835
503.2484631534629,579.2439908281443,61.8804433422313,86.22359958086722
497.97984258922776,576.4854312786232,62.633261299949616,86.23205843515461
504.9970615796297,578.5701527749674,62.35585398782277,84.28758332499771
494.3997286309975,585.249027564377,59.79246139162046,86.60167674403368
499.50968890868467,575.2016018373536,59.25279990373909,86.16879298283139
495.2779555258746,569.2936762377101,56.11317829841833,88.81539832160755
499.51633589749315,573.9562637259525,56.20281261448707,88.61243747329286
494.55652385550064,578.0959210487148,55.95865686466087,88.06433236866766
494.2215163409373,578.0112750810714,62.663493385154055,80.85778391413704
488.5615849731239,573.6086688508659,60.87563836557317,83.8460843554326
488.03998911229377,572.6748402622914,57.51900290023731,88.47816197522252
487.21398488276765,569.2501780760997,59.98427343852822,85.6491127188086
488.2344169214577,561.5315043628749,62.28045322377724,82.90418760449532
480.66279840931014,574.8525379271047,60.1210740241671,83.59515851174415
477.07789122185284,570.7707181003152,55.86213616746338,88.26032008817148
480.23670930252206,560.5165889994031,55.12379648706923,88.27305238027776
489.0380937616228,560.2444387333878,62.95857924884356,83.78678214984032
478.82620765623045,588.932091764086,62.34233435943243,85.49430488953375
475.66159084117686,584.1538411452386,59.212436250113385,87.63994323501552
478.6874065933232,576.5155186121149,61.986807818668844,82.57814007209794
469.82735674902017,580.9759719719885,60.65877379977401,80.69953708795342
470.694037778972,573.7621932571514,56.59897822266325,84.33250974605934
468.1652984550663,574.8640507329376,50.20727618688167,92.46882104583639
469.9956805914006,571.5831239434266,48.588627976485796,95.02328285236854
473.1893770083729,580.1161665012099,50.744045478322505,92.05677340351173
469.4890071244443,575.479213675984,48.73378134578954,92.70533490473792
467.65629539668885,583.8139672547273,48.02301802700508,89.43683992932162
468.373892959449,581.2984872318201,49.406287152167714,88.13944512164773
462.2875551476491,583.0394583906543,48.687594827765224,89.07493416817817
466.05372958317747,586.1508180193514,48.109070167806536,90.94760624482856
467.943402354159,594.3696614823535,50.148987127032676,88.53732295846433
469.8331162287506,595.4257631383027,52.95591475430649,85.96453021910678
470.491365880223,588.1936943310529,52.79800095445996,87.05934382280107
464.48568853748316,558.727560293963,54.72703175500348,84.26860795167985
475.24424653509686,573.6078731473484,54.69802772647973,86.24845060592727
470.6309720541633,589.0028376163503,53.77500403982757,86.55637658534243
471.8439121413899,591.0979060342466,54.67676528201157,85.90515440458287
470.47489368236575,582.8586394700205,50.78141330728364,91.87411852780838
475.3179758317947,586.8372733810171,48.7348323058509,93.70046724339295
478.50178871936555,583.6422714428383,52.01794535854792,91.22167861627256
476.1136791045819,585.8266384526972,49.908813058704915,92.37689296836342
477.86081707985375,591.609697040733,50.879156330696865,91.35142892360052
480.0163315354934,584.7502416896676,52.3487029290569,89.10163938086544
478.1171395377882,585.9983552330013,48.91247759466583,90.90163075034415
482.5384003727606,591.3947653585284,47.98602550624841,89.94011271683127
476.06679153717647,579.9669028128377,47.14321652457841,85.08110910513298
482.75704889616486,596.5571443275334,46.21340148076091,82.65093337996998
481.05947218765397,598.0818994400558,47.88206844385923,76.67055830286974
485.3838308395479,590.1352896894782,44.93675085350294,78.19773684725615
489.45267230696055,591.8124930796308,47.52284102299957,75.54123929936546
488.0253361995388,572.9582193540591,49.08229509838304,71.74674274075075
486.3174376043588,579.509040557965,48.15664624927416,71.77320824161187
505.76557484762026,588.3010189481225,50.718395574721086,68.9954504020146
491.7119160942177,571.5949755622685,46.75927031777363,70.75803486731098
493.22982682771584,567.6834655436445,45.2588174447277,74.4973934619745
488.67655496846055,566.7466405118776,45.95188828392378,72.02745549586412
509.4853600029985,591.0373655790047,48.03650857540829,68.35172699040925
504.92946979323193,585.2141197588102,45.52569963738881,71.5607083916575
507.99291648121664,589.957846805964,41.83087291006541,73.3766349263439
511.2090886275864,595.4489842598651,40.55024790166413,74.74768704044533
515.3309154607375,596.4368704546413,40.13205109818513,70.73181358255887
515.6232793413836,597.4661172607732,38.59601899666866,70.122597553969
519.1853240084562,590.85755041993,36.95530735911764,71.3203637221918
519.5223199575694,583.3583494397507,38.02728078867721,68.61289136230796
521.3178435094394,575.5713881450953,35.70686878401115,73.25934766152312
