1288.5,641.5,64,168
1288.6383149145145,648.8104213597724,64.91480489321278,169.47845143928822
1293.4690570450193,655.6319827658576,65.11334217676524,172.08282469894004
1293.594242438634,660.0807742421052,65.96899133495418,172.12603816756533
1295.9428338505597,662.9381123251214,65.81925180737758,176.78616571454882
1298.3991078429874,666.7867822462665,66.22015772257531,172.980633650619
1297.5833399285436,675.6740543799333,68.21163369309778,169.97124819080648
1299.5207128901375,679.2850146808378,67.16191572987601,176.17243796550136
1302.7768238942185,685.504984629326,66.94906042135159,176.31078755887023
1303.6625124915906,696.7801574989138,66.78276431583586,181.61143489101295
1305.4790211602171,688.7313841730897,67.07597818474164,183.06911444110966
1309.6423063314871,702.1470606423525,66.31388113839407,182.17782422305373
1313.2752221839417,707.0545865400827,67.94311124773317,181.83556889943975
1313.205671024263,709.5041195085129,68.06714697957747,177.2455634156733
1311.3732263259592,721.8204022362597,67.2858299769155,175.87765638885344
1314.6558748946,734.5625326217873,65.60313983549926,176.15188968168934
1315.4091273048532,737.857181449566,65.0016325624457,177.44046563796348
1317.7126146008754,757.082487719161,63.027214567223,184.21504237803043
1317.337362742879,755.3176987686888,63.73280152233782,182.4303594330346
1318.514307574369,764.2408099607617,65.57056286417686,182.69860949332391
1318.9832366568162,769.2883787525866,66.16864871574148,180.66675496334375
1318.9523545026484,776.8359051510317,66.3222472974432,182.62479340150338
1320.6240832774006,780.7771028681013,65.68732005132412,182.41177088634083
1324.9554012772835,790.2274033797707,64.86718643382792,184.2956271428927
1324.365323762821,795.8594095814271,65.48725344168211,184.91863804287524
1324.395771014644,807.5669664054026,65.94292482331242,187.39181727554484
1324.6921566010815,815.5752539973186,66.62647530151348,189.06228422073258
1326.4016274856529,814.934512786417,66.05901900529624,187.16353191447075
1325.2484598836902,821.8646776917586,68.13861938838396,185.0131263347596
1325.5166068985743,833.3685884127053,67.59140510031645,184.50798422747386
1327.1027320985895,848.554703836455,66.81013197243209,190.61080680566567
1327.8462831843126,846.548132597929,66.99425916618061,189.325773779139
1329.9390697701867,851.7735237129624,66.52993850581953,185.97460206438285
1330.5813929956576,864.0203380446297,66.43062577026689,187.68230325112023
1329.5768953988797,874.3805934590807,67.15976296521745,187.47827971693124
1330.2501956811627,878.855122260034,67.9073177229561,188.57198017562936
1332.5950880691203,884.4700908722376,68.57811820535063,183.8641482503324
1334.9767358787708,895.0997142759702,67.83815099384779,182.81481122064577
1337.995628098686,898.9842921421524,64.63828189596857,177.1452107888881
1340.6451036130427,907.1431959023467,64.29337766576468,174.73433188166217
1341.9463839145403,907.605346717792,66.22615711740642,170.92484970268748
1338.0636639398545,914.2283224078869,72.22715028319269,163.98961863795182
1343.0755021983293,922.0160431053962,73.03489932619082,159.2066052887784
1342.9278941716657,925.5025392721341,74.64747901144123,155.33688195453985
1345.181165118051,929.404663811066,73.87047357274793,149.94180240108204
1345.2202139712526,931.0210826883279,74.78077791432027,147.07857862455148
1348.139235876119,937.4962110764448,74.57952286998967,140.24644831565865
1350.09905348022,939.7414942778086,74.09738539750987,137.31915046127247
1343.1360550420661,946.8990497697935,76.48988198295496,131.40100999705038
1346.8035395936224,951.0136047663177,76.45736455583821,129.3977428022879
1347.953522071411,955.125567210339,77.5964587753577,125.0573381626329
1353.8425383675794,957.399834466124,73.24473971578234,121.68348289456875
1353.7944990810583,958.9515795682023,73.02781850029766,118.56060576510647
1345.7657523756293,962.9180871537288,78.46214329318734,114.4510728304881
1357.3718833604028,966.4899125733602,76.25506908375945,112.56342160611251
1356.7997564363952,968.8199057668274,75.0288316410217,110.57924493913214
1356.9942069863353,972.0730502935972,73.64801047052666,106.83798004492779
1358.8384966903225,975.7490433293185,74.55431576024137,104.40666011729587
1354.0787722296936,978.2662266937124,77.55029328433707,100.78150689892732
1359.2480744918696,980.3259364197988,74.5836232649642,98.53844166913166
1359.4760778159493,980.6507073828457,70.21134572966872,97.78165119655878
1352.9652056487353,977.9379077932917,71.53172834791296,96.14756984481562
1347.0416184336466,987.2609293573798,75.20743764125353,91.81810568398396
1330.391872813881,984.8311723534675,73.09782397730253,94.0659630449905
1315.2020490007392,981.7870342125009,66.84036650181372,96.73381687116981
1290.3829431859199,984.6649160102746,66.72811195871132,94.0888548947744
1268.6467761078052,974.4392572856442,61.88765696607703,96.38303002200979
1237.3899174642322,967.8155581275267,59.597581882631225,96.64247179095969
1200.4918073495933,958.8251380647574,59.3282495781505,93.53646471108235
1164.3127915211803,974.9092867604869,58.97470765521486,94.75323290925525
1142.0197558190075,981.8715240497464,59.21497305041912,92.65489546181907
1104.1496074205538,967.6383962932139,59.26380047868222,92.35051944342348
1073.6063888219544,967.3474667045846,57.25863674422487,91.48249327806354
1061.1695213224777,976.6571337184425,54.073450417568566,94.30983444436814
1039.022644686985,971.1836665550926,52.742289298825625,94.40836562030765
1022.5630539379611,973.716334113041,54.19377030194208,93.19508168757015
1019.8325940831432,976.9574695597903,52.97916085658976,93.17939376020729
1007.9295071906525,979.6286404078612,53.41052269444232,91.37590321091682
993.0323656660515,971.3706339153464,56.985010017330794,86.1891546604648
985.3836261507729,975.4028399289127,57.03422391174451,86.9449741139714
991.2990752268198,975.1832474477939,55.48967057727586,89.7568205581031
986.5925943430867,977.4815266134605,54.48990338960117,91.09897062278917
987.790106462352,977.8337706217814,55.0454929483742,92.81663981879197
983.5754001546284,980.4525485024201,54.47352546216256,95.08569922569444
980.6966757951408,981.3877206038758,54.22247621630602,95.09708387055035
986.9308324049314,982.3641141384444,52.580720849129115,94.02361791059421
986.8411611529015,982.3285616880355,54.02572261687669,94.75999359202655
984.1039950607903,980.3471721627685,56.858067282701526,95.93537131121293
984.3505076812091,980.6140516912172,57.622358535692555,95.77939142286337
982.6858598372381,980.8726442917336,56.04745422736343,96.65610285450103
984.3860711695384,982.2881180820261,57.30649811029477,94.39674546497102
984.2594396026193,977.0365651319116,59.04726729114005,96.80590724739795
988.8483799838446,976.9722384170828,58.79391729648367,96.0587248652253
985.9484599366243,979.7544321276422,58.24281281155298,97.29719578588326
980.3991388309125,978.8717223220123,61.1900906500199,96.14575219682801
986.0197043149874,977.5157309552311,60.028936692598464,98.44132099393823
987.4433043602969,974.8890900865825,56.9311620162668,100.14632617409488
989.483789495539,972.0071806951133,56.02277947834181,99.66751997256603
992.095292624475,971.2990604338372,53.901142482144564,101.53808108643962
991.6458721319852,970.1990404000112,54.18548484552046,101.21108597411606
992.6947574601935,972.6628440638839,53.675633174175985,100.83379869721557
994.4758224233799,971.1588510778035,54.530573353029126,101.09447558378336
993.1330603897818,967.5658472421,55.173845600925496,104.6470078600919
994.1386325980801,970.7171166126757,57.12649487041024,102.828481099343
994.9650997433434,967.4832178795374,59.187818828427325,105.10548842105396
995.2103778387061,963.4438217444676,57.49290323272983,108.40510400529982
1000.3574113020602,971.9546128760248,58.295163282877134,105.83878852112909
1003.4788281640745,964.4190662649244,57.389599066993,108.99948385933232
999.5993916927652,978.4921342618542,59.44268786258836,104.41418966144346
1003.1374526840585,973.3933415817717,57.32619171466119,105.59399739019867
1000.2025457430955,979.7852462002608,58.88455240511934,101.60873482525241
1003.7804575931323,977.3007468876159,60.428911964024806,100.1576481876807
1007.5319635616129,976.531007457057,58.68641517481596,102.80199746745922
1007.0981222834583,974.1416711228642,59.17549652037738,104.74756513648614
1008.561196502557,969.9897083196296,59.07520464404004,108.0524094017416
1010.5799497203396,969.0755117033259,58.663512210620695,108.42265188218066
1017.8478521923997,946.6584895410739,55.13797773955893,121.6667413328113
1020.1785663811612,958.8013233381675,56.83647064891345,123.26241552275067
1019.0111618485521,948.4693587726639,56.11534643518234,126.21597926982251
1018.6792601495748,947.7454048023737,55.153378857424485,129.65616407925978
1021.2799542504338,947.5148033287579,54.347654983440506,131.14504376259674
1023.875179749463,942.1652569926857,54.36930293022375,132.22022040234938
1025.3135029311331,942.9481029554463,53.92541288847593,132.96248990588433
1027.575935928283,931.7435427997692,52.68090793947869,139.75463484589758
1027.895101276737,933.5060739906298,52.93280543317864,142.3970208491677
1031.3956819470575,928.0967642487091,53.376029119022206,145.19764401374727
1032.0939775824922,920.1156339566146,52.769216226718605,149.88616272143966
1034.6162693457425,923.4076029931182,52.77301919585777,147.51935047973632
1036.387443703963,912.3275890626566,52.35511154663267,150.5277804834057
1038.2749270087725,911.821799629026,53.21882211405225,148.71096399764426
1040.6425965998515,900.628643073863,51.65816602953939,148.5482029681981
1040.6891767799607,908.8846214002897,51.363004825752654,150.92197587150508
1043.5366457535806,902.4470030527176,51.59780392446612,148.94630532767002
1046.0649101398574,900.2581464047198,51.8480413213167,145.4631539803005
1046.3163813634462,904.2448334827155,51.33296504120679,140.3647699113219
1050.9790434067088,883.6619383993836,50.79412133273546,143.82347600271225
1055.2021349706974,882.3122271101414,48.73034603457597,143.7271643605145
1054.6512034199914,880.0511548501067,51.278544861124495,137.5997692119365
1055.3818441329404,875.7376785031208,52.511364046800054,137.8145591127883
1058.9601742885554,877.1030828427672,52.05262951376437,134.32019852511982
1062.079007020334,871.8759850622988,54.0132542675802,131.5719532643156
1065.538616141833,867.216661264665,52.93796629746977,132.31305961385192
1069.2250516271167,853.8380546569927,53.837431822598916,136.41349223951633
1070.4869726223458,862.1561233384053,55.75103103452406,128.8481441136696
1073.230825468935,853.7059186627544,54.7463416868748,133.6606666225739
1076.1317989771123,838.0290150638984,55.01889740387159,140.19665621798924
1079.7515523941117,847.7545768900085,58.70315274509852,132.8944013301573
1078.5955890401256,837.2399534209075,58.99008809848195,127.88216752954833
1081.4997432369985,847.7326739617519,57.867147636466285,125.29330386289465
1088.8197729808314,840.9375097032575,55.18208046218415,126.28871665468027
1088.067634875304,823.6283310867128,54.397547096787044,130.05683671105885
1088.9466616964307,853.208322896065,54.622391913787816,124.091310761313
1085.8255685564304,850.9570321953902,57.549105081660116,119.10803872212207
1099.8658826937367,843.1983881192389,57.03332632522674,118.2474605980259
1101.213702359531,823.6697049479235,58.00259109643957,116.47607248241286
1106.4624952065092,812.2966723813535,57.819321105006225,117.27487337340804
1096.4923527152605,781.9716410164353,58.9630724395991,116.99465476835928
1097.469929411538,758.8893006049343,60.82796000467322,115.45116136679043
1110.5307800971514,743.2593066124481,60.94906977090648,114.8424126622995
1109.6153976851078,730.1931592213643,63.36587133659446,112.94710398228938
1130.207330028693,713.1592599617268,62.00707071761917,113.93827372544209
1062.4428339876492,670.0301017291029,59.028855108242354,117.7612213578386
1064.8230236299717,676.8357852305592,59.947874452224454,116.1207582131778
1055.4788568596512,658.4720822079719,59.07245023425101,115.6848837227602
995.0780719686137,631.6118700520169,62.3165125626921,115.63498418103728
995.552202521256,641.8697437462645,62.2993230135758,117.07970775349595
926.6266821792515,599.6747181552241,61.74664513498277,118.68089031761122
920.5946951457635,584.4580542211323,64.5010162200065,116.81436668868217
905.5535604048899,590.4123651910762,66.8337867342108,116.87309763280723
915.7774204237378,585.6797643994655,66.61839334809518,120.99332838836389
923.0102329389708,587.6555122170674,66.73099030332708,123.79164198777292
928.0364955468161,580.3265007765689,69.14153937103355,122.14089471608784
926.8653935751058,593.7322972393674,69.79340036058355,122.34542221356611
925.1117528760444,594.6128921669319,67.95192196184034,123.82853203335128
923.0122626545469,610.1834294220532,64.38257654720101,129.2459120006368
919.9153870191141,626.0005726003419,68.71120843046552,124.658058564085
943.0409172030342,611.2935507667362,66.98516697643367,124.27991325337487
949.2401617125321,615.9417726331925,66.27693786845943,122.99101819207337
952.325075659508,621.5678694788286,63.906134789616374,124.57551884106115
956.5746116322439,623.010778321882,65.55153316131776,122.92738635468181
964.0982780612501,636.8931480354514,66.76353171556056,120.80834168963992
975.7986004891519,631.5713594965898,66.52783468712347,119.5216410093647
966.0009221129491,627.7390758854042,67.75735647998953,114.53105493154429
975.1317818688932,647.6598774522669,68.32704498297886,113.17176909990937
984.5814376930787,641.8241085798646,68.4604971471199,110.22968106623603
991.1180292349545,674.7085926422731,67.64128485304437,112.38349965256086
993.2715567479568,660.2851111865785,65.42566230931025,113.56217904987366
992.2601540324875,660.7751321438607,67.08598425525514,110.45957819915942
1000.6367746917367,668.4485336719065,67.2265864125983,110.07946370327691
999.5957783690809,666.0708673541457,67.30377157044697,108.94812456903698
1000.3341660462685,664.3365926092143,65.59192937571771,108.30274938810925
1009.6052684773815,690.4669028699698,65.60944815173204,109.5739504403135
1000.0192238297773,680.6593712343964,64.93894005572751,107.55553263635953
1011.1449562892735,661.1194527107688,63.67659974993961,106.15738296746007
1023.8754516175652,676.8188955620567,63.051573186858235,105.22651186334073
1026.9446498578316,672.600100236641,62.97199207418093,102.80366272215497
1017.1800139022172,691.5957910217963,63.030612453231115,102.699808184828
1020.3813962803799,696.0680714133347,60.934839505772715,105.32987381912082
1007.2023508660133,681.658263403342,62.36064303286244,102.32569880927888
996.4856678168527,665.5531947109165,63.8649164770933,98.62579004373383
999.1552843452126,654.0990713559288,64.40846671272834,96.74772541149267
1000.3859417982525,663.2544202436734,62.12621401189502,96.06740885132275
1026.6880905648097,708.2039327553917,60.39600765491317,96.75041279721502
1029.757469159526,703.7617145131818,59.05647935015879,97.47098522243151
1023.4810503037421,718.7572994235823,58.668827336216786,95.72365681688161
1026.1409405949992,732.3307065775123,57.32533233524126,97.06977598169635
1027.3683205512286,733.486505429722,54.689730950734315,98.94955949848429
1026.8291583798461,748.6774297162581,55.95054671640764,97.45469981316144
1029.021989795988,750.5302581860974,55.10547199022754,96.77551503404301
1042.1812556078712,704.3440090763936,53.33452427297596,97.15178593289758
1041.5466680357754,674.5549266689007,52.940213049777995,96.974411141859
1034.4792801400897,670.6962222538363,52.87698536624427,99.69024806059271
1044.650568149499,676.7387730959683,52.81409764177957,100.52103320541656
1049.038596640031,676.6597017260749,54.00725179455635,99.10877639378985
1039.6377174245772,685.4018712627807,54.084963203741424,100.42614698049607
1040.6565386542393,685.7286843477798,56.06617581207938,99.21642779303788
1042.9750754578822,685.6282744310679,56.20549864920159,99.83322848615039
1045.5019161510418,691.5429752109379,55.34662939871516,101.3621648746917
1021.7872810503528,686.1691390687586,58.25145227503724,95.95074490062524
1014.5485860455783,696.0032369692458,57.703729301563776,94.26573609273726
1017.1103514323166,713.4768617024301,56.280792862267724,94.05831143595962
1049.2954655207882,700.0669393291001,56.405294440675036,92.88060618716617
1050.3117960812128,705.4786989096468,55.251041852214655,95.00963690332176
1051.8333930689391,700.861676549104,54.47822625343102,96.16122246702943
1046.7609157117881,714.341861128172,54.64453929828858,95.73892284232265
1049.3706278409406,717.0561005376171,54.26859324168966,95.83376406294445
1070.2447943115446,700.0868278892667,56.31327899834503,93.10902634252768
1064.8853896527773,687.3967049910234,58.182391071642655,90.9332322086213
1056.1754830792968,713.9510718696484,56.16748865385661,94.30248033576885
1050.625358719287,713.2745260179504,55.260740981465275,94.42811312398521
1054.3819047155087,716.5464115337377,55.610235379570106,93.85133016180887
1057.623356013327,688.6431576788002,56.08457299140447,94.3787516140181
1031.6706660683985,682.2359753567026,57.156474864429086,92.28935148795527
1058.7222547337735,702.368098059029,57.338289584971534,92.10321250141392
1042.5319109302334,717.2778657610207,58.78109622913543,91.12842908329637
1036.9036458500148,689.474633439957,56.950555829786055,93.41461886905103
1039.203799267734,690.1663382179458,54.80031616259605,93.17068003966523
1029.4605712425478,687.6016195142431,54.07565256806955,92.4023293558144
1040.0776790240254,700.3065923897558,54.30197967283199,91.84600891616019
1041.4266001453084,700.2312541642506,55.89077636509336,90.71605195274002
1014.3457476028226,692.0231857339404,57.43890319679004,87.52986070831619
997.5956063430041,683.0254243645453,56.943091499194296,86.794474223539
1000.7878544568409,689.7073428124907,58.56211250772408,83.96199227638962
1016.4824660623599,685.4305931752509,59.30126593269011,80.43139789259398
1010.4325687149011,697.8110806439929,57.02702986673388,84.50954462057234
1010.9361040692484,706.8949260532696,56.160248325499545,86.6990980885664
1001.0760059042084,721.2091967352909,55.33497955328676,88.10484577669058
1000.93613743462,702.4550624025546,53.35378137126308,90.03209959729217
989.9027260364263,687.011032254852,54.37236782999614,87.68489480498687
985.1180750651413,666.7215444811924,54.833833629283696,88.03192263501464
972.2264104697978,651.069133284721,56.09592768369192,88.64817702696261
962.953358017683,660.9095890435118,59.50047815337258,87.48925458853864
960.3993632108452,654.758413176787,58.50498588671525,88.53004474743003
950.7283383973846,661.1452613054469,57.74456228838793,89.44729886157202
931.3091265342318,662.4114429224588,57.39915657976274,87.63638459456064
911.6907450461767,664.8887135024897,54.12311393666082,90.33463006857117
910.031148834111,662.5573808213549,53.982607530835296,90.80246876892363
908.1384971186205,660.8670403221995,53.284472424973615,92.08367386280126
897.3094446258718,650.2507255037106,53.2400571130877,91.52905123433388
880.4528154599319,616.8459042147869,57.49548705494095,89.39243281977019
870.5615571318313,613.9934137069342,56.97837933185423,90.25459553477609
858.46185746291,609.2272702571361,54.87105218279599,92.26948029746556
846.1712105379349,606.8464311799265,54.66015246663585,92.63722160488909
831.9071006674369,623.6816681680127,53.7672911315221,98.13028852536729
817.4498121822069,613.6257605245472,55.41322673112336,94.58081468983474
807.9371657916281,595.4703481321086,55.69555002858752,94.51260992598738
797.581465920334,592.7631269581556,54.968040059056,94.51082688430718
782.6521128304583,590.9185652887611,55.092375652026355,94.23338346939232
765.294250947938,593.964025523125,55.200864422000535,93.31673629166195
755.5960178762806,585.2045332030831,53.29618043296554,92.05355470682689
747.0951058255417,567.5006335966941,48.97619559292828,94.4215528069042
729.0567260422331,568.4376071539261,46.773684541965466,96.67675465154585
720.0033855568402,560.739563250416,46.82422181904997,95.26384812657639
709.7237284648706,561.637932318594,46.05714946105843,95.48166184583431
691.4063244200652,550.223876816341,46.5908246389082,93.9448630829308
679.9532492869868,539.3427226152808,48.921508269709676,89.14797619280142
669.2466330733391,554.6229506318409,49.43195617423858,87.84536171495793
658.4965706822697,542.3305934289264,49.95580494008932,88.92336665005834
648.0507952282562,537.4996064454282,50.21030639190282,93.98010558137949
638.3828581159878,522.2806503045535,51.66728968615895,97.65278082833004
625.6318773436035,513.6715536499969,54.71998950118877,96.73669162537158
621.7994916078081,520.9389710011575,55.25030817355352,99.90815896436276
618.2191588846475,518.1004338601448,54.82772030640336,105.49987932592681
612.4973934135119,509.399251553942,55.69598856933944,105.35161647725504
605.2853770372132,508.636058066603,56.61878759341582,106.45967770057408
599.875130879488,502.75443070336644,57.47193527021188,106.25201599628753
588.4537950523141,515.988969536074,59.54540992622485,107.98959043034938
584.1932589520889,506.2411505111537,62.27564217777646,109.67125477959095
578.6734394440238,505.85854500352843,63.88332265731794,112.75273996534408
577.3088035653508,501.010602241192,63.7586318204545,116.52701652866092
572.7718861395979,498.98864385929767,64.1157766037713,120.75526538206378
567.7940707311013,498.0488801377523,65.39616365593668,121.99313678530409
569.5347743800779,500.3992735478485,64.43599817845735,122.71484767234202
567.1090244452636,497.4149715908686,66.30509623313492,121.8561452810431
565.8764348620144,499.48597965154516,66.1395492214418,122.251518746962
564.5774126649557,502.4231855829545,66.27684563186185,120.9403726924391
564.0292336932309,494.5402376673542,67.39728107114911,118.40585293529895
557.1814835551199,497.4683531683826,66.13976594563698,119.29034128226544
558.2849037191154,493.2661582891825,67.66459606860391,120.74696321758731
554.4930835465411,494.97130712824924,67.27543780605045,120.1507470559809
561.1477361364265,492.7379258130226,67.66234492603847,120.12066062599972
543.2272192056282,488.14866991524946,67.07563169656711,119.31385962916804
549.4478427456705,488.9783426224878,69.35580689020054,115.56835710685792
543.7512908233471,494.90552660999515,67.90827665069251,114.98276343320552
555.5880033092324,491.8677088805347,69.65519545330645,112.61601076329742
560.7166559800903,486.9496885746834,69.43570184386746,111.83610902560861
564.3040176550282,490.7110593025235,69.17957451474769,110.8837804870752
571.6466314309806,488.6394110037101,67.67479913951443,111.7681402470131
575.3369993532211,496.7174771016048,67.53662144101905,110.13350350399519
565.2911241433495,494.0871678042111,69.34147064314016,107.39016544879307
570.7223945688808,494.49146134224276,68.980187867362,109.69130635651356
569.9434857576449,493.6141167489934,69.33765226166247,109.07286521205538
568.5275701705838,490.26267918329467,69.48314478388599,108.9107441000007
558.459898071034,503.91852085634935,72.09245756077374,107.32981764089773
578.4358563023633,497.84599289924614,70.96094519216113,108.68760248064571
593.5851064815861,492.8807334563643,69.8342951804009,110.1827392152295
581.3047702833202,491.2572706798969,70.87898576157554,108.31235017543504
580.7900981762904,487.8390358330869,72.47449829968497,104.28108378105406
582.0807412818681,485.8402771522857,72.49561907365711,103.56094037415255
574.8451886517206,492.4902843122734,73.08406122869066,101.8655999633113
593.1202628490281,492.1624418467909,70.85062938436225,102.44796999676304
606.6083282823774,496.0615484355897,70.2027565706386,102.79107127270014
604.3686581428407,486.22450408769953,69.97628970931704,102.74646046033972
604.6018303448673,477.6307309740166,69.64250957997903,102.69534685433402
612.2493366949723,487.6730852618741,68.71143033889629,102.7032145327528
609.9301155728867,492.4940257150439,68.6917798731923,102.64158975884783
609.6588307779755,471.9256685261903,68.59832929596651,102.41479366632329
603.7928997509933,499.175366488105,68.44433163085877,101.96273228432857
616.7060535831059,479.0494548981536,67.6390474497499,101.97436731702255
619.8104524175801,483.6052382145658,67.63468346664958,101.97091127119506
669.4718544660595,548.0903327145434,66.91888578798775,100.60527207774606
678.6869531654615,547.1167641287027,65.64610632149876,98.95586989675206
690.134487259685,552.7994901440709,61.64970516852621,99.40817389702602
705.4712574044527,539.7391673912005,60.041302648452906,97.98319652370387
699.6121357927206,541.2003423877335,64.15394156795213,91.8364367115723
716.5156674450798,542.6510050618269,61.96801367173525,89.84375747805868
721.5215314322245,544.4383476429796,60.04109784846537,88.81658725138081
726.940611407779,541.5464587635904,59.963912660780466,88.46897039145203
727.6419776278962,525.7530652562402,60.257440586504444,88.41303829459716
737.0685805434365,534.8216368226176,61.06725693694963,87.43019695258128
744.5409067094347,541.8537982439062,62.04175012788693,86.86729868329729
758.4188659741496,546.4775020710995,64.57867748343475,83.05464125764881
764.0923908388451,549.1384891689564,65.41648493590985,82.05778613773025
779.5531881125353,555.9596545687177,65.82875665867952,78.43496425259663
787.9691272671103,560.3669616006721,66.62390382600927,75.32125054032237
791.6776865025803,554.704105686019,67.67593782102747,72.94484868340889
800.1018093757917,555.4779964205998,68.05996674829375,72.04362971966141
811.7902504169242,555.1602111186377,67.63303856465541,71.86270839894067
800.9788024400852,564.1636567814821,66.54311712817125,72.19332788805488
804.7319576021167,553.2220625087452,66.66407571935788,72.16876313991219
778.0123396018687,555.5040756034572,64.79899120981449,75.01945435352451
773.5392754546646,557.1983963548611,64.08413783341919,75.18644660141261
776.9831293287639,563.3820536624321,64.08718947735716,75.18503530536529
788.973931268806,560.8393599081159,64.02604067226221,75.23255753681454
807.897718630301,558.7695926233373,63.71357186114242,75.6541112073891
808.2429416358036,565.0129429167871,59.90472747220886,80.4085983875753
826.1970933851487,562.2628419771656,59.80783867488271,80.82107077617036
826.48033924481,559.4529469059383,58.66101504075175,81.99742458450103
844.4961131033054,565.0269716361836,56.82466007509451,83.7522614754956
844.5562032017716,563.0656270374755,56.27153786172704,84.80991441212043
856.0663749337294,572.8722262268436,56.33637699985389,85.04948941951966
865.6848600060242,571.8834380810366,54.67800746927678,87.14648123269187
875.1590954644687,571.6814203555059,55.063068523761004,86.43736640609234
886.196873859888,588.7244822276015,54.723639599860924,86.61252488343241
872.8068860761907,573.376257231282,55.01136818337487,86.14288176598572
869.9820437178092,572.5540549489406,56.459281343805685,84.81685740726154
864.6578110372192,579.5522726695269,54.56760043391175,86.32299757405605
819.4662932921902,561.1223297777282,52.32359274046271,90.73675957529261
813.2054388122997,554.9995882250073,51.7398714085263,90.11973414478693
827.5736132448069,548.5741877813435,51.31809588245455,88.95818721955467
839.6660647732981,555.10322957171,49.85546996784418,87.97261896086611
831.9683823612363,553.7828896580202,50.73045594357701,85.79759585126232
841.0895796534927,564.6178662811124,49.614724873359464,86.74788646592066
832.926710428229,571.0459556611502,49.965751067208785,85.5916316996416
858.1591360912531,611.1630376032361,50.614282925955514,84.65607069373331
851.9648008527827,640.2905896697407,52.32583304093442,79.32248191771711
886.9299323549872,662.4394503587898,50.439094074756746,82.46356001057117
910.6511433820456,676.6747648941022,50.62286286989308,82.13011073997258
929.6637633270911,712.4877517431988,49.59273920193212,82.90764695664443
935.6161100917038,726.4752921034298,50.560304116241944,81.50753676287744
935.0426517115321,724.1835928307318,51.86840755977869,79.34984186090442
951.1219599259124,736.2923068061208,52.21728574292886,79.20390770287347
925.8624738030546,748.3090336647697,51.32488068038078,80.2566492129373
933.8993249116584,769.7675959536554,50.62322330086092,80.44261658888708
932.9238434937113,763.7171029107758,51.03152562901848,79.30679877970672
907.1960564672816,800.6932960061881,50.23912057094097,79.46112739795008
930.1479167918751,850.5113153449482,51.19164909492045,82.84816894994657
936.2785041300832,847.2574033660981,51.38006021814539,84.95421009652827
948.0319864211763,851.9040414222658,51.15000733504863,85.35596071914951
945.3635730841861,845.5306823496514,49.553651148102134,87.57027721825848
959.7521511081833,831.8458154313016,49.67468877051304,91.44284759199735
965.986400320677,832.8926870583559,49.92992430601569,91.31672862551736
981.0470583965372,917.483982227591,50.40878302943594,91.51903297663063
980.4049730144255,953.534746169753,50.12218265780731,95.63724202527018
986.1347559763375,939.624096183193,51.806428974524266,100.21939166742663
1000.6553454954372,926.9516347020447,52.819243368346505,100.77232593830055
1004.7057952963052,926.379059609027,54.414672446892055,99.4163156580403
1002.6657476835933,928.1250741690583,54.70535110101713,102.55048897812938
1004.5244197340727,915.144189863065,57.610674994870195,97.73212516438062
1019.8712836776767,911.9493831682321,54.69784931600501,99.66796670339976
1024.1481998476902,903.5483015231979,55.36926567337016,101.7091660132457
1026.6837152618343,902.422496189706,58.303648386933524,101.09538323750309
1032.7602689583562,903.5176381968704,60.97424391713815,99.88864203305387
1033.392233515047,896.5988294467023,65.2253743198589,100.05933634406152
1041.8769218535874,892.1522930999071,67.80703401995522,100.68751216946755
1050.3107507643251,895.2173883895156,66.20086752579091,105.17295214214116
1060.0634039485558,883.8857714369417,64.92394249365856,107.66572461350313
1053.3222150825304,890.5272340334799,68.64394488585367,105.24663314425581
1062.1094177502257,887.282358413575,66.49713932036325,111.07710251800697
1067.8207538055544,885.2138869799307,66.60174686229784,114.26900665622571
1069.1455304935785,891.2659042274263,65.33942597189619,118.98416065559553
1075.9699854972757,891.7673130391324,66.36513619173611,122.29207665770514
1077.022277555648,879.923108108379,66.83199571318482,123.48304395203473
1083.2713378132962,876.2570262369425,68.27162155459234,124.30079017812756
1079.5836017814113,891.5868789093219,69.1713235296172,124.52770540603775
1083.3469079417084,877.2373007140683,71.45089782464107,124.03095166132866
1102.0587915597505,867.2003300486102,68.77749490725886,126.86240976856142
1104.5304690449802,858.0034071845248,68.67898185482251,126.86262187525752
1211.501918543313,806.5747222346372,65.3576408971734,126.82743280782253
1193.3796101784217,695.4928270290018,67.38174747349797,120.92719237627381
1184.4189929510032,690.1594992302083,69.43195847312954,107.46561418610366
1192.298069278534,690.6055281286348,66.47658140399363,101.15309318228543
1190.1936642074504,691.5050974247536,63.86792086121313,95.48568991305564
1192.0902049972879,690.8715699630839,57.855997026153545,93.0534082758645
1190.0283648286807,690.5306694459075,55.055635326709954,90.26710730254717
1189.1768794019633,690.1601099380309,52.290953750841794,86.83685580511884
1189.0174081455234,687.0418775341204,50.23682536493061,85.42541646571274
1185.1264362977329,688.2605199658768,51.8288501207179,82.1204972770419
1185.0175547409578,683.5187233969045,50.85952242439433,83.3424723019896
1179.0065170687394,683.0502133287788,52.397019965112804,81.72580249474613
1176.0733398840816,680.3115404069711,54.47939851517674,81.44918008431823
1170.8345652699336,674.4259040718047,54.90511431049467,83.3476888160289
1168.9588347541994,678.5632065889924,54.11066863847081,82.09003317275517
1165.8945218907436,677.2152293166134,51.773733132603056,82.43217366331533
1171.5354654335297,676.2831308852417,49.07789975901522,81.04385798044474
1168.6292393920855,678.5363049913792,48.31705941255902,78.68345526968747
1165.010567864745,674.4965027228409,49.25339231523372,76.81028932149488
1159.7011722577881,678.8895512810594,48.36905857362792,73.87794141982855
1162.21695183648,676.567639027304,45.79671234533605,71.59132681345532
1163.3334055205266,665.0244950929798,42.826396080400045,75.12784588325246
1162.0549839347916,665.2082155943825,41.919455978455275,75.22280442351845
1159.4294017563454,656.9512555659167,42.281849860527785,79.5629167540758
1159.7347927066187,666.4987729884386,41.95854127503223,76.53392706632856
1155.0086893212997,674.5124195244364,44.65206617033503,71.92956497881163
1157.4779434464135,678.2689624330314,46.46877253654685,69.90439701596414
1152.398669679527,685.8873492923256,48.014240477676786,67.51139591514456
1153.7792054262104,689.1351524734039,51.01117049890104,64.43549654263646
1125.604543945985,699.9893644852398,49.96129024668519,65.26129462770842
1121.2599407667913,695.6996199284199,48.06624104941182,66.49777743902675
1122.6220534644465,695.8265448840124,48.121608518209044,65.84706210835593
1124.1590960523142,681.1651206675808,47.00137953962355,66.48126481385489
1110.5936689104028,669.3890751729973,44.073059158249535,70.0737403808975
1115.9941359761526,659.8961555298679,43.45511571126723,71.80039056485839
1107.2513808100043,664.8546221444091,42.227642615856375,72.77276463832837
1114.3908324711842,668.316504633754,40.56726426390078,74.11517382266271
1112.5301768016611,670.7705072246802,40.06668867969761,74.78833715216952
1110.584593770805,658.835228285267,40.72891129385543,75.89161966578314
1109.2598672134943,652.7605221846518,41.11871883661793,76.53676182500931
1108.735771953795,661.8379473237811,41.03248882322522,78.11665273185477
1116.9202630398347,647.7821647358734,41.048067315287035,78.01468913921299
1108.626832710552,671.4819205604656,41.785153545624226,79.96389634784558
1101.6869552155317,680.7315188018739,41.70875843818959,79.72115592244585
1101.768304572665,686.1038914655663,40.19909527889493,80.11261090837691
1093.0413321025437,680.0366488798396,42.590365020793996,77.91060200146008
1106.0323710442726,663.0115383231542,42.48178230172622,80.07802955075218
1090.8244296162763,676.7521169559964,44.50040977187286,79.09467451545243
