636.5,158.5,92,21
631.6909044656018,160.42757604355424,91.65293208061385,22.894198639516127
632.001847135527,160.64035420542382,92.27032067405531,24.553572508583464
632.4182681640555,159.98015733940602,92.15972905084261,26.05254737562219
631.9651513859989,159.3264566016656,92.93271063598846,26.82504038714862
632.1380306031841,159.33330743895337,93.40393685935389,27.10128687808109
630.8820303998424,159.37112279939356,94.81250070696026,27.2571685503963
629.8490040557676,160.23494571749814,95.54420950335327,27.391537681887485
630.0514028618769,159.1047208650155,96.29806178639478,27.02650583332578
627.8490235508173,159.84890262116022,97.52499960942592,27.073312228105127
629.5401957102923,160.08028630329449,97.32547162105249,28.079471846354664
628.2635976166746,158.66654705743497,97.97895370706932,27.804546415795933
628.323576589435,159.18960740535755,98.19896773021901,27.3577903541187
629.4284986538157,160.4687875085198,97.26797464013848,28.005977635342234
627.7409169146456,159.1204811068328,98.2299288429335,27.66779796946998
629.1157352736493,159.66067857479428,97.95627195630078,27.44806771629504
629.1361572416179,159.2706391940833,97.81004037059233,27.565916643685945
628.6662350501272,158.65211698962045,98.02180076249292,27.411473206529912
629.3950556567788,159.90181891857543,97.80133180902791,27.684754330967145
629.4313669464316,159.90201176438427,98.16378002156684,27.856796031363302
629.1148688047527,158.9602879101183,98.27886177508199,27.88641622825055
629.7188451431423,159.4493931318947,97.86915890180853,27.859245518577886
629.742931658154,159.07764340615597,97.89857488546372,28.0254638106775
628.0733792668317,159.17240032617502,98.61726560171435,27.89625531707388
629.5313906818596,158.8148790174964,97.71559232478873,27.549657241433557
629.6127629736268,158.99309214399878,97.63575783620009,27.32527526571937
628.3558264470694,159.0307591020487,98.21496271968982,27.323143656962365
629.3097525530178,159.7545583319214,96.92104103584695,27.75070870472552
628.7414148020721,158.5947251437713,97.21156357663074,27.82347104149704
629.714890303958,159.52393063596352,96.94548598443683,27.659869244595747
628.3806759233096,159.82767369613356,97.55610915752183,27.5361817480431
630.0061715176141,159.79625636066334,96.68384298130457,27.81487087638356
628.665380050634,160.77691453994692,97.03370385266076,28.377427247944382
629.9929755197354,160.57658086964034,96.42309957406695,28.452004322015405
630.3788877497141,159.79695012858096,96.4017290696878,28.57479270414371
629.3272465168412,159.39832537196145,96.68476402586944,28.221776121805892
628.0881767972916,159.96619876916898,97.81235382285192,27.98845752514369
628.9880113642307,160.49910233038756,97.37889040641701,27.858761009291094
628.0421853483343,160.80279151409806,98.02774378413628,27.948437582723045
628.6053772184839,160.1265183687949,97.72112469704416,28.02775499110799
629.3519991633265,161.16783881275018,97.16487365485071,28.20603096951099
629.8519673999642,160.38654283461952,97.09626609654973,28.075402374952812
628.8587869101246,160.97461922347125,97.73880411588138,27.995986539844147
628.920118806132,160.8758378095188,97.78075268585587,27.8374362525646
628.717699922269,161.8900810699445,98.56876569556943,28.028429407880523
627.1031933833862,161.62678560237288,99.57107084722793,28.085156944851278
628.6230109859157,161.52174292037913,98.95950045440959,28.800573492519
627.8452805725666,161.0576277336593,99.49054425777504,28.722456954194328
626.4766147346747,162.02081693046173,100.04605285675197,28.54181149335858
628.197033679269,160.85976021711406,99.58721137058603,29.341022643065756
626.7579655892406,160.7382934611186,99.814494702695,29.15704539941039
626.7661954410274,161.89671709055452,99.45576602990505,28.571732779841106
629.4231396643851,161.84609368188075,98.65237233810886,29.000836896257265
626.9411964458259,162.15828537930926,98.87678250202724,29.00877807264906
630.0679652470616,161.45982450801733,98.17869404994562,29.504078327603217
628.9727918424913,162.41468039690818,98.5121889536331,29.46259664982796
627.8800581674031,162.29313979859353,99.38067972064664,29.331645207410762
627.6188016314935,161.81739780881986,99.58037258077586,29.044148421339635
626.9619120991674,161.72894782123674,100.21509140689557,29.018115765145815
628.492721466584,162.81693402362833,99.18676223503626,29.45076087070356
629.19364923909,162.196693045762,98.76891912597347,29.403558709283317
629.1782276504915,163.6621919872821,98.90093286129449,29.589706074383443
628.8796264089445,163.39062068237,99.49355297101297,29.454034920576902
625.7258206752215,163.3673962869358,100.05336840331051,29.281577085621784
629.1843678438036,163.79353172810602,99.19495356711121,30.171682729241898
625.4285207594945,164.17063733498685,101.65093327260192,29.28312014619401
627.3767508660594,164.15639027526808,100.85708898361104,29.967094426949885
624.2411336135999,164.60721543064543,102.79325823884457,28.938438995520848
626.0229181841255,164.57593103549436,102.63780506906858,30.257309083324348
626.8539445394572,163.68684378843122,102.51381958433524,30.42001636125142
626.5184991673849,164.07055178983563,102.38724646057376,30.231695879875584
627.8942031604038,163.79600772405936,101.457156185862,30.544164850228285
624.0038403717923,165.21681335907272,102.0700375686873,30.30914931605209
625.1189121951236,164.54649978565925,102.30272204893794,30.833017452830592
623.9907786349078,164.93663279245342,102.82003969383551,30.422400174760664
625.1552008914498,165.121506393224,102.81423946071054,30.770117630161792
626.7486965372282,164.68339036531907,102.0546944033339,30.61262232845054
625.3356815483463,165.69629752369877,102.29979537678906,30.134491747919718
626.4067527831977,165.36843014874037,101.65776963907254,30.148102720658933
626.642622426999,165.86758658260518,101.21722012093107,29.791194029526878
627.7847193467588,165.10233209297152,100.5010515032402,29.501701926117768
626.388316863673,165.91925675741146,101.68166377712205,29.484328620183142
627.6697535116004,165.76104889987457,101.29945282315371,29.433777115726564
624.8671388329944,166.41732868887883,102.92115358242083,29.624863907555753
627.207860836295,165.9920916647657,101.9898565663328,29.785930810273335
624.5920685825766,166.45544405438096,103.17729412036473,29.760453536435882
625.9161546123303,167.32909141814642,102.587252520172,30.119476659572026
626.81974249837,166.33398308620383,102.14558856981941,30.588339336958263
625.5089857615048,165.89172016993626,103.01088124370574,29.637028624870403
625.9768689859608,166.9477694744479,102.09636149956036,29.777640701384986
626.5563290715573,166.16994471471224,102.53938221089953,29.455391502790953
625.7237820072858,166.6191356922309,102.48207099266698,29.24635094838493
627.2497565681615,167.3676310884188,101.75896873028364,30.02287719068291
625.449905260076,168.11531405134832,101.9531038120169,30.25298840463681
627.4371265792624,166.73214176770057,102.21354993538125,30.312947156773788
625.4462687742263,167.98963994222507,103.27738263224828,30.422795040819267
624.6739725116023,167.43250482196737,104.04907822351815,30.834329308434945
625.4019606284114,167.75963142748037,103.09416248698142,30.674871193593184
624.156866968638,168.00129543232373,103.4212051327045,30.33839623007519
625.3017803099499,167.88575897388117,103.42898289284652,30.42385694504334
623.9340566348058,168.7083672622448,104.0146420944244,30.476886243272233
624.9051693290211,169.4073664509638,103.62009917505313,30.578677627491427
623.5229252361398,168.36651116226972,104.90613168688247,30.45484143250612
624.9206882343238,168.8165577649922,103.91081884527208,30.767461549233758
624.1850509012082,169.1471033017592,104.16426130256959,30.572006362656804
620.9217190224781,170.01774252933666,105.8156191168005,30.179268950524516
622.6673587503301,170.24411772293388,105.03295043367925,31.06526626371854
623.7939582539959,169.96063962624774,103.99930193286858,31.017330844214257
623.2188239470671,171.03106547960684,104.42021332832469,30.495943560070902
622.7370312771855,170.76388532459166,105.00996135179787,29.76934002853527
620.6128849205592,171.31431810100423,106.28910887173333,30.068763039850932
621.961512051463,171.64855583138245,105.206540673324,30.382501779208738
621.923937951471,171.7503788881578,104.92544602640282,30.233281112465114
623.9688877297211,170.93831457975958,103.81886836535926,30.390359763048266
619.8168743329021,172.24647538492164,106.08689341554565,29.96061175983781
621.6685696320419,171.9098081333289,105.46206366756974,30.969858974122985
619.6018024197258,171.42103851686204,106.50500018531254,30.31482678567169
620.6927246282705,171.99941052070412,105.70629361640883,30.811711376411942
620.4857498218555,171.27391904640837,106.15227863494086,30.48996601691674
618.1769092798422,172.26600600165773,107.56003490283754,30.502771364608634
618.4453487418822,172.80390762405645,106.59064901624247,31.48886479162598
618.8380809397172,171.28732438049758,106.17809632580011,31.312049714433478
618.402585500694,172.82200492220358,106.07201370220113,31.663427410917762
618.6324326628653,171.73368788931901,105.62842813581929,31.725659526414447
617.0721626854593,172.05520295271478,106.96128741546497,31.218238565976705
615.1843851530766,171.58345637578302,107.46305078452468,30.724766492941793
615.0420495913069,172.37400878372947,107.60337707202916,31.394939088344064
614.6359829856398,172.24999316880087,107.8051554960723,31.13754742496578
614.2155710959099,172.99426574747133,108.04886861873447,30.990898675702994
611.9449726893835,172.98494475937187,109.37994129218046,31.089928785627198
611.97517882449,172.86845962901845,109.65548873392594,31.36131039009144
613.0756436976951,173.56232106126504,109.33738992566246,31.81393259903072
612.1682858053349,173.5372230769837,110.1393233124183,30.960151950840597
611.3137101398518,173.03715594928488,110.23890161565602,30.946287661074436
612.3608969860151,173.80890887808783,109.8408003931442,31.057653804200953
611.5330090418091,173.67922044645633,110.24379240976526,31.390361894701044
611.1375878363223,174.76510062392532,109.61983604224105,31.344965495286942
612.0895595675058,174.48991547963988,109.11849820237023,31.57492665861475
612.3842650923984,174.7623680625527,108.1642902067594,31.90273071983365
611.9909582260611,174.49376077697156,108.99069460189506,32.340925079771154
611.2224395157605,174.74261184472024,109.94816148344863,32.838769236878825
610.7470157152362,174.39867858152934,109.77374743843117,32.898575836853325
610.71606554598,175.65427668150213,109.92253748147846,32.86809844744635
610.0518260542631,175.02951234296793,110.44579175465837,33.13598835322056
609.4133010788495,175.92994207401284,110.44026819226056,33.17246172956346
609.2332040767219,175.43855209693723,110.57862336852928,33.4289745151865
608.301625804592,175.7809167758561,111.0077912885123,33.3652113245897
608.9696656805112,176.52254514234167,110.58394824744298,33.33203003645133
607.833496582958,175.62844544629857,111.27888021674511,34.02297700133492
608.8673108994602,175.79897295625534,110.46436858375,34.71792776663287
607.580626421224,176.24836255597376,111.18562512360094,34.59779182804826
607.2543742364753,176.1707245694953,111.52860952918375,34.39680528196565
608.2685095074927,177.0144331050902,110.64124474654996,34.595997581996926
606.6775462702806,176.89527677790733,112.14226924965143,34.51466552661779
607.43045391891,176.68989148105925,111.53692302455632,34.861572960102386
607.8518359485316,176.35818583257026,111.955823329742,34.750775723018734
608.6578328378342,177.07897640838564,111.79825956693111,34.11972839410561
608.7173218490636,177.1384188567088,111.86017163998179,34.281337004525206
607.957716540045,177.6355126755075,112.11679367981904,33.749847542691604
607.9267422062945,177.32068681893577,111.828967762054,33.44721333100518
609.0578947049275,177.90911449534246,110.71381732399661,33.307295191276495
608.7291593248079,177.03025638450583,110.34788174704971,32.841543974204576
607.7581905086869,178.20481722549093,110.46575789020304,32.37909797480804
609.8032527460778,178.09337718213158,109.70239681752477,32.40140313850773
603.9983591592827,179.0625164578828,111.98921734688713,31.94251294744118
608.0615561558631,178.3100080925743,111.3158145555879,32.613312554987715
606.1811422544973,178.38042198057263,112.17334792769296,31.77004636394794
606.4661668548327,178.95574675638028,111.98261175474235,31.575609932507373
607.2199085544336,178.96578239370393,111.86404192900355,31.799821551745968
606.157279685373,179.50652703880664,112.57414923098537,31.735894875530157
606.744217209651,178.65935559645357,112.55844161090941,31.452494261394577
606.2611743247176,179.9073162996655,112.6592127978918,31.360801062706837
605.9043707359486,179.32511733093293,112.46093108363429,31.541396092714375
605.2278175017459,179.9726833160804,113.03643828751296,31.481195541766333
606.1096324219632,180.0969484799677,112.88642692295831,31.099016370756594
603.0829155273648,180.16455156379155,114.16195182863501,31.004500599795147
605.3021316799817,180.43500777039765,113.5995880576003,31.73104731531147
604.3407841695787,180.38003381375705,114.47213193133035,31.617570199179042
604.1255609541938,180.71790299274684,114.19573293057636,31.48502217615427
604.6836827940288,180.8818762193251,114.41764111909538,31.13516528877399
605.1519511886804,181.20720907199677,114.34512068030506,31.23111901569235
601.9860296550685,181.50208883425884,115.71699917781876,31.225762752166723
603.1032355961675,181.4727219104234,115.70797166910586,31.480330906625294
603.9513395119053,181.22326971625634,115.14949650420746,31.562372367396613
604.2145775503765,180.4352297617207,114.69282946885599,31.58809678654014
603.7564728474547,181.37702363315924,114.64235164086766,32.01985350251064
605.1946241717732,181.77124504847083,113.9662910278165,32.34152623811859
602.997004503106,181.93781289772963,114.95106048474386,32.33142928075267
603.8323363212658,181.42920289826816,114.41325378556041,32.5322819987892
603.3959566455296,181.44403647336446,115.07415047142676,32.49980648876621
603.5748766067429,181.82562275700408,114.31898477967826,32.21220325645859
602.5399238641525,182.0371358335502,114.5538640284469,32.391922446292746
602.3260563421892,182.19773738341783,114.9229985646362,32.171447974588325
601.1671919650743,182.48780156296797,115.72947717350993,32.099404588025145
602.1385790039459,181.86171812304013,115.3697629484022,32.317263930949835
601.4655507369282,182.09543725018418,115.3567604878599,32.27479422253706
601.2770526952017,182.27201828066353,115.35886164384885,32.5370107682088
601.5561020810205,182.17985360618906,115.27637815716436,32.228476448254995
601.7055081082193,182.2511986631346,114.92997569084005,32.54088187124877
601.0650932743227,182.7548553121207,114.99213065694721,32.49347033760927
603.0217071595973,182.75491411456,114.56775122533134,32.513464132676845
599.4693754677846,183.28730175346217,116.06816216036646,32.7009073337452
600.3200234147312,183.41301372928095,115.71866419813611,32.68944483417156
600.0416101772273,184.3456423587192,115.57928759411291,32.199305601105294
600.7743189753797,184.56348598464365,115.40494442629785,31.903357628668434
602.2843079676773,184.53502419138312,114.52544109120367,32.09257441353412
600.6049548994779,183.7974601905816,115.26152808814484,32.295097944506665
600.4182008282598,185.18225218715065,114.70688890805434,31.934709214130365
602.3740248377635,184.08567421682983,113.79778371015027,31.7160238849414
600.5750519829079,185.19497233526602,113.85186891301359,31.662225714747493
601.7033116801392,184.31036670964994,113.75512941146064,31.261583668386468
600.1899912402594,185.35244226106926,114.0262985640154,31.396103830052034
601.9525217312523,185.48590749333226,113.90880941901875,31.514736492022784
601.3750465237465,185.4098670630683,114.5598771020356,31.750946871568104
600.9093900789501,185.79735363805761,114.6608041667774,31.963448659383097
601.4081003400685,186.1390873175397,114.76062705689569,32.09942473566338
601.0653040621704,186.18807931455572,115.59570169291983,32.799640085956575
601.0389451563522,186.53880131971664,116.10356190211228,32.45116771125194
598.7009610712212,186.77322382581443,117.29331338518827,32.663188403385725
600.7332733872912,186.71490134397604,116.41487266650685,32.90556387052426
601.343119501479,186.06718716225757,116.14816681080993,33.12402892485538
597.7124142501868,186.8245805679498,116.85231097027211,33.430843761858455
600.6954247049949,187.00919822543088,116.11046198397035,33.86000548424515
600.3670398058564,187.6080849484959,116.07328743697005,33.785674957325085
601.3025569805893,185.86019937368567,115.62248921565663,33.85816845830378
598.4771804426606,187.34881532565726,117.03507216051435,33.55114970693569
600.687801791207,187.89246225522055,116.37347499358009,33.48896007664129
597.8109286547589,187.39435273619114,118.40047772431035,33.922513298282624
600.6510225633316,187.35092074927286,116.79311876556059,34.295203956007136
596.8688653260422,188.02918792829365,118.5415982176055,34.05353630271594
597.5883376054969,187.3933350401598,118.69407671926922,34.52326424524668
598.4546673971209,187.96655309298552,118.76944871667777,34.73068791690121
600.146690990871,187.70533106155676,117.56136447129361,34.74676190612364
599.3762461332238,187.89026455442803,117.76047541806149,34.50936151992704
597.4403847523796,188.64471970403008,118.34364154441113,34.155234243597796
599.2699122773889,189.0156372293424,117.90096603300645,34.583054590236465
597.9245376986185,188.90895782803292,118.91633044987702,34.4779615072084
598.9689538678493,188.03082138888882,117.88236422697,35.16841288758634
599.5232346768444,189.3552814679705,117.695808365297,34.78928922507193
598.1366634095145,188.61896707235047,118.11876552892528,35.398875028133624
599.0747213429487,189.3673632633424,118.21407806749261,35.144218649156606
595.2018711077726,190.30287623137696,120.87071746146995,34.73341068223132
596.8746414777781,189.89302832617997,120.96356702596148,35.61816944068512
597.3398557639288,189.847975710459,121.05711821971903,35.609173542648705
598.013179450326,189.29632173616443,120.40976267742616,35.85163657339967
598.2496239785311,189.5244601994694,120.7553602977232,35.58438777994555
598.1762116702872,190.1475006150786,120.63575717632452,35.82567656399705
598.2451087401008,189.2088726961115,120.1267002717791,36.398648580840984
598.3407958876577,190.64333284377045,119.91781195488994,35.855687551581426
600.3200886844465,189.8100706758043,118.91947537078858,36.24285475676514
596.0988872878602,190.96794042676083,120.20913617083517,36.239250675936574
598.5580417674105,190.53318673820104,119.2248994947206,37.517395449421855
600.506761508925,189.86445219488638,118.27711314653406,37.59372772290389
598.6594503527217,190.29020828754028,118.82703277012348,36.97058700554841
599.2197517342538,191.39794678022977,118.4111190748634,36.58868622157151
600.6514342160538,191.44307947524157,117.91033537087111,36.48965400674555
597.746676252362,191.2312205643017,118.94924670207546,36.69808551906772
598.6601917497441,190.50148062840248,119.30158261380325,36.36410371076447
598.6092365159705,191.1613659261972,119.5631632316084,36.439808721129246
598.153661569352,191.4705409547412,120.15807206189021,36.46685799014021
598.9434995370784,191.35814446305375,120.25133106823358,36.96422135225245
596.5385312772864,192.3791813366915,121.77411535216748,36.5419379641044
599.0506533524775,191.59586394757343,120.82015188600516,36.56632668210251
597.6650235972893,192.2742607868344,121.69225975849676,36.1575510394577
598.607824353522,192.46787200024409,121.01934768062985,36.29135861001587
598.1701627050712,192.28681554940388,121.2760477838514,35.57397645052907
597.5736637945465,192.9548498667174,122.06508367571267,35.44239839088835
597.8021326704242,193.31625973729862,121.92860416212815,35.38638955815965
599.5996919232055,193.10345700059486,121.31691493936262,35.91715072724296
597.049846502696,193.47864296960466,121.78317293978344,36.44653075893828
600.1680940107515,193.5881138762648,121.03133013848596,36.80175062389679
596.8560909291641,194.75630068520147,123.21350571959346,36.791844021695226
599.1709603241882,194.05360649778405,123.2563189019594,36.82803632940373
597.6029620858353,195.4581458453734,124.02067492902829,37.270724207268216
599.9833079264404,193.66194642504104,123.39523011211482,37.85346227442158
599.2303961204699,194.23907084457605,122.88944210352338,37.96946245580311
599.7908654647813,194.50026871739323,123.1647367334869,37.81187704288889
597.7871739720854,194.84266883704996,124.41571086239162,37.75651401593672
599.4058715852045,195.49071999506197,124.23306210969429,37.56913770760879
597.0791523540973,195.8692433370395,125.43733489641045,37.69901602899718
598.7063990587293,195.91577814901677,124.63174811651584,37.81208561501134
599.4936487914248,196.55142554452917,124.4223772413931,37.63279213567837
601.1025805394147,195.9132095994626,124.16428649226756,37.43123002123315
598.3129883230213,195.45904201323887,125.31642757990993,36.552925681138944
598.1113593929756,196.416643527821,125.16811623715293,36.13287875496653
597.282598392432,197.5241239347706,125.86404273108985,35.88076873945958
598.071235085733,197.4093247764585,125.42019430851458,36.51663066055775
597.3800187765697,197.6730855227192,125.39101441655018,36.48307813075503
597.7834236327068,197.5619149633952,125.69425425601565,35.81040527275958
597.1973054604337,198.65181605919275,126.34335364614472,35.742961962453855
597.753592970098,198.46569045906534,125.5615469498301,36.08939314218602
599.1172642579139,198.63153927140633,124.3800856157323,36.47976068489146
597.3710872227502,198.88608120125556,125.40478821743292,36.30045029138546
597.7319977177375,198.78997055764754,124.71275174520233,37.35823889312468
598.8162747213572,199.3601716211505,124.9633154764933,36.97411988225241
599.8347571258581,199.49775956252208,124.6652495773931,37.42725628175415
598.1736927393631,199.79289098726417,125.61372358049957,37.51088623157797
601.6271306681905,198.98158331005828,123.60463486589262,38.3460994334541
598.940095776376,199.09877295630267,124.33420942167716,37.67272150142264
600.0475665243112,199.50294942559492,124.37601046021035,36.850108396509626
598.6780249796993,200.26625269362884,124.83434677641921,36.65731548692298
599.0372429980198,200.38648596064633,124.49724856711423,36.8275935969179
600.042103600228,200.7999884581024,125.3208983464649,37.08024305406323
600.9477892324197,199.97847548372587,125.03692523909379,37.46051332417243
598.2947145148999,200.13954692324117,126.10809674080541,36.77639641540486
600.6885027575022,200.17376471141412,125.31489973111839,36.67574442081671
600.7851560518201,199.93831087063108,125.36673945226381,36.88256675308138
601.3129799644987,200.6700135695707,125.14462881683939,36.2855131054918
600.8466949640757,201.06770719609162,125.42426559690307,36.11103497035616
601.2654445463928,201.04525151217751,125.80578020064632,36.01682752146553
601.0434110888964,200.9009236042284,124.06931576279553,35.964618435305326
602.4442687002507,201.8445930967298,124.03972058255843,35.68647913163048
602.0688638134862,203.00779731382858,123.36276018771574,36.01867856921544
602.514595589562,202.28869064056164,123.88076729436685,36.20148175499655
602.354516925847,203.00577881195272,123.81558731076211,35.91543361696982
602.0048176383281,203.56356528382886,124.63928289709429,35.595751083580474
601.2541826300503,203.79653338590367,124.78620740284414,35.64098345983197
602.4833595474682,203.1987125636321,124.50636608587236,36.08569977361902
601.9937482258741,203.19336978806916,124.48965184914647,35.4436547228181
600.4437096892734,203.80412880281534,123.64093113324213,35.65118450607775
603.6552995047233,203.68302980779083,122.51117088907917,36.70458684134203
602.994298783968,203.61369282785722,123.32104045811676,36.55242363416383
602.8058195616571,203.7877957529014,123.43480813107018,35.825804788076034
602.4463269328862,204.15147574202575,123.8811067047354,35.99358518661191
603.4947176152333,204.57041669303052,124.03348337135989,35.86844739938054
601.5515958999322,204.21466348148113,123.14813602306685,35.06642065876625
605.7208501138892,205.1584360454738,122.03059071175136,35.3973004204192
605.4462901233426,206.3400675187759,122.46161571144592,35.61444145803408
603.5078306398814,206.11569159096842,122.77878528285892,35.7912832308265
603.5883330547067,205.56409280019557,123.74067225796202,36.76002963716743
603.0707671807329,206.61692469041694,124.50526170043588,36.40239496656932
603.2443430285059,207.29767979417647,125.19451427288037,36.35297373375617
603.9256808438427,205.96722323338315,125.86844242600024,36.790891729853996
604.3773721918869,206.77824629029308,125.72778942313937,36.318776401934144
602.3918015894017,207.0204167992204,126.90692518078751,35.77339960822207
604.6479546879766,208.1372210539698,125.87396958146849,36.34133595193617
603.9396463866374,207.78371870213545,126.1992495687528,36.79173277536143
604.3171848358742,207.06201852738644,126.35392163614966,36.08378708061696
605.8109667605615,208.01624742008616,125.35792729304637,36.0769329054574
605.0900376351625,207.56488491810157,124.82660849056633,36.24362969910054
606.2573197694928,208.26809326623442,124.78138070268312,36.325010064615824
604.604135506127,209.09970011257087,125.47317586272962,36.41079171841859
606.200007710473,208.6873098325893,125.35619866874978,36.36867918400645
606.9962192272072,209.61521128488937,125.70939044339094,36.570275110492105
606.1456025530439,208.86592555416058,125.80018828118514,36.39000739128201
606.5462674115983,209.40174862172114,126.43297685939845,36.15748600255576
605.2467240581058,209.2481291817537,125.7789532014614,36.2934897804616
607.3089996996302,209.58040470227533,125.51617795496507,35.76828005221792
607.3665826961096,211.2912079499531,125.55842552030086,36.71742998436119
604.4891194418807,210.15667475548577,125.84366835059453,37.17528409644214
603.3379238576088,209.46065011245133,128.466676277807,36.9656738038489
601.8313286212037,210.17583537036342,129.08724070781534,36.36088779974392
605.2422923000439,210.951065119216,128.2297738643102,36.2944426154333
606.538403154231,210.8192366967538,127.67815168689356,35.97034618272896
605.9819178389007,210.9748753562794,127.65115003408289,35.928663949711634
605.701707989955,210.83815497452298,127.89872683202947,35.50505874558709
606.070812142323,211.5135199866722,127.47751708637587,35.975587440362304
606.1946361656635,211.90701386450843,128.0584410085198,35.96793202113703
606.6417191832919,211.89076721463522,127.2590201989868,35.573483075809335
605.7936846753678,212.83322381543394,127.83691942993354,35.96449276234323
606.8060899373171,213.04121075007546,127.63870427998833,35.874547031064075
607.1107969184183,213.2199266726707,127.73266129314243,36.516622760545665
607.6766074829574,213.35254027945214,128.3778372121953,36.4298309716091
608.3226831912352,213.02956380393226,128.6506140651394,36.347192427175756
606.482957942898,212.7062897228176,129.25564526894095,36.29516476340387
606.1629299995395,212.85161537624606,130.12283567161523,36.567663017969636
606.6383479395773,213.4618121567059,130.75906470613822,36.87552713536779
606.0308189582647,213.5107749231172,131.37742480200137,36.67887984669551
607.757391645087,214.1533062375047,130.62184494776687,36.92092580890318
604.7055597852719,214.32194574388797,130.43982360574225,36.59206123524163
606.3959928436515,215.13423549386513,130.7681217482193,37.60913351593449
605.9785087478926,214.0915106090254,130.89592047382956,37.60128818074243
605.0647687941888,214.74996787014862,132.77320578297676,36.844649168893
604.551027605263,215.60562028573273,133.74798331313355,36.848890795336445
604.559978964342,214.36109047234083,134.2863998533282,37.1425973696953
605.115996954864,215.15236379773765,133.75216294398453,37.463849179386976
605.9881648679882,215.23113757924366,133.46784541465573,36.742047390527034
604.3519917727859,215.39156455056687,134.20412077004715,36.18193683478536
605.5697341946569,215.9811711260779,133.0126137104715,36.72206071428489
607.0758259947333,216.04004241715265,132.28760821597038,36.70804388295153
606.3735939652702,216.35749652073116,132.7550862904078,36.657810996022846
607.0265069114389,216.15655977778968,133.0942701903991,36.02961917121684
603.7451401560651,217.16822457343864,135.24778025611772,36.20212733367666
605.9472199703512,216.82563769517907,134.86437685987153,36.668029693990405
604.3476888821522,217.16524086991504,134.53378032916913,36.180817037131135
607.0807053032161,217.49399551677854,133.72063136901417,37.23469450011754
606.3099326590556,217.93219918039227,133.8159538610624,36.90129993234635
607.2276192171037,218.6252904573281,133.8973354804439,36.746862211395666
605.9107555091489,218.68429898651164,134.5207922744636,36.320162663383584
607.7019304702485,217.41495431623497,132.68285577128552,36.490057053154175
605.9875191595991,218.28246403304667,132.51823238839995,36.04515526831268
608.1178059822051,218.0627843359891,131.9309068899142,35.91128522118367
606.7130558207477,218.4767575613845,133.17095844505116,35.442257146369315
607.2506746851105,218.5518311519417,132.8861591277784,35.74346203833871
608.0639070222859,218.90078248582486,133.10808500803333,35.73362799908855
607.9755882907452,219.2268688555322,133.52976458226294,35.9213148669775
608.3581409998221,218.91121890575,134.09972617578478,35.956138708358935
608.3037547017232,219.10512975862738,134.28893574999543,35.91596838969914
607.2704732673426,219.48860501034267,133.96862946892185,35.56506889044752
606.7019570378934,219.6383527519611,134.39144888823273,35.478843935207635
607.6626134244752,219.54917509062503,132.96111266163473,35.199707592955825
610.3604975813812,219.73396050936952,131.42050678327308,35.04677711373008
610.584926732923,220.28293815336482,131.2393833206224,34.60569351044883
611.6903461938953,220.53599532350256,130.43277660898133,34.55796456152311
612.7259141202721,220.80955430042866,129.29823542406908,34.446259111670855
612.7047368200077,220.9939551170914,128.9449841389265,34.46309977868429
611.2834552918764,221.39642230333203,129.38293097804882,34.059787981372935
613.2878553335214,221.51734705509884,129.1900065677298,34.02704695074265
609.926998812817,221.80830570082585,130.85308469576535,34.26858956784933
611.1754978261348,221.87468171424865,131.28246942440896,34.293433394827325
611.9239248713573,222.10575861481237,132.03212725563884,34.35531567880295
611.795885972216,222.5268051102582,131.7868637611659,34.25830944284645
610.4796314317082,222.31698259336196,132.1354847956743,34.89212187118099
609.3745419158481,222.5423928233873,132.77364083884424,34.80824940719433
611.9563385870213,223.43164840528195,132.13535783895685,35.68265921436334
610.1178715533146,223.17103017621548,133.65229606544904,35.5750302873456
610.2770099527489,223.17476792447886,134.26842161506661,35.143075449182234
609.8957375453322,223.03926363990612,135.33518705856085,35.10368846999689
610.2749582079042,223.42095052994716,135.3339174698069,35.479233272790815
608.9004805137921,223.47206059131162,136.01860132403968,35.36681958607382
608.8545237137005,224.01643139284187,135.62803946792695,35.326612619855055
608.8891433920636,224.16970707039908,136.0860604300408,34.72289131877801
609.4688861551941,224.2343227663511,136.20321751629743,34.33536253073075
610.3032672670784,225.07091131764616,134.4112022627386,35.11322166533598
609.1474442788059,223.96499140911993,135.34856738346002,34.74886851632208
607.2955777397505,224.51290619713197,136.3450406677211,34.577019433232195
609.4018108650541,224.7850212117471,135.27101943252183,34.78793586119619
608.2917399765241,224.48049458438115,136.01953402946506,34.4385709306721
608.8078113169383,224.55179513916923,135.1606818192821,34.41342083926146
609.0576668074501,224.84606708528355,134.77632010648472,34.273809908240054
609.2850946935798,225.7095606352883,134.28456445622993,34.3348790957109
609.4081092989177,225.46942342636225,134.5879129415141,34.37211821949781
611.0250472550874,225.68570928019074,133.8201525877215,34.14116219426944
611.6354179324593,226.5443330757904,134.57499957938703,34.26875074849706
611.6797336077146,226.42081469122346,134.60039822498993,34.70244886335235
610.5419274129009,226.02196007822678,135.11911072082677,34.75971931823954
611.7648360450797,226.62944556830882,134.8479931363151,34.96087393956836
610.9253444740776,226.5421625225468,136.11998153097156,35.285939412314896
610.4003622015175,226.67293925441624,137.0250493211571,35.02678728038373
610.7296060469962,226.24360993486818,137.21278630704245,35.146132679287206
611.3050701185148,226.73791033434688,136.8583993474544,35.121123939890104
612.5766267170819,226.56737072717192,136.28627631070623,35.163430037722115
611.2749249731577,227.11420342252723,136.39691500106002,34.72972284404918
611.4911917552333,227.0091651892492,136.01488587832586,34.83634128138952
611.4257607785436,227.04900237032706,135.64685998393816,34.516516667453814
610.9606696271698,227.66533914857965,135.6179967531494,34.910369460623556
610.9980155535218,227.87662247658633,135.0989071549366,34.454213237213345
609.5345972204104,228.0516787973954,135.48105382571384,34.2873858860883
610.2517299778867,228.1319212023674,135.31593065084212,34.2781834583458
609.5412456552691,228.49083487000564,135.68226614237713,34.06555407499272
609.3227455280393,227.72584523211944,135.81393686440586,33.942377360805544
612.7804298710029,228.29201492466947,135.01053235406667,34.64379844194254
611.540839615555,228.20474052232598,135.9973370768525,34.78892342993346
611.5338218759786,228.55537954532156,136.07429739437174,34.916422780892546
612.5380095632626,228.37814079528525,135.48787859436544,35.01161820482595
611.37252176116,228.8797641350401,135.55245149743132,35.62394782031643
612.4255353761071,228.83480766267104,135.06044919614885,35.32080099778827
610.5299709022731,229.74267190636715,135.76357226903463,35.40696850110757
611.0153975200111,230.1220949245037,135.8107430751199,35.12347758895271
611.7955749638393,229.73290592161163,136.18187743140135,34.68968846913876
613.8053503593981,229.40769674734884,135.092105959733,35.05947622032648
612.3188717045701,229.53924137670714,135.36082908809948,35.619774815628176
613.6743274634042,229.86889857860376,135.6330639330626,36.15513250841073
612.3950293225648,229.84333826043155,136.46850400566984,36.40727214875735
612.9087104539487,229.98716538416585,137.02431300176215,36.208206422263075
612.6104012554154,230.297835744382,137.34039375924056,35.83976675230802
611.9371140517134,230.4847239977713,138.34800357632656,35.96593504066597
611.6466991167194,231.59810751370063,139.0055550494073,35.99528564146573
610.0545337326863,231.77572913426096,140.17550498790797,35.89417036440388
610.2389514576704,231.77907348789591,140.0443826838727,35.722230634884255
611.761218295095,231.43336706818883,138.2479682912964,35.86514954760222
611.25603718604,231.530996552847,137.76782816275323,35.868886905306525
613.8217022588815,232.5818404267669,137.43285355614773,36.00072602758826
611.2500901800817,231.55886523331168,139.2996502342859,36.37216840830902
610.4745360508791,232.16692396322418,139.5514110991918,36.2433798142704
611.8853629316397,233.04210747306934,138.74636361667154,36.55779387937608
610.9714191939115,232.88884510456631,139.04813363355657,36.162939095133794
609.2770573671795,233.61481334035727,139.75082255405727,36.47680013946429
608.538623371735,234.0353626449039,140.1183518575217,35.92322402199236
607.7829828264286,234.064616930789,141.19315916172778,35.66327154690901
606.1509272748142,233.28592027891517,142.40090432919158,35.3526414816466
607.9400848054217,233.28451032963213,142.13912378970406,35.558635408472995
610.6479299536123,233.0480061005656,141.24879224142592,35.372643221591076
607.7589695047556,234.32806619165993,142.8676334711268,36.0664651448243
608.759312595043,234.62141703755998,143.67477878608918,35.51433003650341
607.5130736130284,235.34056463256834,143.37967127818547,35.6664328968868
609.5865909034168,235.2699492669417,143.0536401244581,36.11857480500889
609.4805406147417,235.9705031061664,142.97560098921886,36.27665667657361
606.54506618431,235.09872573857905,144.94625944999646,36.604863490242636
606.1765527039182,235.4614070417167,145.69660039805692,36.83709432482217
606.0281657651719,236.21025063048515,147.18329789633304,36.81427130155862
606.1702770323967,236.3004008526525,147.87319191723535,37.0952712832365
606.4070765496685,236.73508394553568,148.5159930613505,36.99522856582166
607.6334198140089,237.15653536563548,148.94397104486234,37.07016034038779
605.7154314900131,237.38329152765374,149.02147102188454,37.15831769530777
606.2427626802719,237.53155359775877,149.529435169168,37.319140700627045
606.1624040168166,237.76173258995095,149.84930848320727,37.22613165121674
606.7508805409101,237.90101443138218,149.23822580545067,37.30044990987678
606.317716367741,238.37526291563475,149.73648230879292,37.46551671695254
606.1639721928599,239.076689643785,149.5498024388553,37.32951546848112
605.1234268418125,239.37313662982797,149.40301675946495,37.29715521753574
604.2081805023452,239.11375367735408,150.69254479549744,38.14527005773829
604.3218024434873,239.0073741793477,151.96618657502856,38.52598544818881
603.4436344029459,239.44458494772562,153.80132699473063,38.200586042239244
602.6972288201843,239.67819781449236,154.60286792061441,38.304704285650715
602.8839279445098,240.2023727619234,154.89109778286618,39.001211724388696
602.6067904753493,240.36601054349822,154.68697405233684,38.8584421184917
601.6058307512913,240.46046582983632,154.77636776707726,39.28796022350672
602.5048857365878,239.80454933557337,155.20173620400385,39.42464129071935
601.2677171937997,240.1304450779807,155.1186806304604,39.48732659169137
601.5632505453085,240.92219711733983,155.83662686205793,39.74786111449119
602.6380770672662,241.1251516716551,156.38315281776872,40.404141140429374
602.8862612217843,241.0205660865116,156.41438718844887,40.53819528376032
601.9065225552075,241.76168114855238,156.16696813586765,40.584054519445786
601.868462788411,241.5689301763461,157.4547841319597,41.10340103820805
601.5790926732391,241.41480174833174,156.6394519764753,40.35996359168861
602.044055948568,242.2444803264774,156.49520355923687,40.35262266834295
603.3973478361016,242.5239980544432,154.96293425932316,40.80274208722709
603.2053037967695,243.48369731509553,154.39808936751047,40.59053055310778
602.7512277677538,243.8146430686026,154.79462368851335,41.31058365371777
602.4199902176622,244.28738958167776,155.02098184106006,41.416106985591426
604.57911204617,244.35880444537239,154.58062657321798,41.6495367619297
603.8992136963356,245.0266598924116,155.78931575934234,41.2852119582294
602.0241832984376,244.8859997535738,157.50754433759076,40.80073002674524
602.759619922741,245.7199825330627,156.69806244091876,40.937515077107264
602.880731165558,245.8003174482786,158.12421936844996,41.163157233741515
601.3178456596397,246.16345819614656,157.7279944638389,41.14653643592109
602.9429436809504,246.59710320239554,158.71209207342596,41.54894140716897
599.7062739454792,246.10213285036008,159.24939671478458,40.73552595354239
599.853770423359,246.56698671721873,158.83806504022726,41.28783167399482
600.2705251815089,246.26688346648496,160.35477481625657,41.222366710999495
600.5275738028357,247.30168968824168,160.58519655552257,41.36782144596822
601.936505648835,246.92883560153763,159.02692287405804,41.16245738265981
603.8110468711081,248.32166115014698,157.35640299661145,41.2992905054845
603.6050318191441,248.51544209964948,158.20164559039495,40.818761007560845
601.414582384042,249.60472537516745,158.8968742395615,41.010089599450694
600.6004387555256,248.8938173068601,161.98073490352078,41.276509057758915
599.5299945256788,249.8747846044914,162.06589770265668,41.695561584618346
598.7906148905754,249.55159936518186,163.44497795686013,42.097675496334006
600.1677594733056,249.14119216594437,163.9529442074108,41.967543384844774
600.3982605018962,250.26740653598983,162.96065237759493,42.00917144639399
599.3470079608525,250.7373261161351,162.61520867990131,41.482533279600304
598.6982770297808,251.7829674479653,162.42089901026975,41.68988370540907
596.6916860098138,251.41622737870588,164.27617103676658,41.64465248917242
598.1078142141604,251.9966621585251,163.63883026988495,41.895691312136805
595.3143966451473,252.3623488104039,165.55667249766964,41.69895024575206
597.5896796844947,251.98187391622918,165.2630890592016,42.547549490641345
595.6378029645477,252.23625012492988,164.7745378830843,41.828972483750334
593.2401845428006,252.0968735992439,165.45033548052757,41.833735525539055
593.0254097419318,253.02601056372947,166.78225136256032,42.66746533377693
592.8174419442767,253.06531973999196,168.56625396207357,43.584931580347565
591.524693545116,252.63061890981436,169.01086233187476,43.68171775487314
590.1509036092014,253.30003045508008,168.29559717069836,44.17678621644567
592.9269286502129,253.52550810748144,170.46613919140475,44.7323192442414
592.6266556750653,253.0863124432028,170.1917243617027,44.162759747680454
591.3356593354658,254.79515538266102,168.76111822814693,43.73280220193288
590.899490870753,255.86642896938116,170.262326715313,43.97664842887035
588.4302040520774,255.68446699580753,170.7098583628516,43.78660812071843
589.1744087668267,255.8517732107609,173.38075395596252,44.17566816375012
587.6010743245388,256.2309401876124,173.27109301149756,44.09507611937164
587.0091167258724,257.07193934478903,172.0257774250618,44.75173282888666
586.7887005010184,256.7058077410834,171.80266547848748,45.138037478191336
586.1516268508697,256.9486870430586,171.56142638340066,45.0475696282862
586.0576362470846,257.3486825323331,171.17025824941385,45.13732125742945
587.4421504551115,257.2989019807456,172.58645569896566,45.13978850667175
585.7488170372843,258.37526495110325,171.16271520725286,45.02906621225698
585.9829525017298,258.1550479921408,171.2309268350322,45.38235556631766
585.4107616675503,259.69790249096053,171.01710452522022,45.46059735409574
586.2483028567282,259.38644385057904,171.80520670734057,45.21669396069326
584.2763660444524,259.69993532568327,171.9946522545386,44.506889259647906
585.0478883403262,260.34304734042666,170.476311490674,44.67400074670972
585.1906008616572,260.7711432138508,170.2327505320348,45.11696140950112
585.1157439548865,260.99135438297446,170.9259718504545,45.892757112641846
585.4641407305746,261.49947142298174,171.8458705635295,46.19405626261579
587.2680443381619,260.93395815902727,172.9200564341515,46.546970197217405
586.201268128529,261.3254687526466,171.72991399742114,45.57233675534384
585.3095855748786,262.47650799977487,169.86513869335252,44.84290595824338
584.3931977324772,263.2865562419639,170.7527754104728,44.348627881837416
582.9560988025089,264.5284911812219,171.65368611014162,44.41181453853048
582.7594746412123,264.6513370416948,173.4967248527617,44.45064867638078
583.4385864996705,265.5388129187265,174.01678391548865,44.512805114660594
583.8581632291247,265.69748759878337,175.07882150692993,44.71510496617856
584.0485922274304,265.573364705191,174.12338660357386,44.11035646574403
581.233857958188,266.6652822662212,174.11382769316222,43.464910789600694
581.6434293943595,266.99207509259253,174.66503384399783,43.91740966141485
581.4585936414256,267.1298057913404,175.7555793915097,44.2187875208286
580.3277965062059,267.7999305746993,175.70871144625826,44.433093285124095
581.9773390282876,267.44687716820175,178.10790251827697,44.28729512920897
583.0168682737293,268.66850225244605,174.77252154848364,44.23979300653008
582.7307338466608,269.5309499431075,173.78689031057704,43.31393289612483
582.3139036219621,269.19959057411324,174.9598967790548,42.87789916840232
582.9222414584167,270.04038210851917,173.40691645577178,42.80862023992155
584.1041931039812,270.3112031179367,172.69894962667354,42.884648291625645
584.0235001747395,270.7470131903205,172.5214813055063,42.91516449216921
582.7216075235112,272.1125924651206,173.08448501471867,43.15922185958023
582.0845969941435,272.54621266044995,173.6602108464099,42.98261932509254
583.9232191176388,272.7507178334632,173.77957575472536,42.909951238873234
582.5906233172818,274.1020731776792,173.33703858299646,43.115754945668805
580.2038529280462,274.3473491751469,176.16822090595213,42.65933032396685
579.9300541480002,275.2345363937641,175.77743255416078,42.847939893513356
578.8474497197026,275.23990300914267,177.3488006029338,43.3496252850828
578.1286306353315,276.4919775742252,178.79886285744993,44.53690921396257
579.8097912929018,276.5234536085426,178.59861581244684,44.71643434416272
581.3273022761421,277.1576136355784,178.12660346648101,44.33782163477082
581.7255320890215,277.304887522424,178.52833350572396,44.248989757527355
582.0824094028854,278.2412491921796,178.4432434860342,44.056132199976375
582.0765516466365,278.26010750462683,177.6626084808738,43.84213486670076
583.4163835495397,278.4981624139505,177.08780724257355,43.95253274714204
579.5490184084729,279.6890514924229,177.91907545136704,44.67658317456849
582.2389664595661,278.91167391859386,177.76181773480613,44.20437326650889
580.0621660612073,280.1779589837327,178.19287396215452,44.25898132198522
583.4375713107654,279.8962020625804,177.6686874562484,44.206099136407275
579.5360485968454,281.21023483451717,180.2301253563242,43.95971792428337
577.1021559560115,282.8448902191434,182.00055283854346,43.93517294907315
579.7004264039431,282.39912968712514,180.46628355599125,44.0811223699732
578.7079937999104,283.1503772234485,181.91878456325406,43.541545696477556
580.3640241038755,283.8949637018463,180.76165526081678,43.99518152968244
581.2258504302239,284.37382572375077,181.1122180647654,44.16881251084219
579.0410155557423,285.30993850078954,181.38711894282847,44.35666965677218
580.713100430516,285.05924091337766,181.07314660383548,44.075407156170805
580.2186349516421,286.25632373106754,181.7012628135742,44.46601783732741
582.8986554245206,286.9013101286905,180.96061284698447,44.902443866374064
581.8522140380287,285.87972635521845,181.24248185756784,44.2773542373193
579.2817692506367,287.74702963640686,182.91197001675812,44.95333297015739
579.6578367996417,287.5364917089266,183.35641999044572,44.66573644693779
578.671422346147,289.3114579279195,183.58874884761633,45.465408280593635
580.7699669484393,288.87601216263187,183.0974448006342,45.228383122419594
579.5764643790667,289.8623599248217,184.68513075618233,45.35389391574758
579.2129804722732,290.02661567417715,184.30142480034405,45.70126147099511
578.8477639900418,290.38829097078224,184.79475248331437,45.65495011136788
582.4888250190512,290.7836124189525,183.4931057746505,46.39048616781894
583.7430199161382,290.3438387408433,183.89207423665465,46.41723282172433
582.0464051358414,289.53441871211294,186.67865237229975,46.60634154441637
578.9425423222538,290.81442376920705,188.72195384442705,47.01704843828034
579.1677159227437,292.5752522046817,188.60924794680722,47.32162325120699
578.7674309340837,291.72275047879583,188.96787187075972,47.16089858393528
574.3078438713976,293.25736737514137,191.53771699721295,46.80092956046397
575.0868553615499,294.20731407429554,190.807618235909,46.44291789395409
577.6695788189329,294.66524504781796,189.00112861605749,46.29003475614679
578.2369504568999,294.4700089294148,187.70727354676103,47.197312213172296
581.232239523846,293.7956515057963,185.03121301803623,47.63488970953388
584.4431010669118,293.1958548554134,182.82931038793583,47.92133079115771
586.148714524118,292.99243866188147,181.2691092954472,48.580169505611025
587.826015849528,292.92893053268733,180.73258071898633,49.248130169187625
588.8493660741334,293.3914879158893,179.76589925954354,49.24048674526084
589.7488723499662,294.59146334394967,178.16105642900217,49.03909638642442
591.1059210662004,295.30333059299335,177.11294656436633,48.80333119452604
591.0585258943798,295.32469857041167,177.21258423583618,48.174865616219506
591.8945004969545,295.5957960164377,178.19374190714126,48.16057256923174
591.0237292337453,296.2381717178212,178.37555486248425,48.200521298920435
591.514776298789,295.972502177889,177.91157578086373,48.45060141612262
591.5579519499192,297.10697745931685,177.4648886107483,49.17903987099173
590.8135620951095,297.4691018481792,178.9716567548328,49.02417891144643
590.5757603489534,298.1316992595316,178.97471989925867,49.20781330987593
590.6020849852039,298.78145346004055,179.71987447094241,48.75720314360595
590.497851174705,297.98168404499614,180.59911073656573,48.81924220884143
590.0003682284007,299.18885544753766,180.46650997882819,48.99287526400259
588.7753146942888,300.076075843375,181.2775138979458,48.53760076198664
588.5946757445985,301.47075473987957,180.5929591396689,48.52760068735387
588.221056166026,301.00151726480914,180.21650982132002,48.49165586927177
589.0553410347258,301.5933074300844,180.78648320379622,49.13777955127193
588.988043016456,302.4570506845579,180.42066945771012,48.90601029270593
589.9462573934622,304.0093793090185,180.22473342944835,48.76175087513472
588.3875764660286,304.10335445238036,181.4234564744483,48.75307300277439
589.2137496773344,305.69301384296745,180.6772740817964,48.730177373513214
587.0255850543172,305.8325454858506,182.25374235011884,48.3302454080746
587.4806744909264,305.66252547820574,182.57844564286796,49.26480173827031
589.0003916617233,305.83509521638024,183.69918049282268,49.42557502085769
588.3884190624444,306.4517339357709,183.39407049283602,49.734464112271205
587.9159698005122,306.7975094224782,183.41610844864903,49.81430211513327
587.219602746737,307.7694847241023,183.32272883263113,49.64694237566795
589.2906249775908,309.7751971057774,183.44929558671,49.42598900072104
587.740284577331,310.5398375286957,183.7741807243189,49.07664690083023
587.7250079689816,310.37332244038083,184.84354002477866,48.6926469979408
586.518601899923,311.7775404624457,185.78085862197685,48.42967250029991
585.9772970140099,313.1650639035291,186.26013476629916,48.642174610229084
585.5712249246495,312.9840328747276,186.12932078930265,48.97920636558028
584.1060692779554,314.7332108600374,187.17146687466533,48.69072820890729
582.3067359524517,316.3212058835804,188.07227069961124,48.48524253161648
582.9663256314296,317.6232148763604,188.94941749558254,48.844298368527134
583.6216774391272,317.22624895376555,190.039133075762,48.17388556637903
582.7194606236826,317.8084659749554,189.50862000489258,48.243214382985926
582.5842368788841,318.8145147195136,189.58628974333692,48.69125789445509
585.6064575568926,320.25333674906733,188.46511169493417,49.30168427210829
586.6770584801334,319.7439707629647,188.10078228288273,48.51731993445284
584.598150246998,320.9291817487812,189.37566180028378,48.19400173408137
583.7821390525361,320.7924808200045,189.44383743861954,48.811268090370326
582.422702297094,320.67259625775904,190.4214576869989,49.03931056765154
579.353473862038,320.84668949580987,192.15329092723874,49.867196474851895
580.1842195616077,320.9805363321202,192.92220115220044,50.99209606340912
580.3131516718953,322.26259597405505,194.59164430553136,51.326243504252105
579.7095615909049,322.7270771325579,196.65028021766656,51.56336112552232
578.4046952086915,323.0224731485999,197.4792648521542,51.23509275924773
578.6928129338604,323.3153077223578,198.7427138106261,51.373975806511794
579.625532182767,324.70338162820036,197.3734108299921,52.273086845831536
580.8709106640897,325.8750886203235,196.95577567818543,51.82201885518895
579.2691628770262,326.65388634358146,197.3521996061342,51.438504420399
580.4970312597461,326.57884091932794,197.1842826899987,51.58753432679765
578.0051034168021,328.63629058294214,197.440465222522,52.076718440191456
577.1045076704089,329.29618618034016,200.730609510718,51.306476526660916
577.6111984347635,329.1042670235818,201.06598755871698,51.601622326119596
577.1044282944866,329.5535335934167,201.7857364408395,51.95708199059685
574.4721119447202,330.22639509744687,204.274011113856,51.803807110628284
573.8123366532666,331.0234209325995,204.71134581992027,53.04946466644974
572.8417331817682,331.13662369747755,206.11206151061396,52.55867409858483
572.7445252050712,331.43244267617484,207.0150745947596,53.57483875720267
570.7358138630225,332.2389706815219,207.6659102718329,53.51576217014468
568.188535856228,331.9630990781161,209.66603167935864,53.98419027411289
568.5943858712399,333.4294825400829,207.90728876084194,57.04885407572802
566.2310343520528,333.27567920278346,211.2531579313469,56.93452000585569
565.3156185628318,333.5399491813495,213.34934521849397,58.42214917458685
563.2423250345645,334.49572918210004,215.25748690639466,58.471125350970055
561.4082991964724,334.43020121704507,218.21660283152337,58.52270625431759
561.078680932438,334.4528226313216,219.92632671591383,59.86180677295887
559.96369061101,334.06066234562263,220.26314930306626,60.30334415450936
559.8290823414885,333.8646212300437,221.04360366978014,61.6811161812018
560.3501926675419,334.8341205896824,221.77545324154963,63.32046441050139
557.2625779325014,336.40496568035417,223.64555375211032,62.76504416002783
556.4302307621756,337.9081057058999,225.53579479024862,62.8627373138921
554.6226349000151,338.95488065416885,227.14447657192397,61.49957028416852
553.6925713337408,339.20063690476644,228.2267761102682,61.90628906561476
554.2650671039562,339.9138278393888,228.40315853619768,62.254095079863625
554.7077115874985,341.3378519990626,228.80134771093586,62.13347232276119
554.800067467179,341.0846681554698,229.64617839788656,61.92587725298397
554.3804073832788,341.8205870869731,228.90979955856488,62.805362548510004
553.7745475014724,343.8738108411036,228.94968759501245,63.31338359896016
553.7794217910917,343.1959928715695,230.70760758550517,63.25294202740787
556.0198408006509,345.70246847615954,229.53140385948825,63.47987336308311
554.6788133034582,346.87353456175447,231.25836123581684,61.999966271212486
552.9244807481477,348.08157476946946,232.79189805788457,61.71508015540208
551.4282323793749,348.1460247212838,232.99994633082878,61.81563234548436
551.8921588833393,347.9017596639229,232.78044820805502,62.72525661059487
551.6901997116097,349.5019315611623,232.07575251413925,63.81214696981968
552.2535899499596,348.6393386142358,232.4008552154266,64.07299236203434
552.777516093766,350.1709852161427,231.8781654702246,64.85648724371023
552.302142739111,351.1013257341158,232.01376580099333,65.27058572351558
552.4011296565355,350.51491715318446,233.4363035869282,65.16801442682242
552.6313025581637,353.0345447279372,234.1241253870642,64.97738531832708
553.30917153148,353.5294482772083,233.87257072739584,64.82361791217947
553.8555145525104,354.71837826722884,233.60133878536934,64.91467454381036
554.7462723649891,355.40082347448686,232.97034275772168,64.61667230629705
555.1859938457366,355.804469684952,232.2106981866641,64.12226990965723
553.21016840324,356.8617710484452,232.81847051545026,64.91605788572109
553.754391069843,358.205053484693,233.87432288397468,65.11969550683689
555.6650364032228,358.7972164079453,232.61514361764773,64.51766946821738
554.8170265925636,359.68208146255114,233.91425688178703,63.923114750653895
556.1129656166324,361.48933920253995,233.20670423279236,63.298068496618136
556.3163638849338,362.9487503937622,233.3622649188355,62.77931798379555
554.5966659799094,363.5635807353965,234.27677133861732,63.15504623343344
556.0978487122518,363.93663247552536,232.86901406280526,63.458130101617996
554.8512727784132,365.6406429036539,233.33841674280978,62.860032809691006
555.7562849082484,367.6380364717684,233.03882115231912,62.69001652708414
554.3281551528911,367.8344669063644,233.51472576886113,63.53779945966527
552.7931194561887,368.4113208471852,234.58171562750948,63.78158913023769
554.0974180969304,369.21168052374816,233.83906046351922,63.32525657133681
553.3675370988885,370.63866433894174,235.1175823418761,64.2872694357985
554.3148633726116,371.1739494321372,235.63854208617616,64.68947931629287
549.3065152366087,371.7507599001071,236.873843140674,65.85372399165988
549.4377241561815,372.3742416840895,236.90894900335832,67.5315364312623
549.5541647497387,372.9946336397016,238.1508501240473,69.03253816277194
549.6121877949431,368.8606002853316,240.0528010850768,69.17181509335344
544.8062671393744,373.1915079074767,242.08209733258286,68.84824061337937
546.7567598276656,373.2104260028235,241.69953419032657,69.15108070367677
545.4175455600434,374.5288752663811,243.8017263070002,69.30363953057945
545.2775341895614,375.55305573175735,243.95929916136134,69.47738907519572
545.8162889477825,376.84712065357365,243.982751369165,69.1890355453754
545.9150919151039,378.7060702527461,244.0091912841351,69.5746652999585
546.6906804366204,378.94541515207874,243.50884129523212,69.9842648182007
548.2174198841606,379.0814146192567,244.45906765978174,69.63603163230026
546.589709079892,381.49299799585225,244.14427208847403,69.63928720529229
546.4204687669733,381.01470060633335,243.38745366697594,69.82842936664227
544.6144135484933,380.8043515083448,244.78447012148484,70.93370413918066
543.6707455994829,380.73992549699926,246.33312954503157,72.31222850132991
543.1420893273847,381.76896044918135,247.54435305852684,72.78300900147738
543.74699854967,383.1036538447417,247.90798110675559,72.54265302840065
541.537728540766,384.705646627749,248.29262711818427,73.3518280916102
541.3598846767472,385.53164614093293,248.13747536862394,74.32530746139945
539.9321178616769,385.3474430249517,249.05148805275564,75.46531044946883
539.2667704563219,385.6171369217476,249.68929516361305,76.28626809736934
541.1269690854916,387.5472704062766,248.2529255990104,75.99834155791889
541.3687875181195,388.4129333708986,249.33788915974472,75.94453855425526
540.3485306413935,389.1299025029631,249.3575260579875,75.8784145032077
540.9017429526601,389.3460501110328,249.74711310641254,76.10308648718865
540.2968827992821,390.2362240566679,251.1423383167501,77.17553213284855
544.498214783761,390.34226718547586,248.73871815185296,77.63350307171521
543.2059786804258,389.8016132333553,248.663813776322,77.22562442090594
542.0234246024145,392.35688932008884,248.9405593785919,78.13630039763274
541.3643381816377,392.48011498043917,248.60847328556946,78.27249544647563
541.5999747192217,394.1079635167066,248.16456723213375,78.21767822406483
541.1107770116507,395.04532691874897,248.35584350514495,77.84895794580797
541.6650248546615,395.54433796205103,248.29835922570834,78.82367002612001
541.9961933407703,396.0516875797774,248.09113323762574,79.1378227374833
542.7686402108138,396.16147147702304,248.4238339674366,79.13277212191288
541.7309261714958,398.26979471350353,248.9961811269478,78.91845093993356
542.8180451181106,399.2637400012038,247.62793592666156,79.84789738091408
542.7945976404133,400.3367431642739,247.9945998043894,79.4233790426984
541.5343094812747,402.20191742551003,249.4067128488812,78.33030043256787
543.1693022710821,402.2477956994884,248.66773541650946,78.61383749290036
542.1283273568986,403.0344555108837,248.5976692658251,79.86587244681076
546.3062421456448,403.2442146270046,245.56745736801315,79.85690057309053
545.2907513153243,403.5024460143478,247.56952341497436,80.75748719511031
544.494494683968,403.7865426317213,249.41720894449605,82.7572558174584
542.8275810375494,404.8000303235579,250.56071804214855,83.964823800272
541.7005355440426,408.09189492385264,251.18625643390715,83.22370926029365
543.5681579232903,407.82227801115334,250.7468240882149,82.33040822887008
542.9183247451114,409.53225653520445,249.90332534913915,84.63920959541142
546.5986731435794,409.62064726376764,247.57310096978796,83.37025643993888
546.3672879251442,411.32817638334535,246.5977107684798,83.3149179655762
546.4919953992639,411.944842967589,247.73304309861226,83.2766955136186
547.9414689710561,414.41017249964284,247.26461943049333,84.20505585021968
549.2305511295315,413.04675469897893,246.00761539281558,82.76482410047021
551.8506362540967,416.8936211992109,243.22965238198884,84.364852731269
555.3250314848426,414.9494271281165,242.01396673390065,81.91385213792356
556.0091809553187,418.63446776631247,239.25506071629576,81.58597425552949
557.684216595014,420.5002659172801,237.67718484037954,81.24475294886813
559.995861426337,421.538436923699,236.13505359594956,79.5269220944262
561.9708149483286,423.41616548434064,232.79068863733406,78.50275820460429
562.8077936800574,424.0820031514435,230.93671767970181,77.93806518378005
563.0654333861206,425.0564766697164,231.83941017260918,77.74654957087665
563.8415779742458,426.5632395734333,230.94850099055643,77.31268854349011
562.5635899086632,426.9006303666212,231.2071155371255,77.31891588591998
561.761141750453,427.5433980347633,232.1106467470836,77.24667074781561
560.7783679328645,428.7199086901992,233.24065580983563,77.87453169195092
561.7906532688796,428.76356862375326,234.51771698062703,77.82703178719672
560.1727206477001,430.0740703710188,233.10484103864673,78.26643330049765
560.6667338480727,431.0463469240898,235.1218206326771,79.1768927104776
561.7780160516619,430.5935594196198,236.05045238321466,79.65692490932543
563.2325204281292,432.6879401469521,235.5009636894368,79.42469210705141
563.5522173671914,435.0912199979057,235.2711082156701,79.43270137130526
566.0860684334551,435.2915495814642,232.44508718250876,79.11870841427077
567.9387195971574,435.49538014361053,230.91123120838557,78.54409633586832
566.063998115821,437.5793810498965,231.69915497115397,78.2718024538662
565.2322758913931,432.73309402307433,233.58889904626915,80.51712878135051
568.431455941957,437.4916950716065,233.0275277578097,81.69216108040844
564.5030259439809,439.748733409691,234.32309714275846,80.65614770498793
562.8340606674516,435.21360333606873,237.50115845196686,82.54883023481332
564.7588162797464,438.0993436102425,236.37314364522854,82.61152253784525
573.2998267181824,439.1911610369696,233.127607982438,78.92800259603123
569.0331617949305,434.1126835929706,233.39420348902794,82.53401572681219
570.0547081329986,441.04210048180994,236.8835178998997,81.35651146618608
566.2278677208152,442.989638727617,236.10277401520003,80.85806131391242
576.4665697812261,443.3230364653247,230.4695807919603,78.61422679383188
579.5228258264713,436.372113336518,228.5151358101331,74.75047518245331
592.841008878417,441.3215352143868,224.7601199331471,72.1276924926097
603.5250421320341,444.9344162168495,219.32426837483285,68.87181383243492
600.5080091609082,445.7722195058487,211.92454899946063,68.3550405290782
600.6079315648145,436.52837722040823,208.56675633046183,66.86006156102327
610.6475262919188,441.38964101541865,207.9106576126828,64.02260498697666
608.7064554045705,442.9626580403786,208.36812735923735,63.08250601883166
607.6610792089758,444.89842272409896,210.38518094870557,62.610607864979926
605.4713318484868,446.28576015075515,211.66550621538613,61.781054527374984
607.4771457149008,447.9650174363182,211.0686976915783,61.71091751176739
613.5551789213331,447.38202373012314,208.75584569444968,61.387090621234336
610.075894310741,447.8304255174062,209.44860220319094,61.54366889372136
612.3118939551725,448.0172701669559,208.1347005779288,61.90042035639773
610.4219343519638,449.2567112192542,207.92698718831008,62.02151283892316
610.6805664732045,449.0451472620252,206.76716636684816,61.941592444623886
615.0368540155001,449.1385256760248,205.52645137195447,62.00327529299963
614.6737121521662,449.803067829858,205.9132327739681,61.96834813032599
614.3510144984651,450.441461901292,205.30399983890538,62.784370297761114
616.746904603888,451.2840661239936,204.24914845306398,63.124704369469846
617.4777999683547,452.3285781683912,205.15953285792835,62.71454243815545
614.3185783680781,453.94959252612534,203.7392908042293,64.65390036984176
626.946285304964,452.11087638354604,201.77842631276866,64.3719664210875
625.3460145898262,451.44317038922463,199.86710271015278,64.93454272599494
636.7960665942677,451.3273568584156,194.4260507448811,64.33040951641577
631.2626605210532,453.20607872627943,196.03852627518847,62.75177993746291
629.6421917303975,453.51983030435264,197.53608930997572,61.355916143079966
624.6205352070016,454.7631252485956,197.63693699008422,62.13349304316232
636.2304455388984,453.1111124573257,194.07755943772526,62.452761654177294
633.6716256131848,452.61005740062006,193.42997076926966,61.99339492105251
634.6503358878372,452.1324805736132,191.91836763115936,61.88530151770483
631.7885346995126,451.9519707092568,192.90112205039395,60.968901333914346
629.7879418377125,453.86809011244736,191.85289141766742,61.22748283194014
637.4633391097201,453.9722676708179,191.98440343980957,61.03555317278844
633.7520683950796,455.1730778523355,193.9614777551563,59.657644274090586
630.6472740094528,454.78505312215873,193.29003788932422,59.74523458625782
630.1568296817412,455.2079206714324,191.95211271601812,60.92163641546706
626.6117179735188,455.11982798031295,192.69612811297918,61.63187628829667
625.4533641423707,454.12460972248607,194.23617572943763,61.481546673090556
639.1633453957829,454.99992774754486,194.38134722228136,60.44721691717946
643.9271173996272,453.5615832796947,190.16098562640883,60.996969882168074
648.6451071683118,451.2955317044126,184.88893153838603,61.22389868492593
652.659661758349,449.45101670416454,180.66875948047405,61.932101481561546
653.0889119880417,450.0656418415671,179.05560686965958,60.58517637053424
654.0022046038555,450.0425537734442,179.2040743349061,58.93907941465536
650.1242375121542,451.23215508751053,179.68011999955718,57.831655262742316
647.287912393995,452.4474839244143,180.74341666367224,57.08725681609074
651.0509074778779,452.3037136412689,177.91802517203348,57.041288128670466
652.3417357403554,452.2823765338609,176.20842700456666,56.19769624384839
661.2609865194345,452.9060354039965,170.3157737969383,55.73284938504255
665.8119297007523,452.2753250216853,166.83765480862718,54.64341964368164
669.0949166888194,454.91749839533935,164.825478409199,52.964317637681184
665.8549177552605,456.244215803811,164.61734513372653,52.10443594391647
671.2511003004892,455.47233285002665,160.86058116858743,52.02470398969325
666.9598153201679,453.6545523018579,160.29538128069635,52.54775176504167
664.0521063895009,457.0558059898233,161.18838981090107,51.38514235770732
672.597824161762,458.90198459928814,162.47590333725424,50.48798069146999
667.1123385999317,461.7487410054473,163.35708874474065,48.412152018359635
672.5090588443819,461.6078423023964,163.7575118443399,48.40253222457517
668.7095990849248,463.02441680142994,161.37560147587953,47.950565045843405
674.9405658577463,462.81266355895434,160.3309971261102,48.35348136945521
674.1653538648873,464.6709648441597,157.24408586438318,48.378393256894654
675.4813700331823,463.9639772204415,154.92371590233708,49.032963950587714
674.9652254103509,466.95553737986796,155.0743629897895,47.30837386365347
672.5807420983076,468.6327444060046,154.35605174962353,46.54263847413387
677.6121156183038,469.11130743644725,157.19882538887165,45.95775837401285
673.483965419768,470.2332834220547,156.4529892312416,45.962591562321066
671.7711726076537,470.98612892810524,154.82785749701762,46.14775028639612
672.1611503398618,472.70819450644655,154.33024773231523,47.07532217988178
672.1326212712564,472.48105336315206,153.94317662728236,47.55193659143118
671.813072570331,472.7109453886274,154.84200542647437,48.2722205715269
670.847451690526,474.2848872517894,154.49239992896722,48.18394613260736
677.4178840556505,474.1602831158988,153.83561975867738,48.532803912966784
677.1821745508498,474.06447369735474,154.63066646111162,47.94605530363109
675.1705781716821,474.5011884324285,154.6019894614856,47.92805715017134
676.6776476708108,475.1072605827747,155.3629503241462,47.50086613944324
677.0027346204731,475.8117789147268,155.14789196384663,47.88065493556516
674.6303095505302,476.9262412396433,157.4911075265816,47.113334736121494
674.915643000071,478.09701977406854,158.09650662630338,46.974057859889754
674.1402794659275,478.6577922121897,159.09736720369952,47.28167254130922
677.3516343626799,479.9105151383408,163.04268492389718,47.01859086001498
673.5511691585602,480.4087972102227,161.77817401209154,48.81089834755548
678.647525688,480.4025564430695,164.4583183556274,49.641883821662034
674.4120577333247,479.7964123239527,163.24588514850498,51.55412545641359
675.3196323147224,481.95228406636244,164.00633449163226,51.2094029412292
677.6718999382797,482.4156542477191,166.10833475046667,50.11648248486886
675.9549000557865,482.0988983960897,166.57566112778056,51.06313713655442
675.7035141230417,482.5138981432647,165.34508169901477,50.29050118803806
676.4757521106228,483.14336328817654,164.7311825833422,50.97014628227737
676.0900405255708,483.9358978855322,163.75432351893568,51.16220633205337
676.5290946368755,485.91940038698107,164.19989339323104,50.8507011816113
675.8875860534031,486.10094716390535,163.23969553805856,50.99273011086123
676.0846456579866,486.37907373551553,163.74951421042658,50.5795263576894
676.155445126737,488.597912690697,165.01765681844245,50.52743471573954
677.4863728346538,489.9483526358603,165.09536073565963,50.82191170398067
677.4009258373897,491.6465510744337,165.52041730428942,50.617616758558505
676.6837461172117,492.67739514638805,165.09746012727595,51.15667287873804
679.5346150612058,492.40982829462087,164.36370183622952,51.973436295468844
682.040591255884,494.18110990354586,167.40978125257143,51.613397362744465
676.3877692632742,495.5089955217636,168.92745922388684,51.91532104137018
682.3246168910894,494.8638216190696,169.01457150280132,53.05974691424164
678.3592028999924,496.72216563366646,168.77511201911022,52.99308474958985
683.5587188311974,497.41509912344964,168.9265881975753,52.33902269014246
677.8160466912551,499.85775981587676,169.62104881737147,52.261403211046456
683.3778327551433,500.53380460614824,168.54264335080677,52.965501179095114
677.689999867587,501.91698991930525,169.23773799644533,53.326022630928534
681.6619748866111,502.6096004414055,170.06975364800942,53.00205060464323
684.2966415308829,502.30899554030486,170.40831653575503,53.21632707301633
679.7106408145453,503.84528895738015,171.2780552140896,53.9572416399719
684.6218042387582,505.0262902570355,171.11733881401625,54.031107775904275
680.7305044111166,506.43046794705884,171.2274411450517,53.57849395928713
685.373195888892,507.7612996588034,171.31057849111505,53.603592963490215
677.5429147561622,514.7344541745529,173.4499010080582,56.22262294391652
681.546154057994,513.2280467015925,175.84326449327392,55.640071667068455
677.4333627340288,513.8858445092777,177.07269418598327,54.77651909713536
680.9380749923515,516.2376689021411,176.7310332526044,54.24449570769275
674.7678961272984,518.4119057770449,174.2328039976026,54.22349106423776
