39.5,791.5,362,195
48.30440987810701,792.7760299267062,366.52963400926967,185.25178561858866
66.58791197163072,794.843871172628,368.0593002647166,181.0572395852322
80.57164232082971,794.1292157988263,370.99447885079746,179.57211394877157
91.46747846422386,796.4422758997968,374.3823315932125,177.13476463236162
110.84382778818386,795.8701102921391,370.2574575630295,176.5720722733889
122.72562001638585,799.7190251404313,368.75340171396704,175.07628314222217
137.86426318808313,798.8599819324404,367.19888407304376,173.00484924143717
149.05334873332757,799.0742615392066,365.3060644578664,173.37586608350455
160.10603441069753,798.3072126105917,363.73225561041863,174.45206796042487
169.4638590041752,800.7817499335954,358.8680265319634,175.8769097860989
182.727631048813,801.9534693278381,359.39863174224934,176.19424405761782
186.54978434356613,800.3329623585629,357.8624492949388,177.23695971909802
202.89204543967298,803.7840377617933,356.3647799688981,177.7399030330884
207.25627767207743,805.2531620469065,356.67282501109526,178.0031196091732
212.24677747417218,804.7292727240722,358.7415831222903,177.28020421094445
222.06266204883224,806.6294581056441,358.78962489079186,177.2442513711215
226.5267556346843,804.627972946686,358.4619480780736,178.80771571795782
233.6964831985212,808.1884371383496,357.3446940452137,178.17488141208003
239.81895088053056,805.925251392545,359.5628846330047,180.22701419572462
247.17850374046577,808.6050866477623,357.7469226873684,179.97107815913017
257.1093134331219,811.5660090455846,355.1823682694471,178.16900024532578
261.62946629078186,813.3884853467698,357.94940914509255,179.21037091062556
265.2845159166593,814.9537418510852,360.8221305628625,181.24492259673673
269.6227816913284,814.1732486669819,361.32651071014254,180.79162883704748
278.21461791502475,813.2570279378326,363.3128111153619,181.5983632940875
282.6386638642314,816.3354489666262,361.60649478300996,183.43913047871695
290.81780395917946,819.2125442312673,362.99478288344187,184.12504330245
295.0984593765031,818.3698144788021,361.7196583414819,183.32428892295994
309.2111650044286,821.3799808779737,361.34377559066667,182.29464555041233
318.3824993576221,819.1325378394112,362.9609844913677,181.56546079962897
328.99287657383536,821.2389943305375,366.14861762092613,181.49936008750302
340.5616932334249,817.9635670047647,368.5105114510455,181.55175195044617
361.6566044583188,817.1231952770753,367.17617063294836,181.1296094445238
381.1435907017652,814.0626234633041,367.1514674132784,178.9637138726569
404.1268005702523,814.67709123742,363.668245680782,180.9432831540874
429.7535088652557,812.2377219914263,361.2644888438318,178.31282681188392
452.6167950396314,811.3868102364487,358.79786443312116,180.50091429842274
475.8903938658735,809.6704648051193,358.743271429974,175.54590468891172
505.78169627467895,807.3954677650152,357.99654172250587,177.66661189628184
533.5806089488865,804.0212937071091,355.6975387649535,178.27685800977815
566.5013407077947,805.5105910175198,356.7348000743989,177.92862246405144
594.0814676604355,801.7307333480101,355.6947276460359,180.2601331331715
629.3965446283003,801.1336495362526,353.20557488287386,179.27091856985322
662.343654355349,803.589157656372,350.22946476650526,177.42157672086427
691.8509947577794,805.9886082167322,352.0198487137177,178.1972487038334
718.9104002842097,802.8108714953464,351.291515238031,183.27942404186126
745.2054307927656,804.1843688321774,350.1345104797814,181.2810333145839
764.8363377352423,804.1446046301244,343.7123520406636,182.19190899467483
782.7614661852037,808.1141919343488,345.49825741953345,181.3666318395832
793.4960018654424,806.6473337730955,344.8174095715731,181.3758227724863
806.1744081148363,807.5108790691335,345.18771737172983,180.1452722379113
817.936808278977,812.284703815421,346.128721044837,182.4178496792537
822.172306535768,813.6061509510278,348.1498845207033,186.13043245705614
826.7729496319748,808.8546393588258,350.81197042903744,183.72226565607602
833.3763032462657,815.9019825932388,348.0558425212814,185.9305479475033
836.5115531822298,814.7926435771154,346.7983936131408,184.0198700695907
843.4581525816457,817.0546280709514,351.3851819968988,184.6741677101205
843.977288710237,817.6465483283721,351.07396174683333,184.0776789665939
849.1901437464912,816.8994104999827,350.3595990405337,182.6427666141094
858.1995819864021,819.8532266236875,350.1278593634506,182.81746437993405
859.545120767069,817.5270010574117,351.7393413047858,186.73007220279254
862.0664985179081,824.2828361515109,353.2727017851073,188.01206573401464
861.5585299898107,826.782914509027,356.18225300232245,191.92150424160923
866.5358314905443,821.4555414287422,361.9701960448232,192.52120341408596
867.8018055373561,820.1700686567741,368.3383746906794,187.5092491399857
863.7327604819411,817.017547849688,363.5136607719861,179.96799763541267
874.670384622615,825.2538543478302,366.3580472540132,172.4062668482224
877.1733019767494,829.6692901018953,363.9836275795032,181.92973209073273
881.5856723611578,828.5829445605544,366.1192938632877,184.39930060819125
882.644093172853,831.4142753008996,365.0708482331842,187.77562574869214
883.3172098244763,823.0684348140825,365.01605965232693,181.8805794147588
888.672329167053,831.4040122688803,365.39763090048876,174.38908712951326
886.3100414575724,826.5927960872978,354.99358327041216,172.37175232806163
898.730283274203,829.4322556631639,350.33997996530024,166.69713911171254
906.7016520232135,837.0631053933296,348.09634071967093,174.97803860108087
902.0870925653754,830.8853543060147,333.6664520427659,174.2311182094059
899.5036206202708,826.9712713398208,311.7376351601805,164.6434542087594
906.7751779481782,830.3647494809389,304.5030388911755,155.7798203719422
915.7041927224057,838.3214715808027,300.9389772148324,151.35469615428178
921.3817315502761,842.4397956959565,299.7568627535534,147.6671824311876
918.8902938799047,840.6183055607132,295.25912869805967,146.01739546784466
928.5455227363773,839.4979604645017,289.38991734249896,147.26443871002348
935.5912451194633,840.3337388078461,284.521095482376,145.92920375763495
939.7454334467925,847.2868974578593,283.1419808053647,146.53828482739337
939.3171698748436,846.4145923354655,283.2612443969566,142.11880602132993
945.3294403771174,847.2776662488274,282.73743287429886,139.40343274181734
948.1350344200739,845.5514192827833,279.11828366643124,137.13872873459283
955.4633310979793,851.9178518238582,275.9890500441944,140.0883197054377
959.2331154677217,850.5173250735608,273.049787620514,140.0692055778689
962.7793305325933,850.933638965198,276.88407611440647,142.2317042996194
971.2496899781625,853.911305833685,274.1071558034713,143.71206070349263
975.5292604216838,857.5678880033297,274.1372600472273,146.63672497450318
972.4123315527844,851.0362384521294,278.7050544980714,145.72379306211565
974.700799849159,855.2828156940409,277.8033749310872,150.1086376111457
982.2065011932966,855.5276149360008,278.39533061014515,151.49568932816183
987.447871165213,852.4746498222682,279.14769213259075,152.70548253669546
990.8568254871423,858.4506437417251,280.0945201777448,160.22383666582866
996.6533730595197,851.6683974414279,278.14040210801784,164.1667591793271
997.7191656452932,851.2022737621289,280.2936056647056,165.0720903310783
999.7848149813956,848.6687210730365,282.0780014352248,168.17844241354953
997.8025282075857,859.2747763341076,288.90563925442245,163.88119234416774
1003.7004446135552,859.1224779615173,289.8444225521413,165.870388125845
1005.0259430386895,855.0214915592867,293.2894968167333,164.77265443871198
1013.7538486125876,864.6237691076037,296.4956398669103,165.96234603827614
1013.6417129022038,860.2719654438922,295.36773687318134,166.23260655047608
1015.6501929493254,865.9738064869641,297.16345679508777,164.53953942345527
1017.2387443797077,865.543323729226,297.1463660341384,161.5623641350327
1020.2955572371357,871.0896513146577,298.5591245424098,157.91329597022866
1029.9720202436858,866.9989194488829,296.32683902584677,162.91427025156455
1036.971231106798,872.6871961237243,302.6012215731316,164.5535581209827
1032.654117029445,872.0594567844755,301.19006330271543,164.3412951525591
1041.3700379505349,875.5718116448754,302.7214343385251,164.72121593077338
1039.6159223283091,868.5434097944161,303.4573268834157,165.0331693249389
1048.4333601629296,871.1442323810588,310.08149527030173,167.49948497183652
1070.140513580233,880.6019492869117,336.2741015692418,172.2500708461112
1066.018369569788,878.5337705339155,365.2558157883446,176.9029212701072
1072.1972441061405,879.0555643046063,388.6232257608,178.8195524525088
1052.1525820127376,873.0485885162574,403.33655191792934,184.92489571707893
1061.5211551909788,872.0989152552341,411.3745230707755,189.8027547958784
1073.8828776133075,871.3371818000414,419.6331176881332,185.8162204222661
1057.388337638663,872.7439755427687,423.294742968352,192.6691203186196
1067.5089770274508,867.6227498757893,407.5252510271388,186.92352427260175
1090.970009266577,875.4628910030862,428.36366104123226,183.41428904488353
1087.135296940512,874.0193404491687,427.6751588265647,185.71369571066884
1076.1652474733505,874.0823689706564,432.67325345955123,185.18736607198957
1093.5057325672049,873.6634803729236,435.86043980978695,179.9594255417374
1094.512408196897,878.0045200845202,433.42622891383246,181.2825059485771
1100.2499439440369,879.4130693353723,431.41908891869537,175.3443414123892
1097.4284685270395,872.803055788908,428.3098557791916,182.88660910038453
1112.9214841467206,876.480983967773,422.6444209961965,185.28435783001657
1114.5773997304477,872.7452360851996,426.44230511100284,187.62725972143951
1117.3389902139786,873.8238078105765,428.9332775539674,187.38757397195127
1093.910169573478,867.0918197125297,413.4808527764521,186.90943784490096
1064.9201468011545,867.8990800619656,397.8989114584228,185.6479744033972
1110.3291505346644,870.0216004416517,382.3160939421947,183.2174038421451
1124.8302669682819,879.856513942091,377.45325575743163,180.69292989674904
1122.4780485396002,887.7021566712464,372.5957396226705,178.57949952904704
1150.750160049279,881.9221967475678,389.16260547726233,179.1247167728476
1145.337094157643,887.9419106199871,400.1334774544772,177.0648553126132
1148.314241430951,890.5580738713395,406.4904912838631,177.33889929194385
1145.2235517409206,888.204279011983,412.0386821078686,177.0877815866188
1130.145885234416,883.1908241984765,406.0341281266284,176.3863516996553
1148.4343380547666,885.9568851273161,398.0482334199711,178.9394885052823
1157.2236955131766,890.8696887470526,416.6876716302745,175.18429987743878
1149.7676832429645,889.2211516255503,426.4331228447075,175.91554380219742
1128.0303875145298,885.8933014863103,406.6660292469314,175.22204910377133
1165.1906908141736,890.7956812050163,424.1006628930067,173.57213520795372
1140.1135364742552,886.3147008934903,410.48488594211824,177.42801668184035
1152.8418372922815,892.1752686856908,415.0395417616312,174.20235820685255
1154.2018763131175,886.1995902713306,410.1477444871707,174.86224942679058
1134.4515375633555,887.2569845836176,393.84076464209534,176.0735320185274
1160.683943723933,892.7930554777289,402.4111736965677,174.48273665434982
1161.517286901692,888.9814189176452,398.31141830457295,174.95166500742815
1174.4748509736808,894.7574501918649,417.25832611047645,172.60944111697728
1174.2037321106652,900.0288935856838,428.2786238378758,170.9742382141402
1172.61428815697,896.9817142292056,434.1113250950243,172.97790492778216
1158.8281324214977,895.6449118419697,441.47854219503677,173.77404983015805
1171.2536061881751,900.64222848258,443.867280496943,172.27818864488606
1176.7976848780531,894.9941907742443,443.4505926696021,174.46154656180107
1175.8340186161188,897.4875231860135,451.5915585917642,174.59710861602767
1183.7024687958892,897.9896223104424,448.8754763887928,174.78665473192677
1184.3410060152949,897.528992259337,443.23126487172067,173.89785204101193
1188.4983736191841,898.8921775509641,441.0176824690451,176.08219608756065
1193.7778140078983,901.4448618066624,432.4027069384641,173.6596181302009
1200.3966874042515,899.4655254706212,427.2236168218893,173.94699515484575
1200.601801391706,902.9808540602928,425.44601697832593,172.41129752166955
1213.0164084073708,901.6055996856846,421.5501073952217,172.7858833066694
1206.3931994553604,907.1398139256764,418.2314533710077,169.7917056377589
1219.2503377367045,903.3572279258738,412.6490398841469,169.07582849720868
1217.9832124162967,904.3212604153562,411.5872062791482,168.9643867225327
1210.8858935514172,895.004312429903,403.7671202431109,177.29238162741126
1232.53436543768,891.1237720100287,402.1482868683348,181.70325837501449
1222.9027759796859,888.5926610570317,403.02917988716376,183.83411546112603
1215.3670737647758,888.3103004380793,402.6205528604803,185.28453951998858
1234.957914749577,888.4038840384118,400.2046517184529,186.67725812567568
1223.7907936764593,887.0804432589405,399.616803192293,185.7215325185383
1239.7813987625577,885.7545163434004,392.8924523057658,187.01209188405767
1225.5232186231606,886.2618879336763,386.83455599079286,184.79240653647366
1246.354733425516,886.5300072556805,376.1109042139369,183.55968903869072
1260.1968789552561,883.1273252151918,371.05931838123337,184.3359651193336
1272.2249606923033,882.9082500408372,367.62980267826447,185.02458942298284
1273.8802347854783,879.9023376140773,359.6418159068065,186.16919183543988
1280.0990381348358,881.823891278189,354.1123280013476,185.5711397685233
1284.7358136672697,877.5053897952403,351.67093585513703,186.73371764603155
1287.7996041570186,877.9107021906216,347.1997598867554,183.85951045285617
1294.9031934142117,873.4697297426862,347.3619840482251,184.91477364548075
1295.54056746082,872.8658194180747,347.3686765694083,185.5238960752227
1301.3900709000195,870.6266601289831,340.32014710441246,185.50092000408085
1306.1159768658247,874.674708304018,337.3668495970602,183.0013242487878
1309.863087387817,869.4453164356319,333.1810385055336,184.0205961259621
1313.4174869550218,859.9413884784674,328.2099675998006,190.13164443162853
1320.5319790397575,862.1018750959641,319.24791323323575,189.75723461908024
1325.606175010846,856.1241919277417,310.5115148966048,189.44173808566822
1329.783573137599,853.3155819691756,301.4601927310383,191.37055770051103
1332.5559721611407,859.0063123466769,296.45079901704855,186.96516709203223
1337.698260010464,848.9875672815164,287.53603395858215,188.24720295435958
1343.2677355844667,846.0405363120063,280.55944176452067,189.3757878674562
1345.9302481418545,845.9887966812346,273.0840011261049,188.23906263295598
1350.1180265596538,839.4459744968799,266.53253158985854,189.87725148883737
1356.3335352832946,839.7691110167906,258.1944388105828,191.2817917319353
1348.3398465349899,831.2752906218728,255.25458935474774,193.523881906502
1361.2045883113547,833.6947133321162,249.5201398251165,192.13160613669785
1367.016281797485,830.2353585758899,238.15949788284877,190.0203813516631
1368.2890366808795,829.3310963154665,233.07925934847313,188.0363920299304
1370.9803117044125,823.6630774562042,225.81941013421283,187.7421858265978
1375.2233244072936,818.0442677874012,218.5456918496676,191.32171235335787
1382.532854134733,809.1331791207419,213.2527020563796,193.54129509662255
1384.8055173769535,803.4194895015399,209.18474257043258,195.57209533945428
1386.9449597236196,799.8464477198947,203.52951792901848,195.45605242366958
1384.7546367413681,794.6656859022769,199.90100661345025,196.7012137849474
1384.9751612390587,794.1309422605004,194.35448663961705,196.33999317885622
1386.8558558379493,789.2438824369042,190.15293180226053,196.9548406588798
1387.662017032098,786.0061715468145,186.5119475165228,198.45707180980367
1385.709943175444,784.719207408064,185.55114096900522,197.47945074608958
1386.4541168904186,782.1854072676554,184.60135028242135,196.05888368169352
1352.9301151307043,776.670319482282,199.34069820136602,190.2891749426579
1374.969296583449,782.0296172727033,188.7390078104349,189.42299332873395
1373.4135422207992,780.0545037703381,188.6124400255551,187.35714585833858
1367.091430983371,776.1924846853859,191.52895937053577,185.52637073863406
1374.1696505758084,775.4482147639354,183.02728396779094,180.81057220051488
1369.766357209848,773.4199292833501,183.5255449943952,180.54369172903958
1363.4699826525375,771.1602331924034,184.113213846709,179.9217870937308
1361.3008255312004,768.1170318367006,183.26803638410053,176.03567339746962
1360.986667749057,765.7473546050485,180.72990326977617,169.29710330969422
1352.718177199746,767.093496083788,181.56557949595296,164.17099483963258
1341.827839470925,760.3914775799974,184.57820934105916,160.41294164221296
1329.2088680890556,751.6646622826461,189.18247051175325,158.4174618585946
1331.196015554622,762.9912976776923,192.52727274892385,154.11321094610474
1326.8219558852907,755.8196330495432,193.12930476790297,153.99570595250304
1302.4811584549193,744.6963447029475,203.91170180804244,143.93054396741235
1300.407067652189,754.3915675871597,205.76584609686685,144.73938901099484
1288.5450320769717,736.9046892843763,211.20916439007513,134.91951113257943
1287.9453706235781,735.349199401717,213.00020511098757,126.06757241668427
1279.7822507419723,735.6593501175659,210.81262438192863,122.77254620777828
1276.3466065452876,733.4677667827684,208.7536705677002,117.46936178545482
1264.8755307896267,736.5594183276644,208.74900150670175,112.79827605217974
1259.9215956816795,734.7718114054594,209.5486800279328,110.31534678187666
1251.7758152923923,735.2406597179463,211.7915056701766,111.87604886445882
1245.5373875271582,730.7453725529803,215.15327622389205,111.14453827039603
1238.187109319013,735.5994616322712,217.21265333589895,115.43958632220212
1232.4854178002695,733.4966215972997,220.35198213118215,122.82366600102432
1226.7202759656893,734.1890615935632,222.99945093362322,128.03733274560616
1217.107870304559,723.701693385599,226.63764114612798,127.41828297187311
1208.597190040943,723.734478191885,228.4525695915927,125.93775307717908
1202.5349556794276,721.5763570392016,228.4178418200745,125.5898117734315
1193.5612321420754,717.9734495141716,230.77873224427537,124.22302592600508
1185.9048957124942,715.6263089113945,230.38153212902537,123.69562316433914
1180.814676508378,715.0332671871702,231.675895258004,124.71959612098618
1172.1639587513996,711.8091401687406,233.0979348606154,124.3359260859814
1168.0987614477124,711.8194331779723,240.4529972442861,123.71123628384532
1159.040671385038,710.2915896749614,242.21875775252443,124.16334802620018
1149.5346993229318,707.7591999920754,240.3615586837454,124.00005365677698
1142.3411711248837,705.2428607981307,241.19338466828194,123.01570050709913
1135.013856006825,704.0674695557149,242.53235965025652,124.81100913796449
1127.0003530960325,702.8423031410994,241.37466952022385,126.76884189520797
1120.6466919630336,701.3516112617974,244.55470532179163,125.62295933701569
1113.0433181813316,697.9339174178012,245.2743221243059,125.16242723491257
1105.973802337013,698.4247425410673,247.24600919525727,127.58729794463474
1099.192362193934,696.9971089876977,247.5200082696544,126.8172157953948
1090.9862754281237,694.9208917340077,249.22050581276164,128.37516315438336
1085.0985181782098,692.5667252133454,246.12985452004023,127.62122863073819
1075.0779601351828,691.7546038285458,249.32688127746377,127.21462595193819
1063.6048023093595,688.5941450586997,251.7594927654331,127.62177573541182
1059.5174113549724,686.9758216052983,251.36698300276754,128.64200954762867
1050.8267379710444,687.0152934301688,254.2235183005512,127.96131471288169
1043.3239420596528,684.7606606333296,252.66338883926375,125.63417056000361
1040.9520775295096,689.7255863035178,249.92694561422115,127.25801623843259
1031.8681234993348,686.0104051531505,251.68593205910366,126.49342522141039
1023.556163943319,681.9187627169312,250.7437209817289,128.5202482166046
1016.218011278095,674.4989401223959,251.85001538706587,129.75478718856894
1007.794469109152,677.5472762815807,254.31080193970104,129.214149267991
1001.501475462642,675.3493976468061,254.59748860724636,129.16215604539815
993.5993206275815,671.7718052381215,255.3226360221503,127.81684253983885
980.1884075065068,666.7074548199636,256.7123837620428,126.97401378028076
981.1100034598609,672.1729102863101,259.39079702942155,128.3222696343894
971.8876188593429,667.9205931893858,260.5053964322382,130.51916429834276
962.7969078259923,666.024583720946,262.5165198256442,130.90360809628234
952.6354113322471,667.2524877240589,261.5686062050279,128.2420958724022
946.521537623204,665.0988827017516,260.02849474671837,128.1430922490453
936.0963974983492,663.0739808010476,259.32618973720946,128.1311703274232
931.027828098058,663.3838894975148,257.1853209870098,129.59101565672282
922.5745727930639,664.7718791991184,258.3509486870507,130.0767513273018
911.7199957354313,662.5290624187026,259.35127132176353,130.2072779227042
907.3554721112002,661.6903075503897,257.25358324295803,124.96151431944409
898.3091369510481,660.687176629718,257.80523197787875,119.71584985730063
889.428546295763,660.2252021010949,257.95234382604116,115.39863183361462
879.917807876931,661.7452995876886,258.6689195939756,106.81429344393766
871.1119045471237,657.9026318369241,254.59719980303873,102.1594332304272
865.0094576679774,662.9827412748913,250.10903236499075,98.88204189919124
858.9390160168082,660.3631290084188,249.9328088927058,100.57235776497258
853.7409218296089,661.2463687303512,248.84739853875314,104.46673713321408
847.4683451257602,659.5526894352955,247.1116068837907,104.52881237277538
843.0044530654222,655.0695402441445,247.68625144912772,107.18113004262966
836.374701894164,656.9175642148796,247.5629766839624,109.98333595616228
841.4963563858398,656.1496807068997,246.1309976961009,109.89367711091585
842.0310229614446,650.0006520950968,243.79509172501352,110.24056573612395
849.0934948560594,651.7075022809163,242.51076578231692,109.15589612131878
853.875105014797,649.9823440307706,242.08454179580886,110.81706826581964
861.3315219257354,646.9681646582687,239.83643871639333,109.92994285371168
871.3259829527158,650.0849151747558,238.54034557407846,108.31239667139354
887.255210211987,647.0740767728581,237.48258391170543,108.3375153992545
898.5805259676351,647.1882860413634,237.102050900371,106.78731693772461
916.9863752125602,649.020520456594,234.8124628651695,104.97789921884664
932.2896969926538,647.9908232978426,235.11637067152628,103.5047578460757
950.4455773726053,647.1558928193256,234.57376273502612,103.85374589217201
973.339983158475,646.5184469014652,230.71767134300273,103.28661109480427
992.7331570910363,644.8847304721959,230.67422102703512,104.41500458447922
1024.0102230735765,645.1352621067578,232.18905852827487,103.67384359262998
1046.855528950601,646.6433042596647,231.78923913199299,104.6310715822376
1071.0589964926878,644.6518266055176,234.8785208243152,103.67543669643142
1104.5892082357236,644.8192576157264,233.36778752280625,104.97493429587982
1130.510107995535,646.5826643343244,236.43070881509382,105.6401714658346
1159.3215905693414,647.5660706088,236.9863730038685,106.18966927883844
1185.6051571330165,646.8735213248513,239.55861023961677,107.69534162834796
1201.6341977074858,646.4062440782084,241.15088047538904,108.44788757880315
1221.8928414519587,643.6576225097353,239.19775484112455,110.40645521944799
1235.958569711313,644.163145321568,235.72571423340955,111.09955702671562
1245.7711342979228,642.8023046840658,232.97822663287394,110.75980294706622
1252.2674829248606,640.8962152237663,230.7046747284318,111.0929999567816
1250.936831899474,638.8711307820386,229.07410015074493,111.94022725426643
1253.0675930141942,637.9921927188586,226.95912346013995,111.38340898278089
1248.5170340676711,635.5210104105435,226.68632046635568,110.41590926826956
1246.0206554617735,633.4507828958908,224.5802163298178,109.39336790159729
1241.484052190402,631.2587905118918,220.12973672933884,110.05047793460625
1236.1030527516823,627.8677248104212,218.08219817400297,106.88850136329263
1230.7199987376578,625.7421532061879,218.349677558367,105.8641761960493
1221.120678635282,625.8679394978683,215.15756304397576,105.15740229244798
1217.0928120165881,620.4749552935252,212.44278833997873,104.20301838626304
1206.044478361008,618.0674311985988,211.30992855943293,104.41107105000542
1202.2195040642537,614.5911109484198,209.12461785118467,104.71608242347219
1192.4059453395748,613.805185334551,207.56770312872305,103.0768641011415
1190.8141839049226,608.1011816877101,205.38262381058615,102.96478649172894
1180.2485491396515,606.4513591545457,201.8122085118977,101.59140716508986
1175.4466430044113,605.0527923696206,199.23045716034738,100.51421544921962
1168.5860534092196,603.3229979276291,198.28222094028246,99.49456647254316
1159.7526769285037,600.9646937382374,195.2526068921013,97.28612601974442
1153.7154719966452,599.3748018909504,193.48230825144907,95.44355622243211
1150.1675453530793,596.1049921869417,191.72254610497527,95.79370234340826
1142.5159957104422,592.7613792866382,188.76104124545157,95.73330165727188
1137.826375741205,590.579181004952,187.24770099519714,94.75722607392862
1130.2399144349115,587.6271206765831,185.87596074679215,94.57012433673061
1122.6826652329744,585.3230786610297,184.6325821268223,94.00889176209827
1117.9251984041566,582.1955748071838,182.95000756024996,93.02622558669094
1112.211839090291,578.8787313744343,180.96607641364977,93.57579160994138
1104.8102535125115,579.9237599492534,180.96352687801885,92.28170899667771
1100.5094792502346,578.5216217124862,179.62959293803846,89.71824648226242
1095.875311089335,574.7801076547755,177.79224055759585,90.22428815422212
1091.131918890988,572.5985913977665,178.12868378936952,89.95741203057284
1085.0692497033788,569.9737900415525,175.6373890753619,90.28475699656781
1078.6616266047802,569.3628229148765,172.60129255913586,92.01184868617098
1074.3604214089619,565.7328845342715,169.30830332084827,92.38208199176555
1068.0276245731586,560.8530066448078,167.33775808607078,89.30321034496843
1063.872671630445,562.8014696336553,163.89697192402258,89.11965741751462
1059.070952396543,559.4635050422432,160.83935050249875,87.83130592181968
1052.7548276334,558.8773618155129,157.6785262903409,86.95351095055227
1045.9995811188462,558.5708074229964,156.23338215307135,87.31954230479136
1046.7795040028348,553.8742158915361,154.5112283854499,86.15572046910722
1041.027509996005,552.7659628297542,153.49762703725725,85.74249175207885
1035.2067656083996,550.2163829965784,152.55098173815838,85.4539510625464
1032.0610148464752,547.0850762089673,151.14424189801812,85.05507809666985
1024.7737118688551,546.4289325857081,149.66271658836274,83.93753257502415
1017.8417809776165,543.0542045612779,148.04518901789072,84.29872777307051
1016.1276666327279,540.7390633084565,146.07134143222427,85.14038817524808
1008.5238345029243,538.0200558492828,144.3584265943668,83.50788165123969
1003.3879636485644,535.911456758998,144.9834167221162,83.33763890079892
999.4901071185602,535.7929708345932,143.083022849472,81.8397409231072
996.0156645861218,534.2340678663337,143.58589876956188,81.70677262258138
992.9555839813521,530.2935156099202,142.3303441870518,82.03086875195515
988.334070837311,528.2988252757336,139.91472773555608,81.11394583859892
982.7132742204575,527.7551509323683,138.72146028591146,81.21104458217752
979.7748140295106,524.7864742684208,136.16235731613992,80.96615821272991
975.4837895442608,522.397309569726,135.50635352229168,80.93263683655557
969.1024239619594,522.0988486456268,135.0808342888264,78.91609800544546
962.9396122558258,522.3122380806718,135.7065088172759,77.66505758929205
959.4511641866382,518.8317573517803,137.01191397108425,78.19404738531048
956.7225834792825,517.163098746993,135.19758475182692,78.29180041459966
951.840515506107,517.0088318479287,132.63455003288718,76.52397083092697
944.569736510626,515.0468561996116,131.3965589488497,74.79040366417144
941.5602430203433,513.4999939609645,131.37537347339054,73.62798575698872
939.0749694554119,512.0357151188673,128.0816832040518,71.59028613244891
936.6576025599106,509.3951547517722,125.57646011802541,70.86798332329391
935.1406993440523,507.1184884032771,122.38991548085166,71.73699028084332
930.7244253115744,508.1880506903524,121.37845925715263,71.95865342587199
930.0952857873839,505.8614095303467,121.07860622795393,71.30924930191645
925.7528751103056,503.2347967182844,118.36971357556453,71.44497334708183
925.5847947102485,503.70891729994645,116.1649388523315,69.50570011572142
920.215852116094,500.252626628534,114.4962698259171,68.73924147129837
916.9748544769908,499.55321575564614,114.08168617672601,68.01523703827603
906.7170003349162,498.1748081469124,116.96198959781631,68.0994556266384
906.7846735793884,496.5074708146314,114.51743687163705,67.6898739096195
905.3833936711637,494.98880616133823,113.43297238875508,67.76880333506763
903.6419113300907,493.77013220519825,110.74140045973112,66.61064784414728
900.4611990954703,492.36291208502377,109.21636203281113,66.2920877342916
898.8995496710065,491.9155454362972,108.03947317322114,66.01299446494345
893.6074019332656,489.1278133197992,107.26900617143518,65.89005888633136
892.4729492435905,486.4159585895349,106.55336383695641,65.6233566021191
886.6660264365963,487.265418993024,107.37556975842273,64.52468994941019
883.9156297669986,486.13830479861036,107.37277772679778,62.84146548542921
881.3348618855524,484.5203814932756,106.70333244787217,62.36923233028199
877.4611092848429,483.6224021902705,105.15618919915565,62.504309030902185
872.662063415807,482.59145923210656,104.65801809621425,63.34868413920181
868.3004572785675,482.5455941069857,105.33680538119145,63.40966945644921
866.5711135662335,478.59014308774266,105.40427888110001,63.01597200622291
863.7222785437435,476.9778653942913,104.55902687607067,62.75792544464147
857.6582301924492,476.64340508706863,104.55132796587363,63.2403447617775
855.6374583400257,472.9265997169168,104.67569604636165,63.3779238694853
851.2700887996651,473.39226437450804,104.11035902065237,63.49381370233441
842.7179196080599,469.15576351013095,104.541504864318,63.204677424500446
838.5063998728606,470.9931399282177,106.0257604822647,62.81590677593478
828.4800927903294,467.1829661809437,107.32590739852661,62.60874255681089
821.0271752943415,464.17251837363415,108.90773735357396,62.56679711807072
828.3364613325037,466.645837177589,109.16473834037879,63.17755147340999
822.4248927339172,466.20322047147056,109.34734365535621,63.49357881202772
816.3228304876972,462.9051615409063,111.10186758324635,63.32796310471322
808.5557961827836,459.140058518671,112.34266761246099,63.09887515823706
807.4336929086385,457.958032788622,114.73840835923741,63.359659805229825
806.471207587,456.2693134572526,114.20844164270477,64.29244919170036
805.124034802149,455.149159850558,112.46336484186747,63.40823365382726
804.2984054980329,455.406250400278,110.71644892497252,63.27679895303284
803.8874250952689,454.10515746603437,107.96007331497006,62.30958725748316
806.6386548872945,454.30012926904476,103.13608187435995,62.29865569104494
806.3006164445673,455.6651214430437,102.28283142895675,62.250801853424825
805.5177935139225,456.4297241252278,97.58894709986865,62.96697408397675
804.2441293179162,456.0704663297597,96.05129682760668,61.94108176996747
803.9864078611884,456.4258304410136,95.47832398573085,61.839099714354106
801.6309677885775,454.85094191587524,95.21107263541047,61.98109532474255
795.3067773471909,457.48272012908564,95.20893117836981,61.98196015443061
794.2757444747785,458.5817661399679,95.20854925069986,61.98184209788788
792.6024222844927,457.64152210578476,95.20709360359281,61.98169422816782
787.2092234258491,458.8464119739359,95.2067893968582,61.98183132382938
784.920861919322,457.74958545784307,95.20622848545237,61.98203413913493
780.36952107189,457.99384720291823,95.20539122859454,61.982548731273766
778.3449496374435,456.24739787738287,95.20442772917987,61.98312973474698
775.0353180166057,449.1984959316542,94.82217187600634,62.358572184866894
771.8342554558811,452.79672816595576,94.82143139336608,62.35936643459688
770.8629668124264,443.8607585684744,94.75413095850375,62.43772335539753
770.5822195220355,444.53392693639034,94.91046753621413,62.303342906541914
765.4156648713456,444.9576492795221,95.94312095424635,62.14377280317412
767.05891059946,443.45100755947493,97.0329862277523,62.299093937713174
760.7204073748675,436.42319460863393,101.54544402535326,61.256846177861405
762.9912084675944,437.9192673285371,102.88515849127617,60.87985744894694
761.5808983374668,439.52473750528304,102.95045138052055,60.63779339946095
759.8203992629428,440.1921431074555,104.06625589482664,60.448203679707696
756.7063623612752,440.2518467998204,106.87500872857281,59.74025905845124
749.3320884232895,438.46163041259393,112.03061975924116,58.39340009593662
752.3136664113298,438.12045583694544,115.63124796809683,57.61184906985942
745.6249087702926,437.20453278005886,119.7432868561939,56.85049906193466
748.0869913788555,434.9017130004632,122.59990080308737,56.20923282094771
741.6645007751112,433.4627665502479,124.69267312440635,56.21746733811651
746.9112907081061,432.5677006464993,125.23016165787521,56.23794529434108
738.9638092512665,433.7456173432115,125.22975709937869,56.242023628155046
730.1523009671886,428.45151230589295,124.97868936483204,56.19119825627631
735.826868198564,427.0156456188066,125.19481786023582,56.27097126802775
731.1841094100947,425.92826550638904,125.18719566165643,56.29850931669357
724.8176269926772,425.12176583196157,124.92508418305312,56.2363116399084
714.5759300214363,422.98922839691227,124.61055722877377,56.19047643263438
715.7332464411938,422.2058775371899,123.62569249586491,55.98005944864029
716.8036349976098,420.6731277458534,123.12313170907895,55.91966678055762
707.2143373772977,419.27708067816184,120.7684845232378,55.61629983858944
706.2776196270017,417.9397906522009,120.31331497039372,55.386094616251064
699.8556152483734,417.67543505884584,118.26569631054608,55.08248650128871
706.5930780364642,417.94525912694223,117.53133611920013,54.894799621563486
703.5935877002782,415.2147186068474,116.12759639710282,54.73455883181216
702.6831831125033,415.06624131497824,115.83872358668127,54.565500018896195
688.624035445984,413.7706497238525,114.80080617911915,54.258592379208906
693.2368094260198,412.81491896057895,114.03694436764003,54.03123250304807
692.5125793281746,411.19695137978783,113.68601196474421,53.90130803446023
671.6648537372239,409.59690695480344,113.39175043640272,53.87598402199023
662.8969855596947,407.08766308464743,114.13094335546626,53.88787904109233
664.1340915240795,405.0677862041081,114.09449491962117,53.93369910081636
663.5271357513991,402.67984962161023,113.36936299062022,54.214602932791585
678.9855834221299,405.120222265175,113.11867142861952,54.19758200885385
664.6669768854886,403.47348802114755,111.0770659096749,53.698186548218445
661.0946314602501,401.9744293823316,110.3836874435314,53.77257023493
664.8088954654424,402.4068390066559,110.33875230298156,53.76928817721396
666.6720542941329,403.1453808202881,110.17986588036852,53.77126392007183
664.5643471526867,401.53932412391225,108.9055229413541,53.773971379264324
652.1693894361123,397.8125484492671,108.78276394602798,54.55417629788853
647.2643675713396,394.7074883319518,109.83577434483384,55.25443875651524
654.4951466956004,394.6407200845601,109.50907588317484,55.47120330202322
650.6745587737818,393.25320184773125,109.90289254438204,55.80345851448156
646.2506506864587,390.71017146782793,110.17373920857406,56.69102783292471
648.7542025617778,388.06311594154874,109.79661304509415,58.0679806361098
644.4873304784763,392.68953149481115,110.71700698342411,56.37460517087908
639.3572375641675,389.54035303781075,110.52431352081264,57.11218704665393
639.7435323229741,386.02028619372203,111.02073772136757,58.75047973159623
626.5339978582007,381.39441392826194,114.35784148780002,61.73312156822135
633.0720085678771,378.69956804648524,114.36998405580337,62.80698902902364
640.2901106704256,380.30640859886637,113.10958365167289,62.94129449536268
629.8467452583499,376.9418437745052,113.15057862150327,64.85934409316596
632.1811804847553,374.7838796686188,112.63501632375532,65.28564283679916
639.8704908201094,375.19310264731814,109.43481829085773,66.32135972253883
624.7353552199837,389.73005819152763,109.83003752958625,66.28924324824973
634.8533763764391,370.5680277907958,108.60947673506736,66.84544175403359
618.1402883434623,380.5595959867218,109.54740754743281,66.96394277804315
618.210081547461,374.5460052653817,109.97498928747638,67.19735884513238
614.9114143426514,370.6409436376395,110.18808987986745,67.51801226745683
614.0432374558158,371.54099924345326,110.58279498407911,68.49921142012295
610.4028751667165,368.46362135207687,111.63057311512527,69.39007560739842
605.236423024527,369.0580046553405,112.68957027490328,69.32571555615756
601.7256331371319,369.2076088784233,113.25227213551133,69.51962947957709
607.3033997952458,368.1002782781527,112.46609363692416,69.63117131461128
604.6260874009553,366.5982759653224,112.51777641294817,69.60187075225593
603.1865101984512,365.47220013184364,112.64867184310633,69.84946453640065
613.747513758089,359.62485082399155,108.14479533205241,71.02116671633411
612.0776505095964,361.7461740693164,106.84657124339147,71.19704708985968
611.22326455438,361.99458067583294,106.41812135237657,71.09460699968822
608.9242931472065,362.4517685611964,105.94942711638244,69.90508054791435
621.3503020751243,365.0570640780202,102.98437859069186,70.34000165089304
618.8613446521035,358.69331045646294,102.5287150388655,70.04533595935027
616.0534353247115,362.0631923716054,102.65041821666084,68.97158191319517
614.2836663560395,364.8851694921808,102.96014751294443,67.26486370435228
605.5966210558435,366.48056729604355,103.06276735266478,66.30357287480133
622.6448425531372,366.8261241138,102.50223283292023,66.03574523800926
615.2099186607416,360.473191383281,101.4878604593212,66.21952758396357
610.1291616161383,363.52440254596513,101.31561312196513,66.15739476047061
592.4066849833943,366.0080704612681,101.53885924902319,65.42469075066406
588.8697504508543,365.63709107416025,101.61709047228523,65.2999063741927
586.311416815638,365.4152806817829,101.87215114212192,65.04475316456326
583.3330109122521,364.6744548037883,102.31488120077354,64.8847068620757
579.4383319158643,359.2491694825127,103.28249261054387,64.60320722202147
583.9491812026375,361.71988405039474,102.97993014616686,63.984583548695326
580.49676270582,362.7993738563922,103.19808563112639,63.96272739935882
573.0654932810677,363.49835163351014,104.47768117162296,63.660316549709094
566.3885217498804,364.1662164261876,107.98855607231138,63.03002367630086
570.5739806421972,364.39312503255474,108.200391473427,63.0680195533204
567.1278870957045,362.91185825907456,109.7138879200757,62.690170299613015
562.2102026611308,360.5784132024128,111.53860621179983,62.21018169850896
565.618895017979,360.7572132419212,112.13416879703396,61.63631309830949
560.8607244205593,359.6978693106983,112.8015743671132,61.603117889086505
560.5720768312635,360.4927026948522,113.01864788401642,61.11228886272785
553.469858957955,360.06436878504167,116.41866647337937,59.57865803832955
553.9873761294449,360.74819947395054,115.9248906618993,60.024860698680044
550.7386424711924,355.16380613971336,117.84821184928617,60.77075944674474
544.4889220319106,355.4486929464879,118.4928606959743,60.97408771561234
542.4398386279765,355.7400885189618,120.61613477080911,61.25566332611129
543.1688643080861,354.5377539195551,120.5105611973331,61.499221883733796
540.7986435274474,356.2414072519206,120.69265535665005,61.71118908747013
537.6269028874676,354.03036521068606,121.98393934455129,61.85854911184643
542.8029738888785,355.133740645052,121.50862160868401,62.47755911934817
547.7826699271557,346.8386569519407,118.867043833039,63.80701974587629
543.4620166316307,349.63903580819886,118.47703729399275,63.915993617525885
537.8107397539828,356.5144917577097,118.97205992093174,63.76762720311829
541.1254891241805,349.51293946717294,118.1809784241885,64.18213989216007
536.6972930238297,349.42753565587805,118.41690946028329,64.05490276738499
529.4531583986725,354.78736744351306,119.19698382025693,63.798638140944185
542.7742624180571,345.58922202724347,117.87722259554923,64.55311239754079
537.4875478533085,350.03370467641935,118.09244596860162,64.3093358056272
540.9861601886028,352.04223448264486,118.42503932800808,64.12580334136175
541.9810584715053,345.4968165202793,117.3525435184653,65.0342299926087
543.87753911805,349.73685399585725,116.72131085992223,65.44467717283217
536.777726402817,347.9040380517722,116.912925372156,65.40981273211534
529.8800883343059,355.05348625068723,119.11827620451982,64.68802582906979
534.6182262392199,346.30679271290353,119.06566156892242,65.09243925977188
538.0545730607973,349.46912511149026,118.74027553544734,64.86534337990797
536.6076494309077,348.11715202260694,118.71787084730337,64.26756465228186
536.9968097344179,343.771296687976,117.4721213886508,64.62321621874611
538.4756472087736,347.5064027170821,116.87990040474439,64.18941253916505
529.3069676184366,348.4389296209464,119.2703762256582,62.920971388300664
532.0818165061913,344.32481469995406,118.26337567384871,63.16322141090878
533.7643158670913,347.348175224706,117.26773984053875,63.238956019867885
533.3831440538484,349.80562482060196,117.48699007469409,63.25276016734889
529.6801998538565,348.12853410072665,117.78334565070818,63.08195368028904
525.572863166911,347.19408733565245,120.1126642216141,62.132983361887824
531.0004893306825,348.45093565608346,119.2381569083592,62.58585910330889
532.0121391948845,351.42833702477697,119.03628573032466,62.767645516106484
533.0885113690188,344.3580481780441,117.41884985531317,63.85206616361385
532.4400370232137,348.24414693161,117.26537279948953,63.81809965984831
530.0184805849144,342.1645870527588,117.37683941377699,63.93030340729909
533.5866829898397,344.94525496892715,116.18133910457871,64.32158758365271
538.4397390959048,345.7173938010634,114.84520099888832,64.10645088111818
531.2628292203499,348.03871061902436,115.14606668328857,63.77674141229813
532.8630590975043,349.76962018203574,114.88595820091861,63.88805601821324
534.2096863670855,341.6072646869327,114.61512654891197,63.68153801268093
528.5731948405911,345.3981259742453,114.53218319618358,63.72053238460089
531.112264885317,347.6182956098646,114.81859188864703,63.07177219725632
532.0159517648418,348.78506154021994,114.99945460559093,62.60870481045409
521.7207804688045,348.6035353689551,117.44163665389871,61.40115777080969
526.7496791327885,348.5986473392027,117.72626845267239,60.811803855657445
527.5288960658888,341.27680334487997,117.0473154237518,61.20575760544838
528.0928510882242,345.00306593396397,116.77770558820201,61.166497211284025
528.0343448366622,347.66766976491385,116.85516594798855,60.97394203118792
523.9616724753444,341.8929685160778,117.06797942655427,60.863797485572974
532.2238519901974,346.7564117493789,117.18093154497794,59.100802824737244
528.9555623426518,339.21711805134737,115.77752042208867,59.556969060522874
