1808.5,541.5,51,112
1745.9662970976437,533.576896414562,52.26408924468139,110.8177777875429
1695.7648629020243,531.5266754581876,52.11629191216173,105.98560076605101
1648.5766939129767,525.6002487990023,50.792239373642346,104.69555735232203
1610.384369572246,517.5096701625179,49.77913580000982,105.25099069272369
1582.519058045151,512.020621396463,47.63432419870483,106.0505264245295
1554.5661068274856,510.2884276314384,47.55739734477952,105.44920366354552
1537.5091802608326,505.9267327520661,47.914564608460495,105.10615889751645
1521.0208427940102,506.0956339397269,45.935904899028856,102.89712559228337
1512.625623181173,502.7659652169952,46.40641042143818,102.519354943808
1505.2163468814051,502.137353002067,46.67874005354791,99.89564245290539
1499.0444306524648,503.3480326281188,45.72892072962824,99.46310396273648
1496.2015719958574,502.5544246228168,44.86651188525932,99.09663159083789
1493.3515760116863,500.039015238518,43.350941123000055,100.84300164253929
1492.423457105822,498.4315672206768,42.54116216566578,101.4441165512199
1492.3550301117214,499.8802226391817,42.87587248497814,101.55977707162799
1492.7365542721222,497.44047189284385,42.6614910444528,100.84543832195422
1492.5159808920034,498.8066639693988,41.63702583820531,99.7115647545392
1493.5891183461024,498.8755911709781,41.27153693637485,99.32984976705401
1495.8319432553858,497.2716469884957,40.45097674458468,100.08117006156431
1497.654031072505,497.28982589483724,39.74194822998574,98.9935055395976
1500.3295101134693,497.8826393746405,39.84354289964158,99.0122407962411
1500.2500473518733,495.40936165080103,41.62200562433347,97.60642371871874
1501.8491888863268,496.40646971692144,42.31432441659205,94.4478778576262
1502.867730781215,496.6988249795113,43.16963158645282,93.62323868155181
1504.8878863945254,494.6189332310643,44.31335798078709,93.38287693585251
1506.6215404095356,492.31114036836624,44.66464533648859,94.719790747425
1507.677910104751,492.1275472160669,45.109814440570986,95.9528189620269
1510.4333669905561,490.0455535498045,45.6300307348764,96.25215918727918
1512.7288157822795,488.84418792322765,42.79819991247609,96.67109570329995
1514.9557902166382,490.70172331972356,42.13164012902503,96.48007332010913
1514.3573525479783,489.697100357702,44.09608677148585,96.92874967209825
1516.2773179456299,486.716315019442,43.96015661032272,97.31802394917453
1519.078760872798,487.9929553455038,41.75503451455549,97.82818765450651
1518.7944182201422,487.823102939935,40.49496250187059,98.53208729535157
1520.6549803174948,487.4758201438558,41.12769225833553,98.73524046456671
1520.4904707658732,486.259283928732,40.94013453945066,99.56933256308909
1522.2285675122455,487.53669195834294,42.74139211559582,97.76716501318826
1522.6589165119267,486.9370411750541,40.52056710683809,98.69977768731361
1524.1153136588807,484.76566363946944,39.85466097686764,99.59521957213641
1526.219375132957,483.9458869227906,40.63000897246768,98.60765095969418
1524.3402820662081,484.6954734338932,40.54370748362751,98.19564145896805
1527.433656816193,482.5223272784342,39.95749638325668,99.335900558679
1525.7636860819641,482.05932011298415,38.831621544916985,99.4790620586128
1523.4565693835566,478.81561045521556,38.88246336364235,99.57700072278193
1520.6235233323637,480.4000412771009,39.033161984378104,97.08224197157037
1513.9845954288012,477.6592874342818,38.55771883022433,97.08919938023413
1506.5736012730927,475.9970561738172,38.172085983493304,96.21752510317422
1493.5440259879824,477.98146180190537,36.864143588378894,94.37325229786317
1482.8806128971376,475.82813418756945,38.43640265121219,93.82116270102154
1464.9814803405313,474.22435901545737,39.71837259417447,91.48177727775514
1445.3466640980187,477.5606050739234,41.86720491221156,89.05807416002659
1422.9171373093407,475.32999999208454,40.2798460280151,86.81771622988404
1398.5883444956469,473.76027441530607,39.896257256566116,85.35764988636087
1374.4965173475518,470.09847621746604,41.54226261585991,84.20714043660215
1352.412375777805,468.3006645089829,39.57516210230712,86.2014826890137
1326.9913792262992,465.46731844547844,40.72983639999053,86.60572510566648
1302.0846685615375,462.6340603126063,41.17955711852517,86.08663637613081
1269.5221539719905,463.2223052833698,41.13615219195974,85.58104070231701
1244.6169983348134,457.37412244376367,40.78667509951836,87.26213581076388
1221.472965009508,455.10400686624,39.88004702745634,88.87770971506312
1202.8755261388537,452.4053056220216,40.62540605886366,89.12235681238079
1186.4175920412106,450.8243411193231,39.703807708873775,90.24917309553035
1168.622981106715,450.2300786984231,40.13545140896514,89.47258413288014
1158.4759833372916,448.0297488278521,40.65079986928612,88.92660619800844
1151.3911988170578,449.8065573441776,39.191413768174144,88.78609405059628
1144.2471109794292,447.97062661348133,38.05510471491455,87.83771372799882
1139.2229015455268,449.42500560437236,35.58873440207826,88.2968682535024
1133.7042234887272,448.12476751457797,35.2595282455015,85.70503026153196
1132.02392034645,449.6954244726012,34.20453049863605,84.38226154316962
1132.0646977220883,450.22642504261955,34.0625080043191,85.80604548918416
1130.3218406455524,448.24610926506296,34.36801111118213,87.01739390598603
1130.5477822213645,450.2096091080766,34.087443156968064,85.64847622154863
1131.3916886494962,449.9318839728018,34.00539306406493,83.81797787108647
1133.2133411637408,447.2640927560682,33.646709023120884,83.98331763961434
1131.7221933068852,445.8800421337287,32.02590410484197,85.2655373904195
1130.395479434374,442.47192734449357,31.45644774622812,86.11686728032183
1131.8200699505892,441.3476319824679,31.899861100198155,87.94810785666851
1132.754737839734,439.9069788902371,32.62001818973201,87.22842258868434
1133.4382280046252,440.7775898900585,33.03616875320145,85.6602882740251
1136.1552030364371,442.16473237191866,32.81950557374472,85.58272507804926
1137.0223636454775,442.27677885943405,31.81098339508526,85.16699487644016
1136.9103076030656,441.1124084526512,32.224597128806614,84.26907776350365
1138.5382816424828,441.0832066288607,31.718950481587225,84.14952462242827
1141.2284584683423,439.51722385824985,31.577756465777377,83.95994608631321
1140.6982785484781,440.74410931445965,31.54485271687796,82.15620808144642
1143.5033341389765,440.39555405564295,31.254914619246264,81.80097579237174
1143.5661099040683,440.2813998230921,31.14241907503607,80.98984308033913
1144.5377578843115,440.1639525652191,31.976485379787256,79.66361595297808
1145.221505326626,439.8941762685142,31.96350636655346,80.14611771241186
1146.0145622123262,437.6403475466464,32.87677061990722,79.50955700227153
1147.0339635637536,437.38629429223175,33.629589909817525,78.16398153061219
1146.9212860374757,435.6911713462616,33.30301117261763,80.6150408077506
1148.0157142347553,436.23679394725656,33.657083574687434,81.7037611027559
1150.4326537132113,433.8986271499223,31.62289443713116,83.70905354843151
1150.7677400841594,430.77047829448617,31.428736671273366,83.16930705828968
1153.0146596847571,432.06996677207775,30.993912413089593,82.63139946494934
1153.8008572581043,430.59006712115183,30.817200748134116,82.18289935818285
1153.4504596393565,431.73907649244967,31.350165006915788,80.85706772579286
1154.239230028925,429.59028522582116,30.89094345855169,79.12500556585698
1154.742255135077,431.50992110496645,30.308384807969535,80.2589135213485
1155.320222940345,431.198604053113,29.16122972721204,80.33267716152288
1156.5867647565422,430.82043443287495,28.5379928325976,81.43755914057456
1156.9896768840815,430.1467026136474,28.2291099800502,82.14900011569057
1155.7206001795134,429.45737944374105,27.705846334029047,82.10072603659312
1157.0642137038496,429.16124577578523,27.726307054985753,81.98186334423556
1157.2003289421443,428.58088469618696,28.150701361242355,81.80209977832021
1157.331600014397,427.7471932269127,28.13662190475881,81.84236126541933
1157.9184080864393,427.0949990279422,29.155500375730586,81.71698980023204
1158.3861128159958,426.9953848518372,28.697684278471314,81.33823948112163
1158.9099660266377,425.959369044286,28.43997921199388,83.17091272824993
1160.491920915046,423.6753111175443,28.56437873816226,82.47941401127417
1160.4518416940582,424.47272408595916,28.501402066762065,82.06441330966987
1160.520843722162,423.80592708130143,28.801900860207258,81.74196585298357
1160.6892255504933,424.48329498506257,28.834593598925963,80.77573753107617
1159.112998014287,423.9798168912341,30.17562007141993,80.53927361770039
1159.2267538690462,423.82419929617765,30.16698239980156,81.06302428572205
1160.4996791872625,423.5963010196905,30.669177216247277,79.11040671675579
1159.7742358516664,423.89613724048627,30.798961921253962,77.55402676414019
1159.2247263781953,424.34471849714384,31.261081056975677,77.23827238336439
1159.2163963960538,423.31772427430224,31.51928998098419,76.46377839152711
1159.4580034197772,424.2424272571284,32.49583813234547,76.58619380140803
1158.569292071355,421.6723569273322,33.28486601900744,76.73375626956255
1158.3979564504436,423.1498815916551,35.13356096614332,76.93024340518667
1157.1527270293764,420.5814331161508,36.94726331786515,77.0145413418425
1157.0546678538371,419.45957751361266,37.800751567830815,77.72428611013112
1158.683657893172,418.6670306712509,37.20987282053257,79.64738943446774
1158.883827750161,418.9678173437545,37.69264472573848,80.27918112113917
1161.3822006590922,415.2295120185729,36.09062086126052,78.74258168085493
1162.6685688875752,416.691705467063,35.62459570446615,78.03578170177707
1162.041904873051,417.23819519548584,35.82820183054679,77.47309762984511
1163.282068758899,417.5937535299706,35.61844028985481,78.55185113899803
1165.3727179909774,416.4848404343978,33.703721650543216,79.7636797375963
1166.711220820859,415.4491976685206,32.37966085076917,80.77055660398632
1166.498749387441,415.2299224464057,31.732608216882653,82.2681359792791
1165.568437121099,413.11581676164,32.09151832834954,82.55276698755131
1165.1951334178457,413.4596629311874,32.15024592484272,80.2668357754952
1165.6043406979152,413.36184126677153,32.097590230394225,79.15663723090331
1166.056673091714,412.73279213758076,32.1292962579967,78.71275469581923
1167.4708237100692,411.4506638482885,31.585539115115342,77.89070147701024
1168.55020847099,412.1928591833743,31.898980044256493,77.3413862550153
1169.3167504492935,410.9154409341376,31.95992220349374,77.30808227938299
1169.7179621867947,409.22091195030043,31.193438643139746,77.72093710064351
1169.6625205494718,408.67184511490063,31.212687334219872,78.36833165807063
1171.1973341648254,407.8715271136685,30.599775493225017,77.68973002971256
1171.6449247514429,408.1507163595246,30.204354648127975,76.41682358144186
1172.2330887169378,407.70106109087305,29.081157956404375,75.62898747647358
1172.7922564002063,407.51135524159906,28.891777713316436,75.99657168011365
1174.072420874137,407.14956909519,28.30331983658516,75.99697849576182
1173.392718107817,406.7604385830887,28.615763049773193,74.8207036848953
1174.0657572596544,407.6749964387751,28.118586635992337,74.82512011489965
1173.4778412711562,408.14330854939203,29.019509056066823,74.44150418905153
1173.5122919902133,408.86858477233613,29.14955677065209,74.70980729812723
1173.5291948742681,407.3753310539347,29.70726146617841,74.73171026258666
1175.2759832185961,407.0955720944473,30.33707819487729,74.3109734493936
1175.850466620718,407.3398187875964,29.799614566491094,74.5645260638525
1175.065586772864,406.5275331689405,30.433691855960397,74.65266750361167
1176.7133626794252,404.95410578664877,30.469867170350042,76.18624965552658
1177.2141579665279,404.36055763366676,30.42793487079009,75.82251338144903
1178.5895845270409,402.99085421719366,30.24719240263599,75.43958472023766
1180.4076437489525,401.183107756029,29.103122838595098,76.21435811329533
1181.7094188184033,402.3713505761305,28.21207541588207,75.93668543298422
1182.4623413779545,401.53584679313224,27.68021551251373,74.64258679222637
1182.1784174417423,401.2338268522532,27.44828355999301,72.03707021540396
1182.9608447179057,402.8140639332633,26.890857164206217,72.40886902164276
1182.9510234209001,402.1424884425378,26.812514479162743,74.03204015612532
1183.8146000171337,402.2185970516133,26.75155612494832,75.20736081550393
1182.7599086395182,401.9196465817015,27.43823028654912,74.31293496399081
1183.0664585012912,402.10047815798083,27.64484876582999,74.45272250882097
1184.6613189508246,402.42896047930185,27.743976156275295,74.27745131389764
1183.6198782335566,401.275203287996,27.475803698826727,74.36980566495265
1184.6344957988063,402.68908389365237,27.074372772143263,73.46613524660663
1184.5626856549466,401.7606875031519,27.04781935118272,72.65932050779509
1185.513848602968,400.61200723240825,26.775761375583777,72.86632253045367
1185.121354870991,401.50744340789475,26.508430005872995,73.56222379325746
1184.423672441693,401.4532668723674,26.82157113499574,75.02138483214335
1183.965641151329,399.47725886290755,25.914058395124172,74.79148069631304
1184.7350385402353,400.1979743254301,26.380369247875446,74.26737091022935
1185.7988841797203,400.2760546770172,25.629569581228417,75.1528058279635
1184.6684426800616,398.7561799920153,25.89630921280991,73.14996666254575
1183.7389591401086,399.9081250891022,26.416899825439213,71.91282063850599
1185.1402714980127,399.3946496749144,26.606250153224607,71.61008587472583
1184.539663473709,399.7253906824537,26.366580740695973,70.65788334339695
1185.379359963068,399.70574771291047,26.0954937905096,70.81940134088535
1184.679406248722,400.61191871563017,26.45844451343532,72.09877055913081
1185.5187509873672,400.2160430454565,27.22958506540418,70.70342061164366
1183.8706677288758,401.3025583939437,26.808699285997918,72.84267404031448
1183.684406682751,400.89731981579735,28.09141218349585,72.68136110930485
1183.7673159610586,400.790142249934,28.826970092387235,72.32815705442542
1183.9809100144626,402.29031224964876,28.854800440242883,72.50734096148649
1183.9715985700582,399.14399593878306,29.98984316121529,72.82526604060095
1184.9746470978776,399.31853536674635,30.282119056596002,74.00651779698998
1187.069907495919,399.2584906984921,29.406756906377552,73.26320559576419
1187.2485263204196,399.70134236818103,28.99925324176057,73.00782715597558
1186.8299806960547,400.0713880536931,30.011802975116474,71.46312883904815
1186.0373982252493,399.89251780101154,30.245107237489318,72.01947365900294
1187.502018868807,400.53837208631774,30.100960323257,72.5560427542801
1187.214951497967,400.5559846827363,30.157562639789376,71.26998661247137
1186.784155633149,400.67623797100424,30.99954777188625,70.57439933164845
1187.6697214524029,402.48428227323154,30.789206790517422,70.52016097104563
1187.4734979808538,402.08752295729437,30.166073091445757,70.32144987801976
1185.2607799437303,402.7149804521348,31.12728314670599,70.32399957139637
1187.3541883628166,402.6511630453037,31.122773770222807,69.8439183138365
1187.3619619378142,401.907898274494,30.270264519745375,70.19913788111805
1187.6085744730847,402.9217866316288,29.989147921342173,71.34945981163956
1188.0143823937556,402.1221940801205,28.858896569103926,71.97345278366416
1188.849615150936,401.39398315703977,28.756249685527933,72.32795825300576
1188.9943023629826,402.2522919364639,28.608452668005796,71.29183789052759
1188.7953857294458,403.28408513361876,28.90797012321955,72.44158692335125
1190.4432655139622,399.7201097946434,28.279410029668988,72.75064655231043
1191.166193003129,400.5394242555567,27.61134765764924,73.15340000212042
1190.8000717012624,400.4441321286716,26.828351659764497,73.39021770602861
1191.1956185195313,401.6701144496356,26.04908533358897,71.20414868565821
1191.4922276239492,401.48722835508875,25.964021954465235,71.20276270428317
1190.6440319285305,401.5158199217201,26.126080910269422,72.03469901783808
1191.5049495827136,402.4557835270147,25.89764869455901,72.24097377507408
1190.6156372587004,402.3325989308289,26.923103975961595,70.78084271672427
1191.2416194094178,403.32218026234113,27.566923450332663,70.89899527630897
1191.1919635012305,403.0668179562597,27.508688226418293,70.4514256948335
1191.1581063609792,402.9972940172581,27.90868495073572,70.48069124869909
1191.0093848415338,405.0699465959455,28.706513414576786,70.32024286295389
1190.1065605486406,404.6937990765658,29.017859404039534,70.35424843452819
1191.3350902574182,404.55964442851797,29.02826400841847,69.74520818848534
1192.4347091439372,405.148547334992,29.075649230932456,69.77773010249005
1192.5832136319877,403.1002697307033,29.479932820262974,70.34870473622257
1193.630986043508,402.9904077538554,28.535377545777965,70.14367564900995
1195.2757028967674,401.93833395242234,27.939489132092163,69.59632213921589
1194.3971631530044,403.62503947596065,27.961496155599093,70.44722293456604
1196.0013833730895,403.3642930431697,27.15712783744764,71.35115326902363
1195.978402870915,403.0947030706764,26.603649035777757,70.39372474787945
1196.11138564869,404.2740447524179,26.354141432912243,70.3351357102793
1196.56029763444,404.9174671699058,26.59319727765127,70.99889832800736
1196.4090422891184,405.1735613315982,26.251014482605036,71.42882115637869
1196.5538611669733,404.13686825314977,25.54475302502245,72.21761007283412
1197.5000199389199,405.358158513076,26.052035838394175,72.80561456425247
1197.310135921578,405.00431508493057,25.218909680089602,71.942169958091
1197.6539119509878,407.0154668548688,25.45747668243785,71.31788367132542
1198.8328993497819,406.3211718343224,25.191862196049833,71.11334296231257
1197.8518171635424,406.4845194232114,25.52614907491101,70.90222523244289
1198.135972706069,406.68837600171247,24.95471603756436,70.51461474570799
1198.138013598387,406.03162618892895,25.119941994978912,70.4931319801733
1197.71942870237,405.62878683212216,25.08648299806842,70.0132575934743
1197.7889225058416,404.9426514877057,25.128017101459587,70.30553731107719
1197.0246846453051,404.4153924011724,25.073436615228054,69.66241272860276
1195.3648222383601,405.914684720481,26.059864824444798,69.43878410291642
1196.1845430667315,403.88265098237923,26.47734124452708,68.51288059671614
1194.8164381792217,406.23418513109743,26.836722026527845,68.71728693696191
1195.125426650315,406.2241533992229,27.268281105155744,68.06442581860364
1194.7217537655358,407.0818593647133,27.688815944978924,67.6525551544459
1193.8944406665632,406.95272290458036,28.52916225838653,67.91389705669388
1192.5834439607797,408.24328565919745,29.010882642893545,68.75927967943306
1191.61415384237,406.3754512270852,29.872934775523163,69.60646662705437
1192.1563866610284,406.9969117264385,29.61556130137067,69.6542233449608
1191.656338159842,407.0663199142531,30.546272995339145,68.63991904710812
1192.6037355732915,406.89664373303407,30.783345714702307,68.82807550292134
1193.4186486569708,406.196288898077,30.603616034167345,69.32674374539553
1193.5404721609052,405.85489153337886,30.619626384157836,69.70447339770661
1194.436566773758,405.2320141215655,30.09518232680274,70.6332106472355
1194.6530852833525,404.8037554022028,30.756338052584056,71.48278416105994
1194.0725864861427,402.5738784557443,30.393089551589398,71.35558774957086
1194.3515505003909,404.7870116806655,30.542729524464434,71.52793403420982
1194.5975615481618,403.97071467711964,30.00273601590294,72.68131849396293
1195.8213866075369,403.48180618914887,30.964570963736442,72.3052009440642
1196.7835316565406,403.3820199117395,30.86909156744212,70.4491289099008
1196.3542612944773,404.49296354367397,29.473130722484967,70.4120241780054
1197.2939297096698,406.1286841193765,28.961576534030392,69.9918170141975
1198.172584194836,404.412094409376,28.96151141902507,70.06818075739722
1198.5776138933325,406.33968617131427,28.024984139719216,69.73630752729986
1199.0682769575842,406.50556109839334,27.72218701146776,68.92600660987941
1200.3603190643457,406.870844483316,26.948668281528697,69.7520090986558
1198.9278384919382,405.1043565674156,26.393982733693413,70.86912221615334
1199.022733946597,405.81384121723084,25.679800876040964,71.07290709662342
1200.2896756708021,406.16190262931127,25.01166689352548,70.90494457395909
1200.570297871542,405.488688343276,24.857890997234335,70.27229595461893
1200.3750919359547,405.4341417495032,25.043037716404886,70.44097858087665
1198.9107994081228,405.1599817488353,25.989956024296642,69.55202100978357
1198.7528662085085,404.7544771522287,26.273899813594298,70.12753302018945
1199.3607155505297,404.7687059363226,26.133465778188864,70.35169060784544
1199.3165348157115,404.91448098779955,26.013281205098203,69.53278921320394
1198.1527628942804,404.07393210590976,26.29855859208601,70.15649581466971
1198.8471135152754,403.99054543009686,26.39743985468681,69.22879672847388
1197.6791997365278,404.1469385175281,26.971465883088058,69.21871455904156
1197.3551929300531,405.80269940032736,26.627881132524514,70.91735797628114
1197.4964258997197,404.7397569109137,26.66741859395561,69.95710202854931
1196.1868090279283,404.9856318610766,27.09491293023003,69.28027144018087
1196.2713831449664,404.6977242329919,26.82590241532148,69.20042023496171
1197.3249862307553,404.89906603717407,27.17551409082149,69.27814818424298
1195.8078122437769,404.1400273673801,27.7673307414018,68.9179859877636
1194.7564859754718,404.83330337138096,28.334238180370726,68.84944327645304
1193.2372591106523,405.6778689533466,30.568557353895063,67.95500523933545
1192.1055055722163,405.8761928671111,32.18393053551519,68.39561365359543
1192.5742454880985,404.5983625405387,32.181544023872135,69.57773893359993
1193.0481550992047,403.9548650840524,30.711011003152514,69.88436568036192
1192.982023782124,404.7395770818301,31.22940174352722,69.41511937757409
1192.337475162933,404.47695633278914,31.650930377341247,70.21766737283076
1191.841046055744,403.2199116203667,31.621639821725232,70.9829972891435
1192.1714963098389,403.70366797536224,31.342997434596484,71.31169315259964
1193.1710197382213,402.5212336761287,30.856237766742005,71.79913491081402
1191.4606946006172,404.1416441080456,30.95990824151395,71.16585952200208
1190.6001824235593,402.2174809454484,30.738230618858825,72.12655781300295
1191.4046351329366,404.8943750738369,31.31012996040817,71.15372495846486
1190.5271683660098,403.3436104703853,30.189891548931,71.0168771035113
1191.2791367088191,401.85232411762695,28.91894462032747,71.86755378315405
1192.4140951397376,405.04077680457544,29.02342429565526,71.02494356233598
1192.086573921533,403.0877145561393,29.19115869065455,71.36231105557559
1191.1653397137636,402.2794327208623,28.561240547865978,72.04645798597531
1192.1976684874153,400.43888567796057,27.9035222192368,71.82750073682539
1191.8531378386278,402.7978272526342,27.28689169335977,73.15685640858152
1190.9478795425102,401.1799735470351,27.218808671948935,72.97338307505674
1191.3502325057727,402.06194107702095,27.34776400496446,72.78655409145239
1190.665757433021,400.9524949250194,27.548082879599228,71.8718203449251
1191.9337992565747,400.18397932236843,27.470498277099374,70.94571943348588
1190.6147947206894,400.8858704307716,27.491346334368522,70.46506227600858
1191.7720943897157,401.8111805675683,27.6075269332466,70.98125363077853
1191.720479138722,401.5168488542917,27.507400642395993,71.41537623659146
1192.3560964569492,400.86375350805844,27.246204717528883,70.25567895628384
1192.7167922481349,401.1731760519342,27.03151220760433,69.61762076933809
1191.934760477709,401.2032069442522,27.33278783514804,70.07520563745774
1190.6374085485702,401.848952812786,27.52340108490254,70.22301198392537
1189.4109586574948,400.60894674834697,28.171146716179894,70.43567929541578
1189.3672587083274,400.7666259507916,28.75791217913769,69.28510417799849
1187.3950629606202,402.19520015945557,29.552641044475273,68.55382514532306
1188.0505330146116,400.8786880550975,30.518346291061253,68.04076197995252
1187.7218558059817,401.5011872685076,30.206430291755066,70.27211164962267
1189.4661557362601,399.1927400011141,29.768117605646957,70.697913993403
1189.0978831170958,398.7194453883378,30.464250727337777,71.53336066561977
1189.0544386197416,396.77629557788777,30.337194514945615,68.94980141339242
1189.680634050319,400.396295048858,30.304824182669535,68.973785100498
1190.7878602986605,400.48924458813656,30.387378772762368,68.68178699464596
1192.111601866843,399.4099691486835,30.016591718832814,70.00358863058489
1193.0951523237939,402.51316684892913,30.227098725828593,69.43573737576213
1194.0689201575005,401.86302038819446,29.335891039873573,69.93817756663384
1193.7170737222764,403.0618310234955,29.145675844777777,69.86365975668856
1194.8659879815314,404.3400059018603,29.25689664609922,70.35019574576134
1193.8963395626522,404.1385091725036,28.773641215976028,70.3402638396957
1194.0639761747098,404.4623752794684,28.505082806096148,70.12626378971117
1193.50561623827,405.236934318053,28.315708637636853,70.0351496088007
1193.7911767210744,405.8773302786272,28.397932652894628,71.16574902941386
1193.727409515393,405.5670314929584,28.642727056054568,71.41199320435001
1193.2292547924592,404.2396501488993,29.036210126941054,71.71359584342558
1193.8276447813137,404.3276976059142,29.41136735512405,71.63942751021679
1193.6196935399803,403.6821925514343,29.59410813842434,72.03936731513264
1191.8204780021647,402.43213862907794,28.693480160162878,73.78742746678026
1191.9348915436428,403.3962519826566,29.502125546275536,73.1505788902453
1190.8631166643422,404.56274794347433,30.450744324834417,72.28832525196329
1191.2875461923168,406.7252992854293,30.602442948671452,71.6791614264541
1191.3872077143092,406.2078772950363,31.032520115579356,70.46827877718935
1191.3919345881568,409.3576306638164,31.341737110147974,70.5383378576995
1191.532550489597,408.7343166035986,31.554258221481035,70.11714785949499
1192.257742475484,409.36135211608473,31.289619772788395,69.68457716250371
1190.034835644429,411.7824344288204,31.70938514645661,69.11467744725303
1190.2428980120492,412.7713569849427,31.845355191756585,68.72057783997633
1190.9564221890223,413.6923678052237,31.988705621391883,68.73974735631718
1190.8904268940712,413.7192640604282,32.19555280540989,68.65393995664898
1192.010701829463,413.51444308318804,32.668432537941825,67.77767877786577
1191.968704503846,413.96915628383556,32.92927830379122,67.48834304910419
1191.9464466965537,414.2398062474567,32.811478927451645,67.28418504210816
1193.1284139939596,414.5838793389029,32.23208402652386,68.63673553780538
1193.8815496881184,413.48835752672835,32.21987846396715,69.79009396665785
1193.066372726006,413.9470896627557,32.05669345478569,71.06388237300226
1194.6489202944008,414.05242288982686,31.266569919452476,70.80361470059975
1196.6000747613984,414.5885427875446,29.788842751144042,71.36809166999439
1199.349598477965,412.88364047150833,28.291785830271117,71.28559221574403
1199.069901041007,414.2648424390152,28.87944506363634,71.07950654950265
1199.4846050287213,415.93397011741274,28.45577190792801,71.29222399819247
1199.856075776138,416.001377895048,27.421475983273467,71.28185282993172
1199.9486106038735,416.7560329051512,26.93952824626303,71.9194780985186
1200.8032982509444,416.48516377246085,26.137892054493136,72.64688379803842
1200.6141253335434,416.5962709286339,26.41126430588086,72.53630178738675
1199.8564119920838,418.1605034523899,26.83018705824793,72.55771287469531
1200.2360573365336,417.3938291189066,26.567301287753125,72.51672887874611
1199.4343978481586,417.28946212231045,27.02730041219951,72.2109473700982
1201.2556248128622,419.35364615505847,26.637815836914562,71.15402469737026
1200.2090956724944,418.05027011252133,25.863276596801473,71.57818943342168
1199.9636906193748,419.8904547703605,26.108756596509608,70.32216576338499
1198.5887633743298,418.0055510909689,26.55758103513714,70.5938255292324
1199.3459062522497,420.6091664015043,26.981672315353805,71.26056246896576
1199.121298357188,420.21265706398924,26.952400086343932,71.54207957616208
1198.1446197509592,420.3990711867123,26.94175380056611,70.88627813225798
1197.7980904456304,421.141996734594,27.2351999578616,72.52574778764628
1197.012317401126,419.938452741664,27.6994100671377,71.06847991703536
1196.61451916446,422.08306570855603,28.14345979996423,70.25165122166345
1193.9743120573983,422.19642299492125,29.563852782407217,70.01094604904985
1194.4245122493337,422.364846231493,29.780315804911815,69.34368134503768
1194.2350552973317,423.69761054290484,29.830121708762565,70.02894508968468
1193.0610849841796,421.9083766564353,29.795236216532068,70.88473327308941
1191.8563702618303,424.98491500883574,30.839026932161477,69.57941530961641
1191.9349316958176,422.980959953132,31.08461958545829,68.95439514478795
1194.315837022874,424.7288572244628,31.38864157593706,69.37250566543378
1192.7307658695827,421.4540375043198,31.467512433216452,69.62087017133639
1193.0833803735077,420.5971982493554,32.00116514599527,68.05248039746235
1190.6423994861077,422.21370530679303,32.722628393714785,67.68308026057426
1191.3440714361054,421.91810158642926,32.94936984803324,67.60261349037171
1191.2643420633913,419.55802141533,32.37200618425084,69.25030682620762
1192.9477547535166,422.2024937957718,31.93865323500357,69.68536014023388
1193.2818183268898,419.71446849260747,30.85488010248288,71.12819416446331
1192.498852572912,422.5339491737572,31.232131621206456,70.43426515907974
1192.3344310163695,420.1899251365337,31.04407354182718,70.44752230190036
1192.5823767378736,421.71893048169676,31.281279052964848,70.3061274710535
1192.6033642081566,421.8667344472319,30.284508508336984,70.41378542575329
1193.6469986432187,419.41171625214923,29.13641950575856,72.10856090996967
1194.0936932117315,422.53120495319064,28.761530568138376,72.61477861135987
1192.9987757867245,419.83237026006356,28.43432617721134,72.9979137586133
1193.7126757630197,422.3608996468414,28.14654860994009,71.57019875528763
1193.6619554157787,421.94843871305125,27.955802496096936,72.05342430192869
1194.1134172071904,421.06163986799083,28.393765537299323,71.76627511669224
1193.5305184020335,418.4675411108343,28.326075457327047,72.3054157542951
1194.442322738723,418.8173855710902,28.43440054370008,73.8550882142651
1195.3627932561262,418.843517540451,28.344418213193663,73.2178642130595
1195.251950969731,419.3994503888557,27.77529847571838,72.69426547572158
1195.6578089638483,419.38746996028067,27.07762332026097,71.99846647272079
1196.133853105939,419.1837793938973,27.007979470433646,71.34637343010039
1197.2853208691024,420.934957022218,26.65222155473942,70.23963471719799
1195.4658324387976,420.70678189503815,27.350825599568914,69.6079254180255
1194.2756075470086,421.11248671590386,28.197324833809432,68.84006357147891
1196.0624264160965,421.12108535850666,28.024599893246325,68.23197333106788
1195.6912418179888,422.9361381762697,28.123012702416474,68.8444762431602
1196.6504414326123,421.1974401507582,27.859717660930464,69.02743152113918
1196.1380552141854,422.62404781557035,28.714298015011877,69.43640718761715
1196.7157360889817,421.8606296021683,29.451897636517362,69.38838512060556
1196.8252744254366,420.6936526614933,30.41331405808215,69.04718154319625
1196.4494783439181,420.6011663144995,31.417654988768998,68.89160593791844
1197.1853717033005,420.3346702185669,31.697665965596507,68.42173781563048
1197.9345350763504,421.41325632792626,31.73056599352266,68.10155999155052
1198.9528495803752,420.88086278815706,31.643190716918298,67.37928507495627
1200.2083638428287,420.72566515955316,31.377935625964568,66.80171674484733
1201.9104334498695,420.43814493260186,30.286370296738838,67.45045655105572
1202.0276989935267,419.2821027352903,29.032949304243246,68.67925897506129
1203.2883423216301,420.0965496978634,29.02875074524399,68.82420287536158
1203.525429019376,418.93354479679266,28.592693817946618,69.34701739074697
1204.9852377134287,420.03367264385514,28.156033582632784,68.33232880591027
1204.7326536021915,419.608482915057,28.701843092519233,68.5462045295218
1205.3766385741537,421.2077712189885,28.605757964459134,69.10512031216243
1206.7761807273666,419.78958373511455,27.71064743433903,69.81011492740225
1207.6091023534832,419.6491277242584,28.91686245886366,68.43446589067975
1207.571985242575,420.6209611163655,29.078300679334323,68.53098785039141
1207.3182846268612,420.64013499308703,28.54299320490319,68.39509603658891
1207.9108313157983,418.36397634148744,27.811598072951334,68.82004516138693
1207.6219122777154,418.5001301358957,26.920516419657204,68.41795394434793
1204.313193565081,417.5875629047081,27.75824708048595,67.65314809712993
1201.385951396663,417.8852950736996,27.20364226715926,68.72814513201173
1196.1396776676609,416.2031205942685,27.378445073665596,69.76115883770154
1189.696545188974,414.7898454452647,28.146311475052194,70.22537378494894
1182.2953866800738,415.14750350636075,28.912274545624484,70.58052556674099
1176.74348358545,415.2200209553224,28.541122697675036,70.32507505120037
1169.9609335296914,415.31067385172264,29.876966598573368,68.50062642487521
1165.7715439399808,415.7227170775967,30.35080798245691,67.432509052944
1161.633732342764,415.57193386200544,28.89831454823426,67.71972840771569
1159.7929284190986,415.7593822096994,28.375899808432006,68.47442186524728
1157.4339353052103,416.27692852053013,28.84595156687613,67.56599099628977
1155.0491333665987,413.88772675604685,28.1576880745246,68.49508429295548
1153.5513658114978,414.8853655459353,28.44979426078217,67.87278997555596
1152.5032629825396,414.6336717193758,28.307286638715432,67.99386745661414
1153.227812539408,413.891492493433,27.9246917186993,68.7658540831589
1151.9620294290908,413.44490727794715,28.44958604499851,67.90113931170698
1153.3676397008314,413.1567883393127,28.867373536795213,67.98012994250668
1153.514009028403,412.65543423791837,29.176053236431535,69.0634728556443
1155.6798306065593,411.0420542370639,28.375701780824752,68.95735293920995
1155.3981152445251,408.92677939235847,28.302648000067308,70.34505745635673
1156.33098379988,407.5791998559697,28.352693857146644,69.97700708795799
1157.41930510334,405.3203524679616,28.245784431359375,70.09318301206778
1157.8535561188298,407.88012437866115,29.12321329156531,69.91961697564882
1161.6686095907178,407.2688132109929,28.761129884333968,70.42194582543719
1161.3577472033876,406.2495783518643,28.21028222588039,69.8489027190783
1162.352944049465,407.61949920216796,27.86036974136334,69.39291929296651
1161.9136396359759,406.33602994253727,27.42174036719792,69.66043463812261
1159.965666927174,404.43012715504267,26.97857797946361,70.15585322622462
1159.3150438225894,405.61041143747036,26.702240242117497,70.317056777245
1158.9949110746147,404.0104662481707,26.297778430930812,70.06335606159783
1157.8624398650463,403.17703198045837,25.71460489340859,70.21220302585732
1156.9998774209114,403.0301660406341,25.800396986993412,70.72193405262655
1157.50359228313,402.9901781406332,25.844078351765347,69.76423581255578
1158.787090515093,403.23779079056555,25.693335651952758,70.83422532781414
1158.288728307677,406.3839269196327,26.23500213286865,69.73524705145707
1159.0168798243553,402.5986935180884,26.892733434889834,68.44932630850666
1162.3079258076825,403.9764058693098,26.157839514078578,70.1366660184147
1162.8598631888376,406.89131451678395,27.53730945669693,68.26432999028658
1163.078080864976,403.85970649502787,28.246962341706357,68.839309233195
1164.1629782472953,405.4952478386765,28.99695424008132,68.14325161198846
1163.7229524713296,405.6550776016025,29.812125940913752,66.2762184262
1162.6689704867786,406.6227216116401,29.9572811837496,66.03265614156976
1163.0960956654633,405.15007292803705,31.168516232910083,66.45839646648449
1163.223680568975,404.88491499870906,31.150858429611795,66.32664417183314
1163.098384920933,402.05779150147674,31.08142920191315,66.40939844287855
1162.991234882583,402.9565557256535,31.408252739128415,65.63479745437571
1162.2204107674097,405.44238790003095,33.59814193019272,63.02902568393801
1161.695530710008,402.6868182074674,34.42087904537074,63.38538831209732
1161.829281542704,403.88718226820856,36.00088544360507,61.7607795931158
1162.2824217121354,399.85315258294423,35.18371117607295,63.25686486693142
1162.0271673758373,399.78256122986693,35.010498537432056,63.8290340765958
1160.2750278239755,394.9304127651716,35.44354193316194,64.45955432944578
1162.1783727374634,391.2188044469608,33.58667309223351,65.85880190715638
1161.490978553141,392.39676867931803,33.561654707669994,65.01965006636729
1162.8611448481342,388.63685887720544,32.647070023461744,66.2804231973421
1163.632180869703,389.0265595149519,32.135930385545024,66.44812770943547
1165.2078647269402,389.2629603332107,30.70043274797704,66.67853898988173
1166.5434492669096,388.5239192880479,29.757908728658197,68.36902452362565
1166.9990326128025,389.0697690285546,29.23691695149694,68.00347030520693
1166.569391865544,389.4230057598119,28.75800467271702,67.84153182742308
1167.9576971114027,391.1183954766618,28.932733923801656,67.66786959630028
1168.383498665508,390.25245544339145,27.76529106993806,67.61648519673567
1169.8915633506783,391.1624135256495,27.137092476606604,67.95947574434575
1170.2998994211177,389.435512899332,26.208663419811703,69.12655169631569
1170.3896019101321,392.3670501291297,26.529312296852346,68.34644364208964
1170.3627034277022,391.8621063608684,26.329422435096085,67.66641807950438
1171.3560305784304,391.16094340463906,26.221008943683927,67.51532439604219
1170.8185171115056,391.5204678479885,26.569525274355605,66.7631758376992
1170.9759358916676,391.95724584421765,26.85310851260262,66.77826805804476
1171.5608743151734,394.06754510594305,27.79248678545014,65.90495910251451
1171.0062755795084,394.1755540942479,28.299143594394437,66.15511426246263
1170.573314959274,395.0249020465991,28.345587291735058,66.31923738150338
1172.8578825173854,395.06483478173703,28.509400469585074,66.54485640715968
1172.530102902861,395.3776148514162,28.0929200922373,66.1704678253447
1172.0452753419652,395.23536566534375,28.96518481852872,65.79530263251563
1172.5417276842445,395.7492026517145,28.971508232588782,65.19240373326784
1172.5019214380077,395.406494876067,28.832185927354598,65.10770537472476
1172.7046523965448,396.8806877079664,29.324015600488067,64.34962664864022
1173.8403048361345,397.51259854126016,29.959812560772683,63.96143290442171
1173.514279928228,397.8101509059126,30.69762800679421,64.45672696088899
1174.0623582452092,398.24902563172543,31.09679231698223,65.82155247285857
1172.53682403675,396.6021736870778,30.87499368825067,65.77603664774861
1172.6245216704876,398.82284630532877,31.875873901651328,63.55296744667126
1173.3916978831435,397.45850339535264,32.11299739117429,63.85065885370324
1174.346708294167,397.60841463208476,31.63679156016093,63.584642667615284
1173.896535155601,397.80524135131384,32.17955487104012,63.53817621060834
1175.3002075203942,397.87378186481254,31.642953547765767,62.945672181292366
1176.394103788684,398.93541290821014,30.695177196088274,64.97294276972332
1177.640967483581,398.1392701940141,29.80426587328349,64.8555409525764
1178.6910279396893,396.19678630853286,28.0387403195122,66.29900677665549
1179.4215898650207,396.4134995697791,27.077839928274337,66.14493090344752
1180.8796493566726,397.7310421068756,27.04544611947589,65.59300891327912
1181.7410551242456,397.3427285782167,26.231027161432955,64.6563131357068
1182.254170245958,397.73448767516913,25.542315504399923,65.07659900360684
1182.7074496504813,397.9393427453178,24.8166476313747,64.23048685699212
1184.2528115135945,398.60058361307244,23.77095830686843,63.61200298756079
1184.5158232427186,399.1384418176427,23.654380351797624,62.79651394739447
1185.691622788634,398.8364196163647,23.64915395724223,62.4003204424412
1184.7840434733275,399.6483777471924,24.39940725174185,61.998292319895526
1184.931870170485,399.3058248156857,24.590449462913398,63.770022249874955
1185.7335662078387,399.5423406320666,24.316446031314957,63.98773155374727
1184.6895993742066,399.924549581004,24.68028199266483,63.11635740468181
1184.663668591526,397.33855734104185,25.14265145266055,63.86004675261175
1184.710115385198,398.17596903908105,26.274025552380273,62.385273244468955
1185.5262806163569,396.21733297851114,26.163039494345895,63.72584503990792
1184.6228453914616,397.5113550790677,26.527430089399388,62.93872661941793
1185.122691326238,398.5241181747599,26.87901052184733,62.48264207332146
1185.410880215193,399.730095669502,26.995644552449644,62.24941560397061
1186.0357016388705,400.1088663458251,27.472058706151344,62.00265384982164
1185.4626159238521,400.77303644109713,26.900083181585735,62.37497571320583
1185.2759313374158,403.005168782357,27.69808265069168,61.64264086742027
1184.3628495866158,403.1224917299836,28.227728555748122,61.156140156577564
1185.39398829433,404.75445568366405,28.29410097660771,59.97920995345223
1185.7677226955316,403.82872394407815,28.08239233991786,61.5193463218158
1186.5307297846743,403.72696079188785,28.52007461117888,62.64177205699103
1186.514487466156,403.21610786418205,29.047632291340886,61.039376268551806
1187.6039124646015,403.046507873216,29.346465873461746,60.43947817231259
1186.972197243746,401.90336608371655,29.201072560905942,60.9084306910006
1187.1399386158353,401.06717840963927,27.958447525355297,61.444362983136386
1188.14389636234,402.49644910335047,28.20519228657909,61.48840968823355
1189.3027643937917,400.6982972107859,27.62688129089834,62.26862676754214
1189.9086898628257,401.822039271452,27.245226369749837,61.71025893046044
1189.7746685600227,400.9988237212696,25.87494905778193,62.23589716568786
1191.2665712511684,400.7605614492876,25.086266587531508,63.04901958401187
1192.192981900325,401.167941644454,24.70535945185539,61.95388708189721
1193.0678071073635,401.5312163859131,24.988425564438344,62.4165086393907
1191.157787187497,400.8145057886109,25.21815842425324,61.7628126692118
1191.617720220702,400.91969138191797,25.239146500705587,62.18788384345665
1193.1915200181236,400.33691784685465,24.28696346700142,61.78635866008639
1195.1653584237079,400.41805748764614,22.760460503767376,62.114325777909244
1195.6700782150483,400.43453152955755,21.7500264710506,61.53479224345016
1195.36574656484,399.6093027555551,21.7614270277682,60.568648867793826
1195.5756917415908,398.98283423892195,21.91708636712383,60.70116445829977
1194.9447798861088,399.68243025797835,22.306301935936297,61.47959393508403
1194.5912122813675,399.27881896391773,23.47865859727456,62.158178259416275
1194.1530132988942,397.97865435918436,23.582582559754623,61.82572634442492
1194.7814163788833,399.282667256378,23.37712968406926,60.36823772903172
1194.1553258505664,399.92723004362034,23.851378801821966,59.729424840998064
1194.3598454564112,398.6896121995612,24.042949258930577,59.53131905318946
1194.3730145312225,400.38309009209814,23.95113700817526,58.85436870699505
1194.0972242094613,400.0862554565826,25.130024951330743,57.15658104575081
1194.3119909863724,401.33678995120005,25.851975413850745,58.64899420185479
1193.2782026456705,400.53536888271236,25.18978933750409,58.65752482579339
1193.6042203347697,401.11611315411614,25.786325297282673,57.85369745394948
1193.7510061175183,400.58031204441716,26.27119025456523,59.21697974424345
1192.715083088711,400.430907886987,26.90802438245774,58.28551434662849
1192.5383042250423,398.647613407738,27.297577026322024,58.30351662875502
1192.1079429209133,397.2663801184227,27.934455830846062,58.80143149253058
1192.9080726250297,395.4726781715394,28.014013178989106,59.262842967385765
1193.7048429499569,394.0192249830025,27.663736930066158,59.6143563461958
1193.71298590103,394.4055944259635,27.932393935932986,59.88546526765738
1191.9517833506793,395.9870983709445,27.85281682399384,59.917720524508624
1193.2738765521187,393.23090816403186,27.558691756031706,60.337097392072984
1193.6135341214576,394.4894820262018,27.710720135648128,60.30405625698242
1194.4800296764884,391.66109537728073,26.79613997347573,60.47405530634847
1195.0166689564335,393.3349830280513,27.17531550693683,59.55909942583416
1194.9916271045047,391.6660372643462,26.462524682226004,59.51380981925337
1195.4950459006473,393.1802646406064,25.489584833694003,59.30797232851319
1197.0779104377864,391.04779179920416,24.320435234400996,59.4111179119292
1196.6908930393142,392.25055723849067,23.647666173471702,59.28248188135555
1196.6025461794338,391.6440041907271,22.82524254196505,59.14647569581419
1197.3915544699055,391.4250053749767,21.629952114336056,60.67969299248229
1199.1080451618257,391.0607464851351,21.098127967516668,60.38669567180829
1198.3876008669015,391.3515716310641,20.459996238495677,60.402928126850696
1197.9605407060592,390.48796280790225,20.73761397840365,61.21977435952803
1198.3539222669685,390.00669629252815,21.07065233021735,60.22610602638879
1198.490553787339,389.2989895036783,21.07330636188462,60.28112805068562
1198.6857727403076,389.9676617324877,21.463041398005423,59.97728032109563
1199.5334685340365,388.9967788459701,21.31107877423122,59.88633385445125
1198.2651636546302,388.79371927032173,21.421994117167117,60.604522718199235
1198.9974641027604,387.97018443743343,21.203785927517508,60.379273156089255
1197.410844901842,388.98512538606093,20.926475034304787,59.0987298198805
1197.6940173991868,389.5851985652298,21.135486689519944,59.26323273476797
1196.9111264132018,391.4036926912115,21.689340806254755,59.24765962295958
1195.8010388001642,391.0570741510825,22.604672147228968,58.164616607967176
1196.3839546326635,389.5969251506279,22.140535692959407,57.27872601240719
1196.4854984056255,391.51608742097926,22.007455694556782,57.41819810107493
1196.8110119024232,390.6082804296788,22.191772146660746,58.08526746426944
1195.970779554256,390.23643421009666,23.57277254091895,57.70403098856857
1195.2722315872636,390.4773536674919,24.152951102587604,58.26111633492643
1194.1992152662394,390.64524898168094,24.413305317310382,58.30939865268873
1194.1898078362221,389.08259487729464,24.32679975890828,57.57298818051984
1194.552791792749,389.16526661399763,24.026524182829533,58.0494357190659
1193.6021382573301,389.92924064903366,23.696419938072125,57.649737576957534
1193.529593832582,388.84398941351054,23.572728785707774,57.562877057786764
1194.6387050195272,386.9711025523926,22.680212865452148,59.67319412647815
1194.952201390468,387.4333649905996,22.17441753057979,59.43265843488903
1193.8990275479518,388.3281960665623,22.173805454309093,59.87301395147546
1195.7120734307666,385.6923203904949,21.169059608211988,60.32722180042559
1195.6299724482228,387.80944564972583,20.749378863670664,60.77606845840678
1195.153963347813,387.88031953983864,20.344860087481376,60.73491005130998
1194.6771933156926,387.6286767311046,20.148610712897593,60.32195207783468
1194.5301361941317,389.21531581478206,20.34462303881737,60.59934246335604
1194.4778566747618,387.7727221720063,20.07751467504947,60.31248232378099
1194.1087834891157,388.6463314686715,20.025601872744137,59.7195826879705
1192.9841516580798,388.32183877616575,20.09194930960374,59.55328489087697
1192.426604806941,389.9391819680697,20.622104384540727,59.82821636472616
1191.8646090931566,389.7785165859612,20.938077930962514,59.924767653465906
1193.3601101542915,389.83989594604583,20.106500869941108,59.66043279455478
1192.8753957016095,388.86237323255307,20.5374917103093,59.54058235227146
1191.8681314547423,389.5191228036789,20.3808479648348,59.985627738013754
1190.8715264568004,389.3071521827002,20.788941809179924,59.0233312030843
1190.287532822109,390.4369465722017,22.199761807281956,60.223390473311454
1189.3745756471026,389.55728297134385,23.687589905137045,59.0290713523364
1189.573991855713,389.95571679939763,24.0726006649805,59.017583292426046
1189.0236787718923,392.0301752041406,23.96111106267976,57.79626959132685
1188.9605276917207,391.97912857409375,23.436673813187276,56.74124158477445
1188.8158459273238,392.56623946628923,23.770527582426517,55.57812263076771
1188.2821750440546,392.9269115906692,24.57277212699625,57.22640506743079
1187.5585367830604,395.19223809217624,24.73562180739801,56.79539595068269
1187.5565772642624,395.58512745826863,24.74480175706056,57.27438754180746
1186.5093311972828,397.2581354830687,25.79612788940544,57.966738073464825
1186.7882555253623,393.9927657938076,26.16325149528681,57.93438813194311
1186.0975784529853,397.4390744767693,26.824797938626176,57.68929394992235
1185.4192322918584,395.4201801744397,25.977888880694614,57.551788442299184
1187.1930257024792,395.0869759414243,25.14770296009995,57.09742930450328
1186.6013432754826,394.6443433392152,24.92564263674702,58.63733030832019
1188.6484491363992,395.7832510064875,23.61051863177218,59.79290144679101
1189.816826815784,394.965343832607,22.678682442500065,60.407843907928566
1188.6707191918902,394.90508571555216,22.347976564139604,60.96298301533402
1189.8577069979538,398.0627397569285,21.957596645267493,60.10435091675362
1191.360587266188,396.70613611343697,21.617296742293778,60.89976376375325
1191.7564738391382,399.5022473595276,20.602882590689127,59.93830615882488
1192.9628181808857,399.7779378890704,20.166291578706726,58.60862411082016
1192.964130270218,401.0937602790943,20.11984773585276,57.237982441201396
1192.5629158730176,400.92579313404633,19.92566024929355,57.31595993851348
1192.2527419244493,402.0294309096476,19.750560822835613,57.11331184026264
1192.2704324983413,403.3980739727413,19.32720220166196,57.9400489696927
1193.5981708122279,403.39923969550233,19.19909132251421,58.79624666442349
1192.5376186531555,403.9655424507203,19.80655697508211,58.611152530172475
1192.166647556207,403.5833688124857,19.841162214457047,57.293673848702205
1191.2047003692269,406.2200674509226,20.47005169692296,57.18782879119865
1191.7501131689953,407.63135533878,20.264798757737175,58.41165153845157
1192.0961826405428,406.90585217512324,20.56310363495738,58.71106996676222
1191.8265750053492,407.909521829762,20.10252470970593,59.311675491555285
1191.6889073313703,409.59908154590795,20.368071858235687,58.882653950374234
1192.079171836248,410.7765406428545,21.185340801560592,58.18039808566205
1191.322782416294,411.74832802298016,21.659901234916735,56.76741427338382
1192.7024882476464,414.0324827413481,21.301463996245218,56.92070786336076
1192.5025817815265,415.3025935381679,20.675815288346243,56.754754758343836
1192.8539672724892,415.99762150419554,20.02431323231973,57.74414695687861
1192.123692673179,418.6361861856709,20.481336724717842,58.97169462365282
1193.8496546964857,419.3491260701356,20.218196790888257,59.30562811153753
1192.2195028547915,421.6495310604493,20.764254782973268,61.1293393675278
1192.3029157818862,421.6940033601967,21.140427106321706,59.97839064049616
1193.7610572990243,420.6394240804034,20.888109193752083,59.846222629522956
1192.936181830422,421.66481973323704,21.43083175583601,60.58364547132488
1193.669592569649,423.6671217092129,21.125333718988635,62.85984721452261
1192.7508522919547,422.3001818654471,21.753658131334817,63.23984380958625
1190.7620474179614,427.3358219832397,23.14449057251237,62.93410898488429
1191.4392393095654,425.8135854212251,23.777646030525222,62.938246811485556
1189.8022393604608,426.7151874604375,24.42949701920858,61.731794698978234
1190.872829539541,428.937157370625,24.317327961519517,60.25874290692529
1190.716402583972,429.756342061664,23.93772599373846,61.93664304697172
1191.471917172705,430.6518165324103,24.060932429162335,62.490872098308216
1188.186612656774,433.24421944929543,25.976511384278485,62.69471331037117
1188.6674835752103,434.46452166985364,26.267329605666276,61.12774110447325
1189.5536413252585,436.25184488402493,25.991283400916632,61.50366490822481
1190.3569761529975,439.37777369144976,25.85049168804406,60.52326266466227
1189.059914138018,439.8960220125949,25.663421019982966,60.77053882534545
1188.148767097013,441.6662784803023,26.303039119188334,61.60467134974743
1187.5150525220338,444.2891149511638,27.28362428297222,60.39168214063081
1187.2436308098722,445.62746243137605,28.04417756486931,58.60527692842429
1188.3875189765386,444.7854599820322,28.13125794648181,59.45035490716759
1188.5344893943873,445.20513356325677,28.291330037629606,59.52871900045015
1188.9703899080077,448.717423271829,27.9275237960712,59.373279137346486
1188.9598869236204,446.6738228909564,28.294759234816027,59.83173814807846
1187.6072827962048,450.58615935114034,28.958471753047366,60.392179579188465
1187.5966323238679,450.6799576898122,28.832991015272224,60.210226166457275
1188.2703219591108,451.5550637418049,28.44283174179928,61.67489232314633
1189.503839549026,449.9009969150702,28.48381018636846,60.574787662521
1189.670854179469,452.6044413401263,27.74459057106373,62.551101733943085
1189.856150662763,454.23215463810413,27.40897051179608,61.39709150955764
1189.5951135004345,455.87576615980623,28.081490161134074,60.20060867749789
1190.3388359652747,457.82494827571384,28.13132766124351,60.88033133987926
1189.675911060651,457.93828883484656,28.951069402124514,61.094407481825215
1188.9109838141062,459.2728762501473,29.51527723094045,62.16772174067185
1189.2406254123719,458.0097912120467,29.956205342388785,59.579397764554926
1191.1567868234854,456.44067742834216,29.175726560317678,59.27986129110175
1191.1065523360846,458.4453121199032,28.573300737116107,60.38180789133822
1190.3356280949663,458.18452446416006,29.71219277417936,61.321915828436325
1187.5655988388173,457.11367059454165,31.70413791552442,61.25693659742788
1189.206082352357,458.9213945871926,31.055075962199982,61.723501688953654
1189.6553118190623,457.30836191024576,30.782649435702808,61.70333056820888
1189.5649515164778,454.0257012859262,31.168966402129556,60.0548299978673
1190.959391006258,456.7112420131344,30.738669081578074,58.62953073934702
1190.055897591258,458.02503426339246,30.694750882935836,58.048147801320724
1189.2735668765115,457.2916430869087,31.35417141127335,57.24130815309593
1191.0726496629518,460.0614246997952,30.765278698838355,57.63930435190828
1191.7338375509053,459.47550322570663,30.901641071702237,58.07224321750575
1192.2814534740303,458.85474078602937,29.753109085241185,58.33157227210716
1193.1968881814178,459.83092873787785,28.666178985028438,60.306591403314364
1193.0821049564674,461.22842099217155,28.600360380810294,59.90430512420866
1194.804073496048,460.6093327367089,28.37496655762881,57.97307253933735
1195.7828170349696,459.08840524879275,26.980692894995517,59.15029424088894
1196.495971660248,458.66798795584,26.01490927353001,60.20966341751796
1197.8950972091857,455.88440030440785,25.344042804070206,61.592987530730554
1196.8384970870245,458.21517666082394,26.363724337311652,61.5924380329396
1197.1798447911178,459.0873477665671,26.98563051854586,60.31323974538818
1197.4390485170625,458.8569090673322,27.36280355360062,59.429835224336685
1197.9132407175443,458.4143463660975,26.834738693265685,60.59915347945339
1198.579363845348,458.15023803031346,26.01952688007875,61.764715484928644
1198.712189119378,458.4166145978501,26.5037342317147,60.85242598513639
1199.0402770813305,461.53015545641574,26.30374026587956,60.08147251330431
1198.0355443649794,462.93448773566126,26.110034052119538,60.468504934798894
1197.8271926852856,463.9010236898244,26.91441873437143,61.71328538093402
1197.8145813758822,466.2608167729749,27.98589423488699,62.52442682510261
1198.4331207121438,463.29853536776284,28.22432576352108,62.48257413010166
1195.668082613056,466.1821114294355,29.54761666831152,63.77467384907076
1196.1984799523073,465.5991738527277,30.54898871345845,64.48774578856958
1197.2870595916286,466.86966131858696,30.598774783237296,65.30550749932178
1196.0136151424579,465.55062132009596,31.79388902851393,65.57076021751854
1198.0578713456973,463.820225037517,31.661350253559405,65.49634320965527
1199.1204951940726,465.83375673116694,31.722567049567097,65.9052098791525
1199.5483564606284,463.3779913200006,31.85397954373805,65.40482171819697
1200.8656869640856,467.69333236132667,31.38581947202973,65.09142411927562
1200.5225287489877,467.02107160077253,31.364624055676646,66.37221079558492
1203.4860285703023,466.1218207368581,30.615481674870004,66.37125348772435
1202.7688895970107,467.5752586160279,30.735646924484556,69.00261133247062
1201.8768171735915,467.6696924892001,32.467247556038934,67.6757148566914
1197.504783510955,464.67381851657905,32.05650173319727,67.57721351321014
1192.64980764993,465.96325417109784,32.11950780738489,66.3938696087318
1185.648679060889,460.6427744896092,30.09139392056681,66.40825559218543
1175.0299505828802,467.22076256178985,29.24324402051263,66.62387103685111
1155.8675511263457,469.99848964219944,30.191675632611222,65.51273813350869
1136.9805693150163,470.1594810348428,30.650137463411387,63.94748315733402
1117.7614124345666,472.18114477080456,30.976467578825584,62.800648116025584
1096.4205925228523,472.98829141885517,31.054511685917948,62.36015676856236
1071.9647447998689,470.76278014985166,32.21170332092679,60.86794213798084
1052.328242689616,473.37574606745915,30.051300685987485,63.622022798401034
1028.3394553288829,468.97761411199144,30.11320524193983,62.5594459120612
1001.7417813811616,470.09409113611497,28.38833994852686,66.23895542577192
977.6772674833533,469.72458409914293,29.664814592394556,64.01001690890945
950.6737080912739,471.81946680014755,33.5523261033356,59.395434202157915
926.0433933936516,468.60804618688763,29.025611983528925,65.45512136741743
896.6375365814446,466.2259439921995,29.270170118794667,65.38635210770212
864.0813918299394,463.0506712913738,28.153909000290405,65.60393276134053
838.747949758434,466.6468659696935,30.131976140031085,61.4771924314058
810.8742113313109,470.52198758318707,28.215517049298256,63.18293268542987
782.4528219140003,469.63129906626096,28.543380307035832,62.342985830322164
765.2708413786823,475.74484868787493,27.98703981638473,63.87983853259483
749.1695973324257,476.54045247235183,26.900783896166452,65.77377443769115
737.726612039312,476.80552186957993,27.142176336272673,66.38317722527641
726.2090979504443,476.645345764269,26.889450907718476,66.4408042709567
716.9795558995916,477.240656259914,24.893143393523815,66.88033005296586
711.7971851148192,474.1012220555316,25.477261253602343,65.90562806587641
704.5852148466515,476.6173815780799,28.053317276978202,61.18059496751455
701.8145881611447,479.5654884331014,28.784381449126563,59.36776808210473
703.5770699828812,475.0591685766824,27.016213144444343,62.85650033040028
704.457829265058,474.0692036692527,25.64284171160219,66.35673017134839
703.1106665751948,471.1439088193178,26.480489434164614,67.53667720662932
703.3357864688501,477.47756484803176,26.834749750361258,66.7998318309251
703.61030240133,485.0758979975918,28.27275069506935,64.03918660912925
705.4136845976565,483.95316820621025,28.468098717054083,65.5814005202084
704.7361730964004,483.94659526436334,27.320835518835416,65.04976361334677
704.5698015169739,484.56663892051756,27.190914531720267,65.22718685486349
702.4434513591207,484.76779854350787,29.654984814084514,63.53473513885642
703.9282078665467,487.67248606859465,29.76171636523749,63.53477719986054
704.6418127319866,487.80349320165044,29.288755263872194,64.91610515525802
706.9393213938685,485.19784580139736,27.291964609105296,67.39835634458619
706.3582369984782,487.6218370056122,26.981822346300653,69.35766958421658
708.4704126651977,485.87005623229,25.354058836513907,69.29160495573583
708.0316719562886,484.38425189377267,25.782926523048182,67.35662918422281
708.6840439420548,485.12578608222253,26.657790159685092,67.4929618678444
708.5287043889887,483.5346663613346,25.43401798910657,66.19532694172048
709.9303195369383,479.55121842929185,23.784541429087085,66.23646841393237
708.6588656770306,483.2696541630996,24.19906711114375,64.65555183739191
705.9944668328515,482.08985184619905,26.62080089324742,62.40471168171962
704.0296198025062,479.17497606758775,26.81851419397759,62.54424453736998
704.8043012019058,478.37507695750753,25.082032351161324,66.19919227781884
704.7988538909029,479.5294730550558,24.084888734907747,66.31344352448889
704.4515870449648,479.58454394870967,23.244742683329072,67.69082638739225
705.3346581749311,474.785254916514,22.528157422041478,66.89511733680402
704.1525916267449,473.2950990437618,22.472170837605308,66.58794830719926
702.1025890754014,474.4515370458359,23.344164802319384,67.37204841748964
702.1279056077941,475.30951385039174,23.3810333772503,67.85631352058
700.899144945815,473.04254670666336,23.993639129816614,67.64930710264244
699.8551653576585,471.6364439649046,25.27586267384229,67.33505242327738
699.1692499864748,472.2815354210589,26.31640470423522,68.55686952878023
697.9745393333637,470.99781283324484,26.644843580622748,68.16006098826993
698.6575396053937,470.89757172627804,27.343525489741953,68.4203711104578
698.7949500444937,470.4537355962387,27.080660548207256,68.26667018936023
699.0920058302079,467.6839676679438,26.126430605140328,68.4009979496078
699.4694456080047,465.010905518596,25.54885435710625,67.62087619809824
700.484433217209,467.18687268002503,24.118611692262114,67.13893405752061
698.7019919239947,466.03117582850564,24.499095191734238,64.73686113598065
697.5844376980455,463.80245534374757,24.940238416132104,63.863881703408666
698.9459937882497,464.51504103848913,24.27028369694072,64.1913315028373
696.7463384132242,465.34497109196786,24.724157143643197,64.20076822219183
698.7001090899854,464.40581927070457,23.983175907075058,65.32669797944104
698.0808442699227,464.00169285802156,23.80502297312838,64.80802801434177
699.57291008576,464.25615194182546,22.43112795282868,64.33468116596774
699.8426552364762,462.9860721218281,21.534160891431384,64.92277924425163
698.6994221881567,461.3750938443,21.915014839497353,63.751838435258946
698.0860204835673,464.82122098583653,22.00889917044721,63.841499947659045
698.3288811587751,461.0814257299487,22.421273177259906,64.49412317772097
699.0221417562908,461.69244020006164,21.32894297721414,65.68911323983761
699.780567477181,461.41181934825477,20.78387030853841,64.24376714916097
700.0356620203543,459.7218493074576,21.076718270397237,62.77432905024664
697.9384341211907,462.06056254560474,22.205058562146903,62.81110274390869
696.3447682684448,458.7599071672567,22.33572505592837,60.40623699887416
697.7183549314475,457.2776016355365,21.93691677338672,59.68711305515541
