958.5,532.5,252,125
968.7344945800533,531.137258380865,254.42436468636527,116.13318883204349
966.9080511203015,531.4362922574375,252.8066216856378,115.31800785445996
959.007879474214,532.9232655905723,256.3813656861916,113.50776513915162
975.5393532815352,531.430619100825,250.0816251518679,110.95599378562663
973.5779998131212,533.9401603433383,246.11597902261366,110.9883348793353
972.7004084910635,534.2350590094945,244.18878346684073,111.95049601299314
974.9117844695086,534.1923232725775,240.48065795528703,114.58293183463998
968.6147690265734,531.3297963026733,242.34099521533705,112.22909533197938
975.4164280895191,535.0355506270863,241.5918901359056,110.61746001542537
983.6411380289557,534.5240771597902,236.4420358286863,110.388198868042
980.6986328729354,532.9081140203708,234.20229912412188,108.3991647895013
984.9641635626233,531.7785105052551,229.11734153719186,108.61563584848994
978.662295128845,533.3959406458137,229.4000485837231,109.48403237068372
985.4444611927252,533.104277407999,229.4414399708822,108.15348542885214
979.7409100483995,532.7667083974459,230.119428126485,108.10453026986329
976.8049181915208,532.2606528645213,229.55434251845054,108.81418549354325
977.9523203604873,530.578642385134,226.72753161439215,107.7932874882797
974.1329303439352,534.2206777837499,226.02022340915067,107.27989630653363
978.126597234701,534.7768291776655,227.99220983943815,102.85011052405085
975.1437424902499,536.1355717957933,231.61100344201853,101.31661228712618
971.4839645520976,534.9278284690304,230.62108552059078,101.99435040526436
965.9803690840735,533.102055435572,229.72463064086259,103.167060758112
962.1088870641593,534.5452254433375,235.5054520555155,100.90811417077092
961.4556416759997,535.7521175724988,235.02388593824153,101.185503996689
957.0574394075181,534.4918786114744,234.30580482180943,98.89223414101347
951.6222880612995,537.2821457825605,237.62063630519697,96.38598122742049
957.550445762254,535.4448637637576,236.00071913217653,94.85028478481087
950.7501455620078,537.9692166254387,234.98930779457964,95.69471630859543
951.4816424363667,532.8973090452865,236.3650079344235,95.30363973575643
943.4187139613566,534.380961302591,236.31753021222454,95.96512431319596
945.9920694694648,533.6564324356602,236.98362230110223,95.66386336770793
938.4336306401681,537.4373401579347,238.5502592541087,96.45944071021796
941.943482991491,534.7739422643157,237.14949037458976,96.82866315853197
936.8751300511811,536.6290295397949,239.94519253172734,96.56691148113327
935.9754288637001,536.5113742199551,239.45770038685234,96.86113113945497
936.1403996411273,537.3569822190607,236.73930172276823,100.57048802761676
932.6843649155921,537.8618820383288,234.8903485629849,102.36339596563343
941.414463265236,536.4737629395956,230.4320633658757,103.69990446562981
924.8778062412414,540.4138330395851,235.33465909769984,101.50429041994178
922.3922544110106,541.1817245219935,236.42463043162732,102.63380246073169
922.9721441350399,542.7662555481758,234.74016617101847,102.31658587247212
928.5925747756789,542.8188190618305,234.0747158294604,101.3776235564919
930.2651715073063,540.289314041438,229.55867228853987,102.61981978225522
923.8624770077781,539.7796481381225,228.0558831259572,103.82655136918783
921.2902455048431,538.9588157125614,229.5693293575465,103.85866084533899
917.9757467664003,541.3283073077971,228.87149725724797,105.98623520571282
902.8922201544208,548.3193244311974,231.27949331953397,108.78035187107187
902.9121840919257,547.3659999614795,232.18706831225467,110.48001588327101
890.7316887864209,544.746015406934,233.41921805743524,111.90611149677356
894.1882722196283,544.3178305874912,234.39470793497838,111.46364566279624
872.3460222002943,549.2090354831336,240.29402157326828,111.9100190666099
866.4090550782162,549.2245394069841,246.95705480494573,113.80714362013856
870.212503772709,545.6137765521695,245.34974347383587,116.17751122444017
794.157343895188,559.2500636008749,230.86309635422583,121.29286664936708
782.7609262852644,561.591336245357,217.96853529156516,118.50828371243531
788.2278221159312,564.8874494227998,206.15027923892015,118.60366230819284
803.1023579315304,561.690685826293,203.76310509067542,119.34331880973176
784.6481200492484,563.0244408117372,194.24641842352779,121.08449047982758
787.367455332831,563.3495937439607,187.91416312586375,122.77982924552441
787.0281959923062,563.6100089812135,183.60738099619078,122.54379249180771
789.0062364330186,566.1151613575296,175.53498287121158,123.61645887959979
821.2015632925016,564.3518741436633,173.48705342805266,121.06982904173623
839.3318611100949,561.1259927304309,169.85794530558292,122.04243194909613
877.2988171057468,560.5901854554778,170.71627646633706,117.86080395264415
883.7709987259026,562.2016642039754,168.52194408894823,117.77953180394024
909.3170908626813,562.3407815781114,176.82228833391332,112.75547950482847
902.5494441670412,560.8808087232264,172.21122894406713,114.97278720377025
909.18914279994,567.9844561067409,166.48134165121843,116.07511412286934
943.7182466327055,568.7512054955281,162.71430641088713,120.38605973077905
980.3905517733688,569.2653735468841,157.39533417867682,124.13339394146087
1011.8690173559937,569.0076830373256,157.8374525783987,124.33498727425382
1030.7043637281577,575.2411517305811,155.4980763037967,124.73524816182368
1076.402533124269,570.8769993504911,148.9556109545868,127.41280425963112
1085.3176544848363,572.0785262300374,145.0188074648267,129.44496979153018
1106.3303471857594,576.7746735782467,141.30875452696807,129.8149101357144
1123.1330139655138,579.7104297742455,139.93494733562108,128.70988651732512
1130.8601110146487,575.941666643402,134.022991678325,129.92985082054582
1150.2018823762533,570.3586900824985,130.9556409794303,133.00692416593972
1155.0053563736365,574.4743769932775,121.92301157799838,135.80929542959365
1165.5740675266868,575.7088419743337,116.18187596856842,136.2756281879142
1146.0839891676235,583.4881039947268,122.47885125299072,132.5916380627325
1148.1837627922826,581.7840628638846,125.28298880634495,132.84326161409672
1156.5165918948705,580.1749459516382,118.20636694265083,133.83207707878057
1137.8558448017423,581.2365964013377,122.2978575301916,132.0799825083221
1125.9075538783843,588.9323386578963,127.13516366189825,130.29156475140385
1131.3345143464821,578.9033053988886,123.24962828297032,133.3662545152722
1144.0936026489276,573.1395224874783,115.17685021066796,140.46444183956368
1133.428032030415,571.3838595306466,117.13265677847416,139.2628777356006
1150.0177299896766,561.8385206790052,113.7875361079921,139.88238264916708
1124.9500501111752,576.6798649429854,111.908864845017,138.77955242815344
1142.1984815897322,564.5679267277849,102.15991787432704,146.3872645492084
1140.8727800503061,561.1472755968127,97.46498711713421,145.7933467389192
1134.8620328926172,563.142363179585,92.88466949859551,145.6099819920119
1149.6021830724765,559.9665609743377,84.38961243388218,156.1975025497071
1116.6240646471756,566.028213025227,90.89530398282169,150.93922920961072
1119.0043605303056,579.65822657213,93.42613344702825,147.7965298223582
1119.1585751520943,576.8436599061803,95.59426925507509,149.04444237085505
1072.3473233255384,608.8107321153495,115.54585995593911,131.55622343316634
1068.0879021136398,608.8083850166902,126.89446713817941,120.435750861087
1033.4099108447506,627.2743933675614,134.72790961084002,110.5297526421306
1041.4798553294427,630.9442115912359,142.1882944700257,102.18034580024803
1035.6852870255034,627.463287817397,139.75717054970337,97.7326386997463
1031.8484183168744,611.8656848928309,139.52159544594002,97.61100289107853
1031.845034671857,612.1016547167802,138.3065529831579,98.76076187061443
1013.5097640723992,634.9067985308903,138.3575070116337,97.96686836509579
1017.2037425612712,607.1343383718224,138.62409442454242,100.8454642754717
1017.6581403641695,616.5461929251588,138.24824140991285,100.54662638616327
1014.6947319069525,612.4779625010823,139.05737833461723,100.87646407358989
1032.4610745129514,601.663634727759,135.7663104273253,103.4374316721792
1047.5778176661165,617.6058878186228,142.37162766013347,100.63854196750825
1055.0642444945024,598.2910405962124,137.42634086464815,107.82846739226875
1183.9950939732967,579.9383187785318,135.1698013591494,109.72621808936965
1249.4446520438441,582.0231678353199,140.6147832891377,115.73043036670899
1262.5125721821064,584.6577571259638,135.13769265940985,120.86210840193723
1302.8465413875522,589.3589031837259,142.64872683194815,115.80098252185488
1332.4241825561273,586.3290413410813,146.1221856221081,113.29261802228442
1388.9960247603399,599.359831275603,135.79986573092862,123.42335568750042
1451.3431235968471,604.6585217070308,125.36306003187414,135.50869468167053
1492.9030002893405,611.55662662332,132.08838968570797,132.31177101026785
1378.7453198009453,596.398912111095,134.25378333662496,131.75783775712603
1376.0136363000329,616.6910183581084,148.5016814611535,125.52951501784037
1387.3417156947853,634.7851548407998,161.96141831787972,122.76549210138501
1409.629179234627,643.9432367060363,165.87398169709496,123.94709657203032
1426.729680889379,664.1711850035769,166.2011655419723,122.89321436354984
1461.1494791110033,663.6498642442663,159.43684967546363,124.23315414043223
1481.385266119248,664.6063644032715,157.57643206183178,121.74198061419975
1500.2847093030912,666.4086277679231,157.66754948946576,121.9013079841938
1500.9629998058738,672.8184636875412,154.6984488022046,117.37993210206778
1512.6046777458791,669.2516439988159,153.38173140957116,119.20553355218047
1516.3770073326607,669.1770720546616,151.4450015167312,119.78021738208395
1513.6697537592197,664.2955869276153,153.14619084576742,119.22124903093885
1507.1475930398115,669.5502618122445,156.04834195719144,120.83703728052961
1502.805109763649,670.9403089556936,156.60730304766116,120.11692986606624
1492.3806660224889,677.900654359716,155.42800486899756,118.51587916489396
1488.8619947898396,658.188589620637,155.41492619885605,126.82424756384523
1482.5447987062657,661.0530581224992,158.99380027841147,127.72740412570464
1469.988764672789,664.2398267761819,155.5251387308468,124.72599133667813
1463.947662590209,660.6949599334351,153.12655211611224,124.98879730570351
1459.969727317361,655.6614906536164,154.37349961482892,125.30960834345248
1446.3079665606165,659.0293764633017,151.1860351833664,123.35006576304525
1445.424257018437,655.2252554341051,149.93251688128365,127.8217544958137
1431.169647289941,654.8891391775433,147.0402366054391,128.61135780373888
1428.04140911096,655.4885470998845,149.66630376448398,127.18886557615846
1421.537510693174,647.4849848615347,154.67258621637114,130.93263596838523
1409.2164314874922,652.9092721463876,151.58556055951908,126.39413831473638
1396.736997885619,653.4495126930406,150.1755609850586,125.74296094553225
1393.12010906578,649.3638438821611,144.87645704371008,128.51557167158774
1382.1925346047567,651.1953003613283,143.7968566647559,129.0704728818657
1375.7849355969543,654.0443475177613,143.99407277178375,126.98569533945408
1369.9931584844753,646.2470898610429,151.25439070703754,121.72946518184455
1357.6509476098756,650.1362864180314,148.9117773238625,121.72552669691913
1352.2710852188725,646.1199988074516,146.5295377191485,126.06611123352315
1341.634573253439,646.3678239356279,141.9962377149082,125.15547297777444
1341.3528621342257,645.7521461097278,142.84363184117024,123.84476050859038
1329.1531699006607,645.0420429341441,140.11036512036767,124.58159514963617
1323.9618549164893,644.9174055476252,135.48872304117654,123.54734128409035
1319.2541532000398,645.4800643778525,131.14649396947715,123.24394114613712
1308.5382469578299,646.9825719450553,130.18509727586775,122.10599612697361
1307.1728399541053,644.561777998905,132.85985595165775,120.4202861629278
1293.5036671184503,644.982774369887,131.65437906976737,119.49812407825038
1287.9990993829167,642.3609209315838,133.48413658866107,120.42162038869336
1274.2376673012175,640.4379746597691,132.11754176549158,121.63258747218316
1270.657749049594,638.3115676375329,131.65790080929335,123.23755466794809
1257.7489459664184,640.5698256676773,129.52298169341606,120.81596580550188
1259.124405843057,635.3575841452475,129.81124814082062,121.11030809895985
1249.1309086303957,636.1513226857029,127.76611914733022,121.42095446074899
1246.2744989695086,633.9999854155669,127.68823868605469,122.5626752946186
1244.239476674273,633.6739243320195,128.58092520465246,122.37947859029481
1242.428613801924,631.9479768189442,128.50237366186258,123.81064396216996
1245.5410369540814,634.1910369785452,127.70433272359925,121.57264318066655
1248.3062442196285,637.1528127032548,130.50988011562427,120.31825372626986
1248.4770335784988,639.6006091331648,132.87069240227214,117.86271518566392
1253.6552840390568,638.9915966751371,129.84252158529466,118.23590997171075
1269.0844083828963,646.2321106491089,125.09661395235528,119.58035364569949
1282.7070519838585,646.568985471024,127.10591272114652,118.1775130997174
1301.9296561453607,643.0762147340383,126.75758234927923,119.10258155946924
1321.3901878966435,643.7638960857341,123.55539499213806,118.90555812559371
1339.8294072690298,653.4231065787741,123.30100140962341,119.06233268056636
1354.0111911346867,651.249516893564,124.57978339232287,118.45111316318958
1383.1415133065275,653.4086159734632,127.89550781090088,116.0248552980847
1412.417097551188,655.2773765157747,130.21642261910023,116.6591671654283
1426.5692492691462,657.703493261461,132.46126428659437,114.05237416071836
1453.7689420276952,664.2661801958939,130.95181826705027,115.3008557142472
1477.8498381234092,671.5931967971511,130.53599009546062,116.4490440006191
1492.2216196895338,665.088738949823,127.44932102652683,117.90174851099621
1506.8396178797557,675.9502878922698,127.0929122176696,115.81719664687034
1511.9216444813308,671.4636269724156,127.88144419445169,116.19329181112064
1523.4568342254645,669.3249924605378,128.77842513630355,117.35721102421107
1528.411101018975,663.201490610195,131.0780926988256,118.94503545993982
1522.2477616031654,666.9820176850021,133.43792174047616,116.30609057214141
1518.4925838716924,663.8913133533391,133.715340297968,116.60559261631713
1512.3741243394165,661.9102241601147,135.59806781877265,117.61259094326951
1505.9951199113966,660.7875875072881,137.0508745283264,118.67407169725388
1496.399447813977,656.5190241666646,135.859062208566,119.4130028718112
1491.4794654265875,653.9309775122755,135.47137623955837,121.59450816323243
1479.2849195306003,654.0727491312116,134.18164864688703,119.19664716783029
1476.0401791691525,650.5904717677781,133.0617477956381,118.61947666344818
1460.9227451307004,656.0833507684005,130.4033999322407,121.15957831334961
1452.8205293662447,645.7856000009748,129.87426159174768,121.50708663996232
1444.859593290924,640.411303162666,129.600359984065,121.54915955038051
1435.9779053768132,639.4071639785465,127.34738139450316,121.03726589751895
1427.878862672312,638.1353370235686,125.02577152661404,118.56493735091358
1418.9658297876106,635.6558957427821,124.68422187551685,118.45537724970073
1407.326313537534,633.9242129036369,122.37982430017946,117.64016398611692
1398.4317657569072,636.4841817305631,119.19262415762107,120.78728401083237
1386.9003112628056,630.3915278775783,118.41672301440131,120.34017342817062
1377.384861123896,625.8468506283629,118.10822292358021,120.02382782982137
1377.852380816221,622.9752396038639,118.89836743517293,118.6950676562923
1367.935350490962,621.5557924050936,121.37785380264943,116.15382236360126
1351.4603852516414,625.1556728760078,118.77885854831416,117.86377304794095
1347.81282117549,618.3643035268176,117.31751600458401,117.41691154096631
1343.2496806136576,615.4254106228256,114.63776325871447,116.71119126711243
1344.3519384883118,613.6679566619139,113.73506138003631,116.35499931569888
1345.1962135318288,613.4026254129717,114.84008158015152,114.67678440877003
1349.4290506039265,611.983685865547,114.96992944174114,114.09126782735864
1366.2781264916791,611.7988498201086,114.9116472438227,113.00394104329763
1386.8928348619793,605.3236082604108,114.79827551516573,113.286263557385
1406.5743860824834,612.1865781388683,115.78754067985489,111.89558218034279
1425.8287252747907,620.4267254202175,114.95474357946946,113.4150917280973
1455.2922109732149,616.7309057445004,114.60635399175514,114.23422659018024
1487.844201734284,619.3630713688135,117.33303406306788,111.94446623412674
1511.061903222895,612.7188541635265,117.35096521768796,111.9071986138674
1537.7248778333646,608.4547104782879,117.37541523886927,111.88342915052355
1554.980818205203,605.048303920664,117.40532149720926,111.82579161205315
1561.0743521736201,602.8151432368871,117.43098858639105,111.76973763253346
1566.3337528320637,601.1317299092566,117.44291214363776,111.74089608508633
1564.7768208298428,600.8997113946984,117.45628758212897,111.72749644994626
1562.9945883701896,598.4738627354529,117.46793420678027,111.71533245851911
1567.7607498811326,595.2513524881155,117.47302678757492,111.70850823968074
1568.8315834299165,596.9415127244945,117.48400544503224,111.69377424873967
1574.5642524769328,592.7105780740578,117.4871499624438,111.68942580779934
1584.0628180377919,591.8350460284446,117.48581788100907,111.68694066753356
1581.4081047814707,593.7615801200842,117.48918715892297,111.68113756012309
1578.2654708321534,595.6000335352128,117.48952989383427,111.6805172775194
1579.904496570885,596.7997439736502,117.490420604832,111.67916629587032
1580.9475114052782,596.5326452441399,117.49191852473282,111.67716003373644
1583.7602284873112,594.273260483772,117.49297445418544,111.67509960803007
1585.6727413958674,592.0644287057933,117.49338287241322,111.67447861297973
1584.993859435126,591.4723694354029,117.49395153590275,111.67293207105922
1590.3610594957727,592.1481640790234,117.4943232606609,111.67073381334667
1596.3569961801538,592.542844093627,117.49415087535364,111.66946607182803
1597.7907771307875,593.7903620207798,117.49436766926432,111.66870189718925
1599.338573102785,594.1881574729341,117.4949329564567,111.66737716420673
1606.49388655531,590.2117535358752,117.49527916420138,111.66648254343096
1605.1110255700796,589.5809513982986,117.49540697235058,111.66584493100069
1607.5221980448648,585.1211829148192,117.4948975890493,111.66465830908047
1609.411020144517,584.1954805459906,117.49268578078411,111.6616763525912
1611.7442150594272,583.1300854524474,117.4943093279865,111.65759953356526
1611.784996909572,581.0897732173574,117.49436489336469,111.65667226879712
1611.9916940305775,578.521866335658,117.49573450816398,111.65486923617046
1611.1053552229387,577.2412408291193,117.49763053855925,111.64937478522596
1612.1783918659187,573.6485118068296,117.49687087833593,111.64853270067721
1612.3105161696321,572.260543337968,117.4966505010192,111.64784254949562
1610.8742756431673,571.3334612185049,117.49621566069315,111.64733346799747
1612.6894843591995,571.0525124503305,117.49591521448167,111.6458351798914
1615.2123253471866,568.5221762493194,117.49589729335219,111.64474957992927
1616.4065881199185,566.7652385772024,117.49618780709658,111.64386085813652
1617.3296766980316,565.9466987598798,117.49648218138898,111.64200258968934
1618.0219476112222,563.5394108590908,117.49632680903441,111.6413640979885
1618.3012431181255,562.0132264582566,117.49640635915807,111.64077217702811
1619.11684575022,561.5818482793233,117.49605257751185,111.63968600309914
1619.3902082592545,559.369865493785,117.4962045003061,111.63830464970698
1619.0900386031312,558.3569590952974,117.49939720108081,111.63400478026867
1621.1152488464752,555.080190349089,117.50071682279706,111.63073761819042
1621.7525669732263,553.6903324168421,117.50128118299243,111.62948262803084
1621.5545367569932,552.3673584945428,117.50180828502438,111.62805483710935
1622.6283867911777,549.6054256863538,117.50210542767722,111.62735175847943
1626.7380051455643,546.1381024167171,117.50292936923368,111.62444576021575
1632.311929256931,543.0932165650462,117.50503828676653,111.62125455113548
1642.7190536451653,540.6514674668338,117.50563523531211,111.62041050586078
1647.4033105947433,535.724560353939,117.50559030447542,111.61996018093242
1658.1896413574402,530.8493469261672,117.50544703088131,111.61754879903205
1663.4382705322967,526.972607832237,117.50504173945761,111.61721945624234
1667.4376444580216,528.322758145206,117.50474061590582,111.61714873547483
1667.4464371361084,527.4967926293431,117.50468948226367,111.61648617518331
1670.2827714996533,520.4576873721144,117.50413817350235,111.61639446958925
1659.9370800684992,521.8386265369604,117.50764896010172,111.60085596067412
1657.5516341246268,525.3080174876586,117.51222471851436,111.58087121944975
1646.4880947578965,526.7049023407511,117.51719492136493,111.56974527144384
1639.423995300106,527.4810967007285,117.51938015598782,111.55809005946156
1634.6545938834881,525.9040846298334,117.52806094597095,111.50952578047601
1623.3697879168885,525.7221627615728,117.51156735794115,111.46842656694976
1613.2020259525596,526.3312191198688,117.53116773555602,111.42701820433501
1615.8970096394462,524.8258956612342,117.524397617637,111.42248450826948
1612.998027168668,521.612369811221,117.5244310649612,111.42109946340803
1607.5525866771907,521.4586635578027,117.52501159526354,111.41965954473429
1599.7417978052772,516.4169111159259,117.52791036294389,111.41012830164382
1589.5328791444317,510.6278531820076,117.52681729555293,111.41034081692331
1582.8340247934968,504.7721855158654,117.5229432481192,111.4101583771634
1577.068254198616,496.7425600162095,117.52271852579756,111.40781787888932
1571.8149768612195,489.39105128949325,117.52140846675152,111.4079429267188
1561.6905642486706,479.31935719141785,117.52134940031284,111.4078071535909
1554.4343729368643,465.27308129950217,117.52240640864262,111.40635740826892
1569.8888009546265,366.3937454319369,112.68262715889988,113.95100259640105
1574.628505082288,355.57148261189104,112.78219517819264,113.66782921994754
1554.319655354917,342.18295953066854,114.13445875684909,106.05688562179489
1550.8725739600814,338.6796798926915,113.55763767848224,105.15036748148682
1550.6024082588085,349.1884836150481,111.90007719658426,104.70336647322142
1555.3024512814013,343.6116291980423,112.01244613625795,104.91483220806673
1554.1925751821063,338.69357433163094,111.3603931680963,103.78495468367339
1555.1604806818427,347.5945851764368,110.33593144878455,102.32306562741411
1556.9685994295646,340.10132679931974,111.00094922911701,101.58734998918887
1555.7514911717624,340.3230249102758,111.55792157060418,100.05864454809478
1553.3774222090337,338.5861986676271,112.94310263178542,97.94819302791072
1552.8185746136633,346.3514349335262,115.4807683885424,95.35012592821539
1556.5429164961968,342.13977559376644,115.45721392340899,93.45013712397403
1556.6766333771286,348.06467680110643,114.46696347645602,93.0434168382716
1555.7149890477076,341.9081566302286,116.35024613942856,91.62428238522446
1558.3296827086626,335.56326949938125,117.5503078095097,91.16240899306112
1558.5934178997081,342.3056392755398,118.76234937735532,90.39712559552707
1558.2060177762723,350.2530496434285,117.57547232998036,90.58369735605847
1558.5720798551165,355.5653274755564,115.86560318813213,91.60542359821505
1558.5050666676339,348.12297751163953,113.18070473958022,93.17927958210026
1560.988479360944,342.6495777050355,113.08160207463152,93.14646975531335
1564.8612567698735,336.40393226557325,113.94401895635436,92.64979914857325
1557.942949096592,345.44778521574483,118.81792027428887,89.14104994440805
1556.8588916134925,343.06287973905216,120.71250209796503,86.85910832145561
1559.054313373735,349.76555303504983,119.84099817127483,87.35236953637863
1558.6964699186424,343.9451586234231,119.52827766831072,87.54705464242673
1556.0825714800458,343.2326059029172,120.81456094997135,86.0652108637288
1559.9344943873602,347.57473773320726,115.89455854273665,90.32096243568941
1564.3549217606171,354.70610113069336,111.0917574012416,93.09587951019147
1559.6969525009056,347.98082834932296,111.52116331518938,94.29728454707197
1555.711938217506,347.1317239920622,113.13816803293439,93.31325427393132
1555.8360965192046,342.57052524083423,113.90178195130791,93.42781818572135
1556.88888282247,350.2316096993393,116.68619305959098,91.394579459585
1555.7069585902725,346.15540019317046,115.79534396284382,91.50546445131764
1555.677567874769,354.27867730990374,116.24148763797646,89.75976985940844
1552.6209147977231,351.7438955359278,117.45526924593295,90.01827919687355
1553.975153814453,347.1334959072751,117.59074154578215,90.6371913934933
1557.6090945527476,341.96920029242057,118.74355511318566,89.79871650194669
1561.3491127602535,350.4377066399651,118.40809352851775,91.29519140724076
1559.6184063608232,346.98213582959374,117.1208579834397,92.20274254792575
1557.0040094585797,346.6745166734394,115.32805037735184,92.06428160196432
1566.5650758794347,354.7321245336513,113.25630366241356,92.06991511716652
1571.7557762148347,349.1918806109966,112.0618493182928,93.29784773439636
1558.0021300990363,357.22284552369797,110.63716704360954,93.67213802915023
1571.4984303228418,348.58301356970935,109.55176095322801,94.33408735733227
1572.6346380239977,355.22145812969944,106.44631457713265,95.447812210867
1570.953128048314,349.83723540286695,105.25294683330998,96.12035560552087
1559.6881785599485,358.6429349811773,105.03442399246664,96.22544195568815
1570.0135631967287,358.26897279464873,104.26875190303299,96.6204390930723
1559.9495419499547,354.3547987336521,105.77669772522457,95.70762179147884
1570.7524255840794,348.5076353783233,104.72889248298328,96.28042409456329
1573.5496281730098,345.70663901390617,105.83136276316498,95.46892529446865
1561.01546440849,343.3337279182115,106.19725884801291,95.39909119563362
1561.5519017459148,352.75299669998617,106.64765955931352,94.98939286964622
1557.3026213110347,352.3367494058223,108.42267844677858,93.57741945456142
1560.764083211399,353.6547103439111,110.73102104010016,91.11372778819697
1561.0806463609263,354.3461554839648,114.44887578100312,88.4200355868389
1558.9745483297204,351.0332140432225,114.56712319088078,89.22330338134415
1559.2585014396534,348.81793630304963,119.47672004008052,86.60043784552386
1562.3337189682645,356.1478686477009,115.73503116803805,87.49106740178215
1560.38797994022,353.37893001849056,116.42314128461086,89.4705502319485
1557.911101979559,353.4485590462374,117.57780487129985,89.54977300142664
1559.8533816655213,349.8551089037321,118.43874246991984,89.59359579990956
1574.2603428257166,355.4171228592786,111.84176863334451,91.6659745107782
1568.3069266579155,348.60072474251837,111.73654449698796,92.64141129013169
1573.3411139580783,353.6004134899589,108.60867791371655,94.06647383289061
1570.019466241137,350.3792574747139,108.45621758114692,93.73827495717939
1569.677050408141,347.5190228555211,107.90832801110352,94.73349891563805
1568.618469064603,346.9192097896762,107.80837756689398,93.95223853856228
1567.93354887108,353.7286317662418,107.72118018508216,93.57937033108182
1567.6556486994625,348.8267145287858,108.1191746202212,93.45731591318359
1568.088879712154,356.45123537316186,104.76350271276219,93.84168661243403
1569.5818556713223,352.29912929483294,106.56936469086972,93.44041855782254
1571.0047693727727,348.7284823542209,108.74467830697188,91.85627632562364
1574.4686494017928,352.73989215017986,105.05918854853141,93.92486038543424
1578.252624681415,347.016001205821,105.68199377541283,92.91057926000448
1575.9091813656755,356.67740710211166,105.25069747782695,92.47310064647804
1577.754213127994,350.1800987368378,107.87128298303001,90.87837495716983
1568.4549183008896,345.51015194883485,112.2192731116612,88.21708247417997
1570.6004463822524,349.05105209236604,112.81201382037531,88.6351086283296
1576.1814929363832,351.3926417171942,108.61698455141334,90.3468851720861
1565.7642323700595,348.88795858303075,112.15636348965629,88.6299638160815
1579.5284010109908,356.211662713893,108.35306412379127,90.04216496159414
1560.0385734585905,356.6251445011985,112.46960833691739,91.18389389886259
1555.9805333235213,353.8137403838716,114.07624744528374,91.03137427581152
1574.6229168567008,348.27542448984894,112.81541806747654,91.31088239744079
1563.0859894071314,357.1750550670749,111.53548386570591,93.09201465643878
1565.4969068975201,349.95878969843517,112.67099310311758,92.8222877671199
1566.3457930988852,346.95769773538655,114.84551885470037,92.34378995100644
1564.5554658969327,353.5751222326979,110.80816598408597,93.68455185043334
1563.1886029547873,350.4857553699609,111.02003133541932,94.78810339003975
1558.162294036473,357.0478176305959,110.35432266410179,95.24294553427916
1566.610064649254,355.58421160859007,108.63349105306258,94.89476563699844
1565.7536038516532,351.5374597051782,110.23411282543427,93.35420633780662
1564.806360917662,350.68377845982707,112.80463718214432,91.58174187810599
1562.427893909467,346.8880357436716,114.18381066132656,91.99622723789929
1563.1919921264803,354.0060806848544,113.91969705337686,92.92525386552893
1565.6725344090282,352.90439438369077,113.72332118008404,93.32553304479646
1565.084880400349,351.13818648285735,112.18061833182013,94.76231285101498
1563.12761303445,350.0144622822518,112.68168065794302,95.34766565570374
1563.5898124018004,347.0292122266257,116.65897195491237,94.30309791024067
1564.8388113179176,353.62940205312293,115.56739550994435,94.59881286079657
1568.1215507941893,349.25613198014685,114.72784364112285,92.29060664327633
1552.1431414109027,357.62948492592506,115.3021627691302,91.38734426676137
1567.4023653597662,351.02699018599037,112.33894576863614,92.93969167751267
1572.601983211237,347.08240162310904,111.71303687023669,92.58877644754259
1575.1847219677006,339.93747295353444,110.42695862401071,92.93355773622038
1564.088306657522,345.930269884801,113.57158404715815,92.0409171260699
1563.6959178270015,352.715994143336,114.0801498182685,91.90801429346985
1560.320940652805,346.68856284992205,116.54723487124323,91.77282288881365
1575.1289191250673,344.6623051841601,115.12406122617023,92.32713758745263
1564.535883455092,351.8889989613358,115.46897086333462,91.50505436686188
1564.9996652380248,350.35790692356477,115.05558682631009,93.54064511965186
1566.8465865586554,346.6567001468362,119.51683113626609,90.40069379969952
1566.6006563621972,353.681102278477,119.84170172734939,91.65642813504022
1563.9102455103832,347.63191557431855,120.15231497372665,91.43116093499401
1563.5257005385397,342.6796721535203,121.1056966320778,91.05087977100209
1562.467478425685,348.60608804529903,122.70583740294975,91.33034646963412
1563.5004342734965,344.78130566606643,122.76726695287253,91.1762286609887
1559.499378506529,342.2298582441615,125.09613338432885,90.33089478101664
1560.0078141164322,347.1385952246557,125.47909416212957,90.7171556847766
1558.8870578380736,342.5600304747843,128.42802602028692,89.88254583619297
1562.6371986228778,342.31575198141934,131.7242558657892,87.83488431564896
1542.7629119129256,338.4165065281348,133.41370579723812,87.28338066919567
1559.1406301265306,348.230901587521,132.97126014428824,87.53592858130077
1549.1432714488506,354.4137308973127,133.14141340259454,87.76163698849926
1547.55278074386,352.51220118408503,134.48596424055188,87.49174302453656
1556.9661890184175,346.7396766472911,134.5149731478129,87.51647872892336
1550.045212706118,358.4112053357548,134.3064201926573,87.41172338212414
1542.1018256356328,352.7028081294941,134.35993683738184,87.43498672143639
1551.6323552233177,350.82735427918794,134.45173506055505,87.53393201705973
1554.68759848986,347.0118411698804,136.03083288441,87.41122764940206
1556.7514184689621,342.76438157845814,135.43038681644794,87.94207459755506
