938.5,942.5,60,131
936.1036260870952,933.2660535838103,59.50958422538507,135.37263579179879
929.1771781867559,926.0004936892196,62.07364555777397,137.49868697017146
928.4710075880365,919.4860959128767,61.60392997015175,141.12635512699805
924.3897554184978,912.7166295909092,62.04689749211046,139.76586780446465
920.7786290678183,900.1623961797234,64.46631743126069,139.86888310329826
917.3404924346027,896.0039596195531,66.23364091233833,137.14178990034074
915.5431962608083,886.9416184202476,63.13540711676838,138.58913363912785
915.0585591552322,878.8438715694185,61.34624546892421,137.7126275154469
912.78970405223,869.6458937514765,59.144996005211,139.0521329635162
908.0122399812317,865.465614620109,60.439715574074754,135.945217653373
909.2184376864097,862.3749059458597,59.74182321490126,132.32986338518526
904.1853262140969,852.4473127622833,58.870082026127875,131.75358530529576
900.6636058762434,845.3135142929463,58.12741673759656,130.32917663398766
901.1967248504002,842.3078519550503,57.26088334587656,130.14654878672985
893.2972734700375,833.9123579772804,58.54631383390421,129.01094913576702
894.1961615036942,823.8185884015825,57.778659409036166,129.0735460951786
894.3149038084721,816.370573681921,54.80679967128749,128.62315017798454
891.3032029081344,810.6825284708926,54.63393761234486,129.41836101918142
890.5299221409923,808.2592565823758,53.162203975244395,129.7947690086649
884.7638619534264,800.368569347728,54.561129835553146,126.3924668057114
882.3350260134148,793.6519513878046,54.90449544132558,123.18090619508646
883.408934726411,791.544043029312,55.31505528369991,120.00084096647046
878.2428197123569,789.2105492398549,55.374306276071124,118.12281298933144
880.175125891698,785.3365739489748,54.50933236949608,117.29828780764947
877.6240963562586,775.421665656402,55.0270038629546,117.3427905233568
875.5440416506921,767.4172411774904,55.27181746203209,113.37195650757452
872.855608941305,767.3033433826167,56.51593760212009,110.40031231285172
873.1739594313101,767.0879049322981,54.93461969867728,112.44389381852122
870.9851487948412,754.9473023155754,54.511379520477675,112.49212345032771
868.4339177421205,752.5586690343385,54.41752573322781,111.68353796759884
867.4562428856178,751.8409611112668,57.14669834502258,109.35401416632315
864.2025287550142,745.8932783398058,57.12313622871004,105.03930927304918
864.6348445556514,737.3889480574995,53.95668669900295,104.60401097192145
861.6850785989427,734.1847306523097,49.73851537995979,107.24734429537797
861.5570029907911,727.9135251493896,47.32225040108864,107.06384888840991
857.8536167801035,724.8934174910764,46.57418406252635,102.37267859627053
856.3087998312669,725.2400654951557,44.7491998121838,102.13321320597164
856.3817004187148,720.1756631904346,43.67723820791954,100.66035013003713
853.4254491484041,714.6873742760762,43.757439681808094,101.90587728011769
851.9454662814875,706.947578055377,45.314294746449505,100.19162286524482
849.673525192455,706.7965971490823,45.25830250985828,100.06032250304796
847.9350985592156,698.8421874406941,45.333524039043155,95.65419544979818
847.4319768246888,698.4329421596327,44.07919229892113,92.32716196276763
846.5171992669011,697.3963797961663,44.019181967991216,92.01687667913188
846.3949047175544,696.096665467679,44.958984274722354,89.99157082302202
843.0947773087048,689.6529439801101,44.69034501723846,92.95863434332986
839.9808243571244,687.3755204740968,44.96970116620503,91.18330664619347
837.6458073407058,683.2939855857348,44.34027469187414,88.8880282661762
836.6511903595978,677.6532217537803,43.27690350114541,86.11691240066006
835.7570993294873,675.6696027857289,43.36082543707623,83.89203447689562
833.7208203871742,672.7244088799604,40.53770782533521,84.26883655012165
832.2930593978015,669.3388986375016,39.81094335273235,84.16746515475602
831.5129246877109,665.5563060550757,38.1413349786748,85.46113696773158
829.6107080163163,665.3968978050193,37.275315559419646,85.90339372468915
826.1327444849742,661.7350049203634,38.62577107067632,85.41059578422043
826.6966134154326,660.0999718537976,39.92319953426527,82.49736535843331
821.3980757925249,656.5787764772423,42.36773967086171,81.73138198182974
822.2285777783809,647.3511752858315,41.80723705911595,85.2458553822506
822.2485798732198,637.8417521176327,40.77906842058076,89.51027242704969
816.3510831762279,643.9039709134606,43.57798831578596,85.56905575041895
814.5139024366597,644.6746779426743,44.30611201193358,82.47846968870854
819.0402029684501,638.7122333038841,40.55130504113209,86.55624940379752
819.1974301583164,633.5589795528214,39.53865522229383,91.19421408754347
816.2581156908765,627.7906861383747,41.77550608763373,89.09047252429329
814.4956984925075,630.3649525761795,42.61559056084158,85.6257270072228
814.8859875286481,631.9015683919756,40.82938489396718,83.88907903973467
814.1113430961224,629.3028776849465,40.99013976348611,80.47936807713019
810.3385922220533,622.5042059480081,41.32493806557544,79.27754376706135
811.356852501952,626.0334818032967,38.767882712264225,82.49519157543021
809.4255884685681,622.3900687559527,40.088669361383666,81.89693946536266
810.8212327683043,621.6318030706559,37.70808213295028,88.9412391413482
808.7668872354866,617.2067480069829,37.44500581586445,88.57932836109353
810.075670940851,614.3946878516577,37.10864160945138,88.21951841575068
806.9174840346174,614.3765568117068,38.442771798573006,86.88277793212622
807.6945480939883,607.3503423557768,37.5228546866889,86.34405083310355
806.8159159773384,605.3094624869823,36.31170742121802,87.29875292810382
805.4334669338793,601.2370468554954,36.344723514266974,87.18959484496528
799.902727335265,597.1362887593825,37.966171733707384,82.7764575387234
804.0077229985726,601.0034907025016,37.58910221215962,80.58921047699295
803.2130228321662,599.2670316229838,37.311567901604704,84.08337519693168
798.5661089260274,596.758844550031,36.81912653791353,82.21296314660103
797.8051809356521,592.7903026122373,37.04765303530053,79.02468181434925
798.0473590222326,592.4796109144863,36.79825305765999,76.95024714636259
797.5524569175072,592.7991618853902,36.516833423514186,74.34281987102153
796.4903986761763,588.4830451942807,37.08851997383715,71.7783483693552
795.0394291861668,587.3238379214532,37.22833750076148,68.90363006293238
793.87933497175,587.905930491452,36.3409644603087,67.37627794955131
795.5056515258307,590.4587601536788,35.85333493360936,67.28172971243485
793.4470003284673,588.1642607953595,36.04231521203714,69.04849933326398
792.0657029607044,585.5549142689522,36.9465501148937,67.31891816151875
792.3729313589038,583.6875755257558,34.90115762503119,67.36531270825817
794.1355897977065,576.6440047185368,32.67548980824318,70.96003078714196
795.4165681762236,580.4145780507034,31.746024164232026,74.60411269980855
791.2963467000314,574.7698452558865,32.38793568956772,71.02752837333425
787.4004344039773,573.8826155843095,35.10321645799097,68.79617157470102
790.4334137407352,569.6316086021316,35.12394770821031,66.42264499859914
785.2143023860341,571.3043781754011,36.63638128396497,63.50318495559338
785.6827795284113,569.4263595321901,35.590404774234514,65.46054033355169
787.8146228253014,568.321984906491,34.01312118833789,66.41700082684693
785.4457456832336,566.107332748736,32.704638657292364,68.85889154405092
785.1731452960746,563.9519789620244,32.42115680677013,67.09861811803675
787.6539247507573,561.0233132408671,32.8465193608045,64.10859653960857
787.1406698121261,561.5909031044021,31.65713514676443,66.05380004600285
785.6712625557863,559.744196674523,31.43044026025678,68.66941454275371
783.0149541378479,555.5756351324358,32.63982894478256,66.8799413449654
781.1843104250436,552.8083504168247,33.401138720319224,65.66015116392887
780.7364618842254,552.9122267069281,35.22257862160104,61.91882268582512
779.7852042273714,551.2960772820668,33.89826639632233,62.67757740493694
782.1357537664743,549.2506555838011,34.10527247451199,59.15764806690052
781.1387560261973,549.8143387079388,32.45597276400754,61.05470699145668
781.2375527770635,547.6780259466371,31.482998466368386,60.63896582824766
781.4809496419425,545.8176542759461,29.403226875363657,61.92309758159195
779.6537491975723,545.2113964923376,29.17961613968307,60.8411582990417
780.8183446632672,543.1515290315398,28.274576717221645,62.97591220741379
779.6344614829171,539.4942127961683,27.776884654536914,64.0077971049617
778.13320992537,539.4082625425226,27.952825317820086,62.29582084286665
776.850231659705,536.9230704054788,27.080102421456417,60.47408429032738
778.010234569529,538.2512696212315,27.511517297952576,58.877876376415955
777.0320416010462,532.9199840504931,26.25058660725282,60.046890428899225
777.1595587423839,536.9076383040365,26.005685752907908,58.143037008186624
777.0748342162875,541.7150879991882,24.587678560437446,59.8609201866987
773.2677662826906,535.8626984924383,27.249712609792603,58.267729944928774
772.6721394058139,538.1606935787593,28.64949648455535,56.0721532213762
771.6797617763532,539.1697122590143,30.37346497948441,55.14479557869623
769.041758834187,534.1185090686217,31.78733823239704,54.85834524289838
769.0620433670445,528.5748141214954,32.426366855348405,54.664826984259086
768.1503267253806,531.3760992357672,32.5722700313328,54.04663906570587
768.068139816665,533.5450095471663,32.311954757703845,54.643731007548695
766.8594724255299,532.6649110360182,31.189755029740144,55.225086056872726
764.9120188273711,535.6351769896547,31.71930313062898,55.38485404745642
764.508805547512,532.2164197708014,32.37305932088708,54.51719161060274
764.788883523439,532.82365848256,30.86526498430831,54.81694234564531
762.6920709885692,532.4409930194306,32.654820587429114,52.877958400673464
763.4888282812823,521.8906727018962,32.31195970855516,54.66868030393795
763.4568629627523,524.4966439755723,33.26684236529606,55.62624392574185
764.7329544158307,518.3766027495269,34.88357128948073,57.583096441661986
763.5614274842327,517.868562862334,36.03189294913564,59.02876397324389
761.8717083590305,517.7650937369131,38.79543526910786,59.657093738264464
761.7012296353319,514.74595622525,38.8899462221184,62.248164273946905
760.2614682145629,514.461749146181,40.46087350582218,63.24629724177207
758.6972260601123,515.7284269819982,40.149683597722,66.11099479101432
757.6371023464686,514.7656745077566,39.35848235301502,67.6968812813108
753.3183039438078,517.2353443337494,41.12875908191511,65.87970459249017
756.3820872149048,514.8375017860424,41.51617511555772,67.65956963011607
751.9862663548552,518.388218028809,42.01354055929738,69.5308208814554
750.459674871936,514.5370039068581,42.18023998417954,68.48103127327319
750.0359202263198,517.119137730392,45.96661038243948,66.0440705097395
748.6367677222514,516.5366109186377,50.62156179520017,61.45757154590748
747.9362337484079,520.1223615549045,51.25736792656265,58.56726798118845
748.0915669086331,520.6185016873247,52.262815627589035,56.87911688897705
745.3410806990415,524.9635982109486,52.53482533825992,57.44267314349945
744.5248423713142,521.3380376758695,50.922662187107335,58.42688325649757
745.1783604545566,519.2205287908586,49.89613539434568,57.89661618259257
744.3506304953346,518.4871708505154,50.54832904561719,57.74856184247419
740.8484452229036,519.1277591166757,52.61514120945625,56.17584650828735
741.5847749687874,517.2263373613786,53.47958291829365,56.02225318959401
740.2364706125006,515.5650919406778,52.753575582217024,54.91826865885969
738.2442936371102,513.6768903321147,48.44368447499733,57.578439771403254
737.7026815784122,513.8336207447924,45.00813682209892,60.211313461875065
738.4424579158323,513.5081943202215,44.419616480691985,60.237765793437404
733.9584888368425,513.3583475054102,44.48218671959489,59.481258079349246
732.552027808564,513.0632593487002,46.47512924638211,58.39124387528449
730.9789200995529,512.3853402579074,44.11538053367929,60.66464447089382
732.3647489687659,511.54484702129076,46.10434973444144,59.53022418906414
730.8002800369013,510.3255026664957,46.604599879845615,59.07505829868906
732.1496321204885,509.53256361103934,42.926106143506075,61.550729783548775
731.3787766012435,509.03072902490254,42.963088935177026,62.37023084696931
733.9794990576692,509.61430721008725,45.12931555660114,63.63456324268955
730.1935020485126,504.31037345264224,43.71426237755463,63.41206489487444
724.9203572673235,503.0963148367612,42.15699676551824,63.117548069455616
725.4028291611215,502.7361987434525,43.161960013983915,60.7799302372712
725.0709599029435,505.19969292829575,41.2006183198933,59.60441323715201
727.6860787222902,503.53815578467476,38.76249072360497,60.65013281915877
727.0415520171614,501.1506316506098,36.24929917555904,60.04224372423994
726.9197574951778,497.7088195483042,34.5381687980646,59.68124108554363
728.3732837511737,498.5997755732415,33.45455796953501,58.754596329198584
728.1553154377476,497.19204202343326,32.49336565433025,56.89757136075562
725.0469803281079,499.20218577559734,33.130519818553005,53.25858873478627
727.4625521082002,500.2490287820196,31.060583462114355,54.20805821128931
729.0159631867946,498.6663179933363,30.59627503687019,53.63368443939753
729.7464704799273,497.8195034319429,29.42611520542559,52.618380916407986
728.6553898624786,497.8932171363494,29.390433169225464,50.111414084269995
727.2519601435852,498.6386759339425,31.601165540348347,47.882957878661216
728.011049590264,497.6618750732473,32.434784450715,46.37093467829093
731.5434771086029,497.64273447275036,30.189985662458913,47.80593591349908
732.2604365134397,497.2863207059555,28.182474910498225,48.73422006683995
733.0949477420965,495.0562116195024,26.02355984867309,49.655005900748606
734.0532965803798,496.06456583711963,24.451468730292746,50.190432118933074
736.0694696925382,492.3508965512173,24.09107087727088,49.42817550069175
737.6872733056488,493.3394098219555,23.517274676313434,48.540606123679126
737.8741400178442,490.26027321584087,22.866176556089904,50.30243415580857
737.7874762386481,489.3533487946232,23.75216884210716,50.85694521750149
738.9283387522968,490.7443626780242,22.838051172784706,50.42226751032521
739.756864519264,487.8857236591413,23.80540205243353,48.501243602791504
740.1137772794419,488.03317698603905,23.451797732817113,46.38371782386439
741.7702655513195,487.7111258436762,22.012037481564015,44.86991329399147
744.1479666656057,487.92866456814596,22.103022827302837,44.34029453761873
742.5786804126433,485.82759708910334,22.463935467208664,45.31486750880284
743.8925995987638,487.3494658278426,23.441925657364045,44.32837264888556
744.0408573513123,488.28665649481076,23.744767930923757,44.132319807179684
745.13409451666,487.4450716949467,23.127796400978724,44.50072878379816
745.2782213525786,482.74380182180704,24.240220923756247,46.702755040101344
745.3785112041779,482.25534373399455,25.458731945737256,45.75532056621708
746.3251550699013,477.44398239976516,24.41275227640606,47.89500444249302
747.0729639050637,481.95954029615103,25.91308351661492,45.50466706638649
748.0238884492761,482.7372259256022,24.87670162392896,45.32024890001765
750.9184964191885,478.61863886753554,24.427669237386834,45.792515493869075
752.6468959239357,477.6015690793714,24.42503780630173,45.48314186126895
749.8075147090144,481.71143326231686,26.005917468539877,43.8778519956324
751.0912189894001,480.00479984547655,27.576118598241735,41.33682040565303
754.4413065495702,480.89770269593896,26.210647034732148,42.13990829685552
756.025144307985,476.5373246574077,24.82973227511356,46.347344841793486
757.6005437839071,474.20900133749694,24.657001556355148,46.80286486121549
758.468893767939,474.24471568045544,24.789426491028586,47.890960771095266
759.6933712797746,475.77840206868404,24.348911021579273,49.987171396775324
757.9765625129834,472.62480386316213,26.04577204532719,48.94644521929152
760.722281610656,472.8510522716484,26.53838924092439,47.88216605847634
761.2320347130427,474.00257380498607,27.31850638550661,46.799021950488694
758.3864624994264,474.7208437710919,29.948434884291167,43.09374325889363
763.316093152676,474.06228039711135,29.14045923634871,44.43246720289518
761.8011516287472,476.0547091831499,29.709383726964994,44.69338238497683
763.2000793208969,473.9071073641439,29.02848976893441,45.1129207294961
764.2345953811398,471.8169512184778,29.270853986591213,45.520102752945334
764.0286788699137,473.90909346744047,29.137733611009157,45.45529152576431
766.3894953769038,473.9532078814436,29.668547791044503,45.1664760716542
768.2643705314699,473.21866738177044,29.584550787089533,45.889478716518944
769.6014866161171,473.23508395389456,30.60183881442699,46.19221741902619
769.4452512936796,474.5455427837418,29.674817640648136,48.01948427920041
770.8889495137826,473.76427758222843,29.84579289763534,46.65731773374242
771.1773026137082,472.6475796236661,28.21378844052421,47.922916957624665
772.9431218142967,470.22098694386654,28.555196969023612,46.704792309044635
775.0029220216965,471.3978718329608,29.41564265506089,48.143194707448586
774.5708063165878,472.46771390712837,30.471442331673543,50.556927549243326
773.4782627628448,466.1942710600773,30.49090362862307,50.08397066381498
775.2185470543473,466.67097900944424,30.036296149780625,50.64286388230782
775.5477408464674,467.53424965473624,31.027853974499315,50.67026694728568
777.2234145935513,467.3011453155475,30.968363296635623,48.648895767193096
773.95071095506,467.3134555989024,33.22980432961815,47.25043344741294
778.3816849029894,471.1109190038851,32.77417675734886,47.89882223237535
774.3447197087673,468.7148985530592,33.354448356666495,46.673695230793
777.1908317254316,468.4622694494213,34.91107076195744,46.15002381916784
776.5133078620806,470.4410452625722,35.49214923000712,45.3900697702627
780.0352176125147,462.2026279212179,32.61893048436828,49.1881280068919
778.9738666446466,463.5360431956086,33.93766057381872,47.3604985040851
782.8767178916346,466.32692906917083,33.96791723084284,45.706459658952355
781.9665676550809,461.8331516225841,34.101564600254534,43.76344953424604
782.5902749978646,463.3073487333248,33.92784120047099,42.81206069200185
787.6664820345629,463.477144869895,31.226430484114207,44.50303498592872
786.204687509572,462.6991160535267,32.94604546263375,42.61777331584746
785.592935654167,461.18925690366405,31.60099528057666,42.62844988453096
790.3899851503766,465.11040482409896,30.024726922497972,43.385735433686506
789.9426013428748,460.0428207085471,28.622228839398794,45.03962122028002
790.1650058567898,458.76316513989826,27.672887837897218,45.334824841807
791.0949370395832,457.5016070337555,27.067914618939447,45.209507398925915
795.5808334670264,467.82325585953,28.27517369268086,41.73452607249596
795.4298443688042,458.59444258439225,26.03518097671605,45.284374894992
795.7199442905899,466.37538495171435,25.54609070506694,45.0778269468444
795.6965458251991,457.61631246539315,25.109868625373476,45.78650487152326
794.326002612629,460.6647296746723,26.203359311183412,44.606402435353395
798.9604031324599,465.9799618520879,27.197643160836854,42.46637003973659
798.5223901757628,457.79296316398427,26.361679180017788,43.86438476139863
802.5971857036137,456.8751039781254,24.25475809594846,44.10695562593651
804.1322279742778,459.0457471378184,24.29933224583188,42.35913242048386
802.3011945356797,459.35394340525323,23.542809709362228,41.386779376621
802.8499721428914,464.23432608500923,23.03763765178956,38.91488260347948
801.2027562838437,464.7838963755463,22.824972789759897,37.56730652911508
803.012565439518,464.3369798111004,22.890313873073346,35.37211671462552
802.029785408165,464.01294039579733,23.66134430493249,33.91603193326194
801.7557363971549,464.13822286629784,23.16585782586322,33.8465566406107
801.7301408321355,462.4793702546513,23.079571015235647,33.48877268018885
802.0196512309597,461.06755892472114,21.333064709705983,35.756117354467094
804.6882708896978,457.9891446583085,19.99443929386913,37.3356702668829
803.6146635776136,464.6387000054311,21.28726181381977,35.46205205490407
801.5928745063412,465.5390197785433,20.905015232192987,34.718131863496694
803.230451026936,464.2012772865507,20.943841558362255,33.31901450594981
800.1534695342077,465.3196742904523,20.321942060671503,32.93809161343767
800.4679630779181,465.57465086454795,19.836360151371842,32.760238847501675
802.9451590778449,462.79491429182764,19.008414577492452,33.30958705837808
801.3214426825521,467.0194714941039,18.37442350181015,34.45341627366685
799.3990716226472,467.0631596918097,18.173436132193594,35.10339967246907
803.7625780565729,464.9268589377827,18.671684817749195,34.50158029571621
802.5430289913115,463.760915061693,18.389330976651138,34.04050766716017
801.5992472844316,460.4599259585789,18.10828997890805,33.21089233524689
803.5428339041607,459.1698179867365,17.146460985123735,34.8407202683168
803.2718680559626,461.36566112257634,17.0092746551667,33.73028038644235
805.2960228627153,460.1819292779656,18.27445321791086,31.779817703029053
801.4689669194017,461.43477838119105,18.1097945064259,31.837706131369497
799.0932138125625,456.88229309920695,17.936869628395538,32.4222897501468
804.7509507649411,461.2557386721654,18.705726196231584,31.69033609448339
802.6565934869543,463.1782828491,19.78396051484105,30.702029883723412
799.9602690330753,459.304540787332,19.857134830742613,30.201605555723777
796.420870083223,462.4176909747354,19.837424183702865,29.737783407685598
796.4156863079252,462.64375672254243,19.74288514190532,29.46287625301182
796.0309820535662,463.3172845231017,19.667051786115096,29.505270938224943
796.3606458240945,461.7156483474134,19.74206342933542,29.37391226262555
797.7575187772707,460.56450057260173,19.250190797126244,29.522072308867237
796.7866164670056,462.4448313489194,19.266709487814506,29.45022678945668
798.769183567807,466.725428460052,19.084708386298313,29.732502492899183
801.4659176840158,469.0375058986404,19.503200118913256,29.37572898651649
800.2668008052685,466.6416933000609,20.107177955481255,28.785713327528736
798.592884062315,471.18480667326,19.006005838601943,29.56441581476694
798.0017795325818,467.0714016297273,19.51318216227415,27.885369641588742
796.6022734073763,465.2543029758362,18.90522814713849,27.52565399579969
796.5444184276165,466.953856572735,18.699285444156775,26.975894112109305
794.8009153681683,464.0470285609289,18.278242721826825,27.183951583872005
793.4358151635389,457.7972484666463,18.01576643243574,27.888178802840024
793.6197733623708,456.5277012070269,17.111072142664046,30.26800036287254
793.727076028913,458.4865022635722,16.138160930384185,32.136331687885665
794.1467507025255,460.7656310614986,16.228627402466532,32.03766427715434
792.0455731420359,456.41201167665673,16.718750002806388,32.5923903275033
792.1486931817711,460.22102481240427,17.142616972731826,32.45186291085703
791.3133510301136,449.8357444645388,17.44874623342666,33.83881179815742
790.7209268921614,451.6660109226281,17.34614631554087,35.13741006572795
789.853625286284,451.97278166901543,17.588391026944358,35.08166991115874
789.5518749414138,448.855836805515,18.022368427715538,35.43236374771527
788.0805311123551,448.3913308991622,18.116957537310277,36.42301306601846
786.9432403638664,447.3306836970235,18.175820960768327,36.611753869751276
786.6528875988821,446.8266697527528,18.279830993173945,36.620782778663695
786.7023448108868,446.9531515634738,17.654133671167983,36.73125063732519
785.5155262029217,444.09669293702916,17.208710903897675,36.021420571645706
784.9674075584791,443.6180221465733,17.500999884474687,34.52477875785624
784.3038377475701,443.36475998710745,16.512229118116522,35.00369383447976
784.2397358692612,442.41420087973415,16.920736891797475,34.94117841664553
782.4447034425499,438.2886701922472,16.7513739560291,34.550046107040245
782.2651889045524,439.0960964934403,16.927963637003472,34.241483398970075
781.5709312523752,439.51846551105615,16.975226726045058,33.77095164081816
782.2223419034033,436.6630089695415,17.670407411557534,31.960377890740904
780.0780646558815,432.20530185636625,17.97439480893047,32.21221915089517
779.2859411063903,433.4655113712717,17.89104826334122,32.563239332194705
779.0349415150804,435.15912753871527,18.17518692636275,33.08480102063875
778.4308672665743,432.7917945705881,18.303255358243682,33.409220189306794
777.398535154024,432.74485522156226,18.54154838052632,34.08708117031267
776.7971843883297,428.73572619577413,17.698338873674683,35.05957889652699
778.216451359565,425.8748980269907,16.92796898064192,35.62769125358276
777.4211892281835,428.6334221006762,17.260126842182725,33.868811461385
776.0079982731281,427.5132740605736,18.524832062913184,32.97894561857679
777.2669775923251,425.4580665134426,18.506649157383315,33.82115407837782
774.8495464458604,428.38554104654963,19.352514588614444,33.67540180165717
773.2949310535141,426.16260897747674,19.843978602079915,34.12511550401567
774.421996886757,427.37856702412637,19.66882609951444,35.78616839956652
773.8972103985084,425.8214742014594,19.13854192794408,37.09881853509013
773.4731646302456,424.417769937627,19.35414348925364,36.8743819638727
771.536700963336,423.8132440685029,19.437351172900094,37.224314455737954
772.6067537174968,424.2666177860751,19.118707013535744,36.421001525807924
771.9841532272851,425.60445599903807,19.312120254438994,35.23856423668777
771.385985097214,422.355796736046,19.44523086987359,34.037185875783685
768.0689618721123,423.78248789051474,20.350149152089962,32.692236447209034
770.6043724964809,422.71629812525174,19.651335649408328,32.538214256578016
769.1835301060644,425.3260304871943,19.415865148506988,32.17276428934194
770.5635434391893,424.11586375116775,17.853788223130515,34.2308640614164
770.3839021251367,424.0963133740278,17.817789911317874,34.27180646842694
771.491672389436,420.50264498754916,17.75454171066761,33.58894168041693
772.3291416790549,416.4993232418286,17.567762393926486,33.468328996353364
773.4644480049174,418.01509540805637,17.352490427875544,33.38472480566478
772.127000104507,423.41127642192174,18.09861205207566,32.3417335733128
770.7048828780747,418.57149078059257,18.073171104161705,32.1994519085658
768.7295223392201,420.2914602333128,18.084699257222017,32.16141491890171
770.7250607815126,420.69854332500324,18.10186156864351,31.913717846164047
768.7247665320931,419.19351940673135,18.23142108753582,31.575935951808876
768.5631734852327,423.15303956536735,18.5864796482504,30.84948089486789
766.5726353349667,423.36637255625095,18.73469213385179,30.742058889148645
766.1266529451756,423.1211839418362,18.744591951766537,30.240751223228802
766.0310428202205,423.17467164399073,18.943410478374343,29.70607612964646
766.8432682790076,422.2123605347007,19.336875121412405,28.566340714561317
