1790.5,911.5,112,95
1765.7254560154395,917.4803448578797,113.95307503255017,88.13687963558013
1741.1399660889385,908.5353443460858,111.36937908527099,88.22755958844851
1704.6076346140344,901.0042657426328,113.56858181082049,85.84704332678776
1671.159906084696,894.760643225997,112.20133647897919,82.2858068803398
1640.8039176179227,881.8056349609706,107.94486228916213,85.12294081968953
1605.8628934460721,882.0852527920533,106.95493488034022,82.05541952587778
1566.264792381095,874.3535066571575,109.24975055348986,77.58049529714276
1538.9043243937026,872.2706811150407,108.36741562109187,73.8034322520646
1488.8259965089887,864.4746345673171,111.09031769297425,71.01514907573065
1457.298249991601,857.9388931420937,110.8384955196833,69.74331432918014
1423.404932869857,850.831949023352,104.53303092794685,71.48515211300882
1376.9741036786709,838.5097455551081,99.79971104210654,73.49374326686115
1339.2629114046015,837.2285186020029,99.65096036129344,71.90123581112505
1303.7571047953177,829.1585555633852,94.54712368425614,73.27837575125392
1265.7697000710668,828.1019544710362,93.84087677819116,70.45709438255773
1220.4539068275865,824.2552161014871,94.18339775828218,67.36310976676437
1181.7786299924805,823.2905905528561,94.83567234713777,65.06890122478144
1147.4637641096945,819.6733640332565,92.75303251172289,63.56424744962493
1111.7742209607793,816.9401134785804,88.99339625858376,65.20845230615424
1066.2740708696936,817.9926072669712,88.46322863382613,66.00253916063491
1030.703801264782,818.6667052273009,90.35867935197581,61.91967504921216
993.5017206430591,817.5639464783115,94.6888881751766,57.97311504146509
953.0110855014356,820.5298467799655,91.38061385537594,58.64395508411813
925.8332577485775,819.1636329913088,100.72658247168602,56.83367954455714
877.7942768051943,819.2316608196029,96.15919119587969,55.916295216832424
844.3643010057384,822.0312898697467,93.76912873710386,57.694613542852096
805.3602072682547,825.1046810942499,89.94621573881267,60.1141052482021
762.6552211538353,827.8823845900208,90.62602251334914,58.64952983042117
728.3470834474429,830.5977498368127,90.58951177034916,57.7752830175633
691.4555252062444,836.3478991002438,91.44874926114737,56.61841848857598
660.2655688425336,843.6416176980015,89.76568672943051,55.87936071817639
637.4034510183048,842.5074207512158,86.3614655709124,58.31562288825146
613.844839298437,844.0027210868167,84.1105787032673,58.990529874398305
587.5645668475785,853.1864840536675,85.61623567447032,58.839573470009526
572.5798825703198,859.7220355925825,85.08263995721657,57.6442981072855
546.416964982415,861.8479966808023,86.7642517542977,57.95358189471164
526.4150794904793,864.5725026462497,88.60445921112955,58.94796091491338
513.3128888356083,867.09472955398,89.06018485814371,60.02025894545793
496.34970702191595,872.7003275267999,94.78606490030259,61.191877132715504
480.7288462350366,879.5999911035075,96.16963515019256,63.5280980002277
465.7131570025877,882.333773355604,96.51751932843862,66.46318903680441
453.91404128939865,880.5715548981696,96.37580904554501,68.11972698510522
446.55557772824335,875.8543416819003,92.65676937587065,71.52874302647189
430.89440853087154,881.2940522520292,93.81240506671955,71.30103736677216
423.3891200555421,884.321214089436,92.47319127549923,70.9935297537601
414.2856006972858,890.0849760381353,93.22891826007137,69.09862627006467
400.7310866882991,894.379596039186,95.84108915770966,67.40209640168194
393.3543620942588,891.226066225191,96.88203924982008,70.26299329485326
387.9366632289418,891.8066031430417,96.40140642374288,70.34849798549916
386.2537038777076,893.51168030345,99.19367816654,70.14649382235667
393.62498902591983,896.5598823965242,103.29615312689741,69.09719298372572
393.96867908620953,895.6237145606991,106.62353577295457,70.43365913210704
408.26756582665047,894.133154709253,103.13519889283553,75.5171752264009
419.5978555645405,891.8521286575937,106.20846444261716,72.91409173180543
439.07856388358914,883.3797941032616,104.82838969335904,73.3844486986564
454.51684000227334,879.8985334831738,103.24797576028195,75.1640329252738
475.0317547776866,880.0392976574068,103.72675765647384,71.54508100978384
488.58051013698366,876.4914282395765,101.33685234065864,71.95571252045892
508.155978030513,873.7459185633996,99.41822910620436,71.62043309157157
523.3887741241125,870.521246754315,99.6682912296258,69.70271337485656
541.6774945692017,870.799942172865,100.45734981270316,66.26607093794797
566.336890059416,864.2517710429292,98.49098277994716,67.76949280154793
584.6543578435017,863.0030922375033,98.16440370585107,68.08872301231
604.1820005700204,861.217430826543,96.72593965913278,68.2105141489601
628.0563868683955,851.5598655808071,95.58402838207178,71.12884061629038
641.858099535083,850.9468770829682,96.31320163571709,69.94471935378915
661.6206328628728,852.7359686300283,97.73389808947151,67.6467149491798
673.9235647561093,852.6916467336395,95.28887789454505,67.12696910138195
687.4057863676857,851.7685166732298,93.16639599146328,66.57799504304322
698.0267410621196,849.0292339144735,92.02033852052683,65.29262347544041
707.4603903492707,846.2555628261732,90.5108425578465,65.31538189723787
710.6566570887419,844.6597980739282,88.94287002078764,66.82864412314083
708.7637866880136,842.9395124796956,90.21854870447258,65.50183811780096
705.7796852402096,844.600681524734,90.86989382692403,64.48836778904328
703.7623939413774,842.3052790932607,87.40309059585408,65.37930266406406
699.1747752267341,846.2210321442211,86.60620498669513,64.92709643533294
695.9858467435381,841.1594143138342,84.26838013514163,65.56033336592418
683.6107500701033,841.8061023587945,85.09447338632154,62.637876735950925
677.6063909778387,843.9969772689001,84.46266901748903,62.402600280046215
668.5567644570763,844.7061450275967,84.19535439852481,61.59234883584847
657.42428979956,851.4385781260373,86.51447226682075,57.49150803923067
650.6411472474633,845.1458918519743,83.0867059781475,60.12154060320542
637.2772518687126,848.7165268982494,86.0157767797923,58.66410057458178
632.0772098352737,848.0219710339097,86.63599370133281,58.62079517412816
628.733323024005,846.9973698315572,86.02457372445731,60.283324189753195
623.9167337679912,845.6213899052857,84.67930347610508,59.804270017321656
623.6592025084968,843.2111807466235,84.37021328028045,61.87944316923702
628.3000523041565,841.1520872556127,83.74825961929523,60.09397602948518
634.9421465356743,837.8113682638395,83.02488739753261,58.832608083883656
648.3785825602287,837.5905385367133,82.42048293065707,59.52433744528284
662.2436009224126,833.6296114236268,80.94152852880922,60.783427117405395
673.5057598474378,830.8216579606328,79.43438789599394,60.87101046180233
693.1023041529324,826.3106494887916,77.46638070483564,60.91933996203077
708.1272682311146,819.4263491415759,76.1343979728154,61.93712566953612
725.9043048224646,815.7381156213992,74.80995763754552,62.503290312644054
742.6301285370038,813.5708326253575,74.88610501166825,60.690435151599814
758.1573586881099,810.9998838593023,74.68983013321798,60.57170934473119
779.7237226578093,807.4905562877238,73.64091403945946,59.592888436931176
803.2618257129737,804.73488093801,70.94619713327418,59.65946168293175
824.1784224940686,801.4420917535448,69.56169665049231,60.3053973059271
845.0119653857336,798.2429483009843,69.87654836092364,60.72198823795766
861.3162595336304,797.3446348405097,69.93655814093118,61.286364423953316
875.7596409160716,792.5503224965559,68.9074998967688,61.88118620592825
889.8187118428932,793.7201585933609,67.08146212407976,61.37405076383097
898.765962260272,787.3501081762109,64.25875880707076,62.54981902498004
903.4943891489705,786.7323233835632,62.56428005146027,62.561374928177926
909.4038201044464,782.5736811039243,61.05398487482009,62.75300953635383
908.6821802199288,779.8039216554732,60.080506598183774,64.17054124119733
908.98723270294,779.6201996769875,58.74304329962402,66.44697080580288
907.1666178358054,774.2697945403877,56.60727595539211,67.82789366172238
907.4125926181604,773.094272999722,56.27616413356606,67.75733653358922
900.6645883909865,770.5795298993203,54.6851757617537,72.16916736069669
894.1479006054913,764.2781237404175,54.603264333508164,74.01502703956704
889.614474442341,765.9038822788788,53.67508987804671,73.82518688771478
888.0590486110316,762.6863754786211,52.08512275278378,75.30076167688586
880.9128916589738,756.2459573671891,52.92758191633826,73.62053088824878
874.9633613844862,756.6587712272382,53.47267669089496,69.06268123523711
872.9225773888022,760.462709002902,53.60210976144293,68.34582019294271
868.5162237204796,759.1237285488759,58.56254152491678,64.87227125386116
858.4193452853301,758.4701228253483,57.794366545716045,63.81171298263556
856.0464487297133,759.3304026486613,57.55438623785419,62.59620453224602
852.4979125377905,756.9254395262416,55.45096238016241,61.635522204946
847.7100393893606,753.7319862558174,54.41312635483519,61.13272514367044
843.3614740098542,752.4892052576862,53.5146204354144,61.1315291850653
837.0833549122407,749.4683480830578,53.820442092466706,61.734149019235616
834.4743478548245,748.692453300644,54.16291949258023,60.30253334530226
829.5437309593564,748.8933783141254,54.49268828342333,60.19409664291939
828.9124618927274,746.1938785473114,52.64110820175881,59.687504148822214
823.6848234467207,743.5757175796202,51.361338705662014,59.21475963874798
817.2807063512365,743.9726137202238,51.60751684211237,59.35002659551277
816.0011993738867,740.8276524817024,50.39320278397339,58.73782471155744
812.676196539363,741.157351753426,50.75571463231029,58.9067295354392
805.773416260169,739.442835254155,52.687392791698954,58.237144978075136
803.4272271001252,737.2631866323103,51.56621784958381,60.299844960513944
797.2175202980939,734.2830998337793,52.76646783297402,61.02832825767757
796.2506178360838,736.056881342541,53.09393140187431,61.17793133528214
793.3627056555133,731.5855882992108,54.249277951179714,61.18597263792314
788.4258929079333,728.6937346570352,53.75407074258546,60.96367271899003
786.2996276079715,729.0309377892102,52.949521611631646,60.82394167027954
783.1017690192797,727.3055881892907,53.27735773955755,58.39177697786597
781.0839243488606,727.6523541980739,52.993686567423225,57.211820065622405
776.9146356809003,725.5528225998262,52.21032718426878,55.60844762440865
771.9318204978991,724.5388430245197,52.25105699347576,54.75536253055323
771.8043104097225,725.6318806352051,51.643128849610264,53.77249443020024
767.6772321361897,724.3192874309864,50.19860708562334,53.16624927241887
764.8582295072454,720.5774564876814,49.74997402724105,53.09935911694714
763.9281145188194,718.0492514477362,49.27179476893055,54.47098600009565
761.4922276927944,719.0013681717235,48.69454331308155,53.888868666629165
758.197856806646,719.52018558404,48.49393935737936,54.359346900559885
751.8100628918542,715.6378382969568,49.86715412189032,53.04065962269138
750.6629120639184,715.1927223792657,49.363279320668056,51.76835519870406
749.0472832319758,714.2313339381418,48.680477376457425,51.49800847580479
746.0208294475049,714.4061200388905,47.927299924741305,49.83274966606781
744.1729435356277,712.4749600223853,47.36104980099889,50.29076827208719
742.0029192238081,713.966117057139,46.44873470541703,50.211510472069335
735.9468847065386,708.3690073735306,48.354703207941654,49.43819202977046
735.1226890363886,711.0017030380322,50.476505726468844,48.49965943675355
732.9511402524302,708.9306443754912,50.18504176330492,48.55361689253179
727.370045224813,707.9713503151266,49.29049894920548,48.370515690342934
724.6949788882968,706.7250869959187,47.940420986688366,48.73171900789502
724.8749457094045,704.9349922890386,47.00793854346728,49.28962557977075
723.1266018828676,704.5414745088088,46.09797307698632,50.35852015912332
720.6121125905897,705.3316981941897,46.67757562798177,49.88103630112734
720.8404245346278,702.0880889618813,47.089117026040185,49.722675107738084
715.3303334113082,702.2668062076386,46.91040240226701,49.274602867776856
713.3690071107593,701.0420398350083,45.10871324650451,50.239018190261234
710.2191519379144,698.9598298749717,44.46664250517472,50.38742863116836
708.6598181358263,699.3685943222669,44.69726067642757,49.37744502777529
705.8890754076117,697.8367544241548,45.01059970043484,50.67542074735327
709.0597285289018,697.3991093282169,47.478123559817625,49.45638003345458
708.6876242740611,696.7226905802057,45.922669154500944,49.92159804472367
716.0924535379147,701.2401191644221,44.68357554468764,49.102919799939585
714.9211136771609,707.1505568768163,44.79120201706273,47.78469665703092
715.936789468503,703.0957276551972,43.969261122754446,48.10217553153696
713.252724750114,702.7269316004349,43.93784641838965,47.73470474372207
706.4801948420045,683.1323607230935,43.63577911364022,48.17644601034449
712.3775540822176,662.9170163308,43.46256021539546,48.00830599184579
719.0716451688835,629.8040949709699,42.075420915859006,47.77555308018509
716.1399848947304,621.7304874440727,41.44567685787839,47.38217886483319
717.4509880990481,619.7706243968795,41.410206562362994,47.306507667081654
724.9695567922723,623.8613153223105,41.30436945278621,47.21626718503623
733.0490500117721,626.4635789842613,41.07358415191249,47.22968723645993
726.6202124206793,608.2471610840903,41.62135927635459,46.874232545158065
698.2916342739557,590.2440552643931,41.26484533647313,46.746179025184134
666.8256907881089,576.471740222397,44.13035324451871,45.76156610006719
663.344124097172,579.2113885270061,47.57808090840159,44.70615342245112
668.1153189236703,580.3175363193172,49.855878515859885,44.359011988219834
670.0709419296636,581.7861351675845,51.310628584265146,44.76706682121096
676.7252799510779,584.5629879019101,52.61372996685897,44.717594717067065
687.4074461006923,587.0844399998139,53.41018573184975,45.14434070209116
696.3576371220405,587.7910354554958,55.2747071694035,45.34743886859508
701.593461960708,588.2771584860702,56.07091064277263,47.094464716694816
702.1343646365186,586.6042043740509,57.94351785690547,47.70179481352259
707.3317379710633,588.3806099122726,59.59617399498266,48.71143995679726
718.4788268712534,589.4494141030594,60.532349730280075,49.12217844558586
721.3674195113705,591.2586971167406,61.30040792531729,50.87956562445848
722.5925336697472,590.156028381994,63.00307521029915,51.20145499105672
732.2852007964909,590.737960517656,62.898740101908174,51.295142400000884
735.7767904328904,590.9568721029863,63.42091185127764,50.87134196483926
742.913088687945,591.8915166271249,63.82203633214199,50.54536076432571
753.3459883615634,597.0770982587998,62.340571469129706,51.46492873981392
761.5374924059837,600.2247581112283,61.183373917686986,51.724291581477715
771.0043724475488,603.8262697929699,59.73767880768281,52.33525732852574
774.45152402156,603.026267566416,60.46426753988015,52.3728499345511
777.4785809184548,596.8548843060528,63.14271698088588,51.735059566187914
789.3150176294827,603.2515043073095,63.16380562284418,51.57368418056907
792.7087032777276,601.2021133379518,61.44716491216429,52.92777226902078
792.3933968161009,601.3390432124561,68.37248452485098,50.36731676712378
803.5703164173141,605.4201214884491,67.91852114829543,52.529658788216224
809.3860781120328,601.9432685531937,68.2005096598822,53.80754074069173
820.0355356424815,605.9133053814677,67.52067666760354,55.83131833535282
821.468719429496,608.3917857746277,69.85040244623569,57.397537699846254
825.5604706439385,608.092955224656,74.19460246539448,57.31028542418453
837.5004151010414,613.2139697975895,72.6878474028869,58.52260379445083
844.094476499957,612.1263508370807,72.54308183211849,58.89886652333746
855.659025803746,616.1406325026816,71.89753231333844,60.25736159380247
858.1225978194739,614.4982659959942,73.02923869006258,60.393677089907165
869.5718992292623,620.4072173273845,72.48007931777332,60.762887943453634
878.944487819941,617.6423450637474,72.26307625637872,61.25930988002558
890.3707341264487,622.4938682049242,71.01659111597175,63.308951596890395
896.522806565517,624.2518438798791,72.24723153825985,64.19491053298759
905.1166427275705,625.2524326424692,72.8414115123545,63.89138872751739
923.7086980237798,627.9257019000396,71.34943588987093,65.2573736740428
929.810036474498,626.446536242691,70.58705411727323,66.79427997440418
935.671461108192,633.5724249918118,71.50168521443598,66.51469037764977
939.8545079469362,635.4955701703464,73.86524585592346,66.20484314802987
947.5477316708984,638.8254097823176,72.56223682643783,66.98396735269333
958.488015301177,640.7167596252582,74.27161680348661,64.99816453878164
968.2998752074085,646.0508674864301,74.83289920125009,64.76134528671159
974.2057220639018,645.0149536319196,75.89321448425726,64.15511628548562
980.9615155519137,649.2592432680798,77.52093724380842,64.29010076928674
1000.1749632224977,647.066050316693,78.93820872151595,64.8473586653419
1008.7161210930489,654.0221916628805,78.2610994452278,66.15505744193199
1023.734284593865,650.2160289929395,78.09389679660882,67.481231078903
1039.3224813395625,654.4110851223444,78.04911473645488,67.37711441777085
1059.0838325453756,650.6389466811817,77.73172193605451,67.72659820280913
1084.874036575915,657.2698068656213,78.09751389760478,67.70757809819699
1119.9200403108416,658.957327191636,77.12291717050843,68.69112120185589
1143.666884313851,656.3522953443157,77.13814449111183,69.03229183041167
1165.982296745262,662.1864082736499,77.08398172629218,69.29508641469104
1209.6792330496903,657.1569867923779,77.74225076704091,69.71614443312127
1245.7360565638883,638.2160574330082,78.89510802487067,68.69573228745732
1247.782856638425,635.0029960962013,78.84875014256966,68.71509705371393
1242.4473171786021,639.6509650597532,78.66606305343072,68.83799310219385
1310.1632085027718,680.9838531741677,72.87657377245208,74.36932749965888
1322.3941326115978,681.7067417033271,72.03258952880353,75.92995679687523
1336.040511776654,686.8190008395337,71.55900220660796,76.43313981295907
1342.5916444810132,671.2682344534501,71.53654698121268,76.59682050335962
1339.2429575001108,645.4370027379207,72.66039894391423,74.84218065091792
1361.6662204432475,674.8360537048293,73.45411906707596,73.75114936635705
1367.9589352129242,676.7946315003791,74.53082896524212,71.88478951569454
1373.7253554383994,663.9518209826731,74.35022261330313,71.83191992209035
1362.9068419653995,661.6743599773796,74.28185856848404,71.9772603453645
1351.1888106666966,642.2125015065717,75.10432611303594,70.92759001342003
1347.964283131634,638.7302234176167,75.30322681423824,70.59025276948061
1359.8591405362013,646.0050019094186,75.35186853765852,70.38801060134504
1365.7709802264096,656.5240690792441,74.9420214127673,70.74682898810886
1378.8707918070058,693.4093974096946,72.08754790707371,73.64772689558478
1387.7648572333992,691.3434338577343,67.97741678708826,77.62926015740999
1387.7567013705623,694.6020473459596,67.62013662158381,77.92887109891024
1382.4492584774637,685.8943901677586,66.53015787328555,79.20799563399501
1384.3569627148097,686.105637081863,65.5598968510045,80.21981699662967
1384.2010611893159,688.5209220511617,64.93012503720185,80.98693452390586
1385.5684151661394,689.9541575820522,65.11247213129046,81.14071970065096
1390.6018633484398,689.0313485420297,65.68316250417989,80.60755093142366
1392.7368791610165,693.9145710283562,65.98587130671615,80.30716468263432
1384.8238289102994,688.0765119666394,65.9265994846904,80.16405455672441
1385.1797792530542,686.7809496992566,63.8685602392219,81.33564212531887
1384.9885972369902,685.4985895596793,66.30214050839214,78.47714552878412
1384.305876975511,676.7265281163554,67.82193533597855,77.69243391488443
1385.5480433780608,673.7096599635423,67.43038884297061,78.92510869855838
1384.6924630097046,671.5457133593834,67.40924728716843,78.88903416637889
1386.289115267862,680.5930470808146,71.63969127196438,76.02448678917577
1392.0363834494028,673.6133573121898,74.48756627905821,71.92579762093096
1384.5589748442992,684.5064773051388,73.59789112334029,73.20698441114652
1386.3109027548173,683.9493470875643,70.59621721993345,76.81463299957092
1386.4313124246128,669.1442826334741,69.73807500153815,78.71636870645217
1379.1412211329368,675.8949798035922,70.25443875720808,77.95279260870454
1376.1650616189104,672.7105834130418,70.3665752021986,77.80963890274127
1375.3918146397655,677.5728804679059,70.2834899826285,77.42350566795245
1373.2362859152395,680.8323796710432,70.44881168933102,77.17225817828879
1372.9914380374878,658.936628528042,71.10740254130025,76.33531913879418
1373.5326349561724,639.3071654966762,72.33559043847178,74.8194276154606
1368.3129862729968,636.1930944318241,72.58114996769875,74.54431480764303
1367.8562898948217,645.1932878308887,73.10655836735495,74.12674694579806
1375.6824550995789,649.4626041390536,73.1759159550651,74.11083955392219
1366.0534575337097,660.1561945291268,73.71027884496816,74.85814138103237
1364.4442408729763,660.508846509513,72.86394844959433,76.72724853882886
1367.0049182710118,651.2087501740754,70.12869783290665,81.56207627001884
1359.9628680822989,654.3032317818306,70.83746125435792,80.9577733076479
1374.9899126055025,638.6384960920964,74.95649687586263,75.70453004030253
1355.9292790602838,640.7927098587546,77.47213700415568,75.74887532224861
1366.5387169114692,644.5889754493077,80.77819909210996,76.65838356993959
1354.0553132357707,644.150677004169,78.59650077817767,80.43133344647856
1352.7927275576808,642.7373468919203,78.05473894789843,82.60231420848964
1349.4190873224882,643.3878517723806,78.51137724567447,83.27863514212662
1349.0286696909961,637.8202514496583,80.9032951502463,82.0432603984164
1344.8472963306353,641.4402055339878,84.46756867515626,80.23065710502101
1347.3238863041934,631.5764475352896,85.78398883845406,80.11879948372591
1335.4599688715748,637.5973375382534,90.79839565379268,77.97289907763816
