610.5,599.5,51,86
603.9973138851788,598.64107219918,51.38384782006921,87.53477179406201
599.2207437441942,605.1841973231196,54.22751136134942,85.04867678455219
593.1134128498908,608.0912928695303,55.76816607693671,82.44204798415288
590.979134386067,612.4467129399404,59.16323357212734,81.02665898512284
583.2316725815546,613.7950316368301,60.87171723769241,81.37369914268731
575.7180865251484,621.4903084700736,61.502760798051014,80.80528270581397
568.878746204961,625.7642685486345,61.73576448755977,79.36875661779465
562.8034342670926,628.3585684469367,62.291571577572896,80.13880291451254
555.8220512551377,633.5363567578723,61.509442685673626,81.23008134308573
550.6205343189325,635.1120193754084,62.46184074936984,81.53674561785763
544.8004933344835,637.869748742677,63.22597138011143,83.17514679939816
535.9839278413227,642.2168781047897,66.02441634200314,83.5624588359513
529.9001552589516,644.4552463946317,67.30823271991392,84.65004624582755
520.6715044040045,647.2995630439643,68.40786840846542,84.59460566604588
514.8282515539072,648.8687002972723,71.08700269363442,85.90766214301645
506.8445371723872,646.9907082986899,70.82341475490774,89.31312242635613
499.8222810027854,652.5700952450321,70.91259240648284,90.77906434430135
491.18459595075194,656.6762107121816,74.80178133888438,91.0771118139275
483.8195892916068,659.7186852978964,77.07472480475619,91.77049786632611
475.10041911971064,659.4411712523888,78.06856545360827,94.15343881670427
464.7091933225018,663.6253137669288,79.39740628928416,96.59611172855554
457.3556378471963,667.5787797024575,79.35335170654807,97.09977211421102
448.4382317933679,669.0335733875311,80.92478286042302,100.42075068356999
440.7516052107605,670.3776102944605,81.74735166786692,103.36720199818248
428.873815445823,674.8222623828557,83.295317209271,106.23067320560534
420.89352581556693,683.4720321536096,83.30115908784589,106.43190172577957
409.80381995444213,687.0418583355208,85.69523934240087,107.6813256516069
398.3729912623704,691.9890374640408,87.88463021511262,108.73976647965011
388.31365001343704,695.0645456408944,89.30723019939654,109.04415275951413
376.9611368789314,700.0524936354257,91.73782487701179,110.12513564248451
366.5649839428605,704.9923916107067,93.01684725123567,112.17627634549264
354.80232430994715,709.5840942926654,94.2710864086967,112.9287207046063
340.9053014325375,708.2500617240902,98.72530940128928,108.63516379052548
332.1827248913714,713.3196583939401,99.33960964305575,106.33279273723562
320.8042521172879,715.7662594363526,100.76232494023463,103.81592837912847
308.5026596794945,722.5825113996744,101.64253098318571,97.75817212526576
296.8459310508442,725.6053317990905,100.93677999597847,97.62623749547348
288.29013830033864,726.4825020980679,100.0033358004863,96.83028329928257
276.4617361557481,728.5910822248742,99.34853439496257,94.47224687739973
262.766255579159,738.2717346378346,100.47534755879192,97.14152378225624
244.43639831875527,746.6422373821358,102.26785160049725,100.89093293149548
227.50927366879253,745.635148839495,104.00119259214675,102.32950377925431
211.8835514708378,754.2444645698454,108.78709326156198,103.28571466936097
198.02022363274148,757.6963937635762,109.33126268184691,107.05637995553428
181.5257584283176,761.6336148124149,112.335601730467,109.04429871385545
169.67669610820593,768.0752587440409,114.38654385133972,112.03941548728915
152.1331757252032,769.7030565536157,114.55680939354426,113.97696126184707
138.14673741974406,772.7322420783432,116.29807795935491,113.3880479654654
127.17276938426896,778.3057444615645,118.8918709558856,112.85147585913604
119.30347994301405,781.0051331717973,121.40184149375233,114.60700379923345
113.6310633254694,783.3007641629642,124.12202029781974,117.83977374612067
118.76568584106386,782.8990547193434,126.51767178466451,116.91453145732564
123.18831115845727,786.6045623598617,127.52659289736746,115.3735456763246
131.6988401733904,784.9733827842194,132.31583460311063,110.53661765752838
152.4716309896628,782.615639252569,129.2036088952707,107.53510413186267
173.74519751210266,779.323511191469,126.54795911868197,105.82894649320107
195.7677821726561,771.434651172407,124.69331622010807,105.0382522870872
220.49099479321006,769.2769834265631,121.9659852311279,104.60640206764639
244.0961592813182,765.9702809583086,121.59128598123729,102.71582054632233
293.3179792185256,759.6094122871385,118.09853893930473,98.74274868717393
313.2759795458575,757.015853103702,115.84288165238908,99.24291154869746
356.6307924334472,751.2476465003325,113.48979969085795,98.43785960499187
386.4561876440368,750.0051928691022,114.99305855894048,95.93291203942373
419.3915020005686,745.5026231058284,114.1953050493036,96.20185389278726
448.5578453276249,746.936422514207,115.65586610724924,94.99005119744044
491.8944995062515,742.8838796791626,116.73447378293159,94.19191557224657
522.8806171781499,732.1947338055907,109.88469352625852,97.76479056361828
566.6562139750472,725.3996251748263,106.82134691880145,97.6469360961108
611.2178900549778,724.5998769942985,109.61532387606076,93.90543531514388
641.2519252943308,724.8594803675404,117.75019865291037,88.50453225566795
684.0831611709355,721.2974385573373,115.00839259243234,84.88761339772404
714.0420038954363,722.8995835711253,113.17947685455351,81.20788813451998
744.4919335545285,722.6149916610426,114.7911785986106,76.51452134445908
778.1791760063818,722.3072897894435,110.50919355668712,73.57278659057442
804.5838924968051,722.9307003089451,109.18340281380372,70.71166809658536
826.7086274528274,710.4415956144669,104.75309758895409,77.2162800288122
842.5274903812548,714.6544812017564,103.6137045771825,76.4450365166121
851.6418591561941,704.4378350521596,98.95408845984205,80.99213916002319
854.8794600878929,702.6703668769825,96.06443090693008,84.31013647046251
856.6984358654155,697.5566316707283,95.35542125464829,87.95127135514275
857.4351929608436,692.1623734390847,93.06736153980728,91.59863054455062
852.6101868777881,692.2838435092899,92.19771839348041,92.85288735588753
846.0419893715837,693.9798976805359,92.19049093082424,91.05917814303288
836.6284877998346,695.5854030688405,91.7017150308706,88.0886036472954
828.3136281459887,697.5475508095224,91.23088793107468,87.68945237412254
821.4564381274547,694.3600883397858,91.38185953919177,89.74973934394475
814.0762205284276,692.450276802239,89.67783061450531,90.04922857398516
800.692894848742,698.2619542855115,95.07818535001789,83.37368300829183
788.8117206120411,705.4227003464324,97.15002225280463,78.07065937630006
771.4431391768378,704.2295953856262,97.73336335268266,76.77891418021127
759.1654669446455,698.8554248611458,97.08259415871399,77.46718650821632
749.4785287196885,691.7977005197625,92.74177490762762,81.12537347125223
738.0073228317568,689.7155334626134,90.19073481014655,84.40307640726232
727.5352726265301,688.0850422404012,89.8532993256578,83.13547082141449
716.1875210138043,692.8610597885169,91.74358339704993,80.09182372634805
706.0846498509633,691.6597232831006,93.48832248114584,77.24277631805079
698.4922831101325,688.3400606295769,93.11871427463285,77.18632662578653
690.3701180617037,684.6779243587308,93.4424456610638,77.93419560223614
686.2152277054054,677.3673353404548,91.75693504144854,82.11154714695523
687.0998117328684,672.7400580061328,90.13860741473596,83.466023630165
687.7349400224418,670.0918157222438,89.34514991438903,84.25812208363593
694.9335577453631,670.9780650106849,88.98904457639544,83.29014526375252
706.1662117248223,669.3604570133301,90.83104970854771,80.18633463748849
715.1797576671609,667.5141234922831,90.96767027046155,78.58138592324731
734.1108291136719,665.8184994376811,89.82372768638555,78.01136595321017
749.2575379373857,658.5805714668364,86.1511409727342,78.38688432918684
772.9292549577037,654.391520517777,83.64921676203738,80.37834392068297
797.6335044386514,658.1046876258781,82.23605061715249,75.78081748876109
822.722260192873,651.6934250160906,80.59822209305892,74.86848577811831
848.5695605667707,652.2321666816526,81.80135182181378,72.57942640486769
884.554249420916,647.1109534344209,80.03643705351638,74.78418977659013
909.8703089661842,644.9806035930716,77.19987199037246,74.79901921849202
945.0997647406919,645.8274619486219,78.07813970076657,71.79091738461364
978.9272181621575,638.1379616689379,77.14018742250353,73.10860812962257
1013.7951125410198,640.5613645194485,78.19610253361645,72.51826996287434
1056.437585897947,641.7304215206213,77.71138569151925,70.59384859347969
1089.058490692943,637.8276490674664,78.11466139842375,69.92305592244315
1131.3761247990076,640.346165902252,77.40242935003545,68.96105974295178
1166.359427423127,643.4984120244319,79.24610304127869,67.21002358647215
1201.460226526279,644.6824684364414,77.92310533239967,66.96225997518658
1243.5700310632685,642.4942451801329,78.7823221006681,66.8402436176786
1268.6142690503475,645.1012437912345,76.85278173455245,67.33685073990574
1297.5215335824375,639.5869996778068,78.29680657611382,69.74381015811761
1314.553687121442,644.025101081731,80.95129060175078,69.03703117033639
1328.9574248016872,643.771890467446,80.59392947998143,68.33681867069764
1334.0014912350355,642.178437901906,81.69560717138836,68.5819687801326
1338.7195836290496,641.6913621949694,80.66935101631996,68.54117677994394
1344.8787651299215,631.1171288769274,78.64242435436103,72.47533337442508
1342.5812054227276,629.9482074985999,79.07643257701534,73.30449777164367
1340.020950237487,626.7395552057576,78.10921954819727,74.62942324511894
1340.3842602560615,623.7687561203139,74.86019795508433,74.12787618284402
1334.9329646561737,624.8422063443408,73.34073347267577,72.52027252620401
1328.2381638041118,624.3856807765901,72.66525860801211,70.00280077869898
1323.63384246859,622.6783545177287,71.93755006869813,69.39006127981445
1318.0046510652905,621.4078786407933,70.73049825366067,67.91344977402294
1312.74180696215,616.342066759925,69.3026934285394,68.13383621044045
1306.9279885803685,613.7985940961346,67.32672609469924,67.20829156147727
1301.843166069252,612.0212260078047,67.1697511835029,66.68583243745799
1295.6717467752828,611.6886996635927,68.48247963099831,63.93370486427506
1287.7472470874281,608.0900970251613,65.02490008087867,65.68773371837473
1282.8427169817464,604.0963111713917,62.51519259589067,66.11600615465528
1275.359047912177,602.2133091076225,62.15130287807707,65.66448329520665
1272.8913526221831,602.7261920983209,62.191516080871466,63.7513294996216
1265.9956758940991,596.2379916995225,59.58395163728365,65.30682663649938
1260.6711939378386,594.8702952498453,57.93023787036857,63.39717255247591
1256.2796226762005,593.8941559080258,56.77928927426738,62.45517007140815
1250.419521463568,591.0698664180047,56.076884561386905,62.51691351541525
1244.6243055545604,588.5881098238932,55.63376344211389,61.78133565935767
1241.232047837721,587.4585482470146,57.69567222107738,61.0880811277252
1235.6034194118852,585.253373052596,55.98848432329457,61.89008377940045
1229.2249386966844,582.9937914619397,54.01931971743255,61.68493295013093
1226.9190184111324,582.7045187492678,53.69355613798727,60.11363041096048
1222.7513400404646,577.3618987498991,52.71622036470968,61.343778552336126
1215.606138169687,571.9542247123693,50.292723006282614,63.55678674063025
1211.1180529525332,571.6473970874399,50.15975825543459,64.65432321709814
1206.7669366047392,572.2148737410172,48.78014484792671,63.74050847147674
1203.4858984224352,569.017805660777,47.80154868044583,65.95589696054287
1199.4468478431008,563.6518261313805,47.91107140532676,65.24736424953828
1194.029498875632,556.8714195922953,46.54045037043146,68.3774523067584
1187.4385146297532,545.5792333581552,45.975204268224715,71.139660373985
1183.9914598381981,550.0112581567388,47.55887593755549,69.85265302008426
1180.638581881357,551.2149387397008,47.465206430373996,70.3367739420591
1177.0166932510222,549.516454310022,48.42830224950341,71.3384943463589
1171.8448694806607,548.2473413601591,48.86820509702716,71.5313433994324
1168.015010245375,545.0263765121042,48.20960935879508,71.89332845496585
1163.5515711738788,542.3310786767377,48.356067523113154,75.16674263356765
1160.285742189294,542.4791889752402,48.49075132022255,76.5494724314549
1155.9908528512005,538.4109953377483,49.175260033932716,75.64915575154873
1150.8131843211197,532.2075424660959,49.20672465072751,77.65324983687957
1148.2090307892784,528.8283260810693,50.393698935797616,81.24603431872387
1141.6271346508215,533.4184964374897,52.00646768520794,78.67824293196512
1137.8167102131422,530.1056084034705,51.17326037775254,78.13519649971386
1133.6495198913078,532.0896391292106,50.87249431286503,74.81441315638168
1129.127164706333,536.2096136329267,49.82303736182173,70.70457303325716
1123.9850721267544,535.3823644854762,48.80449809020152,68.00274611755692
1119.1860656688543,529.5405576647902,47.44337308944502,68.57313757255395
1115.0428353935667,530.3548171195066,48.14108876613692,66.93785850444195
1111.8286365416302,530.8640710992873,46.464859671625334,63.69220584545784
1108.7308581981772,531.49639926501,46.34220355846761,61.34124958380716
1106.2856678106855,524.6066154284242,45.330214751750404,63.04834178798728
1100.953742711256,519.2860934477067,43.7362237979148,67.11496439111303
1098.1358299326844,519.2767321305066,43.678854403839296,67.21478178226863
1094.4036584919947,516.8462834939459,43.66230747799637,66.93623029106737
1092.1886842984973,520.6440432634992,43.38881358935099,64.11147557617116
1087.9276639118132,521.5569568764996,44.96843368314579,61.43739020434404
1085.3667328499125,517.0645855292246,42.54452708890081,61.30707369183371
1079.9970303086698,515.1195363068668,42.99360828420309,60.906333465459554
1074.9195242389299,515.6307871224158,43.52087904334422,59.865860517249914
1071.7522848052402,515.4196327547969,42.44868761133925,57.90270282606407
1068.693890952333,514.1277163814509,41.97338965858563,57.32042332345658
1064.9829150378423,512.2153996515443,40.83070330114955,57.083942852311026
1062.8586539825533,512.8501535265738,40.98639062976335,55.83186817656909
1058.644105411144,512.5657400483869,41.48125383072636,54.97011426057193
1054.3942167170765,511.4925503667292,41.29678045262698,53.593025492547774
1051.131581167275,505.38668126714185,39.960361447698716,55.332754132968205
1050.2508391016013,506.3311260134175,38.6045866344633,55.82741107300538
1045.4160340227393,506.87750949446,38.23437509379396,54.78961149137335
1041.5623505771173,507.23386745213276,38.75147307565845,52.97403491242828
1039.3529363531188,506.14662832394765,38.38781946534862,53.24248804405007
1035.066287921081,502.3202575141772,38.13909402223075,52.40406698622572
1031.814586931548,500.443128047521,38.72790798505382,52.63183199861348
1028.6727218941514,501.7189781162261,39.215742580517826,51.07592527405207
1025.066863710993,503.65872722506896,39.660455865514976,48.64186317306613
1021.7636714280984,505.6753697224675,39.287308389074916,47.065069225278236
1018.8039493143652,504.5596897739286,39.12375172267471,45.70909407962144
1017.7956788425971,502.5856169763116,38.446874642084104,45.18962489880302
1014.6184335079735,499.8832590692776,37.83126691153465,45.11354866242239
1012.4472003610038,501.2046904745517,38.20319259509408,43.759293919160726
1009.0797348002194,502.78592019562035,37.78273503949805,42.15104332896462
1005.9156402459321,500.7525186592185,36.59992348494376,41.806992848983356
1002.2031312379416,498.4510615073054,35.751723912480394,42.53265689446572
1002.6541261210047,493.82923160955266,34.10463539483575,44.735279903289594
999.5719255689029,495.91332516374183,33.98182425607573,43.51677941198287
995.554371536744,491.61321252537437,33.183805396775355,43.82898709920137
992.531859825449,487.50730067954305,32.92286772678745,45.796931467121624
991.7720377387112,486.6245575828958,33.028384099132396,46.57592910823888
987.5515612561719,488.81595508444775,33.55857126781626,47.320685825336355
986.3208865973132,481.86590975737914,35.23112513282824,47.41913017412652
982.8402359896174,483.3973345516827,38.288380439943005,45.63365102886516
977.2966877979823,483.42518540836267,41.07399944581267,43.945124252898914
971.950668282329,483.80987962531975,43.434122040634556,42.84587565156242
971.4214917934962,484.2662640172636,44.571647666752796,41.84864481249575
969.0769090399685,482.98894616001013,42.70879020568373,41.96590268728323
965.361279847025,483.5089399741722,43.47155131686067,40.88980205896703
961.2102751323498,480.20847908776835,42.06208434352732,42.20756155609568
958.8961520036319,482.1248369930752,43.35674719501865,40.63937714102147
956.0433877043006,483.51456695730684,40.95406703284769,39.75198941547099
955.7251024842647,475.3855443168858,35.93312984853183,46.36127271418672
953.5833982822702,468.39276111702736,34.64249851191673,49.02862922656773
952.8355303625666,465.62052722968275,32.95178419784553,51.10577540734843
950.551534516912,462.91386549863387,32.234160986276414,51.73607688234592
947.9668168507767,463.53960008842637,31.37831863517286,51.59853993207329
943.3547510332468,463.7076909911382,32.54978517904397,50.872966347273426
943.0846973267442,457.846453708717,31.63500061332271,53.412675698785236
940.2516353564092,458.0009504250503,32.21036396310015,52.72772091748298
939.2765292130985,460.60779449172924,31.838344918451984,52.52969212028171
936.1135034008144,456.3726239187062,33.117790107604385,52.244915274969884
933.7094842610464,456.54624661155594,34.09134035890696,51.8559633786204
934.87747141716,456.68946180422796,36.771964629116326,49.51441962247569
930.6359359287416,456.56840073855676,36.52870472964612,50.438762505205375
925.8097074726975,461.0392902220993,35.808288162253035,50.01580386854063
924.2908639551575,453.21629646258947,34.40220506181025,50.896089758180025
922.4206861148043,452.9488779564466,33.37130193264393,51.67174553003825
922.3742920195759,447.8123017348602,30.628691652550977,52.992894727486956
922.2440809165732,444.40683600887326,28.622808247769708,55.161805452804856
920.1987547964715,446.08032089004286,28.399365720603583,55.04743112892866
917.6231470635327,447.2367608136642,30.28331016079661,53.38112906869034
914.3441875964528,449.1770916369868,32.06357511159053,51.73861652074408
911.856782671876,447.9600291903809,32.95221373597162,52.06723738441035
908.9516942338577,444.3785142280908,33.40331015380365,51.81976534468388
906.5624772288616,442.9171929976274,32.438872416533115,52.54069840942783
904.0053323397415,444.3628520600636,33.823560287272954,51.575413073383004
904.8250230124556,442.34139095549193,32.33342876105385,52.63926031558967
902.2319717180308,446.9070804820392,33.74870797838322,50.164324888706204
898.7360881491795,445.05262332170196,33.449704845963886,50.924570125752
896.4462070578596,443.63774774208605,32.78581152197059,51.7389121588985
894.300898310432,439.87797009341267,32.505171743213786,51.65503423582241
893.9181857392796,439.9128314782977,31.75882510112447,52.7277852198225
891.0399247211047,440.87658193487937,32.76452153778446,51.11333033251917
889.9515625131074,438.92236406883666,31.654740566081337,54.40256248325127
886.662220202366,439.1678593852471,31.79141511713894,53.79043493020784
883.474953087953,441.1387456644193,32.04431678662693,52.53428408695026
882.7650402071697,441.31817672694746,32.36696529853468,51.503314667367135
879.7644128735998,441.53758666971686,32.67628349355938,50.44900277061902
877.6470363192179,437.3444609293572,31.335419917822563,51.184594372608565
876.7531480305399,432.91902730605585,30.34662611676425,51.161725428320075
874.5725790436477,436.997319680823,29.722820862510698,50.18258534892419
873.1004439803223,432.4838472075772,28.28639463999691,52.74395149836381
871.4118207407876,434.4700019633439,27.335335983569212,51.886463057604324
868.6664329488692,437.5412422152625,28.194196351381628,48.0104566684285
867.1844802322174,435.6495268622925,27.75054960463448,47.937866248236496
864.1934372564803,431.1777560925837,26.48288377972832,49.75440511263437
863.1945636020178,430.0958034739117,25.7635495275475,50.41401681936226
861.2602180663906,429.34440457080507,24.811515929153927,50.28270940014186
858.8667388189264,426.9977767373899,24.047370552590657,51.83285650698576
859.123324855983,431.83825259772595,24.134556900446803,49.93298328387044
856.2521097632595,428.1744486942438,24.494438964369564,49.958088300714124
853.2828312200866,431.6146952415504,26.352456234612156,46.36072765704715
851.789178901031,432.67527289192145,26.879000211884296,44.42603926115093
849.7551058669083,431.03766561695016,27.016530972315472,44.8188059861852
847.1336406870385,433.06901537633075,26.989424821377668,44.00866172859219
845.7002589959169,428.37922991201134,26.018029788986173,45.46351589868091
842.9834209995072,427.741408731829,25.87674907017196,45.12642962396498
841.4573825013877,426.9266307493447,25.665208011393123,45.35646261918514
840.5577281163631,428.0404194963181,25.567788434311467,44.58992518922349
838.9774652260663,428.5747082348196,25.666356205860822,43.18167184240998
837.2981650566363,428.1456380061039,25.036522088340764,42.728758264464425
835.0819039900032,427.4894615683626,24.332893965469545,42.72578425758347
836.6620013701172,426.50617094357926,23.036724516405144,43.185423806807606
833.5051591833635,426.7155512887158,23.029420713419377,42.205768380050216
830.8709038842435,430.8504966093059,23.7619297883166,39.90567808251296
829.2235163466875,425.5473352957266,22.85007756512291,40.44710181313994
829.5797211988637,426.5638246808726,21.965633693956008,38.743769136306014
827.4657033974833,428.4779433165178,21.70165369041902,37.039380456479364
826.3913659406631,429.6408717487737,21.610065094145355,35.40950808833959
823.7754608730821,425.124164326223,21.927220356998987,36.20829164135617
819.9999094999741,427.2760519337068,23.113908132332487,35.716126855071735
821.078653400814,423.57311650379563,22.051768776755175,37.48468428330419
819.8569009164718,424.90659261177126,22.017123526869497,37.45313601787348
819.5063529630912,422.42959464291374,21.359795505791553,37.46409418260096
818.7387909185156,421.0012405116764,20.886144045331925,38.0867753899487
815.8035481383894,420.04711940695654,21.675564737850053,37.84588886414945
815.5615263231914,419.1042705762991,20.378508980457806,39.941349664331824
815.2783430715895,417.6694187211661,20.032042164226958,39.8187542981193
814.5598530080601,416.82999202815137,20.158422033145833,39.81569286355992
812.2758618737263,418.57038555428363,19.87400440987524,38.71496104587848
810.8899533766039,413.8740673934321,20.733902203662126,40.00890021921309
809.7429255259441,409.99104122283524,21.633777062718153,42.3820298431083
808.3920088322297,408.40347681638974,21.282619394877052,43.64463010500129
807.0134982751197,409.19829328599343,20.8791388341698,44.382232604671835
808.172735574849,407.8891877164835,21.621533944453063,44.43325815618201
806.1621441389649,408.3499716239149,22.421485447265468,43.93615896223456
804.9069809304915,408.56771728899247,23.270997685912626,45.04430170136676
802.1709703517354,411.5382750717964,22.262294716373535,45.04883034114056
802.6477790753133,407.75226574407577,21.20639950735535,45.09281117873786
800.5126336934757,408.0645487483787,21.74496192527465,44.223953030614226
798.0745586032452,413.3949795527369,22.71662166051595,40.780906847123696
799.4170199583062,405.34451110342474,20.77809139015677,42.17526776182196
799.1386369566306,404.7157380448227,20.73931113404911,42.6970655375286
799.6243494699261,401.10780523718006,19.792866647149914,44.74983212570067
798.6942666873226,401.14578436563164,20.173507504487922,44.758625302616046
796.0883285837274,402.1428792295497,21.39408542105433,43.61658451245782
793.9744732784721,402.75003821872906,22.363297145577842,42.97732658973378
794.9748222766253,401.66049990634343,22.37579864540251,42.405178411750214
794.820743252741,400.4593873006077,22.14316858378349,42.538415478443106
791.3259368760895,404.84580122325644,24.63869549786039,39.889381855398796
791.1445534469445,401.86156329432146,24.213595053172966,40.63108447698684
787.7040014686049,401.9072032889439,26.1655701967099,40.81254697168775
786.3388973558293,403.00041071736194,26.21415539950535,41.25375666137212
789.2240912158481,399.21575997471405,26.829991012436118,41.99701489428716
786.7944415320798,400.80581152664627,27.64851509667379,40.723182210445714
784.9983440086196,404.15419744763585,28.900037619758088,39.17738571374451
786.4822405103685,404.86167418130503,30.491818872749807,37.37480275819164
785.4900115215593,403.78386382590963,30.718338046693923,36.55331258509838
782.071350218482,400.13305919213246,28.75314687549448,37.632100980890115
783.6043076571553,400.7048961573645,27.923029447913237,37.7245417915335
783.2430531923319,397.2576955336006,27.624574496971377,38.189002314588535
781.3482941687524,397.099387177313,26.671344068431683,38.759710373360136
779.3015883116724,401.2956367682406,27.41361171305809,37.5123998158203
777.054455872721,399.99952546418604,26.431796807090592,37.41494540120817
774.7172797371308,398.5922805298374,26.54704893092098,37.896034292029455
774.7880730960952,397.84019672486886,26.71347279468595,37.04404970470665
772.8529096976495,399.4006991779167,26.962999996339622,36.241234429704974
773.6747616121662,392.88781282695936,26.20964777991575,38.80502375815339
774.84768948716,388.5859827790768,26.186381981390287,40.54211267832281
774.3588804572219,385.6289583026012,23.952852645562345,45.43211459706131
774.9746562613961,384.2470103762338,24.015094363183316,46.149625376172565
773.9370020663147,387.61612043704224,24.94044014258867,45.59340537488549
774.5078020635622,384.6514100028787,25.905620789133977,45.18240135943702
773.6112152072893,385.55657069125675,27.720745475363266,45.439793582876334
767.0470359989351,388.4106167007436,29.963777765992216,42.28858822093284
768.9961486156765,384.2878675030966,29.679357612673293,43.38233117922492
772.4702172471568,386.01911455275405,27.858674366975073,44.32758109921595
771.0786874365468,389.675484962121,28.622571531568447,41.451713236741476
767.8455367917676,385.39458313084833,27.881846402315627,41.97669705252969
767.6984954976198,382.9938646399091,27.193795719182756,42.860922195219395
766.7734824370248,385.4961594721783,27.450233068479942,42.42705221797425
764.4455960961824,383.2601009313009,27.14984494512084,42.389347128870085
764.9986269061712,383.632659358692,27.038715348049912,43.45938665257986
761.7730710975017,383.8972194741079,26.753115245792728,42.46870479723161
762.0409447009631,382.9698066866922,26.674659383814937,42.44435464211605
762.6226797394532,382.59140920616437,27.67355257872898,42.86993736360686
765.6276449346285,382.85918001172814,26.636274305297448,44.380734275988175
764.5591427139432,381.49422219810293,26.302752918273086,44.05754008160565
762.473113910502,378.4465221860979,25.918824009485068,45.08394199832921
762.3150225589942,382.3549980172511,25.182941043210597,46.09206428375886
762.0711064325436,378.2359318619936,24.736435772085763,45.26931075654673
760.8072882945054,377.0159425393706,26.6708587179983,45.426403493502235
760.9938492021187,376.27983279433766,28.516958924900468,45.48849220065779
757.4771205972362,379.11489047384316,29.79187044844756,44.233879181012895
757.1163356740119,378.6646123681402,30.46523434433601,42.33361080157069
759.2296903583062,380.04357300947356,33.18216576807379,40.26465941223576
757.4990856728524,379.0088728782681,33.487891359376775,40.58933950976052
756.4537631519476,377.26366087697465,31.358927170833255,42.36109153358027
756.0381941795787,376.37448488180405,30.40452015260548,42.91662109443105
756.6860164263654,375.3582422390485,29.92714330464148,44.046055898673664
756.5003850182752,375.4885645576989,31.283468087968956,43.11242081640037
752.5448421257857,372.8165701869258,31.88033898442339,43.42068868566595
750.8919151381267,370.4598435015481,31.203823048361187,45.66940389225394
750.4060203901306,370.8184640186516,30.911621277803512,46.76853436977396
748.5452767579303,371.84554399251374,32.45357350655483,46.12373261004619
748.0363451782896,373.6775577018695,34.24483001328546,44.13744873462716
743.2413702060506,375.84974648151115,33.9540185418668,42.825495860638036
738.4618690231135,375.4597690484848,35.68145546905066,41.88205292380107
735.659826023126,376.37858762631026,36.01803725193551,40.90489823945734
741.1104390487834,372.09714273801956,34.02347589871166,42.52979535895312
742.4071056623809,373.95917029520353,30.047191869379546,42.573399993740125
740.3874493778927,372.3468764323839,28.749371546868893,42.95256764707611
738.0492189029942,376.3582893777013,29.789664001139954,40.038581316890024
734.6528543230289,375.7649273083334,30.07852769829416,38.56934384942238
735.9613346277985,374.87307110847894,29.012201888084547,37.73473283232538
733.0907683212006,375.46255335589046,28.634284506989903,37.34650249244062
734.6889840475582,376.1578049207314,27.837413006158418,36.32801419715132
734.6671634186956,375.725426848501,26.709277420145465,36.11368658718345
735.4815977264362,374.98763428256854,25.565908374781298,35.8259803190674
739.6397404667725,373.68447794659,23.911097528675555,36.51724824977211
738.3965543128614,374.0472143925539,23.200545943017225,35.857146502300154
739.8729590952122,376.4192714340747,21.969976847936287,35.352457746850774
737.268314001681,373.70798276658826,21.177800739664608,35.69244809009301
735.2419088860479,374.7008037496336,21.53253529894082,34.910153693871315
734.9053224688722,376.4076185042999,20.893911152680154,34.278868164358606
735.8884810279357,375.34430155923627,20.470103114142525,33.427927854686985
734.427330032501,377.69753877478206,19.700089239533696,31.348941321356627
735.4322892404421,376.27753268011884,19.395843065671556,31.36364023489478
734.5833359890865,376.219359208572,18.400320507777543,31.103472039670315
733.2439844565101,376.4382464572455,17.418597793552422,31.21336811849674
732.9038498346019,380.1660812551661,17.952154589801623,28.953664419843044
733.276026634328,377.20357703159044,16.90358750647741,30.20411415872369
731.9346803481945,377.2838343475678,16.531460067813157,30.018334650002323
729.2882140350155,375.1153441777886,17.479743845538582,30.168093545833212
731.9189245569106,374.43502683351414,17.47631360773218,29.59261875457061
730.8825155804321,375.28831653472565,17.21624167607877,29.00191937722233
729.6912536779139,376.08885343685506,16.457658196424187,29.12381403571064
728.3494193147399,375.3874412615544,15.886817608997434,28.55060132016713
728.5857636913747,375.26938940030897,15.410055100504831,29.051984653487008
727.4289698952258,375.0512283668066,14.604141898283508,29.48367590513437
725.950387898942,374.14735933867655,14.255335940026422,29.347867485882283
725.4474247401897,371.64393858063505,13.95107112217638,29.913024383393363
725.5284140747431,371.9280360997882,13.945113311997876,30.170780669950872
722.3993246291908,372.2212451590505,14.742383795847195,29.241638523886984
721.9210884279851,371.4171548077789,14.724143997632497,29.62753326074794
722.4715491778907,369.9203629871978,14.36652640933594,30.896220607391143
721.2114219131938,374.36370413226865,15.378505468511587,29.163337001692426
720.0807914998743,373.96775184886314,15.8974779726823,28.897401471278847
718.2701894641392,371.3950522002382,16.64688409021423,29.517798827643446
716.8514096623563,371.1752474122835,17.35539775953348,29.622239482396843
715.1389894288521,370.35377950029067,18.175831729224832,29.813148442668904
715.098520616541,367.595107296117,18.11048840987712,31.330453447784517
712.0109579854006,365.606677185418,18.59768452545091,31.080833136872656
712.2522682459279,367.59047800694043,19.24244404645401,30.2836662982542
712.6206644373962,366.4743413038527,17.786549563748835,31.794586086442457
712.9773009635632,366.53875232645316,16.85189943825794,32.089253071641295
712.9765220268723,363.62828943409977,17.006426184569207,31.761616199060754
711.2866006764955,361.90236773227645,17.357253321839156,32.248870013627055
706.497263405152,361.258478025601,19.433803495220964,30.51441531219458
707.6526046751883,362.23513292121487,19.41995827653966,32.01538711668282
706.6485815639921,357.2900540918316,19.653730280627236,33.691679177115034
708.0593233957018,364.53739549788173,20.776512993627883,32.083295430469164
707.0051892478674,362.4021881520522,20.053920815578024,31.566358231114624
707.1467217876383,360.9125565578223,19.26931068350277,32.144284734844916
707.2617769999164,363.7623422808414,19.754770823737836,31.708743832607627
704.6939983421943,363.51625239449123,21.82287838842521,29.921161946087985
703.9700362312481,363.76298676358044,22.966648046398078,28.96726540001879
703.2019678783581,364.8445448997937,23.17340647648055,28.634882690508128
703.8280821137157,363.03643539547755,23.156347517193602,28.766651462331343
701.303754232243,363.4242888126164,22.006189150414574,30.42963888506772
701.9624749534482,363.9236865108971,22.363854961410944,30.227936998007195
700.9207136401168,364.8563137776327,24.0899486737237,29.120505990039106
699.743118192715,363.60842996837823,24.53949844292588,29.100829653636886
700.1855027977231,364.07412230784007,24.547321860214574,29.035620211078232
699.2504739599447,363.59216017327384,24.97311117092504,29.17403669725099
693.2520231147698,364.7770260172255,27.816064735560296,28.978546663579984
694.3983762608976,360.086847649819,29.190983759317945,29.824420860906383
692.2914930731685,359.33902475517436,27.554353720455914,34.42228704808223
692.8097379745221,354.5515772581234,26.714409934472872,35.78234404316646
691.888826275504,356.3330598250227,27.833813245354214,34.51655769490178
691.6541208744064,354.26829174653835,28.921310047966614,34.10754672678968
691.4206433098292,353.4681270797385,29.804168053187748,34.82849104495964
690.0105175685112,354.20422889854075,31.01247823841882,34.65534170359815
687.3873212652721,352.4765912012255,30.180737761628727,35.60521752235704
687.025387201201,356.72492138043367,31.521898478733462,34.193448604086754
688.5147776189098,356.75387241617403,32.70043654760343,34.22202061773177
686.060229146728,351.30424209214317,31.277418767857462,36.17540612979281
688.7038182648458,352.8626118527592,30.319833149792125,37.28806883075376
687.1194241406496,352.6218898293448,30.315485279656663,36.739386565929586
686.7072173317796,353.70627523496654,32.136685484875095,35.63421368899992
685.3768571189917,354.45897262740374,33.98805924064301,35.23088276595478
687.1813427630825,353.3581598997686,38.8078093172635,33.51675656097318
682.0354531615375,352.11536882245053,40.52401063190352,33.676637893492575
678.6347441164111,349.56273214206016,36.97624024484617,36.61705635003098
682.046538989907,351.44044449028894,38.59178495625555,36.27871865312019
676.4258638365469,351.39588578614274,38.90145273929809,36.56806294629371
678.8480383833763,351.33997923322926,37.717019424773746,36.70731105018262
682.4618821099012,351.3739629628755,41.45920520324054,34.61782083467302
673.6022417051524,348.7112715174693,39.63704102792383,35.93291565445391
675.2682273313259,351.8651852138492,39.43028068137655,35.87084457349975
673.4671628955707,348.75998175835025,38.98043922390026,36.18746741576882
676.4892698523302,343.1897426169139,36.59306857414735,39.792451096760004
676.256389640103,347.1052385800147,35.39512277524291,40.57772313676296
671.6499283042114,344.97743957221144,33.90784665377649,40.921146151520304
672.9489465262325,344.7853010371351,32.66914162343339,42.473085757192244
679.8655786233631,350.42732314867163,38.97363064246823,37.870590095416794
671.0437094150319,348.63169336359397,40.669919052681294,37.11260303092085
672.8155310817613,349.4879653121997,43.78068450373026,36.04558804832807
673.392489664277,349.3936656792283,46.81660210159012,35.06618966221407
670.7279158345949,348.58887803120547,50.165992525907036,34.523949527315516
665.1932886216038,336.00562703489993,44.75063236834694,42.078757074291346
672.5650461425607,339.1851590315609,44.942204096500234,43.62119657575185
671.3656975494675,340.7142074303932,49.078890658559786,42.33962075567946
666.3419069205241,340.1192730010135,49.69604520656284,43.46941779278447
663.9497847677445,333.73951681576756,46.680304674499254,48.16871131546093
658.2695510807639,327.1354705918764,43.511031031801906,53.2202923661995
654.7310900432258,323.7999214377022,39.38413208407859,57.419937909342764
655.1187215003478,320.0016486482523,37.54022350297817,61.75322577902702
656.4399116311092,319.5209204758287,37.486365345379745,63.42894572267966
656.6481168558211,320.89551022406397,36.6167661876597,62.13484950898625
658.5435414175461,325.3829262188712,37.93623842338572,60.25480854590812
661.4315440741598,328.9581924566513,38.05237801116415,58.25380225261253
657.371655761305,321.6701815339016,36.7353020052628,60.04534646267459
654.2554753063243,316.0760527481935,35.96090984185812,62.1901330939576
653.7371781177305,322.84465568329443,36.45715005076178,60.552002630473496
654.824538710332,319.96090448001564,33.986826145871504,61.64869669413338
652.4960675387176,324.09571418467755,34.3126534062889,60.02599509121488
652.9393434237478,319.6364394239347,32.807948171091795,61.47242841459202
654.68911880163,326.79491938620026,33.17656476076411,59.00733647898542
654.616056525489,325.4134931789682,33.44864325824597,57.958057025136824
660.5490491380097,328.8187506807266,35.14713843027209,54.72039490824339
659.7554727737984,330.749876874535,39.77395422008031,51.92862999449097
661.2872159248733,336.6833468097045,46.586620747112434,47.71615442819353
651.731879171772,329.03152512347674,43.87401499714155,49.72101126532215
643.2687551322839,326.73259790390557,40.48414563195566,52.273768351935686
662.8779046502176,348.31172140621493,49.63475483058557,45.10528732370103
657.4891016465239,341.02866790557584,49.724655717658145,45.04896721059767
648.3368069589548,329.73218377366743,45.52811561376497,49.09260287345238
646.6840492974409,323.5062582582152,38.88055617605452,55.38215165645012
650.410870352407,319.0107966635133,34.42174980325927,59.01720652186073
647.4160699623285,317.4110962474325,31.96057668647404,62.32108214155397
643.8952930921752,320.63150989964856,32.03671247690412,61.83518115165958
650.4504952967889,319.93004324773796,31.243716335240663,61.92737986956213
643.802336432402,319.50127553239105,32.169969970873055,60.70699381682671
638.7766569858778,319.89062640406155,33.743185427128914,58.464145843213274
633.4492038539763,323.81043917784785,34.5122602432878,55.98844692295352
641.8432092747413,322.3593146853257,33.186827504042654,56.28013305236223
643.0078031072782,322.07096052706726,31.506550446785305,56.959925493598476
638.9002689450011,324.7841576664931,31.388848026990825,55.35527977383384
638.011600120107,327.9173768973414,31.975074487516647,53.94637685133229
644.7299704791373,327.0092404905278,31.709815997522526,52.43952832621298
