850.5,292.5,23,31
850.1308200991512,292.67514597549973,23.570253971022368,29.287620638649088
850.8769888005404,293.60360372448275,22.85566463449091,29.224789589191136
850.543068541586,293.3155388614456,22.867803959910454,28.50844593592437
849.9831836861518,293.82603322921364,22.144114054277033,27.97213187016482
849.707636398225,295.0377814201733,21.239983144662652,28.173815548170335
848.8106492485263,294.7214222087494,21.983754069587995,27.539907716423397
848.6045631299148,293.5233966260383,21.19145719625905,27.960300806539923
849.4450142018123,293.3448871069976,20.198193027970866,28.639814301227638
848.4647919552809,293.64590496877855,19.594147352263775,29.245740684495946
848.485569335921,293.8868787556026,19.700271328740826,28.430802826761973
849.3636527107616,292.7308289922257,20.654317997403428,27.244882805137465
848.7651851865297,293.3799350453734,20.025212786546092,27.656153547817226
847.1822128173301,294.6558765325013,19.762844813747144,28.17886104857782
847.4911376710053,294.0015981063321,19.515693535491064,28.593015103844955
848.1287902776708,293.4612679154131,19.10574742475944,28.93431217814883
847.5111032724311,294.56858307083127,19.285429200063387,28.360148893002595
846.8955233720992,293.2591454509482,19.19917671449764,28.378115615146434
846.7529464282492,292.5917990195208,19.50303676887659,28.557850972223257
846.890086912494,294.32856302905964,19.815106335592635,27.771628469515456
846.3955424639576,294.8689560788902,19.321933770224035,28.24357681498103
845.5596363197238,293.924401452879,18.682542758744994,28.368566975744933
844.7910673247754,293.3018091482092,19.27612223755796,28.111877967760726
845.2161971536129,295.3241655091408,19.94554616640406,27.617391726330908
845.2595692037379,295.1703977991894,19.480103799727615,27.9178541703129
843.5831501765131,295.4054835977324,19.151190227226394,29.23834626928641
844.4715603081444,294.8560450907019,19.38195185448216,29.39918685458333
844.1022054696502,294.7114119984497,19.52228206134929,29.314678573366322
843.9248314974988,294.6177955550041,19.727711910105118,28.67909002705198
841.6835453778634,294.0698261728908,19.91725003301537,28.62103612696
842.0140140055545,294.39376381533737,20.853111346501585,27.953202112368253
840.9226574475317,294.03514569218123,20.76421957292842,28.471991835597485
841.2880028437589,295.09832722643006,20.467559723992395,28.473551629882664
839.9739584022498,295.28141574200725,21.322083727371943,27.41442360559636
840.0751297617716,295.6503477478766,21.065829526234246,27.819104021629116
839.5148194907513,294.1634846562503,20.34800078390811,28.521212603874197
840.3936811097054,293.5475470999017,20.03387644108269,28.773083859156756
839.6491589759869,294.27847984670854,19.731372017386494,29.055115085306184
838.49084135228,295.0095887629894,19.832737041963764,28.368520988182176
839.8931547444977,295.4644929653523,19.87697888243001,28.217175551459945
839.6712742003763,295.6967030708124,20.80473908201342,27.667130905863182
836.9207460822928,294.5512876262358,21.367422850222994,26.706206657343422
835.4782141069549,295.8687518177581,21.294883012312802,26.41893576756988
835.8275940166509,295.34197935294367,21.664968316700122,25.90524375405483
834.8074109193612,294.5365213151964,20.529803916724113,27.253618254400877
836.6305307740693,294.908738537566,20.63883483302724,27.255593170832775
836.2222718874547,295.34676510108216,20.26215107645271,28.340691349270756
833.996657955862,294.7672007560519,20.54767905396955,27.899428578539066
835.8261679096005,293.68399387092904,20.917097752607884,28.33946940202611
834.1376895686517,294.8764274964343,20.743192557972506,28.195266917113898
832.9172810283972,295.8346471773374,21.853537798639188,27.250489428912545
833.921839186644,295.7861037008767,22.008708265214402,26.92009043375561
830.8605753402028,296.3266684692255,22.16968048883283,26.20268852738343
832.950946266372,296.25841779016577,21.552105340078917,26.81047610701766
830.951695951639,295.0711986685392,21.330672786542628,26.670272464612147
831.7682154698216,295.439696212128,20.517839174653076,27.0060492066811
831.3638130645166,296.81205063268845,20.94018667134625,26.280298953848657
830.1279453081492,295.75611874368684,20.7772812253485,26.031312506189735
830.6055594798439,295.3962469783366,19.91368697842811,26.7809213095342
831.7211549437899,301.4094776342612,18.79179967414724,27.051456600664487
831.9021376997279,298.2276610418851,18.702775935469074,25.844310352760466
831.8780708994731,298.2693141654195,17.949185605778766,25.510254227468756
830.2942124112304,297.40345398302094,17.996553504464387,24.767406211093316
830.6413031156461,298.5140560676146,17.444380596185674,26.335412185330874
830.5718890432031,297.15098880409676,17.85590767080231,26.040851153086145
829.7443653613778,296.99867791229565,18.44890317608118,25.495080537715292
829.6697876746169,297.8340462917469,18.402644806141158,25.466849413833984
829.9737270591027,297.89208024120563,18.27969403993937,25.386630258258904
827.8946439722389,298.69129211087693,19.076445150556193,24.37365658104081
828.040822988772,297.62254459103724,19.749054825416742,24.086505367441795
827.0658396255885,299.8458484491124,19.797165627964265,24.144073400442537
828.3551357195552,299.82930722590135,19.50275577409708,24.91485073614581
826.0026889502157,298.99432088826495,19.146275213401104,24.675924365462123
824.8749380056507,297.8065712340461,19.130790275581873,25.219196816478046
825.5995266666752,299.01514058953154,19.83165537457489,25.160898081937884
823.8646431266484,299.05690737278445,19.243184687837328,25.25259098688038
823.5030704359525,299.2125145248815,19.717632905623354,24.786603689155832
824.0741667466261,299.37098722661005,19.726417828038286,24.658203083069264
823.4861418153868,300.0842321946947,19.70430158232093,25.31466882855999
823.2135699271795,299.7534857428307,19.078378301976535,25.801707547182602
822.5042367735696,299.30735329910794,19.041106804628487,25.169906744905248
822.6803788484189,300.0679087759549,19.19471061196416,24.590587985496583
821.1859690114571,299.60525213937615,18.80616708126938,24.23243688495721
819.9961818331923,301.4261755095632,19.427611029813967,23.68056817143426
819.9331093196005,299.53311001190656,19.639289267640347,23.751349884888644
820.2650400979185,300.3261472738572,18.16258013677428,24.484510420173415
821.111759174585,299.8618921881103,18.369038822523112,24.1845423016445
819.2662546012199,300.230184672238,18.25502842597248,23.686518039463255
817.4443122759611,299.5635927864252,18.207909747436467,23.562548511958656
816.6716386795471,300.315324693658,18.703167894472827,23.075661228798868
816.018273325982,301.8566634657579,18.422241876167718,22.63717609227833
815.139513740341,301.30846944759907,19.313805072718722,21.940489018955795
814.4529385749657,301.65804477286355,19.16230193993735,22.398753839641017
814.824875905,300.9043315323507,18.91712672839989,22.96599444415289
814.267418974678,300.9552393486974,18.763985736393778,23.172459975457713
815.1649875940576,300.1175037859528,18.244829689197058,23.944961616287973
813.9859955200792,301.1193065923628,18.15720275800801,23.567175450968
812.1259957416801,301.95781992775323,18.55735095310463,23.20153037612544
810.514790377662,301.5675930250672,19.262346690236097,22.98104859807077
811.8611161829598,301.9792109193825,19.832302545673016,22.56791034386654
812.6757651028994,301.2355150878357,19.750902320113333,23.087945077653593
811.5873857017185,301.6352169078498,19.500980296670765,23.23538375623326
811.1031655696613,301.5601258595415,18.603263804175022,23.720467592762276
810.4627124799181,301.4819499352776,18.101500852998022,24.741591346975873
809.4582731808034,301.36837881681623,18.38092820261376,24.505458788786434
809.4239524841742,300.8320769060988,18.78628586441947,25.009651817989415
808.9176989440912,300.154887653094,19.98442546450064,24.03999730572303
808.1098905947517,300.6929351339003,20.48349292772485,23.89673611262873
806.501234817845,300.31953474748167,20.001321013518183,24.16568083222764
806.5607350643269,303.0882034066437,18.84372494488092,25.578592994825154
805.4223712651335,301.748812902118,19.59786822596081,24.372288891663672
806.359046619491,302.49799130663644,18.584133307120396,25.57964111070649
806.1766085729236,300.9024542429841,19.003564175189968,25.59208732632961
804.5456783241285,301.7743910587109,18.920183872006234,25.799035809526856
804.7312349638064,301.9954241729463,18.43008007637068,26.517405846571513
802.8713404693609,301.2541207240018,20.56872587157452,25.24027239028321
802.2598107254347,301.2738034363501,20.724841318911206,25.788271700750144
802.0715522611584,301.31745681578263,21.308014980454928,25.41411069553363
801.9487941503238,301.75355761318826,22.166743329359505,25.124868789417437
800.5781094689078,302.82456965397967,21.86017273964648,25.52033935631117
800.6266098270702,302.17777326778423,21.567468225301887,26.194519735000156
801.4715029875132,301.7514291381787,21.397574993272613,26.891119037809624
800.7346889529454,302.5866851497485,20.560043065420583,27.537206793342015
799.3928471954434,301.9040836535072,21.24456345956935,26.485412698261882
799.3774747228463,301.17741764461056,21.73955966094252,26.870036565014843
799.3882184183262,302.1449994457003,21.754456481010443,27.133762977238504
798.5860205771482,302.46970148170203,21.527153887933153,27.092324148095088
799.7763116942376,301.70628112343235,20.977533799032642,27.605794052655323
799.5979403042538,302.0316550852909,22.538795901243766,26.94083365758595
797.7234050073525,301.83640803313796,21.85455658801571,27.142329761624683
797.9113306458435,302.60769756925464,21.76558244457353,27.257405891821485
796.5819987807015,301.88566753914114,22.262280202702364,26.776966713602615
797.7351698375392,301.8607639674498,21.842915865751728,27.02323622263301
796.847373015001,302.15403221431484,20.69836192393744,27.80474775381188
797.4821666205429,302.0906017907009,20.55647769944434,27.76154686131354
796.290849519774,302.5025960461657,20.60282902377088,27.24806101757521
796.6417526313594,302.0489739223748,20.68858117476769,26.880209730437684
795.1305192297917,304.0356985449552,21.5628076990862,26.156951333340814
796.3115913015264,303.3081585802646,21.3302321054638,26.712522348181004
795.8543346431966,303.90140344622404,21.29682917111562,26.95644837861945
793.6939211749832,304.04229118801413,21.925326840419004,26.606094720153102
792.3540452377601,303.74499508411606,22.413131805450966,26.76254216106021
793.6770052415549,303.190008879278,21.96079124574619,27.90904708864894
793.4697502243267,303.2034062352773,22.612103997174515,27.840650878921256
793.49384217643,303.72424091665374,22.476536388349373,28.707911267331337
792.1740929324582,304.3170042732753,22.290141634915685,28.909363087426243
792.9190217867946,302.8448056560568,22.72832100970281,29.30815435731645
790.7704060351035,302.6161025929005,24.136945406614903,28.48732575567291
791.8120539125115,303.0181558413593,24.246605254739997,28.565445227854582
789.6954732472174,302.81955059168195,24.58330685437801,28.327162628955115
791.9685947364325,303.21391373441696,24.298214100790624,28.619779187233707
790.811931586516,303.00071625381014,23.918212933514265,28.508949761753517
789.1825286161203,304.28702201897323,24.26485229070662,27.54477250065296
788.9182021647208,304.2201774099872,24.93621545357048,27.824169283007542
788.3276046001624,303.8611705028,24.72966162478702,28.750251064179643
789.3994525401082,303.4037874816926,24.38146453368882,29.284276625109413
790.1038135951256,302.93214071096946,23.748831938067134,29.27552434586571
790.651649194722,303.63290843361045,23.008215798672044,30.182752594720814
789.0321838324314,303.27234875517547,23.190832829707077,30.310984088365934
787.916472225309,303.9953212419881,22.88711446622561,30.283521438757354
786.7994135857975,303.2449604475508,24.20944111882048,30.062172058759238
788.0743146223513,304.78608471360275,23.978143334111618,30.720779937742535
787.229530966412,302.5941380231623,23.554887736125842,30.88157995215655
787.7040951718415,303.172222331806,23.563063658948344,30.93173104892569
787.5887671546143,303.75693617676257,24.986533171722236,30.209848481155987
786.4525227311118,303.08267309306024,24.8440913501288,30.307787164039063
787.0957716984564,303.7973740986399,25.14321794717942,30.58206356158194
786.029313881211,303.5257866006772,24.594737384801473,31.926962350692037
785.7439374084792,303.7752074600169,25.412386295163916,30.685786007488844
786.0299053930235,304.2544035568304,25.585433632919276,30.4999009583128
783.6191939132837,304.1401536369238,25.35320061183183,30.07666937183707
783.2368734929674,304.7456832612856,25.914687055278048,29.4828523650937
783.0287288359684,304.7902028326074,26.328965666867482,29.550993937619467
782.7836489778897,304.61790540845044,26.343911047852075,29.76867906653748
782.5641636801233,304.30106277373864,26.74419071339245,29.983480035438458
783.9178894854895,303.64146001374723,26.038271963447762,30.517188268944857
783.0246278562973,303.89301147012014,24.92217936681854,31.363389178542214
782.5347557760675,303.8815605145301,25.100621548620403,31.818580526574813
781.0116446440725,304.45375782984155,24.899245676049034,31.73694732257936
781.0361576073941,304.0362121905576,25.04820972657874,32.05887936307691
780.7957422911338,303.53523222961445,24.163229682040708,33.20861494116511
779.7318908509434,303.85710756040993,25.13850230436067,32.043415403760676
782.2750134645531,302.8848099248585,24.332295012948606,33.28867041381405
780.8259244702957,302.868726527155,23.74667028666255,33.385818764984414
779.7171606214482,304.54402437229976,23.914433710498695,32.89472693946734
780.1865387580997,305.04133664558947,24.60843284571896,32.30362083363141
779.9614375986122,303.9231318024038,24.201120239142192,31.92247357562412
779.7982430461359,305.5571264307591,25.381198768846048,30.520080123775827
777.6384874858423,306.0365185197418,26.46458176451235,29.31469889050637
777.4242968288412,305.6098213999796,24.83228412574814,31.22460995306233
778.5968892802929,304.1101612775853,25.18082967263142,31.129535379220833
777.7492917366383,305.5831490376996,25.228484186250846,30.922446826173584
776.1282206879483,305.3738662655095,25.986954839188307,29.937985439590122
775.3758727965544,304.5701407622265,25.976871132558504,30.280962987720645
775.8674746000152,306.00183220014134,26.42136020754176,30.049910946976247
775.9705055595558,305.71325631396155,26.003294623757412,30.151257325414257
775.292102244356,306.9661514795904,25.947860964078213,29.74567644721533
773.7550066605493,307.16964792532144,26.161901501883577,28.378572870840948
775.6128943086412,306.6470932091535,25.020646977581137,29.462995015509023
774.3005678807934,306.4886091882495,25.343270328210636,28.81913585167451
774.7568629029731,306.1404326888454,24.732076131604916,29.34213696908128
774.5083737484559,307.7310132158236,24.59185810021147,29.17358949199216
774.9960673889583,306.307047010533,24.205592251392282,30.078859679259104
773.5226680755729,307.00386126079957,25.10487769638333,29.147310968533027
773.4361208505795,307.15872142089665,25.225126795541023,28.819760848599877
772.8466500743749,305.9174920160941,25.3863183101386,29.303515072261263
771.8668586129663,308.1549859982463,25.456337762187697,29.370584559586135
772.3067885304274,306.7246219442361,25.343877471928323,29.676415120437568
771.4702889195446,305.67673156177614,24.866220818864182,30.605794076246013
770.358176525163,305.77780257265584,25.415127140306822,30.821980189062902
768.4395507182335,305.8468152594476,26.895678610595553,30.229842522658775
769.3679613761004,307.3771729876342,26.21241880272387,31.024677882703905
768.8720979927867,306.5337428881579,27.40310363808049,30.767188137200364
767.7781910916581,306.6736571787165,27.591016122547696,30.843455991879317
768.2747058812683,306.98865225180964,27.765224548566906,30.54325161810032
768.3196559945569,307.69387566209355,27.886027548310743,30.578156197131328
768.3262674717247,307.0360380857874,27.914781525136696,30.282759014067278
768.279830198382,308.6425750613998,27.218340789018164,30.408547091587657
767.9955925739292,307.9214856496586,26.386308241795433,31.60935430828058
766.8719163144823,307.764577285085,27.42393612417243,31.155639915486585
767.2567546526504,306.82458782815434,27.023712825879407,32.7047742187533
764.9915998464622,307.4131719531887,28.200370101957564,31.57201973388341
766.2692591774253,307.97981306256804,28.446280881247073,31.74761417987194
767.5718954831167,306.7722034495931,27.52754387202109,32.333669732156224
766.6583630345859,309.1664072176339,27.922861450456864,32.14261340019672
765.7183257086332,307.89302222331366,28.130703602237265,32.56653603670764
766.0269001841015,307.37232347974054,28.280973199768077,32.460430915403506
764.0847327750739,308.06840368012166,29.021034887218768,32.70449168902722
765.73277245801,308.7837871666302,27.884265536658184,34.049061913084444
766.7406382216768,309.1616964165873,27.153007415496972,35.44765517019975
766.2178569349437,307.8100104721197,26.795764007722596,35.955567958140975
765.8595760549795,308.18662938067,27.920984773504227,35.498155867188515
765.5346395302568,308.2524387007563,27.09176414062808,36.45953913878411
765.689175665528,309.09507326310734,27.399619465152583,36.22219413770393
765.3366457691978,307.83546714479377,28.01583871833239,35.0433543388697
764.8289407835119,308.3710673696168,27.732769844954575,35.49493912606853
764.1300759970516,311.3666865305262,26.90488697111513,35.76401762257795
764.405878092302,308.984408243147,27.01733076017802,35.49346880017576
764.8780897448976,308.08753049272303,27.588345003459263,35.40994081951672
765.8375196700541,309.68537570926634,27.48472206202426,35.54155391727633
764.9970715635391,310.23000361379314,27.2716108173599,35.810036728230315
764.6317413057806,309.98672128202406,27.992576219990198,34.93718342021472
765.1027153481994,309.8545385899704,27.971265379966134,35.08124027130708
764.8209251562942,309.6636164400867,27.765827430119337,34.81537563643107
764.6200476780043,311.12945554168033,27.31618618797495,34.91105366072611
764.1449499060186,310.2054875822203,26.58764872714533,36.08978252701479
761.2675351927782,311.8318877827601,28.325277585673803,35.34570320111544
762.176120201403,311.3616822828611,29.292473399491605,34.311059053784334
761.8098804279601,312.10204535375766,29.152549348105616,33.91077045087785
761.7686462012075,312.67442877392875,29.186848645433507,33.9300096842716
761.9457970180092,311.58632411312874,29.66017227532591,33.55181063042953
762.377693837696,312.22782964221307,28.39464997414768,34.980670866570996
762.6324357007404,311.66401041828044,27.748888857305296,36.30302633453382
762.906379200078,312.8403141950457,27.628641249396665,36.15102010494145
763.4316704311524,312.1358385909497,27.58926186163317,36.97628724962894
762.5938196459896,312.4174761494786,28.703256199345695,36.13665413542829
761.4266633055478,312.14849623973106,30.088893582209344,35.00257478727419
763.3994064548907,313.12059818944084,28.99596579305879,36.40976786481927
763.2302948379701,313.49177936159435,27.390756731526395,38.39478643934119
763.0371554965537,314.1287540734369,27.942754849681258,37.8808433864302
760.2493798011113,313.6797085997804,29.554061690978706,36.8169874125313
759.4027127222222,313.70328780855584,30.875699077663526,35.86005314441063
761.087986599993,313.20405524929686,30.902323013484377,36.54177734033749
759.6872437901817,314.8877220625267,31.83446125527558,35.78993145111821
759.5785658693518,314.61145758202804,31.80423145357453,36.647000813903084
760.4804069264362,314.14396282617224,32.257214628114866,36.23547733941706
758.8823962799473,313.9938816953753,32.07800090556521,36.54562570420113
758.4793333964142,313.36499237929706,34.233082933665145,35.563890630959406
756.7888431315909,315.5091446959127,36.39764886016492,33.837002861082226
757.5315094473921,314.9368277723677,36.68732741152274,34.43004241006968
755.3984913063928,315.2563119524188,37.4009020749932,34.18873905071143
757.859877728875,315.15011137491706,34.374581324300664,37.033646931708574
757.6012179454277,314.8893745766122,33.36658159532924,38.10326958474552
756.3637152388649,314.06748173734616,34.24459846414054,37.862814862019775
758.4884794067049,314.55306478337127,34.05169268082468,38.401530314258125
755.8668705291719,314.9022199987039,34.870726540950116,36.969933130404016
754.9683645198934,316.6697372097684,36.140560767061714,35.41703154058756
756.3672023171158,317.1705748381164,35.46522988183203,36.30125455860639
757.0395967245342,316.84696466373396,34.35448452188147,36.55639488892912
756.1556261821992,316.3898118343215,34.0778250807039,37.235863627834505
756.4574179798849,316.780306804094,33.96373906767428,36.762356793881196
757.3681994823274,316.7721851450816,33.51142290812034,36.71082806409649
759.5848486762277,317.3429690072637,31.496312033152044,38.602184316919065
756.9040123890877,317.1572863522448,32.7023086165394,37.08045622858643
758.9363019047925,316.4220496440681,31.827406937181216,37.64520944183618
757.7649969490672,318.03856413210485,32.75707418354514,36.56462373414398
758.7847302665232,317.183222433421,31.708591759092382,37.36950854675549
758.6571238069798,316.90337744766185,30.96702636991209,38.590559974748956
758.215568262745,317.43893023944975,31.243183586070124,38.265941126449604
757.9612469463655,316.8786449783461,32.288843190960705,37.56758090769267
757.3558424581792,317.2417925802623,31.61891128172119,37.82005339814564
757.5665029680911,317.5404411599164,32.32092306073393,37.249895870577035
758.3212527222722,317.67326926026385,33.10489029658824,36.721303496602324
757.2056130178004,318.1976985507224,33.579908692473495,36.44336350216216
758.0449260341627,318.91172922077254,31.661672549990378,37.70294215865597
757.503097926484,318.57673384795015,32.8622190243007,36.71997733648331
756.0351589517952,318.6149721809434,33.99262180510044,35.52330649435977
757.6303287888189,317.8710382660833,33.852507141015685,35.31685658475024
756.4298612906266,319.5505907004389,32.997113112033745,35.57762750076455
759.9291684227691,318.74915280010083,30.4630549110582,37.418686877380665
757.6168040033363,318.42861886024787,29.205649191664563,38.28220466007721
756.6431430269807,319.5934143057732,30.096123554482304,37.162147190380146
758.9876036349169,319.28846764749346,29.91019160669999,36.90722973537302
759.5854850026094,320.41904469818405,29.575082021166885,36.9980283872972
757.3012895191039,320.6962329315373,30.58328374130877,35.656478868323504
755.2078709968811,320.220352128333,32.089294966920136,34.30857725962452
756.1235201227147,321.8258303155565,31.55072463236622,34.47257415346873
757.6739700972067,321.783145497342,31.155761653559516,34.948459487397244
758.7396904824913,321.11702204413047,30.202661629862327,35.91843512787899
757.4885347375052,322.9572143488873,30.612294036897424,34.96005155401002
757.9574561727505,322.423454640856,30.70241750293823,35.874818299840705
754.4881412063552,322.82121713989795,32.74411151990283,34.814783277646235
758.1786742052612,322.21545019095635,32.422708165927446,36.058801902540445
756.4569942247008,321.8253622018379,32.973836991932046,36.37005551187448
757.4596392246109,321.66345090673656,32.790692554512724,36.566648038890186
758.454708710964,321.8608544084752,31.564594467860694,38.16764701147698
756.7768979612189,321.9999259914706,32.418820230086055,37.571215750970055
758.6941026702899,322.6154082081244,31.807147399556456,37.668645156298595
756.4913229834535,324.2162977703543,33.08766635941568,36.80180417774821
758.2669072736257,322.6748118448898,31.0257285616983,39.287881259167236
756.7115530735002,322.55052234128743,33.16885754896329,38.0671173723203
758.4608060447407,321.8155736923613,32.67649879728948,38.88587404527718
757.3464223641352,321.55323479338335,32.696337570776166,39.291445375254796
758.7593424135255,321.20719556714135,32.36465715597316,39.50384894816197
759.9131151999077,322.0135701403857,33.32356458163315,38.81092850559543
758.761524888988,322.41315136967853,33.98376721091046,38.6028933482472
758.0974123993949,322.28890532771146,34.03000965735974,39.943089541361594
756.8140890645903,322.43169458153324,35.99584280514485,39.061337632878534
757.7092553334147,322.82991336788336,35.23725135870225,40.59697368317609
757.4917677637684,320.98502232043137,35.06129982416689,41.35890017093095
759.3744220402908,321.1773412467027,33.60399789317701,42.49841718047042
757.8292114071281,321.97956757217423,35.38627022956483,41.44008133422103
757.6950470404998,323.2669386822897,35.60220450656772,41.39055706192041
758.2956778468063,323.8752329159679,36.135901221485,41.804087430941735
759.2508996253239,322.95540705838425,35.764467556431995,42.058826424607396
756.9347671419702,323.3165203695712,36.495241209996394,42.447154789620924
759.3588234743034,323.37849026320123,37.717928988632124,41.77576429216058
759.5287469321681,323.61929177519823,36.80316885217647,42.46093283189837
758.2731484549846,322.54046692481074,37.50925130901092,41.54878446888162
758.0535965712355,322.81585149729403,37.94087613591164,40.5017417398449
757.6708889899327,323.2580531314254,37.46460389316391,41.01473212341493
758.361333959104,324.6578964062837,37.24132680306947,41.60460848483648
759.7145669714715,324.0764537664385,38.16546969561581,41.663405780825784
758.876244979773,322.5723376151779,37.96185987410294,42.43048888955692
758.5232868386648,322.8751180064207,37.95450101334677,43.261502950478544
758.5638728889159,321.4203586397848,37.7599473721759,43.97577804441791
759.0147892693067,321.71482123908277,38.00472127847338,44.328863713850374
758.5868677183059,322.7680399011672,38.39817533754406,44.569789247332
759.7648130697046,321.2438155575553,40.10382594527361,43.41645566613476
758.9918901845379,325.2021652257433,41.8945978556715,41.57717147369019
758.20521220024,324.0486587300496,42.05254396243123,42.306442363662484
760.0859126796089,321.9390676681253,40.71966070394451,42.89146822020179
759.768009386507,325.10975957474005,40.382576327838876,42.81149646551661
759.1250317583725,325.2332363791365,41.07977495237715,43.32979667399133
760.2805699491881,323.4083303933815,39.28102882497956,45.50296540156368
761.1627807111599,322.88222907775855,38.703037038697886,46.06960097580253
762.797974235599,323.9252148683,37.80646013323354,46.78316414096961
762.3202018342851,323.7669417453792,39.602671862404975,44.694412413744985
763.1623622841183,324.0393925552497,38.44476671044615,45.552106733306935
761.7240678133638,323.4920977806944,38.44974802780756,45.6156524549442
761.4630064417343,324.3326323401863,39.571011336464835,44.8463627984934
762.4730250907107,324.0440075213367,39.404998069682094,46.16867441576365
759.883456387032,324.68176904799174,39.84377454113165,45.24196131758961
764.1287015251825,325.7816140482422,39.131981926864235,45.52236507937796
763.2853681774235,326.7209506139664,39.91941545202568,45.27805105868249
763.1525057558995,326.1882404346444,40.34462354574961,45.53791493564117
763.6385527587377,327.1208286728745,42.51454233230484,44.26780110031956
764.2186636654095,324.7167385398347,40.801696048740865,45.484331537857585
764.7701476150434,325.56801617522314,39.818762039516805,46.6370104827173
765.9712128910114,326.2272665706064,39.57180976814191,46.75439393402279
764.3499246035155,326.9475205536663,40.26073718349957,45.69852191530627
765.110089170221,326.3153186375653,40.10068570886341,45.34015185700892
767.0164380380106,327.32358878370957,39.143548675280556,46.39311970801053
766.0631496055548,328.60795051112115,40.367519383428494,45.20531063504289
766.8607777994806,327.7793007127948,40.147392836496216,46.061659810107095
766.8012232159828,329.1718404693995,39.827236050432724,46.13313272119256
765.4452111322369,330.1485084404263,41.717243220254545,44.225440164411935
766.6221304295107,330.1309672467418,42.12227641792481,44.63055081574869
765.8407389713367,330.2995005219687,42.489274929230135,44.480073453697244
767.722998591336,331.47537635359475,42.82496550013698,43.44113322912371
768.8570293137137,332.7649448368179,42.74665335307802,44.13284237910494
767.7761131671759,331.440762359207,42.41910210293041,44.930839259906364
769.4635686649978,330.35764937817925,41.19265351269569,45.535011222472455
767.7018542681639,332.725875401728,41.56922209769062,44.75312380830903
772.121437985213,331.92549510803633,40.56868379105474,46.32371119411458
768.221619508886,331.9678641459993,40.85891024609677,45.49784897071781
770.6572849499386,333.94248249039146,41.9948204448789,43.56140473409172
768.1014897988081,333.799398849908,41.235624940625755,45.342381508751686
770.5360396262016,335.34702378531375,42.16412307253712,44.732071185135645
769.7447576889691,335.69754341503716,43.0479781797456,43.93656054267032
771.7617830598919,335.0951843359504,41.952635747346,45.04618355575731
771.5681739127479,336.36236511069086,41.6036553426803,45.56064943726415
773.3216933621337,335.51870025686685,40.36607236932354,46.48953858001463
771.9344722950002,337.13080359743697,42.23709261364946,44.69364985249399
770.6041755293179,338.6327627034909,42.71411582885442,44.16358969022218
773.2025930074692,338.73853219998375,41.75422467621725,45.11644371623354
772.2272276393846,337.10329578919067,40.97678894596001,45.90171045001132
774.6142644938514,336.5927782391533,41.2832211317249,46.38993971578434
774.8224481300535,339.0761667869814,40.319282502136886,47.15866648065889
775.053901290145,339.28892723073284,42.45396625955808,45.920007964690754
773.4045620057121,340.1885477739313,42.234082525716715,45.75038729983002
774.2590375891538,342.90100693971783,43.082176442401405,45.11155154289818
774.5921591827937,341.7988053095273,43.28896913239591,45.26678019257945
776.9994234944843,341.8925792482375,43.642150859552686,44.838895745652096
774.4128590750082,340.33669977705284,42.73459734098163,45.499225984256825
774.8107492293182,342.0597146540811,43.30101868832365,45.5534394982064
774.7796471084847,345.2770172039463,43.0577975621575,45.52354941328285
775.452043678543,344.59303629776406,44.70033272662688,44.0312624052696
776.6955139741527,345.027218895518,45.217480455750774,43.745533605528124
779.075568708349,345.62509813412504,44.57216553747904,44.71369992329594
778.3128438453421,346.4193806136545,43.229299025764625,45.502119179339516
777.9052286518962,348.303667767698,44.35819260071551,45.14659648379862
776.9394730019623,349.7521219199118,44.497420324411294,45.29212843803501
779.4270307572093,348.3019856910219,44.89277484176189,45.79055723294068
778.815488053214,348.6369105880965,46.661648533310355,44.21996038345297
778.66123945498,350.04937036150807,45.28287571006972,45.46201786668806
777.0176820806596,348.89160467897733,46.851800717041186,45.563873239537116
781.5629717080351,348.5877959314456,46.08502298791974,46.28439725151749
775.2027491382814,350.9011082152506,49.25271821243133,44.69426587178159
779.9197750223959,350.2427676988198,46.4724939662357,46.920542069025124
781.3370546303885,351.84874911447537,47.02269758113067,46.16466125480281
779.9286225578533,350.83232451168993,46.14650990455571,46.686811000861425
778.7679333287073,351.9734674088753,47.46393676199146,45.84245695229243
783.0769582338195,351.6466254961083,46.501805882531976,46.785794194532876
784.0877444828842,351.864138090072,46.72184444694346,46.80200257516704
782.8841212475567,352.5883020342156,47.11294795733172,46.19515159911977
782.9586771599038,354.936478568377,47.99935742414446,45.08974757188168
785.1986157576642,353.52247933511626,45.374308993499675,47.301283309297865
787.8023615748613,351.0453946848787,43.532070449214515,49.00427197976562
788.9391249611044,352.6553155616889,43.28438242280091,48.42026643289095
788.8786422831542,354.9904828624098,43.83647902475191,47.59107599266416
786.0547272718679,356.749318738351,45.88219037040869,44.924514986045004
788.2597979696727,357.0100615379402,44.849340168797795,44.84493156642411
789.03940621889,358.17058630192935,43.1287389597702,45.95989567164826
789.5180746377405,358.34160879116604,41.782202965874255,46.49582206508832
786.9061772196349,359.6758885307959,44.29054569407448,44.72166839364114
787.2962875873919,361.0571882219639,45.09554723416665,43.84474680816146
790.1973555523383,361.6449930471632,46.96279438393408,42.34617701510582
792.231939347759,358.72226837823666,43.03950461403076,45.177234607277455
793.4897616796563,360.53703912841655,43.335963035866726,45.28338877081546
791.1905975012871,363.57953190117246,45.90373022246468,43.281802643446724
796.7469461554189,364.17172941170264,45.565122220297695,43.69544157315347
793.1653498748393,364.42327711472865,44.75897748880506,44.22106970353792
796.1128258856891,364.40768303162383,45.07748454650693,45.128554889682576
792.9582151203441,364.85014930316606,46.15108651085507,44.781549622933966
796.4920150715985,365.86133529747406,45.749570145220645,45.45471213036177
795.4943667616257,368.3545228946805,46.94157740486965,43.553896769378866
796.976730929483,367.26877993816856,45.51377448638591,44.56596290446777
799.7613511698657,366.616259212599,41.741817310544434,46.95639586533126
801.1929765579177,368.7113909082725,43.04551175516815,45.34611891005799
799.6945888572407,370.53121126461497,43.852795437506146,43.802661893780495
800.3539072819555,370.5012643661796,45.15873374168146,42.1063523196525
802.0241874705391,370.0432176521121,43.77995377665859,43.713495453791424
802.2542215395093,372.3852693442492,43.850239747813774,44.23753796010192
804.3257260277285,372.16413446180036,43.82439449488347,43.88552760562355
805.0838925090062,373.165191462404,43.20885871765979,44.03890067540907
808.0621647743703,370.81184134413957,41.966779269706535,45.57096959901237
809.9955112197798,372.7577817716669,39.83023041445478,46.79927239687218
809.2967230917984,373.7387933268252,39.19512927423297,47.132010206091195
808.9854574341371,375.50426138785525,40.41140262543074,46.081826095043574
810.3263455537574,376.29907096759905,40.618925280102005,44.87681789161074
811.6834700461787,376.27450051855783,41.1759641255896,43.710453669440824
812.3919652736647,379.0981581297045,40.63694238588188,43.54392525365573
810.972352818957,378.89723260792425,42.430314448968495,41.75794986123866
812.7134762741892,379.7699879106775,41.935366063524015,42.24169185871928
812.2903125138904,381.3178318160241,42.60777362039248,41.84868756661084
812.0010961857217,381.4307319541881,44.672979452835776,40.29727650707282
813.4770517840391,380.9470632772577,43.65812113690275,41.70333547239105
816.1136016501148,382.18577399016493,43.1050030257342,41.5534140446219
815.3739730404792,382.2402408749682,43.290892008554486,42.050618543463244
819.0069769353496,383.5638319774326,42.44860846792498,43.42383107528882
819.0363574606479,381.89199341837383,41.20642106066566,45.323815502602244
821.7053818187347,382.2433240469808,40.421193988141795,45.69720757658988
819.613476906858,383.9019245383945,41.285882167408154,45.29135371613384
821.2399269634384,382.37554104138513,42.25304006617979,45.07217018889101
822.5197031269938,384.4091567928373,42.218640594362526,44.17946485533652
822.5428847562923,384.5557302074281,40.96240165902479,45.22478881912624
825.234875837671,384.98968393125114,40.51658555728314,47.407761766007454
825.873392941616,386.39436125064395,39.54010443125675,48.98437993187183
828.5307690552262,383.1682326650689,37.83152606092236,50.52410547922415
828.0464656288774,384.87485643986867,38.466906303985226,50.384885572161664
828.8108531766619,387.12143663920875,40.841639319974945,48.681196593611304
828.1137625384736,387.55449229907975,40.96918286912046,48.34437128190816
827.8556261099395,387.01295677092105,39.194238696127414,49.52172351587995
828.6952845497082,388.97725650790534,40.086317438096145,48.418079337374046
830.9744358259436,389.50825336256,41.49081839440974,46.235484673037206
827.9034349620077,388.6831139969245,40.983230006292814,47.61217571342419
830.5363706992893,392.146496829609,41.40461662550855,46.857152340363974
833.1385661431415,392.06477168121853,42.29990937017178,45.66847960673616
834.1842889832652,392.7597214699587,39.899583307045404,47.89681269899906
835.1768534905129,393.09623283547523,41.94691731430673,46.12895856820373
834.9351851664993,393.6654595877813,42.716200529246436,45.34876675213882
836.3171693105202,395.47016121903334,41.48741380731215,46.27458133417238
836.2020308340134,396.5793719002327,42.007673116913296,46.46265910710735
836.8393111725546,398.3628691427169,42.78055808998421,45.624357307455256
840.2887700376234,398.0735249855679,42.45714289538738,45.45756463591036
841.052062993268,398.0840049446652,42.811475699245335,45.43267593886809
840.9372367281527,398.7057454062648,43.329631504034154,44.814806668763026
837.8364421007018,401.74112399452673,44.14032438331803,42.86298790970664
842.7398904534475,402.98430713651544,43.74234732515693,43.41575458919283
842.1383602275816,402.31168948093705,42.24397716848107,44.45819378334882
841.7151550814782,403.4425007016914,42.688888342952325,44.63767931127895
844.0777108536433,404.51209191438255,43.32157377251872,44.749837127053596
843.9672000520345,404.1277070382722,43.734153056786006,44.71869338720295
845.5218656296718,405.1822712827426,43.6446371101017,44.97634408331251
844.0186165936894,408.0712958593387,45.18249595855035,43.52544233528648
846.9196393866654,409.5514452474505,44.53572229807745,43.341751136184
844.8701948226377,407.84058426557385,44.548788288055825,43.24491573967593
846.9167073591221,407.668005840247,43.47395802461776,45.40421055393573
848.600721594071,408.32162754125926,43.53839114368773,46.01362345910759
851.8709062825695,408.7036194966128,41.5482424206641,47.236862146572356
850.2941511626805,408.57889970356354,42.07226301233737,47.74734702013795
853.9227751157139,411.0808141346049,40.091351773232006,50.871152817485196
854.6842566339625,410.4601960183272,41.76204090027811,49.2128993411814
853.8783182097651,414.15883082061396,43.53152006237775,47.19962461660492
854.5981626670643,415.3255435993729,44.757199325156435,45.71842615595516
855.6102088927912,414.3081966649157,44.213837012194844,45.65572687414261
856.9247669311884,414.45245734457825,42.9266412752299,46.85563166486314
857.6155632922413,416.51178855671986,43.66895024070982,47.113582208416986
858.1159777205468,416.7059146878478,44.031652713956504,47.07176906546637
857.2122040791573,419.16441734414775,45.26508869359765,46.32900895101629
856.1271578710224,419.334329702783,44.9919464121686,46.847077033716914
854.3952280726365,421.25420407598125,47.73986185208619,44.711329887146505
855.2401624426233,422.4480960707625,48.46834385884159,43.87146019128615
858.5947513250253,423.51010912017273,46.83344292334698,44.928926352699634
858.3553467052998,422.9434675912087,46.28895153919069,45.306447783054864
857.7783874572508,425.38883510205324,46.375073088048026,45.34702042059189
860.0287066517805,424.4559347957503,45.94917597389504,46.720830989143344
860.9884070418976,425.8860704501096,45.671090364235944,46.99320510490533
861.3630856316202,425.6934125173407,44.29210672260838,47.80812384761117
859.9818045593355,428.18166679897354,45.11790722767604,47.079106102729654
863.3114510008427,428.57420938077615,43.42353394684904,47.96604480435971
863.1610173689218,428.47487616618116,44.51982288390042,46.64952602315606
863.563444809141,431.5073448956245,44.14041508211028,47.9776457942438
864.1706903035202,431.52844134244606,44.33044636883871,47.95526825651615
863.3170588320743,432.5865076669498,45.736261452807625,46.62394099737635
864.6488826075274,436.4674184811604,44.079994458611296,48.56569123407047
864.7803623012386,436.50052186336313,46.063287708282665,45.89011785465179
864.9398190494438,438.0924297330041,46.04746802125023,44.95693046266459
866.0688369400426,437.6791783805009,46.422224528666945,45.376612614926145
867.2103144869516,438.7382086245329,45.311379523298186,46.27179084144011
867.772493639849,441.92199854470255,45.534941959484144,45.718755179768024
868.7676998468646,443.30697040257724,46.37940663972918,44.50917180403031
869.5727674579811,444.9021422871411,45.58900768446317,45.45372661461999
872.5213320523274,442.9526413512317,42.691294419148676,47.712631185289325
873.272108865992,446.5268132170179,45.72111041014874,44.86459800015466
868.9906180749914,446.936175123974,45.7604837635747,44.19740470292008
868.6108255626594,449.4707318522839,46.936932872789065,44.01533647443219
870.0266205138208,452.6267966539816,48.35577383271989,43.51582132570894
870.579169037472,450.81162902456697,47.71404790333656,44.981383349454376
872.7453997460384,453.1247301060798,47.58877002601256,44.46472745091765
874.4740320423024,451.30795399648605,46.22277925088803,46.13954824181577
872.4830575465307,455.758711740396,47.92730879833874,44.57175570865516
874.6716674442719,453.1481904898645,46.71992099964934,45.881300343827846
869.922938485688,455.9582697273486,49.010459054304974,43.746586288818264
874.1733083788935,455.80298601204413,48.177882756866246,44.17920166396668
871.7272123492462,458.0376493424714,48.222338298824866,44.863229423889365
874.0515672752581,461.52779614767707,47.89881153370092,45.1038509703854
874.9567878233389,463.47511591720485,48.12674620095649,44.80061717311294
874.5834738140492,465.90418705546796,47.23537612750128,46.48698091444399
873.5079060159178,464.97569999458426,47.841081305013624,46.13468960012703
876.5795794362665,466.605352984147,46.17603868525109,47.70198659291647
876.7533025340942,467.69974283651777,46.059142652190644,47.29229501843557
876.6941015735068,468.6773300500387,47.870849148199795,45.75513818573874
880.501204225245,470.46882500209335,45.91891967667961,46.94622277003596
879.6874859209163,474.87777492692646,45.336227470563784,45.90399963307347
882.5533692134509,472.90994370493354,44.116825594007366,46.84254244757181
881.737242136633,474.2882929687769,44.48079362642903,46.21206805182269
882.5611575357843,477.84196406776334,45.900936420595116,44.575714816418206
884.7427515180069,479.37273371664475,45.53668438508868,44.36060230203386
883.9027545848293,481.0275693537591,45.54910965412857,44.22087220510737
886.6606457185552,482.0772062876227,45.31383103338249,43.97555861279025
889.4747683001177,483.02011950998684,43.91324107099489,45.97358408460398
890.1468951202904,484.81525609649884,43.82671955304494,45.2675396839098
893.8372961992263,486.27610808021444,43.71202295226968,46.136444102736036
895.783359714784,489.07833216484875,43.60040908220196,44.87705403652596
897.1965067683795,491.8705701228278,42.06820714029959,45.37684443860084
896.4297709351206,494.3408351779152,43.64507536948412,44.317094947538465
900.1965625881207,495.15427864123035,42.75375463196116,44.58024031156443
902.084670447516,495.11967295121974,42.05657683761494,45.80992453835887
900.9748813962632,499.939894940266,44.30575787431316,43.92364712561867
902.7045738641954,502.7593296464251,43.46532399468191,44.68959707737608
905.0401684649727,503.1666395407654,43.484626843211366,44.066636204255154
906.0203422594201,505.71187824274244,43.38593480250815,44.041197915448635
907.5498807117817,507.6256038934508,43.8723058111845,43.442131706682986
911.4035536490977,510.3030155043466,42.50312933240882,44.07667006293423
914.2304359808343,510.37572504297907,38.843173791475614,48.05360315981058
915.207006364042,510.81224682235586,39.3844571496226,47.747386740294104
914.7842847187093,514.3083532475048,41.52034255776978,45.78295999516739
919.8293829503564,514.0317519860338,40.26355210058243,47.046368319055674
918.6567497824541,515.7499521718927,41.55467036701748,45.800827061928615
921.2867924681549,518.3257401864244,41.53631095047707,46.023274086721415
923.4240606891799,520.0309506681044,41.42952570135628,46.194913649936325
924.7680282808348,523.1490251353137,41.66039260746122,47.59367003630986
925.5114080180693,526.7696783871202,41.70161828100001,47.80352796069775
927.9515355163657,529.0313165306183,42.8986007324044,45.752621142714816
929.3368179330055,530.5552239545018,43.359590876064,45.5630482904882
934.2375663926629,535.1044268540311,43.107662428357415,45.384338196852646
937.122161587994,537.1621007001356,42.64850616934423,45.309068387927304
940.2160817087665,539.0421557303413,41.99761569110399,45.345258717688324
943.003039039345,539.3405458815321,41.79263779418974,45.96218291083433
944.2738138572355,543.7870084448278,41.00910896254998,46.65935931804446
946.8738185013983,546.5527251816246,39.697962875748345,48.38861506979668
950.3776980147397,549.2384108385057,38.33791587647717,50.86310013124401
950.4375267353566,551.3697547015054,39.220329973389475,51.09345212772003
954.6330477106065,550.0634987173609,39.102791718462676,52.280490389010126
955.7046834775497,556.0868779631038,40.74170429542228,49.359202786953986
959.1198580889763,560.0296515650422,39.898673912885315,49.872006921427364
959.0598364431125,563.7306834948594,41.31612698957651,48.67291769169954
962.2092281677326,566.2047384345688,41.26988618840645,48.944629113237504
965.3168542826743,567.3722143913685,41.86286465651738,48.647103078654524
967.3557458379832,570.1344671938068,42.01663124138523,48.734765594222544
968.5361021767687,573.3846846858297,43.73843267303196,47.793062247493424
973.8048200121958,576.4834613767478,44.16596087283432,48.313355601495985
976.9499587437681,579.2668794062765,44.694449369297395,48.14815141995038
980.7083174701464,579.8664390423655,43.80054237372097,48.77963865663713
981.2791890867105,583.3026455787784,44.98096544910139,48.002071768095945
983.8832932786097,588.1925962123605,44.25750215926037,48.869680263894004
988.0725130363699,589.7146073932826,43.80987723506111,49.946265516537565
992.3314818389376,591.6853297219841,42.88723992255864,52.007462103422014
993.4562911608664,594.852084139008,43.45280637630662,51.9940175493896
996.9158363578023,597.3338325871849,43.357684419943936,52.31081314070535
1000.4321852221617,599.4606640744237,44.59600522798371,52.212008391561454
1000.5441351192216,601.992646632455,45.31705797467678,51.62829931713422
1004.1114521477232,605.3518222235829,45.410627360063316,51.97536544420012
1005.6963774125469,609.2730920655202,44.68241427942866,53.15288840941089
1009.3903313863308,611.5321454116714,46.15332177956111,52.38997824529818
1011.4065483821189,615.2048969594443,46.685239022780955,53.16792053966268
1012.1035489482069,618.9947942244734,48.59249910080726,52.12917894159922
1014.3733903589736,621.270623103034,49.32391141650092,51.05522166967181
1017.9307316106355,624.7039208172689,50.23031388561655,49.77794883404395
1019.3452065904756,628.9490717154721,50.808937861057856,49.69806682700153
1022.8871377188113,632.0116174080971,50.46046723963639,50.33639588161301
1025.2563524006123,632.3533423161057,46.077235288314526,54.865683090623136
1030.3062024742317,635.9712517979477,45.86434175073799,54.55412272312047
1035.3146477364169,639.6257420666415,45.09125796903834,55.18438259983633
1037.6486372646048,643.8302961765021,45.345966363333694,54.72579195669769
1041.6552247398952,646.5210680780579,44.30505766496366,55.456307498156534
1044.788045706337,647.7427977260909,44.25757190209947,54.80757347343179
1041.937732669196,652.4520467337591,47.03651987927509,52.879069926557676
1047.9399636451335,655.9451830407361,46.71982665439787,53.50864715933146
1052.4680223489622,658.4838789439771,44.047566551531744,56.482264123198135
1055.2353390043663,662.9506720648244,44.87829418580991,54.05553526050734
1058.2981251604008,665.0721260788521,41.99064355439958,56.076034571884804
1061.2330116504384,667.2464352891142,41.73884400787191,55.70884686629884
1062.3339405689933,673.0012024718895,44.281437086980944,52.79666441158605
1064.9006701715793,677.5630266587242,44.86832832333583,52.47410262268081
1066.6552513335203,681.3337520157525,44.930264607012916,53.30883932419018
1069.4435412880382,683.9810144650849,44.13487294284441,54.83385807750085
1071.945779412118,688.5637199363531,44.072334111771795,54.45694944335069
1075.0198587787704,691.3287862796846,44.475590370458974,54.42140209101851
1076.4647508791634,694.4464126074743,44.40904904790689,53.297753508723304
1077.3162055792357,698.6678997516949,44.470448327871665,54.003861105328866
1080.2444433336818,702.1286464021516,44.31992879551371,54.80909781933572
1082.297382213424,705.1573635224679,45.896209020315084,54.10160577398888
1082.9260454033551,708.9432122594834,44.89723117296242,54.83043811779341
1085.9174877280116,712.8415630876447,43.904396319525404,56.02056391103544
1087.9708505003955,717.7918961303302,44.008642128152495,56.26582979120538
1086.3550154914387,720.0269027223923,45.72407256256051,54.925925763611545
1089.879544075192,721.8938987566733,45.26624702784024,55.14916664217765
1093.5642307896553,726.5696681030382,43.58355743059854,57.662693452623586
1094.2860857658998,730.5447928767317,45.26899568479473,56.465448493621324
1096.5000252072834,733.6073468253322,44.50888382325242,57.77776527732358
1097.489526622508,737.6797111064357,43.55992969867631,58.98528436124938
1099.8249119538875,741.9339425764294,43.139170882647846,58.76337802179669
1102.4981790545285,741.8219091357146,43.22182087078157,58.388076184392865
1104.4669954391177,747.3601956843387,40.87126838832757,60.113768526566055
1105.3420130877482,750.5403617436419,41.22160555971244,59.27685901064119
1101.7821686829386,753.6477861944065,44.5749575296387,56.59385603087648
1103.4724124871013,756.9947593714301,45.6297239363727,55.235720888699944
1106.4760721329412,761.947648125416,44.92034296228381,55.81807618149756
1106.1261208918672,765.3824918707376,46.54090511108146,54.41440738568748
1107.8610029383099,769.943839856908,47.269365841528646,54.28161115915378
1111.0418019285332,773.8141094633806,45.827923091184275,54.556382725323544
1109.3583631403235,778.509345305839,46.99369918681944,53.92503620629609
1107.7276270532275,783.3248921530079,49.716740160937306,51.7357091631591
1111.7511251947228,783.1968120263891,49.01394901653103,53.127353463182814
1115.1436138625943,785.0674410662042,47.04500249006469,54.43929869841392
1116.7146814361379,790.0891680042413,45.669976329808904,54.61304187644731
1119.2747459773504,795.8835136678589,44.70439757090426,55.968511173743046
1120.1856665045739,800.7618766342553,44.297880864565045,57.692400628409864
1119.366741818606,804.708604905091,44.92048146761757,57.85460782867413
1123.7176748330944,806.5510219393632,44.54118261868811,57.3814989111424
1123.6769915096438,807.2126756616726,46.56587798124576,54.48676550903781
1126.995436181066,813.0785675720246,43.97849655509536,57.38860280389076
1129.210397182443,817.3926923207273,42.30185176418422,60.84031619209698
1131.538978513213,821.5042575916166,42.44337023964071,61.16645652900854
1135.1656910922775,826.0681797625919,40.016370273626265,64.89000050809962
1137.4909177341824,828.1143405501116,41.291812537797796,64.52032780319797
1139.6688970768068,830.6789943550789,41.79197132759961,64.81362755415662
1137.3426844595303,832.629009947573,43.20826272952475,62.997000865998146
1140.1180839419194,837.1288043807336,45.498942113413264,61.70748410366978
1140.2567516632453,838.2621392667762,47.09601278061977,60.114245577064196
1143.1455627357266,841.8236629426517,47.87091170673901,59.68959855821217
1146.6733085097105,846.4402824556955,46.33906564368353,62.084826333778466
1149.7290295249672,847.6841410260432,45.224317896600986,62.54994200038551
1152.8432018197095,854.0308467545963,44.01574418171217,63.52672858669089
1156.6329993458953,854.603657760337,42.90186905334326,65.69431347821856
1155.674075008221,857.4590938730875,45.192627351196585,62.760448923085946
1159.3393335668595,859.7566343628298,44.228655028810216,64.75397683949436
1162.4708510099042,861.1112290167356,43.26315972706455,66.65393626824653
1164.5952394350816,866.7278623434566,44.68391930933345,65.62419804324958
1168.7770737102203,869.6108018268388,43.22961815951114,68.51247172676082
1171.4405148879334,872.0084960039194,44.217800865697086,68.95623974074158
1171.786990956208,873.7073726241695,45.73163915657454,69.15634273770203
1170.9826593699115,878.8163639137239,47.95532865320705,67.85512444513671
1174.2562246872108,882.462205829493,48.92535746131081,66.78724852695109
1177.1253737627142,885.9866521655202,49.61572518477059,67.47420366394363
1181.051034930197,887.4912899200297,49.06110601681819,69.00855280992843
1182.1953963363665,890.7189403932641,49.75436944059039,67.84912066842377
1186.1276256418569,885.9414296755413,46.46018558757072,70.57280714141223
1188.9371846080257,890.6775856556992,48.02313908883471,68.47945580142608
1186.9064074537557,894.9651782965714,51.284122187940255,63.80879178487028
1186.9941438690882,899.3445343390636,52.96219742650992,61.57968907205887
1190.999718223781,902.532745704086,53.92905579489188,59.40621142404177
1193.3881341758354,906.5583473160156,53.623247926221474,59.254091064673645
1197.5904066527376,909.6481846820436,51.39205494273351,60.44574393863475
1199.720367618593,911.5700809023921,51.766367544420916,59.48888039454394
1204.9646427422385,916.5840994745566,49.50381436266544,60.555696748398844
1205.5091097168443,920.4207357079414,49.13917798869255,62.598343427286935
1208.547686873034,921.0049231272696,48.94914788008808,63.848460031122684
1210.3376284009867,923.7416933142741,50.563576232906385,62.73041444110366
1211.3290067689757,927.4434003434552,49.781331077998885,65.48115377806474
1214.3037751529514,925.4956686453475,50.24922572132481,65.34422228567625
1215.677739013678,931.660966036965,50.41055868068976,64.57067446552533
1217.45234313275,934.0695794101489,50.99498880667066,63.36348852378995
1217.4856019500683,938.560742115245,52.8938866710312,63.08006749535289
1222.3269572729423,940.571328924418,51.883663105001915,64.03551149340916
1220.4360653510937,942.9772456357695,52.796121757493225,64.08689449025043
1221.852172119039,946.7918310545168,52.24266175988501,65.21570326026585
1226.0981525023428,950.3850443815571,51.2230006751698,67.92889177098441
1225.702729310925,948.8951935428585,52.70504403681639,65.82771871649474
1229.5046230583916,953.2111886283814,51.28442545709349,68.82709624255952
1231.3947345772467,951.3309607986781,50.59592457459519,69.03317173936976
1232.903658611724,954.0206305206914,50.550761929089134,69.22343364442068
1232.9361977211381,962.1711147037836,50.67669750219213,70.14307990805163
1235.8640274167342,962.3928030205025,49.92625134193716,72.326786700697
