1315.5,760.5,51,146
1311.1533650456217,765.0470293438739,57.06782068669893,137.4814405002753
1315.1353227138545,772.8862764361671,56.39953432110467,140.56832333627872
1319.9310633539808,771.8637643555322,54.64646783444039,142.35038270349855
1318.6554071868927,780.7680237734726,57.378445111042936,142.55595500858036
1319.2926428037829,773.3379114454582,56.37611012223888,147.07088916955428
1324.0142483235038,773.200582444506,54.87104881525693,152.00467780983712
1324.1414132560178,775.8703261590472,56.51533885963287,150.74396069039608
1326.3185345765799,766.8375124187316,56.59541161803385,153.63409888742234
1326.4503292202323,768.248580383902,54.129634530607646,166.01457357618176
1330.6666919674042,772.989375654889,53.07501917672246,173.6960527086211
1330.14069482281,768.4049227834182,57.07698788304676,174.9621189100941
1333.3634905761069,756.086905173447,57.105071881685305,181.16036001222875
1333.5625793973481,750.8478095106973,58.55532821511753,183.9030119020495
1337.156186947436,773.9602992250335,60.45125533964139,184.03875219453957
1338.0584705950719,787.0129279725645,63.79523636124675,179.82229717017276
1338.940903784356,784.1789296136343,62.87924057865987,182.89355622778936
1337.922473596062,774.7918507620217,62.923712907752744,186.62963733807675
1336.4600475947163,768.4018634077113,68.25233236297422,181.63443838796036
1337.0778617522542,775.3440605355152,69.40413242158628,181.10537802506343
1341.3926837896202,785.2499860984208,68.63482029606436,183.05000801810758
1343.4771919994573,787.7349218874283,67.31012888686683,186.2888569405719
1340.438015580576,783.9381516065616,69.5223948319802,184.9169542494928
1342.5393500539683,794.1981156466429,69.58247465603236,187.63963089551612
1347.2537777474615,790.071152698948,67.37247342522556,192.07781993420073
1349.459885395743,788.4077419064538,70.56839336871701,183.06828497162388
1347.6559200140382,797.6956861329946,72.06449275122546,182.64236065505605
1349.6940484363013,796.4783401928437,70.57790387750345,181.46326187846802
1350.1970015335003,788.6097346750626,73.42337871237427,174.12950375298465
1346.7474838129851,792.1642181257566,75.0731986536405,173.05136158145032
1350.6049239354297,792.1516964578215,76.818983427845,172.79193044019044
1346.7840085873095,789.3984065105167,80.1599657036642,169.00722710113575
1357.613635482105,806.0744049136295,76.06919861464098,177.33854029454818
1353.0976840609944,810.4554012168126,77.72848730728171,171.31756587716455
1353.07953242183,811.2183054308377,80.95659992983379,164.9882025315552
1351.7233008399862,807.7320270889533,81.6948587242868,165.8314123902457
1348.6938755375788,811.5492818764357,87.14790562852865,158.67934920750662
1347.9756848082202,811.2192621120469,90.66120302501204,153.65218756346133
1349.9274967617523,812.182661465608,92.31451767850893,150.3494078242016
1352.299824994605,817.1598026469754,88.83836001201126,150.50602831511173
1353.3266649602256,813.9002329782674,85.90009352827178,149.86493435323496
1360.2417828389175,816.4270681102771,82.30827988452995,152.35855216903016
1365.387734577202,816.084516407113,79.33359333087762,154.7810839467393
1363.522416231384,810.1282288357775,80.54957053829497,151.09521517670976
1364.6757417908539,810.7101387672433,81.50444923478668,147.77662715397636
1360.6906041227971,813.849260207836,82.11457987017039,148.79230798897697
1364.1367204172752,817.7204327059608,79.79328507371909,151.5154579243332
1366.1468771225661,814.1187863914988,79.17058884729192,156.90328635045796
1371.4696579524802,818.7552354420028,74.32594295632946,169.54026660947056
1372.8873462551599,807.5768067836419,71.32651807944319,174.62388621677297
1373.1087487905759,801.5155440619948,71.22378431770491,174.4055411181132
1376.4111274181298,809.4658950269462,69.06667352184607,175.90872961180168
1380.9365096840663,812.3588637748172,66.96023434544257,178.94149370932024
1378.5744115290531,808.7348020779394,67.57600852846919,178.12330415100683
1380.6458790188633,813.3584391733685,67.87394985545959,177.44178596340515
1381.9352225570544,815.694247900014,65.60052426113204,180.0895561059391
1384.9186856237598,810.229301102726,66.45211426069491,179.80377998923595
1380.9889813554694,812.6684350906354,71.00458171878546,174.7229037377419
1381.415609654931,817.7133456295494,71.10304117268683,173.87115808671936
1385.9140243559923,823.8336972890847,69.65974754753674,180.48956637910223
1386.5634369111363,823.5098435528563,68.5536530705045,190.66406833769094
1382.421286238889,827.096096137343,71.13034367063261,196.61334604772452
1386.9637789599747,832.116720541367,70.816860526586,199.9797792143102
1386.3720370279623,831.3915535648357,72.92288204889613,199.4775374120464
1385.7640479698778,843.3819452268983,75.18338300442738,194.88614600360899
1387.741292513211,847.6683963087071,72.2636998408439,197.80951590446858
1384.3902655312177,838.3453666776993,72.10365187212133,202.4548537290048
1385.169417153546,834.0772123896804,74.59629040000927,205.7143656452286
1384.874341977644,836.4440114703681,75.25396029366021,207.60617983081994
1383.1542299713594,831.3288273927171,77.18909665781933,209.91520577807
1387.8331106958228,830.8786620691649,76.91695579226797,213.28768622706207
1382.7831633980084,840.7632010480702,78.29672618294137,215.42481249191303
1380.9976276902516,835.5779140087302,80.22709473153441,217.69478746511567
1380.0482668190016,834.3110146469355,81.74778202770568,218.71477660926735
1377.5563413178888,839.4135795863867,85.09260921120585,215.39239737235314
1375.6890622786404,845.8445721164279,84.78693390439238,210.176824446583
1376.1165461831295,847.6581020858688,84.64656743312042,207.39255991886142
1369.1797389387305,848.9588660345521,87.90021633780113,203.0964494026332
1368.0972665374513,846.3590235906643,86.92962825226404,203.46559557000705
1370.603218403608,840.2342970915864,83.6009418549338,208.46830479729556
1372.217771788482,843.0729147864358,81.99081251381659,213.23864587709744
1368.9190530823878,837.8650540752915,82.38546088613008,214.55037648389498
1368.0924663506642,844.2103719469198,82.40706740461044,215.63684520181
1364.9905572834055,833.7473460271963,82.69750468276183,217.67257168664287
1360.9690878705399,826.050979040871,83.08392667086478,218.78206840620157
1360.0654163298516,829.9770104382792,82.88019691709351,214.79602547631066
1358.3877513789,826.2289546372144,84.18479030080917,208.00929719963995
1356.853078711194,826.6035916872988,84.64095210792266,212.18708358509315
1350.6596018886858,828.2692408905064,86.46326931253273,209.82518620016828
1353.2923450151186,829.4913076443331,84.35160938258102,214.0333128916884
1354.7232420390112,829.2075416570214,82.63845964496525,215.79824843741739
1349.5649384850947,821.7253741107621,83.43606446885795,214.65437051343955
1341.3463219212126,815.5170634921305,87.21714122904336,201.12066519373587
1345.805251920007,824.8976764556039,86.27828023407929,199.34569940579456
1345.715341714786,827.8668029341582,85.04234845524773,197.7477673174913
1341.812079240757,828.1734478503165,83.48896574399997,199.95454842969735
1339.2575297831222,830.2025299283562,83.15533041793172,202.52781142663173
1340.7038704941988,833.3073872955711,80.28366179161462,205.73340686475666
1326.8547236715697,833.1349101862857,85.79009790933407,198.78259186726905
1329.633933349518,830.6117231684913,82.55125794982013,202.60694767333067
1326.9200661460811,829.0241252880553,82.18366102128346,205.3929661879253
1321.3374686089314,827.5649504073426,83.25582444664704,206.26449323497303
1314.9682509312677,832.2743697776518,84.29658653849259,207.90849770009925
1312.3664158436993,831.5407552999966,84.81800646714913,203.35213549930668
1303.562229364276,822.1582723662525,87.36037770767976,198.39772110365902
1303.7498552469804,811.8427247761581,87.70244715911548,192.64893385827042
1295.8326711700533,820.5956950811703,86.50506369376495,192.49200445373833
1292.802096132236,818.1939847790557,85.12726840035066,196.6745979583652
1287.016297845274,814.371104300916,88.53053756046027,194.10959080042306
1279.4310801045874,826.0555930961323,89.59148632769478,198.00053943912167
1238.5844950905202,779.7666639403402,91.0740334699371,201.95774228076093
1240.3235427946413,783.8087262914296,98.80047321771124,205.9845379306737
1239.4604901034982,775.6988131272662,101.93669748100223,210.63331091030355
1237.4244855468526,781.9058239333397,104.45099957968313,220.6778778177242
1236.7932895955137,777.0268572812789,108.18829478683145,228.15398354018527
1234.1309638513835,770.378908892643,109.79185383165463,228.38341590319476
1231.5966528825945,760.2348099417019,110.96897490136264,214.77930130247546
1230.3176737087417,766.8653016553691,107.67461810006182,223.46356754357444
1229.4488823579063,762.6131292440342,104.20329742698469,224.51225381235287
1228.8334852411333,769.1968638786077,100.87275592108718,233.3112056881552
1225.5379546635602,764.6550114004525,95.17978548441535,242.4839226390755
1227.6496378324368,758.9322482612805,91.30613193013875,248.43601548635434
1226.8592799231892,764.8532034420549,90.1878945677469,239.2022200122864
1227.4862675412935,768.5520971183358,90.81077449789535,235.3703957961124
1225.0181046690373,774.7922914376963,87.49918116107708,237.85976364284363
1223.6188484827335,777.4907121385409,85.7082960714331,245.42271208717568
1225.5359638427515,757.6762278056693,87.59692740451109,234.85872998125254
1220.5990771447475,766.204627833442,86.59874593555428,240.4618178287016
1218.499238867057,763.1063941171475,85.70566235378706,240.6184772508932
1215.1055810145956,758.1342764684522,85.84954838786234,230.2924568950164
1213.62244327418,773.0528621837701,83.9113862455223,232.2893433531048
1210.456902635925,763.5016404279193,84.15229731714092,225.96474137451997
1215.2489689870963,763.6597548731918,84.64373625719718,214.3170794541805
1212.8926406986086,767.8050887015388,84.04713841349127,207.27317865342218
1211.6058908625262,772.8412242154792,82.9089983638774,207.28550149413567
1211.2216325524053,771.6337191365435,82.80909720016417,203.37671408951303
1207.1594738400272,777.5836558731885,81.87835644262204,202.4425952171033
1208.1590466402254,786.8590850516522,78.35078564442031,211.429338086798
1207.7063487009877,778.7264445822466,77.00275746551324,211.3433398474321
1204.8214670695472,780.2225908916013,78.19370883560512,209.99292319551793
1201.6601824116417,785.5088477905006,81.13830817633998,215.72035507275717
1201.9961455258078,778.8084391498509,83.03640047112148,208.98757010704156
1198.6425299558068,785.8586141577899,89.04626741952751,207.18164826441514
1194.320116432857,787.4428591670355,93.49521851571191,205.6848821015116
1191.1523682849381,785.5919813067865,96.14966919567061,207.7214851817065
1187.445105136068,789.4854840041385,99.99047854739455,203.95439544718545
1188.04624681125,788.1646875845993,102.63801751392626,211.05924807990047
1182.350063834144,792.3987669400434,109.01876992276611,214.05470854359413
1167.797026264515,796.1692677910661,118.06531172268794,213.40258407136807
1158.126558014737,793.0556998223458,124.46808420222507,217.54197015408346
1148.589263501889,796.4182930384981,131.15597576130224,219.58704158650812
1153.0608110940725,794.8097242817423,137.51874926081675,223.62613589253627
1156.4289511514066,787.2303153560774,140.96798873449993,208.94784317935915
1130.974186393773,805.6254968313494,138.10333358534976,219.16610457288493
1140.8222456750243,798.1147437681716,139.8999034960524,219.88825901993462
1132.059767375467,801.3219993132799,140.35206283448497,224.14402134939968
1151.770627359261,786.8373146920685,141.52785590788642,217.47798311684517
1151.7006195272577,794.5262516845892,140.15770415236165,219.658841320599
1161.4115895370794,792.1743338218843,136.96030615286847,219.19088427467514
1162.1045415021126,790.8811947517163,133.80112053318723,212.67941662256146
1171.8327932954267,787.4310867571887,122.83823792630065,213.443717137821
1180.743182917602,781.754182145003,110.20249709136851,208.57813585737946
1191.5982957315287,780.2221530988337,98.52351812039586,202.95860320698694
1193.3756480617724,780.8294120767192,89.15933180580788,199.61494786434062
1193.2458376464347,785.8292081269947,81.05731132648752,202.35143329523714
1191.5725588537437,777.8168549722943,75.13074235847202,201.91947228462305
1191.382159589579,783.0779749649912,72.98692659649225,201.33537938760713
1191.3073443930232,783.1159166595023,73.5617620834087,196.95940204813974
1189.4550639556905,785.7643903633494,73.75683408504312,192.8090891249464
1185.830035831936,788.3915083948181,73.09629903830685,190.49414632655618
1182.7294165394726,788.2671127099582,71.50951638661662,194.61912016304484
1179.352842348473,777.062652615801,72.42233196515414,192.96036095132956
1179.0695538246905,776.8829586264008,74.36139817721346,191.1706905791005
1178.8083305014125,789.8680245813149,73.61581656173051,196.3619470688725
1177.5498979018748,785.5356787640332,73.21983581165506,201.55429387580034
1172.6322808061063,785.0302665711653,75.42265561276355,195.83467825183249
1168.074521863384,784.3634739555731,78.10354201794573,191.51475397573034
1168.4882044084652,786.4718924286461,77.98004798000409,189.98745945057073
1170.0578629670792,780.2779749898004,77.13958679764943,185.83298017414023
1165.5037513156112,789.957959362114,76.14089310907003,187.27621192748109
1162.9559751081238,788.2170241765955,74.96024523938343,184.52002712024662
1161.6143545888517,792.8066687926572,73.66876214961508,183.95844407146248
1158.9488139954597,791.728072864747,72.13518946719026,178.08391137970477
1158.8183902882993,788.8684857163051,70.58953856345724,179.74487337466985
1156.8592397137788,782.0749808049592,69.22501661178472,174.6141868752809
1154.0283001246855,787.1013660454255,67.302369430074,174.49821478688034
1153.385047398025,790.736170633663,65.49985493314205,176.85405385870072
1148.038376098077,786.6460862564944,66.25338894814477,179.58909139127584
1144.4322867124959,789.5947679027753,64.47947566331344,184.9108393402941
1143.5218460817673,790.2661362418728,63.54244149564946,191.8170261131702
1137.9098167289067,782.5845745070443,63.04224877748824,191.10386021179582
1134.159848624841,774.9787424273225,64.66759935875112,181.87142294869955
1130.45742002737,782.3032137674871,64.18452404125014,185.2655467829075
1129.7783314285982,784.9266944254944,63.87018834439432,187.33430613003753
1127.9421190051314,783.3294304043351,64.01606496035102,187.51127203893628
1124.8621461424013,781.3293931096141,64.34412747334399,187.6778852197541
1122.583224422013,777.9078471381669,64.51067861681773,185.70322726253468
1120.9964186227164,779.7382587954588,63.58180415562617,190.1594607429118
1117.479012672433,782.2699088421025,64.17054771402397,191.59769155755993
1111.2951569263366,776.735997974488,67.51315154525957,184.23510112498093
1105.5006507702958,792.833500770113,70.6269287731887,185.88530861962775
1104.4021250326646,789.6250022460574,70.86540849230497,191.27753887473818
1098.8096545729436,791.5377497800433,75.17160028540403,187.38658982451457
1093.2483950055844,797.2191464443309,76.72164509769476,188.98933300010032
1090.2118821686684,810.53413843452,77.96117240450906,190.82334018843966
1088.501642932088,809.6316215693868,78.31365385713582,191.47470972745464
1083.9932855770355,808.7938131866376,81.5431232606438,189.00463020604764
1079.116082254898,810.3380363991162,83.7478303663898,187.11664296232686
1079.3156918186758,820.8382750975157,83.06394962691385,189.82308777252828
1071.9789623902395,816.9424985486522,81.00456041850713,191.2953744964493
1069.7290988444552,821.8098766948937,82.8384481248614,192.72074644932613
1068.1045233171446,822.0477607328165,85.0454526652006,194.2103997530056
1066.4187344322377,820.5909929003153,79.96350258799126,191.40148962685606
1066.6000671148358,823.9559784657309,76.48102130692482,189.51635681991624
1067.127088666088,826.376859742381,71.07517258488734,198.20762626214199
1067.3806246265558,827.9292572264404,67.29848073950436,208.91799966329765
1063.4711857610657,826.3186170957931,65.06432241190751,210.84623106612298
1061.1462307721486,822.2687139251764,64.02341052778924,205.94265236918173
1059.181256678682,820.4512902684708,62.826449291373805,197.33940716151926
1057.2450548787801,827.2746729452599,62.35160822456237,191.80028624168074
1055.2825726246765,829.962179322187,62.71487857528801,190.13149742292023
1049.613429698629,835.2892109905163,63.274952534154345,189.17109153710302
1045.2354818785047,834.3617984470732,64.08332708437081,190.22138080070405
1043.0742212942896,843.6633831055071,63.720666894738905,189.9158304338423
1041.5553760678174,842.4113343352831,65.23479978725513,188.02201905951495
1036.0729338744832,841.4752157973859,64.98808397010934,187.01142884191592
1029.7308792961571,843.8648014913209,66.16965785361742,188.6367615998704
1029.6337695131022,847.5093866440673,66.30408246323776,195.03531321617163
1025.0865774892577,849.1962894049359,66.81382806531894,193.7303163631647
1024.5814502411183,848.2525493843526,66.21953747649157,192.408144552825
1020.3775813267349,845.7008172462952,63.10597677574772,193.57100440729982
1017.9194763490931,844.2062438531862,63.57259497108656,190.004564080171
1014.4092575880793,846.983438244205,62.5329434497022,190.27297235824838
1012.1102984040936,849.6776415842911,62.88070848732965,192.19829419299987
1008.0219196114014,847.2627506475977,64.77662322086711,190.84820280421945
1002.2121113198322,850.3047451421886,69.80227666721171,189.89563891047777
995.0030343765652,854.4556451490639,74.07593371085102,189.75668347328588
992.1981462807021,854.1128645589417,79.4904510798455,192.81282987990824
984.5080597088141,857.4190259429749,79.09377285758379,199.8245386300798
977.5392930248302,857.989168333107,84.0664452072271,203.31916901422585
972.2612429427812,856.2573733148646,88.32715030918119,208.63404928773352
965.941422944194,861.3016519474451,96.25146191725224,207.8206413014903
961.4638244803165,862.7671703856694,99.46716754481004,203.34364194912104
954.0440085314891,864.2897597858,102.72433437989046,202.00306350539756
948.7544889608605,866.012014775609,106.17987373280482,199.75788448954523
944.8166522014128,864.167045802021,105.43509965322042,201.52796275257987
945.4980499543983,865.4349452076505,104.5774655246037,203.97324708918524
940.9202795521188,863.8392691553393,101.42664355618373,205.961476863352
940.2359584588035,858.917220442615,98.49273217405363,207.45660066742164
938.3630421266366,861.644797275539,92.29605427776868,207.6342513964461
944.168245651119,862.0873489687887,85.3321856069077,206.4625789384188
943.9917870872432,863.1631283169736,78.05425064827338,205.76172613938735
942.0497791444989,857.708232841857,72.83664664706004,203.70978991072465
938.6871125558664,860.2508058012925,70.11878845780109,199.04041578224763
937.4220480362138,860.978982375642,69.9865739509055,197.80657119476288
934.1910643460939,860.7960705572649,68.4704273845812,198.7514523078528
930.0988240915893,862.9180613396968,68.98585011965949,196.08945647822418
921.2171215805424,868.2362284142093,73.05177284735217,191.93870366521517
919.6309426880657,867.4617039033707,72.0602670910832,192.8563756016086
913.17286173546,865.4797478894432,75.75108822982946,191.28206930181733
912.2511944951901,864.6102507672704,78.74935883427783,187.34064800435036
908.2332468145333,866.4434489741733,81.99152486127446,184.43074420675862
903.024236259865,864.5059696523026,86.02527539554902,183.32851358267573
899.7050666643427,863.4429075981132,83.18689873018951,184.65872009935845
896.013431753457,859.5996959931033,80.09736798018585,182.2629671643441
893.2109642145177,860.2528187318899,78.02533930301533,183.15326932503183
888.0304319349309,860.9600775283219,77.73502162954486,182.3241490752642
884.4556943535817,854.4950428024774,72.98350312657982,185.64757920863144
883.4879953025659,849.3061118745522,68.61396785191516,189.93125853730734
879.0754626873378,846.5803200696487,64.16515520911724,191.82998873184795
876.0794093835057,842.5471420517134,62.72545467549879,191.0743574361623
873.2690520053012,841.1899725692139,61.579786600357885,189.01516557189998
868.4150135588031,843.686432383248,59.471795930824086,193.09960839972442
862.9572134734635,840.7990695106249,61.693400741490606,194.6939680425764
857.8292185734974,834.4708018677605,63.79824684468561,196.6887483188405
850.2899703765721,833.6323339155413,68.93238956900237,192.24549710024192
843.8827849124289,828.7095433186895,72.96046855981194,191.80548854757535
836.9633526976821,827.4782465700165,77.01194988163282,187.98401365083328
830.8506535816362,825.6969294813705,80.80948343946824,186.29935013910006
827.59487468322,822.1141502700331,81.08616256876519,183.59307075576612
826.2564127773219,818.7868809809258,84.09118013938578,178.50940286336663
820.3627696761732,818.7092698298217,85.29045089656819,178.2896763388701
820.2493867065555,816.4571164945116,85.4152496096232,176.6845528868413
819.1347053874663,814.6898066105512,84.33508011440645,178.52712510418883
817.5880680775068,811.410696266925,83.55840702073071,173.86044516171626
816.5745876526373,810.4741918805817,80.58277721199343,171.73129158343443
816.8533315557883,802.7189466990177,76.59946749501079,169.68351009665952
814.2266986956168,804.4802777100354,72.12603936203942,173.28676682411827
814.285381131781,797.4637864156917,68.714926420639,169.23224486459952
809.5841821949228,792.5834573574765,63.16089452048989,169.3245330249028
805.2173486556336,791.7547094640161,59.40417615078249,163.5579662882161
802.7443214000111,791.2521501787519,57.6318304184997,161.3353976769721
798.8580518620372,790.3633224791395,56.71480470225802,158.9434690648568
797.423116062705,781.9963450237733,54.77170215509856,159.40998343801255
793.7866737183426,783.4557287196676,54.655579302074784,157.58277544953316
791.0497680176386,780.4540391478733,55.05649860811456,157.11282697097067
788.2888861858879,782.3027796891349,58.04912785858447,155.47875267342636
784.101173512015,782.2312144057646,59.22370190240194,156.7641559951813
776.8029273714238,779.0778400344329,63.03067836994384,154.03570494799004
779.4171828674632,771.4184770656582,68.09009361686572,150.5475443406325
770.4502641931434,772.0451088798656,67.14082545323312,149.49554704309776
767.1413906327425,776.2939430216461,70.71695559640213,144.35963501167168
768.3468542047783,773.2837094530711,73.57153928200736,134.80074234904797
767.1129884504903,767.2406868333744,73.45013025322626,136.20973213275215
764.1949635877638,767.1855258885066,72.5669153989378,134.5261476142873
761.5148656152453,765.2444237388445,71.01895787987311,132.86070724247386
755.3289471886368,761.7418916088099,68.81170044609507,129.1353113348899
750.2055086591724,752.2551349124328,63.61496114304262,129.31661731856605
743.9833131094578,752.4140923404004,58.55969001451824,129.37635219891567
738.8138402414091,751.5006501750023,52.3383030542506,135.32600148589137
729.3551081830988,744.0322992528071,49.25226686298413,133.0585866898257
714.5825511143692,754.264811369494,51.31480670598455,136.85230391518402
696.9011692515996,747.7305082332929,52.15437847316372,135.1321361514842
677.3347299321578,754.1018302012485,56.96367924369332,137.24732521126597
658.1929297484892,754.5705239609866,61.82250065409955,135.6065512622963
641.0637249327962,759.7526697785056,65.70618343430479,133.50215252718303
615.6514128292407,763.1327413082766,73.83957072129286,129.4130982237412
597.4495445723595,765.6398848913565,76.20199630315184,129.6492069655516
575.2431926454576,768.9725702635742,73.58642639180357,134.12504792921322
550.3939418099358,770.2830920519918,79.23448958929113,131.63879773664075
524.8468186653902,774.813555705897,83.75493540551906,131.64805948769197
506.5153577866181,778.0739086724642,84.46088727597925,137.41086801132252
490.0791134887415,777.1984955485154,84.16718889335777,140.14749635837904
474.74561570830673,776.6414560598394,83.75406021721128,138.47292877457983
462.7583949199433,780.8282109895451,82.79556645248269,139.39969130978068
451.9318137960111,779.5754146226593,81.30339417995572,137.05775402183883
440.24710627395945,783.8566198767621,80.01621821287594,138.93943658467367
437.2752066013039,780.9557776425668,74.64404712713548,141.5422258188919
433.87819722395375,788.9608044758515,69.93528624960776,145.32939627646627
434.12180291937096,781.3230113868104,64.2596929195666,148.6131074815953
431.6186160827301,784.0017922918995,59.89347496325439,150.29330844920008
429.18325433656736,787.1464562629603,56.74912822241701,151.83764135386411
427.3346771581714,791.3465691364761,54.63572049209024,153.6454877512055
424.60275683019387,788.4908944999628,53.4671160464139,152.94601487388968
421.90440509288527,796.4503468423578,53.33142115565654,151.98810330208318
419.7261331711981,790.2753493981339,53.182241211282054,151.2464116824623
418.8833735667861,791.4604537194473,52.65323180205064,153.23352936726877
417.7046620023622,795.9511292673101,52.446256857172514,154.86917645473147
413.9256507511499,800.9562158038948,52.72528408669258,151.91903891272835
413.1576057899356,805.9494970435823,52.767344299284346,151.91248373275948
408.3453761849282,805.2013061756093,54.165057271184594,153.26664377537782
404.1757448923247,798.8820157214923,55.1494125797704,154.5919146092284
401.8344223067342,804.89249967419,55.883357992653,153.75881663467965
398.2545014139342,799.1648547442024,57.14267833685802,153.7622181965098
393.63324983371007,800.5953385635692,58.656374839951134,154.70127391157502
389.90848292285733,798.0270386800257,58.101378202456246,157.58620434762065
386.83649533586805,797.945178749392,58.65676398103893,160.37429558037468
382.9141051272015,796.3831068279501,59.93386801715815,161.7819966466489
380.9332578904926,792.3444430576495,62.41596717796702,161.4775066740113
377.4499776370784,794.2259129975478,64.2835078525347,157.7992954980763
374.20493467006196,796.8694531509814,67.0980295751374,156.96095893612534
368.5435423534661,799.293741623189,70.45108259866234,156.56097274625728
364.5687121304517,798.0135001815735,71.34343591223352,161.15894416099394
355.69879354297035,802.4390262573298,73.91003417645061,159.9161368927416
349.5273874106919,799.3046903146926,78.64735688398142,156.90198790824596
349.6643018330761,800.8047029919471,79.41008916622584,155.29459312520635
344.37200054722143,802.8492545180968,81.68622270817778,152.64263051141432
340.1763120285898,801.9942873059202,82.20200515970839,153.78589921627827
335.816034074201,802.7554165374939,81.94949089753595,155.24477816519092
334.2620190018104,801.5619110629561,82.76150640097082,156.0487914345531
329.207214009942,802.5559510748452,83.55808318101744,156.0424429540056
326.106465956839,802.240262950741,84.76959301391105,154.84521163664587
318.545074818739,803.2013290416149,85.9879028353073,142.65632204972752
313.67658997424695,810.1017756446931,84.94249517462193,138.54397915793638
308.887666019044,808.7297687170167,84.968638359268,136.39838406200224
303.30215770291295,805.6194860561694,84.59137501672006,132.50598962700315
300.5554110473245,804.50827920929,81.54916358266757,134.46955372066802
303.0849313787715,802.7423231347182,77.6004189550017,136.8779459299333
306.50800762605434,805.023987105028,73.87912311563905,139.79573740652762
312.57048955814275,801.6321709886308,70.35785841904666,143.58611747084805
321.7265777032056,800.2515563174652,66.66225602643392,145.44521364413765
331.75049740223125,796.7735297593138,65.97630671344106,146.93767693586042
339.72176131010644,793.279020355213,65.94751130171872,149.82748395505564
358.7061126142404,789.9934297927484,63.53457523260914,148.53465978680956
375.99210033948526,789.7249186514574,61.71727399223904,146.9332087151328
392.4196494669988,790.3695897613969,58.525877127615004,143.79861703395068
408.35340213943573,779.948291239057,56.56623715239499,142.10648342697328
427.46201773552326,775.6678903869139,53.940406067711926,138.74214953951642
445.5431498360504,769.7252974775056,52.81986168817246,138.08543389406543
462.40984158206317,766.4481007597499,52.76415985871298,132.69423614564167
482.9625436317977,763.9635512394015,51.28538628089321,131.86214430593918
504.9974743543813,758.669131429608,50.3836274784439,128.80425846151428
520.5499378415158,752.0758680552685,49.21776211813469,127.26984027179418
540.4294356720773,750.1212516583691,49.78920634410103,125.29133832283678
558.9684620635786,743.3401637665961,50.29278219561827,125.49526346862339
574.494126531016,743.484832786628,52.07251032380094,123.63407021740812
585.3535596663135,737.5911025396427,55.51115964926449,121.35632924547072
598.9345104134177,739.6097515459346,55.99933712673224,119.51199623113993
607.4605880123977,738.5049827799306,55.921600812353766,117.30427000382355
616.855041221522,737.8361146460974,56.6769630096014,115.69633608866397
620.1941761047699,737.6471556051761,56.75620325366381,113.54490104878096
623.8420548293618,738.6755350584598,56.216139234159684,114.2655327633868
626.8051829616452,741.4090212418466,55.879194242636,112.64421505303144
623.1874609090859,731.9798002984855,55.903121104101885,111.8653311650836
622.3382580205913,734.1849265308782,54.768720694253005,110.93899013509719
620.7759676479469,732.7668557207438,55.20672421222328,109.98320731165038
617.5481771746425,728.0795006664141,55.04723983005602,109.10136910890503
613.675455912637,731.4026621098717,54.85116554024103,108.8013869451783
610.8434936926453,731.0444443360265,53.61568249165628,108.76490597830863
605.0497512491281,726.4536368868165,52.90316973204058,110.7414756929401
602.970423184727,730.3673164914732,51.03180912126171,113.1930485216063
599.6493210741991,731.7077584059463,50.0741255427723,117.13051014332213
598.2405217244475,728.6837331589496,48.1743454006627,122.34124585403649
597.2457145034302,735.2260904260879,47.76431828355595,125.27849607964492
597.1448291364961,727.6993318715972,47.113765011249754,128.50431554855257
598.1933731901363,731.4327550058392,47.490087993610395,130.62808570022747
603.4704222685988,721.2052238602562,48.1768261363222,130.00450384918702
603.8595034703893,711.4755158101975,50.74029620409682,124.94355065337447
611.1140844816118,708.7699513983521,53.88465813863772,118.81186575371956
618.1066038831,710.3252287189993,55.05685923979604,116.8587139411778
589.428906336379,701.8877885827018,51.888197110028926,120.01810593753862
597.2467344796893,694.0712510636013,51.06183746301007,120.23224827201273
603.6932101038328,696.583197681592,49.27250891176806,121.9789552213893
611.5177676867501,696.3175883753479,48.167266397313824,124.40118703289076
616.8772701070886,689.8359923146847,46.85583029728919,124.89430479945568
621.3023181043561,702.8011532034091,47.73644916977403,124.67916963973522
667.5248231267808,719.5907775649177,51.583935647396444,119.25615818884614
667.0156692140238,711.6703750001524,51.28116863087723,117.8217290593056
668.1164518139321,709.4235666088139,52.546078619648384,113.69612609301697
667.0843096122642,699.2943538282376,50.38609826864297,116.34298619999035
667.493458102325,690.0584505949486,48.547276354658436,119.65925035704589
665.0419670719886,687.3207436645722,47.470633548183955,121.77822504366742
659.264382370575,703.5008493119838,49.355581030198856,116.40660602246439
661.0567201996129,685.5636065416954,47.4449971267215,117.00149707965193
653.6355269653604,690.7700033295782,47.324717377465255,113.72095163469626
653.0867849399266,678.6210914618996,47.29979822459913,114.10238652228179
645.8092510927231,692.0435389291331,49.37056668404131,108.78265066187998
644.1646175795728,694.7652523866415,49.556428124406054,104.61714699940696
638.2967403982176,702.95226841626,52.14337853210663,99.85934633227201
635.8192243841958,688.4799043272221,52.09529444474919,99.78069246178087
635.241994447634,685.1063438828767,51.92258944770127,99.87977729779638
633.769689661187,684.4527128331677,51.23294070977338,99.0072318160295
631.837752295381,681.8582190159659,49.32395865474742,100.2185913799497
631.486163840736,682.8501236432802,47.56706718381698,100.32471928929343
623.9254726151892,680.6630019484254,49.49732864609915,95.50278160721291
623.4919385132579,683.0521921762443,49.04972941620666,92.69535197529014
618.3933810406877,675.3683878562806,47.272015440182386,93.75209186574261
619.1887835257505,674.6251288714518,45.67239065950274,94.86872093536988
619.3481067715511,673.1082040249273,42.57263661854556,99.35918519148173
617.5062623885104,675.0928926464627,41.54992845136401,98.33003856488634
611.6640079418532,674.7806072344285,42.765080642125966,94.35693032161493
606.8396440255002,679.3759771180369,45.92007588512038,89.37725698361302
615.4903680737406,680.0118681601031,41.80047292891663,96.5231711014857
614.1706438782804,678.2271637000365,38.4805454399802,102.43308042065344
614.4092050313723,669.5371120367586,36.74288996068417,104.81278910849156
613.8998247611142,665.3721503839755,35.67008681709036,105.87386586448793
611.8701050328161,672.3845349842577,35.16720993991359,105.73202884988288
605.240029251182,665.9904562303898,39.42502479229491,100.98764668641941
600.5417244824627,664.7262543116944,41.22476326071745,98.62126633943063
599.0244463420664,671.8987975676255,42.04182877633268,100.91758500674675
597.6406030839872,666.1260484222513,42.423949178391226,103.11685684943032
598.6943971244208,671.2227276445728,42.826988213596216,101.61686163708643
588.352302934902,677.4028857670609,47.13514414253644,95.80202914674291
589.096693396338,665.7575369638239,48.773363814809244,93.69852218620838
590.3202970007429,676.6050939362971,49.09371952794497,92.33134573377848
588.593088658031,672.4309449527756,48.35295682605748,94.06441240411226
578.1803873854282,653.1189832720545,52.91173527732251,88.65042253940334
574.620493091286,657.3487440479428,58.80039888811599,84.35683256335369
527.0951493998726,648.6657378004467,61.59433251443956,78.35146936801631
527.5838592504283,652.4688256786895,58.120131780579996,78.88329920129522
521.7090591300137,652.4985616397839,54.973454103203345,80.27242886685167
522.7137280366871,652.1571685916739,53.33586295103342,79.38428324067749
520.2769586864364,654.2353832104903,53.419042199701195,76.519522256932
519.9726257294236,654.2010981684618,53.06612599008443,75.96615637987009
519.744626164064,648.5776745927941,51.8236192208707,76.15939662482474
519.1852718040618,649.1833082835261,51.46016980361801,76.2036521840104
518.879486619817,645.3105685729754,52.95636036101346,72.87787424757136
503.3391743765985,647.9818954069892,58.37457504088186,68.32946969551097
509.83374423081847,648.2208862432041,58.675338073558265,67.79603077136494
498.8946991003656,643.7897860692007,59.73070625452753,65.96461252811234
502.9836596156708,652.4565465519122,58.0002408561476,68.05426157927731
520.7049422535302,639.6953373101416,65.03936937205003,63.25393755657114
516.55584450204,639.7952037991311,69.00163481982969,61.767327271910204
496.4074751074283,659.2397296455653,62.184636431011,68.80230491690084
499.9261178075208,655.9532128714362,55.932908894653934,75.89178302518945
502.2391230543901,651.6192172570252,52.437204612521384,78.84712027275279
512.0730343941451,639.129485072527,55.64126455819136,74.89883796550144
522.7371415176034,632.4107700328556,61.58027181487165,68.27512580721707
530.6542141804537,632.3619864221713,65.34210228255846,64.59623707576384
528.407274525605,632.1227528867364,71.83397466255752,60.88576250437742
525.562805082948,631.4806742251224,74.8428709792694,59.50036876698107
520.7986111396056,636.1304478536872,74.10046863334075,59.88428833109002
520.7598813001115,636.0080534711096,71.50183702194572,60.58756542290572
525.5956000527148,633.6034277152135,72.95663612104507,58.77063237709683
527.9037765983898,632.2021518391409,73.32890656015253,58.431775899087484
524.9080968710737,632.5572842395575,77.2638216448851,56.48072128996493
523.4434987198346,633.2813070352787,78.98386653217185,56.662274573510544
520.3126875205724,631.7609234332654,81.29044119414809,55.99333061302734
516.2171605117679,637.7395169773872,88.08294535424389,54.505121114817086
514.8356532989562,640.0077213853519,89.65553172600804,56.578100530623615
516.9242408783599,635.5482297035063,88.7810090149635,58.528349494272234
516.0146624053114,633.1869273031666,93.66782521853986,58.338237844480744
515.8211780711284,632.4138037202908,89.98670385050167,60.4205563618155
514.9070343803173,630.3331967905251,93.56130462192502,59.21249373002041
513.238573647792,631.6507252517852,95.5811621155577,59.33457839029752
514.8911291560962,630.9041295584534,95.22299445766856,60.07401156313006
510.67663869042616,630.0057062433879,91.51123806206223,61.98506386351595
513.14891365501,630.2430438122971,94.56129020631208,61.195464597180106
518.1281284344241,627.2955201179522,93.35579348137125,61.909373974721156
510.24504584290196,626.0005049477519,92.83282128650563,62.618933840805965
509.9854168764871,626.8812418772311,95.91806388773938,61.80383462132962
511.20733715485756,625.3397456436776,94.25669369251568,62.5810497946389
510.5033316917319,625.0847061485559,93.3230502689357,62.70705532733691
512.5737792176284,626.5326116049796,95.10562376266213,62.0757734131773
509.31467445700576,625.8155666681763,97.4467044988927,61.66896428052496
512.0252280283935,625.4415484219439,99.04801413855023,62.319906362152174
510.41379811821537,624.045876023683,99.04161715593224,63.31535706650419
512.03426063413,625.2282717188067,98.31542479246937,65.67397980086568
511.4970070714332,623.5255066409859,97.4690958034661,66.75300366901597
511.21398809203805,623.1709441134818,97.60645693858608,67.30655675933514
512.847430005718,621.6810472104414,99.75275336565264,66.86852221292374
512.3318194654031,622.6141997581459,101.50863378252407,67.07493914550335
510.9194222732973,625.9362874314739,102.50201918203015,67.37894226170663
509.60067446306607,622.9995808162706,102.37783642763995,67.31226994999427
511.8742875906777,620.7477463369544,101.29269814698117,67.83506853546518
509.9686413115419,621.1449804038391,101.11207456944679,68.84954474424521
511.3805515334859,620.2350908841569,101.45486308488563,69.69547865542127
511.0187589889535,618.0603399326051,104.8524900243236,68.61315805558995
507.5067356194275,620.6032639579828,103.96121277235905,71.0790965082885
509.5828754657723,620.1686433095531,107.76111971892828,69.01305258124655
511.6746771412325,623.6830797222409,105.47235990209865,71.47610964782669
511.43267803370463,619.0784016420812,105.29951034031134,71.90274687261939
507.5530432307762,617.8315358293062,105.10756102830308,71.6262499840893
511.02791656952684,616.9356424598861,105.9723798352366,70.3220954078442
508.7472678831506,615.3616275684809,105.91679589684347,70.6316465518728
507.7834915103687,615.2714413011628,105.41636901772911,70.56955617789534
502.1227781170753,614.9135096319196,103.79140847912842,71.90007724319702
495.6929525196204,611.3353491926313,100.60565891534623,74.36077879922792
500.42997340519315,608.8059648558899,96.91676380063868,76.18966150637343
499.6033140029696,608.6895606206341,94.12675057483978,76.86441617528656
510.3468612823319,614.5800917742422,96.96494553527359,74.80129375323268
501.11412164554565,611.7497527159092,96.01135948025723,74.62787911730966
499.78761327869466,609.4367531416309,94.46461843539953,75.04240873890974
510.14351756345854,617.349445821627,97.80323366460217,72.57424215969783
505.01973608071523,613.8064535474127,98.78313427817217,72.50457886300546
509.54619972637414,617.3985762408003,100.98539396142212,71.0688339555225
504.82019905763957,617.023440561038,101.84513643122244,70.59888285742802
508.01068288084656,614.4788502451804,102.47134077591424,70.4317882242906
510.7759831763446,615.257398334769,102.68629065943341,69.82311706647022
510.1036037426493,615.1874943864239,103.28093232552371,69.55189374871073
506.8372891330668,615.7863233379836,102.91822239151868,69.38340524763152
504.7610554494721,613.3029034182811,102.92564531927633,69.51118182859594
512.0074764111978,618.4169186870719,103.30517886173652,69.25077587380407
510.47333064069215,616.3188126209615,104.6748635526557,69.48754694027656
509.6009479673104,616.696404357104,105.25049365822923,69.97377173867694
511.1761050288684,620.915945602294,105.11105871712107,70.74487211592255
509.68177778258666,616.9823888486293,105.00177647309869,70.84766694521136
508.67244698471836,616.6605699625828,105.52169266420132,71.26233512797982
501.5373082818854,612.4614221614129,104.34775015419777,72.90338747610788
503.5349155672063,616.1439047380162,103.3088943612297,73.7183522737454
504.94838369598233,613.9465428213576,104.36791088582032,74.08283274825287
502.7687172672208,613.0532426290091,105.22205656747346,73.76885236188443
504.5569620667877,617.1147600950618,105.62818797828919,73.72057251673053
510.711858406946,617.7732822057658,107.5436436709328,71.55028704570265
502.2979064959236,615.6958269312964,107.90805463255168,71.82748715414426
502.90827767147664,614.3189663897401,109.52277761411145,72.10378232895368
498.01162461637256,618.9519546795703,109.24442147097861,71.81136027548652
500.9432719244745,616.6004301058156,109.58685441022769,72.39870172627953
493.5124179482556,619.0873770594978,104.23360034653277,75.08820469222184
495.52427724028945,615.2236167611672,101.91584237918377,76.33289885949085
513.9769767822023,615.8854440377949,103.57337929406819,75.71134581286202
511.41848834932557,614.0643417879295,104.44847598110682,75.18064427546506
510.21882152562404,616.3674587238213,105.9278611659287,72.79981548268339
501.1977561288408,614.7913799549323,105.57333923460949,72.47578341788316
501.5057933748901,612.5140259485561,105.77722079619414,72.29123223635702
502.7548254633376,617.3920436127429,104.92647598175043,72.89957213329325
501.9467162764276,616.3635799006431,101.67564939894655,74.06978980992321
502.84288159384954,617.2776712867502,98.6571377133797,74.51621311904873
505.9672496259815,616.0871248578292,98.42231189953262,74.14921223330956
514.5762251447773,619.258797293903,102.41854900338728,71.26598190613004
516.4208056704092,621.8802581043917,104.50714645776513,68.75292304723376
519.0314915339633,622.7800572659559,108.58241114973438,66.34726530372836
519.4437024671367,622.8312128151645,108.36233334016003,66.33809511776775
518.6021742598313,621.1310535519324,108.4293668855219,66.91645557518194
522.6092718969664,618.367821934887,106.00583785107764,68.95425418944825
536.2646121311898,616.5129310384804,106.9467043216124,69.09799240137136
538.9901083098929,615.2618902107859,100.11514733914655,71.92925432057251
549.7415462897602,614.2386088110528,98.2431709501007,72.13247590683717
567.8115031698885,615.238867516624,102.38510119686268,69.94817831924482
581.744585438274,613.8292528144078,106.57963319935169,68.6489124429535
594.4598012168432,612.2940851813123,107.3215273153068,68.43570350440223
610.8651116440483,614.4845698495976,105.67561140845632,69.82110260185979
628.9912417504627,611.6330981648618,108.52815137426843,68.70615837886965
651.7039885209132,616.0510469240188,108.76272233424366,68.63493947913584
659.639096771893,610.8636360384635,105.356240076941,70.70439580646415
676.7708579153148,606.8693479665255,104.90640613763517,70.57159553173966
700.0719121193594,612.59218101536,103.68304190613844,71.03158463172207
716.6682724805959,607.090349761502,104.04701581155459,70.87912044465487
739.1005474932758,607.1565730791485,106.24743141133979,68.2896548492878
744.040847626131,603.4574453730435,104.15349361120359,70.18187037303348
758.8239260859909,602.0611921552918,106.77982095708,70.11947826336717
761.7411520232052,594.7201446217821,104.67021723473049,73.150788936793
801.0903062656309,601.3025309218846,104.25070030761597,72.8121725720305
819.1283977624495,605.4781894241733,103.38612798317853,73.181146060495
834.434477977956,601.0238160418215,104.46172382725429,72.80638059310292
839.9823264231707,605.8692597355637,103.370213161742,72.62057480356106
857.23088272121,603.4252599215976,104.37742861566758,71.34995390898935
866.6439726663001,604.0656945044683,102.930091132663,69.9997586468682
870.9764569282805,601.5560694457278,102.12132949913598,69.96296765858393
877.8313653100948,604.7017372932859,101.52231558350694,68.67856393737254
880.1499960988219,604.4016162893131,102.34905766109989,67.06020524963913
881.9545671081121,605.2783657172707,102.39760793272006,66.54094347648639
883.4777052561926,608.1101576676878,101.3984427212971,65.88966345998587
884.2031497040908,609.3035801762326,100.51560537136115,64.71397073151577
880.1661101367436,607.4281886220953,100.41376905220918,65.78730394890106
887.7001905607476,608.1686105628421,99.57627680632288,65.29535287716305
886.6425767622791,609.008053590556,100.16863604388055,64.14419021357398
886.5477761268671,609.9384992322897,101.81117855106083,63.164849107743784
886.5284926227486,609.855642914759,100.66657275490901,62.80667485264637
887.5333876448232,611.5976027939663,101.65088314334345,61.470864230512404
886.6779750609011,613.8675066662381,101.72214653542368,61.67973585777809
887.3613344241529,610.788820216399,101.82323699336075,61.65866764198456
887.6562489142359,611.250062331981,101.78489651912162,61.52493161413871
886.1028184050932,610.3015009912415,101.85649766597356,61.28102053045277
885.5430281023306,609.5346985887081,100.26674917622222,61.377618347222466
885.6075363193773,611.1834990257504,101.32008690741145,60.18622154466354
885.2742296327046,614.4984430384443,100.75085721673616,60.876515447602834
885.8095235478327,613.7582560840015,102.27153928439779,60.59915291160975
883.7283639339394,611.6161776862403,102.4586588130579,60.287512097696535
883.4788379093249,611.2828867101497,103.24377335337064,60.13152139554397
883.5688793195111,610.3506154661965,103.48312332461704,60.033113554275545
883.6289434479904,611.8177041139443,103.18697820032993,59.96773907546043
876.7234047803108,608.5880061839296,103.52848373809027,60.733699977538805
879.9858301972,608.2819576068345,104.33502676964567,60.46863529424607
876.3160940260606,606.7251525584944,105.0534506907501,61.519490279538
874.6662192270504,604.0076851068285,104.08157132063181,63.31370052225289
879.8941342681072,604.8378228599751,103.78940722906015,63.4940024246746
876.4165403741395,604.5300932437908,103.63869956488568,64.07112551853
881.7989160790971,608.0096443952266,103.21783591107605,63.872895614949954
879.7477706015351,604.7989301461566,103.3329602487658,64.96944309473207
877.1707544579141,604.0067479281151,103.9542454864449,64.89657553586379
879.7845451639239,606.3801784607068,104.47501080037216,64.36218706952185
879.5686398624171,609.4359041854628,104.16397146119324,64.07557467148672
883.2430597919245,608.6140599211723,103.43203877882704,63.7546891958125
882.9314241691469,605.846865364563,103.11057472250236,64.3853562913074
883.2568427675782,605.4883719539156,103.23755407258223,64.43637711083078
877.817372912123,601.5694660264578,103.4317344412559,65.62154751040536
880.2504318296626,604.5924543529729,103.41666944954602,65.70267384368287
882.0378282175235,606.7231168003626,101.69745880738363,64.92463931372984
878.6140622773469,603.7781054246997,101.42442518376052,65.62103336208621
877.9541921689632,596.8322417076915,100.22646534642598,67.36119861341092
880.8003560054023,604.5602007760871,100.0866858978376,66.98417392226511
884.0534353508345,603.5298493260198,99.91340956712965,66.16898186021558
876.8001657923431,603.2069604055919,99.98657186059708,65.76998492731482
881.1893302584372,603.7026206507835,99.86445554496467,65.51992760670736
885.6817707924611,603.6304311924408,99.2469877093486,64.69255544228643
893.8982633332156,605.6218142662926,99.42261229118148,63.55966221465906
895.7749854244769,606.7204088263313,101.74314682559812,62.861674967715516
893.9673993155677,603.7628946905761,100.48600877255524,64.72156133119347
906.1345444422927,605.7229837707091,101.14740067697399,64.3561603035977
909.1780765308512,604.8335976653593,100.65168228470019,64.98075041972987
914.1308307720404,605.3021657749241,101.59768803080851,64.9660974226233
918.373267683022,604.3629411750726,102.51419071970875,65.11598197864397
915.360651564496,602.4090137598819,101.90946141342295,66.78693149545416
919.962189568888,602.3979724882104,101.39190553518213,66.9987852459403
923.7001688513117,603.6098744165985,102.47961847811419,66.49078470924411
926.3356337120841,607.1312955402408,101.69519847801914,66.21365578400307
929.8677814730684,607.413430808735,100.99200990020833,65.04833061851501
932.0076104449772,608.7424287917302,99.9075034132632,65.04042278216544
926.8182199289554,608.3955491865372,99.24008524942583,66.16363288019491
931.1074348613429,611.8199411814164,100.1179136181387,64.14877025826681
930.0196614996146,611.2585386899717,100.0839182855419,64.58415278416808
929.6803749149184,609.6131456679663,100.24927632455368,63.85443975166284
928.9965902222301,608.4665999400295,100.00132557490028,63.50050651203459
932.8347709900452,614.3315082373653,100.49612477276057,62.79796263165072
928.8489998797343,612.6800347302149,100.52088693824228,62.400046505392524
929.3299197473424,611.2504147649697,100.36983937810444,62.23209829195359
928.9676553864364,612.0733809917143,100.92146694269272,61.91451255552549
931.5239337917634,611.6567703367533,100.69907510463585,61.19141316796554
928.8025495885736,614.4743548074777,101.8735254585905,60.05550151246774
928.2744198910585,612.3901533447437,101.09624345736853,60.87737969424964
929.2695431432217,613.839386221433,100.76420042841842,60.77170220778675
928.8790625539957,611.7705642999322,99.83938359275639,60.93309407501182
931.2276852637456,614.4017653145685,98.48407221919217,61.20345617962123
930.5161053175366,614.6648997606624,98.3385987048159,60.38611553186162
931.9687001303306,615.6324322913116,100.19940154080322,59.10207992304368
928.3861088715818,614.8613065868284,101.09559833711924,60.031372506734655
929.0128550309498,615.4767883771333,101.57283518510685,59.068564059912724
928.5723525227025,614.966727804313,102.69526495128844,58.709185582410925
927.1668522209015,614.0446891328834,101.80070508976202,59.41014981559299
921.4137783970632,610.4348410399449,98.68934371683395,61.467633242112996
926.8107498526196,610.1178183711681,97.90756004370996,61.16838348917689
928.8693347157404,609.8932235723751,97.81450553537088,61.00886621987224
928.6161196884177,609.9216971471689,98.89916303324091,60.15861133662328
928.2251321870543,608.7021038547239,98.37870386210425,60.37477653215991
927.1436221564296,608.3841109570466,98.25561937367307,59.99319460655761
924.5100620316754,606.6234765406384,98.77188838933156,60.71634688775009
920.7211201603109,605.1904163936031,98.46775311581501,62.0314374483972
925.4506883202546,606.7642141319018,96.54210489209856,61.998003577995576
924.8694593444408,607.9920336175256,96.22931715168109,61.22169291143132
923.617044691947,608.7896934693897,97.02227491854026,59.83747778885697
926.3648527743682,606.3314470237801,97.07522727241147,59.79067222857965
923.8791339985503,604.8297359926631,95.7520584960079,60.936318401921326
923.0586182883649,604.0410412705447,95.41904023971372,62.95449761776938
925.8262719556877,603.5549137289518,97.5887631346154,61.8691155761401
922.0854600225982,602.5840399599823,98.71034267994466,62.44047306914746
922.234445756256,601.3971722237909,98.15110146063002,62.77289581495609
922.8011902429943,602.940589419492,98.88415768782198,62.35077042621882
919.7242021499092,600.5790137775655,97.20628303486536,64.05140645733772
923.0216886991918,600.2355969251536,96.66558260595369,63.003929000131905
923.4408656583953,601.8494580031336,96.72949378495751,61.88201907596867
923.4070466950012,600.6301703148819,95.88795318743949,61.63339246852026
923.0924127972744,599.7855870279585,96.18440261968455,61.92247932852173
918.8151039724354,597.1399658544599,95.84558127124004,62.91887981549026
922.5345641016947,597.9586795896047,95.73265915037089,62.88002786465497
924.9073600206093,601.5065471997018,95.36523878320503,62.818420956837414
919.1021940540768,596.585202677722,95.4958036908637,63.2848201296846
910.3814146553257,592.2809187276656,93.17743156588847,64.72310991951935
913.5951693380629,588.9100169770222,91.59085364593531,66.30666468579547
919.2058520132573,589.908669946124,92.71605354607662,66.0911873207437
920.6729878870916,593.3640009461807,93.21232504803498,65.06102711096243
919.77394898192,591.7434472044896,93.06335726690583,64.31392859989586
911.5291965108385,586.8536490557734,91.66263238345589,65.0032603011127
905.3921588900448,549.5281796423062,93.61016265730797,66.48268754169621
905.6553872764125,544.2319885153892,94.3492244643852,66.72847484211833
900.1438586542123,544.77368883127,96.48657370681886,67.83999945550727
913.0138626722164,545.5431427560875,95.95915181766702,69.24966592108412
914.3951611879639,576.3859681420408,96.10628710332054,69.54260345655275
918.5496846937937,581.9197141677264,97.44468730643783,69.13768169990124
920.8361314891033,587.8064930970668,100.25942072267041,67.26904437651316
917.3190824760443,571.7928093953909,99.59135647845459,68.55316443920903
919.5179860972474,585.0476333718976,98.60249500532846,68.29768639697436
918.4017844131365,580.760573664571,96.67483819170064,68.16631126309807
916.6051448782229,574.9394174896286,96.6114981874994,67.8219024115359
917.1817846632947,568.5054406499668,95.92620093245729,69.00642145280288
912.3390398147861,567.1717770200145,91.28321374460569,71.50238347919631
922.0410102971625,574.1316993671844,89.97432791181348,70.56642720677075
915.7524786549981,570.3530901546588,90.8876161925971,69.15290725348727
911.9069143397804,558.5727189635553,92.04304743790067,69.88381793772966
912.8270936313993,567.4610828697836,93.41554277943621,68.78906976810009
915.1660310069278,562.3753666907074,94.68090630714838,68.36390393921164
907.4286088612375,558.3930299607516,93.99386565900625,68.46191617396553
907.2797003949619,554.6078426367982,91.77064632658721,70.1707508915012
907.5386276839706,522.9855113174772,94.2796015694406,71.33658258658824
907.2320072186205,522.9372415303034,95.39712849398563,72.7042091118439
908.268943514251,524.3760178032242,95.55246698272467,73.98931790843353
911.3204993963869,523.7793821444768,97.47941526106756,75.07385773927926
901.537511064148,519.3150494290326,102.88515384111122,73.42258182742458
904.3828086303346,517.6928104294627,106.57957751916273,73.84626428311904
898.0973745228482,517.9886246329833,108.82606909206154,76.54371288204291
899.0627812938749,519.5431057604425,108.96241512985523,81.17623762743158
898.9754556410932,518.1893645562373,111.19008884110522,84.84090042991139
892.5835526279858,509.75606068751415,114.4499005636765,84.8260884129306
897.8809276451776,513.7824692125693,113.75440723311438,87.07048150614497
902.1457814940695,510.62652725228503,113.25129621660065,91.17275921173962
894.9845471238916,505.66268061334176,113.18213379137282,94.59279819438184
897.5408121658096,504.907527600566,114.33553083477636,96.81364322698848
892.469762993886,502.8181443254497,115.56434240437852,99.08839402053997
893.2765872396747,497.2719578267538,113.95525539491231,100.83378763603628
892.5520121057787,495.8829106324526,112.88777300573668,101.06321269714421
894.2447027155401,493.86830117226384,112.76351678333518,102.14767521410732
894.9932508468091,489.9273554939008,112.39895155542564,101.9566368259216
895.5006529997761,485.35234543883115,110.95981518577048,102.02419741926481
893.5711844630447,484.42985956805956,109.38307525162152,102.79309818265989
895.3976495878561,482.59842666658164,108.82931251197928,103.78897022169366
896.3945831919837,483.8109964164919,108.47088424992678,103.33739048699368
896.276322073739,480.7082788498689,105.04140491671262,103.65094264059137
895.9159897089779,477.460445911552,104.2294826907287,103.55133570009647
898.2448845333771,480.2453978455811,107.03477700524539,102.21616884664971
896.7069991434847,473.5460753148362,107.31611441058266,103.6710010470337
895.79541412983,473.64020128438716,107.44509622441741,103.55103222948865
898.9042023524296,472.14906494175295,107.03146342738971,103.33562124556485
898.1603550014582,468.85420484675285,108.19756923627054,100.90160612819112
897.3599763817417,467.65264794369625,106.58329380216094,102.23532506673581
897.2344113352502,463.1563222991713,104.74074300605825,102.20157920157726
898.8010197870524,463.69373716680855,104.20186397526953,102.59742487777771
898.345259266159,464.5787108486343,103.74786839037024,102.24696035373944
899.627106715317,459.5949438578919,101.66154862945777,103.74985245098796
902.5409469353842,457.8405575350588,100.96077483516078,104.3674473341633
896.0467042012049,452.35787170285266,104.21361127059137,103.48665176685034
900.0670980751835,453.08581403639766,105.6794962968876,104.40660320932385
899.5607858530653,451.47154351903373,104.79826304359878,104.67126377835086
891.2552688165105,444.7341155490908,108.15499716311824,101.65976176495218
895.9777503304973,451.8164413109023,109.02018617083561,103.18091418240803
896.6224650324168,448.3013162325912,106.51926349662271,105.70889577871051
898.5673533076172,443.97014406301065,107.29201912144875,105.31537224332331
891.6833791944498,437.2569160310759,110.56398757115485,103.06495651563017
896.1486758489559,442.53263572444257,111.58642666283946,102.88053102178566
895.9724417579587,441.455191873639,108.61573120900675,104.17734215297652
895.4180859641735,443.04363053286477,108.31549017748394,103.49489603129899
894.9696007500784,437.3063338869424,107.93378393307896,103.50994247907084
896.3242446389985,434.67408932992066,111.4669429177865,101.91571419970705
896.3070298903789,435.74081759011733,106.53416147921571,104.55661726856997
899.757304484497,433.95842164070467,106.43836969905698,103.20684471418201
892.0713029615339,429.7860790570594,104.35199515126921,103.89246858607186
895.3906355824158,421.5484364740364,104.47066945744521,103.11243398150393
896.2064241550343,426.6544095396949,104.14356724643565,102.98225933571533
897.7964008914533,423.30829292702964,102.11358874772867,102.56048930071229
897.1386559778687,419.9982614803157,103.08649304271066,101.08354544630922
898.7055549497882,420.16930743717865,102.4866000355419,101.63227500722422
891.2874841674727,411.583555006875,104.63048893980815,99.65627951611764
897.1297531580665,415.20263118441744,104.09955352835225,100.70537420070434
906.6422010301835,417.3826577156782,102.72645111479353,99.43531461824348
905.4050154050863,417.95323782843195,100.97674884477028,99.049211492744
904.740657415599,414.7317668871049,99.86618828102077,99.88854490527994
905.0186217768633,411.19299340420696,100.63416621845347,99.35951760592425
905.4931206011886,416.2632872508679,101.12256589374076,99.01778905515089
905.7268703029423,407.93702886246706,100.9898636247371,100.99318539552831
901.2928886801144,404.4178150469382,100.72703073182876,100.75679159420426
899.2027097720826,401.9568316346604,100.99428364445154,100.49691919470916
900.0672198103147,404.9179277556678,101.226803604303,100.49743345491399
899.7074384797539,398.8803140495004,102.20987386843096,101.1852230355642
899.4166922563373,397.4060843444888,103.08756013064635,99.70621966775097
901.2315191038156,400.17825320957485,103.54153369914812,100.55204213898239
909.6538849575136,396.49331784003556,101.97531130601936,101.15399445067062
900.0521557032307,399.0529837935245,102.98221019840128,100.19926299123637
909.6839834702319,395.84024451419174,102.79546930654087,100.01451910139606
896.6626112068157,392.80020403196227,102.91741850358152,98.88231495130965
902.4691077294801,397.33474502038825,102.00214817115591,99.87981692851307
904.9509195880398,394.47300721165385,105.41282980289174,98.27145866816934
902.0934534136736,396.1112352160628,109.3865050163273,96.12667635078279
905.9504551281317,394.9833577805502,109.28140261982814,96.0628054508461
905.277518472321,393.48075408141364,107.53788541194803,96.80979068751688
897.3434266268081,398.7550395136673,109.42271445190278,96.43504388945061
904.3098379038286,395.26836130719903,109.99339270556864,95.82526230948883
908.3132813184579,395.063387648627,109.27298234952204,95.68699977816578
900.4936582738208,385.7738743689504,106.05683988364618,97.29061863480078
