1025.5,612.5,80,151
1021.1039189951292,614.3545908392827,76.42694500622079,158.6053335567004
1030.4826503461031,613.6603448890535,73.92198988181626,164.32481772042206
1029.0750673507152,611.1075567864186,70.24177690746711,169.8567742411666
1031.5693201355443,606.7971824128833,68.58885001526158,170.40000290266534
1033.0774102484725,605.3434741300555,68.54336165534502,166.6842834802145
1036.2923094525634,605.7368080939058,65.26777066219998,166.105982184296
1041.6248157552873,607.9421933436572,58.62315890151234,173.56071474051214
1039.6605485181526,602.8720632329066,56.73662290999046,174.92727967717082
1033.1383094725845,604.0650856993585,55.92986795565335,172.87123662640528
1027.0713534831407,599.2981896422267,56.74375373444148,170.4326988052776
1021.8354407241142,597.7144190612836,58.204848696510155,164.6668614224402
1013.3402075508552,595.462726399472,61.061670212652565,156.97706357474536
1009.6494802291122,598.9572694292523,62.179688552721544,152.66915765995645
1004.9742868683477,600.7145683683403,62.63323846456788,150.0296826849304
1000.8129350213665,601.9265864723326,66.58151195326208,150.30476431667444
997.2968543159823,603.3886930850391,68.19424893283359,151.2559608363118
993.57530317718,597.9834492067134,70.79257376437931,146.88013750143955
994.1860789772984,599.9672769895744,73.51622375931728,147.64609296530224
991.3365163290559,604.961856555717,72.96376764653365,151.85959299890857
992.3258986972337,599.7017484503657,72.7464471818638,158.36933125044862
994.8694652136354,598.0574642111463,70.34418804838396,166.2330144109827
997.9494487189369,594.2877998157514,69.47890318795109,169.6286640854672
998.8497724340208,593.7212452356642,68.7538514250621,171.5646135968332
1006.1285704036841,597.201375390206,65.88840800583185,175.9736536645051
1009.4679742936421,595.7189561197849,62.17243704584605,176.47636031830228
1013.2019389869034,593.00635661601,59.03797886748876,176.96305354619153
1017.994511357349,588.9569790188328,57.50869384513597,170.3010871666275
1021.3152736679683,594.6047120204945,54.513651114439625,171.04448092603752
1023.8768745201465,593.6357483430318,54.01249301621989,170.58255335360116
1024.2571114527377,591.0503103261161,51.98758608155659,170.66355192776038
1026.459414040304,588.5547623700561,51.11580586997306,169.01276061322363
1027.5151217425876,595.748557898314,50.616399900997294,174.09032244819622
1032.171448316508,594.3107694278829,50.39458649667816,176.74518870404384
1032.9322145620781,593.3986243946431,51.3084658571454,174.6021611540374
1034.967422989725,592.4836110306746,49.845997668088245,176.64888955584667
1036.4329653049385,588.3568983700486,50.05104211126036,173.27485067426298
1038.144862968821,591.3040118262235,49.697312013708114,170.1517443574873
1041.2021082027238,594.1589239191486,48.74205040272305,172.54094890715822
1041.6854361078963,597.6711922965899,48.614474208831666,170.75265158355205
1045.0581909905013,593.9746082485561,48.96881415920426,172.41009335628138
1044.1514083678985,594.1383501843525,50.15556726773042,172.82855205552752
1046.510101586646,595.668529695327,50.90067777971571,176.75558908132263
1047.0688111326904,590.932408111692,51.684016898611134,178.76779271255296
1045.7636258783534,588.9115010716214,53.92622879588485,176.50597762879346
1043.934858378298,592.5454073429819,56.118778571495966,180.84670169313625
1041.3759397364418,594.7641635069058,57.78055683086226,179.64189163374056
1039.1596202064738,593.5848413734559,58.83742499205424,175.21699170143114
1033.467283138856,588.5180305448876,61.75365130095322,171.17712938315742
1028.4272357926025,591.800372941907,61.81851846572118,170.9339166495077
1023.2952899806598,585.8212034131687,62.701880771846405,172.79773173776184
1017.0932214848585,594.4364373739887,63.3101333269343,174.50368997034025
1005.4595637164784,588.1914379437113,64.51568932384419,171.91597215880734
995.9579740771359,591.9324717764929,65.96870950172135,168.12345973291735
989.0921762297191,593.3893543801735,65.5557178747637,169.6788497268832
975.336771617666,598.0509531406041,66.49040586259451,166.98568959220492
966.5541942663921,586.7774467682865,69.2895660686385,159.3967643039286
954.3569067179435,592.8848383619063,69.79827943825333,158.607922007298
936.5198716817002,608.6466174490372,70.84456731948255,154.34699802229056
924.9740519558552,593.4299323231282,71.25070741334802,153.96333821335998
919.2006879193008,588.7418312864269,70.78343635443038,154.89076756156834
907.3029684803006,591.9080247991004,70.11220920139331,156.13527350774353
889.3691425477892,589.5492819659684,71.79954307552597,153.98241289818583
878.9905115429275,589.5371301130665,71.75587930098906,155.0282381663295
866.934442494538,581.4710926351556,69.66164886285968,155.8110497290512
856.6470202965739,587.7630944478509,70.89206821571086,153.6182496477729
845.7270954741899,584.7777883778141,70.12486912726538,154.36753661935205
836.9658785251361,579.9409412676774,69.37079065542173,153.38516686198236
829.0421226930072,582.6657591825309,69.83519201770795,152.35314586002087
821.8615655185024,584.0380973404707,70.21198772696785,146.89775293282221
817.3703312563821,580.7219150743086,68.09503340854748,147.22131184395852
813.5079312793007,577.8380270833679,67.91443999832893,144.95956422318784
809.6950869532582,580.6141097291083,68.0809442748921,142.8850099180367
803.7710733027019,580.0853534227313,69.81569020552465,137.98940572689355
797.1366906224031,584.8641849082092,70.53444674210235,136.6367781707164
805.6249983790194,588.9218121656226,68.68415088391946,137.55134449027028
811.7114298991645,580.8246716247102,62.194046126080124,140.7192955719758
802.9387744093542,585.0838127318435,63.76731025414561,139.070186577572
808.8765726923692,583.5639925515158,62.64952834134963,139.79699851750965
768.7430671792285,628.2376488744087,63.27563641286781,135.96938128384943
665.6052308192329,639.3962462501502,70.53908405101592,127.51863865591793
653.2895317843511,646.202438960253,67.62293326458496,127.93503266528518
654.9593656174584,642.2320176470354,67.06546960016746,124.21583387378564
655.7147123100095,635.629896126292,64.89142375047845,121.67792860743754
654.8311513688603,642.0636268136992,62.55746678842509,119.27217292120007
653.1142183228083,642.3725134615893,59.93535332048242,115.90045285835953
660.3815574207163,641.9493262208616,60.934814827895764,111.74128530995404
656.7684573074567,646.0765732632466,59.35488613350823,111.52601918251929
654.177342117684,644.8144083987248,56.61920607505455,111.53727600040929
659.1704600649258,645.6698886023469,55.17252347384488,114.26328828546988
655.9879958091487,638.7578965228942,54.9495615297498,110.80679952450936
648.173687889337,640.6743936167194,53.39369747158076,107.37585388402562
656.1230385764864,644.505559676848,50.0429003795945,110.02469748707023
656.3107134810542,646.9673023943279,47.2314607211981,112.39691658467115
661.4391360661784,641.7703275380402,46.64177748301999,110.51850142037813
657.2724735303891,641.548839615212,46.53255552385838,107.04661530084229
655.3001016445196,640.7860417752382,45.311557939752404,104.54886236177052
656.3572719861146,644.896999778266,44.10574417023061,106.69175292919292
655.0142937455611,642.424256478413,43.04669585232016,105.7134606478615
651.2568637390797,639.276584751192,42.50211095334686,107.81560248480446
656.2537557040065,638.2133639314211,42.66877741290257,107.1352862207103
654.2436424209952,639.0163678342942,40.78161117256141,107.82166143129444
654.4188220037618,638.4442229827986,40.40689139088087,105.6755720171502
658.3673666130693,639.871772850523,39.98986797409255,106.62027818399287
658.6963493662676,632.5238438605672,40.78840298724245,104.5510798093529
658.9223522967644,639.2158245356607,39.69278843648066,105.10507628348921
656.1919261650681,635.259085300517,41.18774836477264,100.28184426634117
660.49639914714,633.2472567322903,41.70799693365106,94.82087168316153
657.7356789060092,635.4115109507147,39.80804990931588,95.6963024613642
655.2318764781846,637.6717890934733,38.25481265477015,99.24395935821886
655.183892468742,640.8352935492486,37.14137333419398,101.70658841039969
657.7241183423943,637.131763566372,38.52296461690074,100.74253231289318
655.6804878827058,640.4211893314492,36.01301695819921,105.62300504963278
659.3542760857553,638.435996047766,37.402275095803276,103.75773379982479
655.0311369709345,640.7905109030496,37.658646780479955,103.8161506709829
653.8719901767358,639.0893822521786,36.85856093310406,102.8980598329078
653.6511669258965,634.8709335344802,37.4711713723191,101.80092260263737
652.8787331740147,639.8018551646139,35.87488058005319,104.35276838857669
655.5081220051535,634.5917753302384,37.39977311238002,101.42507407321992
652.3503348826827,637.7708664962413,36.56078336322251,102.96741772806992
655.597744451653,634.3079047108374,37.66911673900175,102.16098758933038
652.8578721509195,633.7860716170464,38.533576251917665,99.17672944908405
654.4260812748588,632.8360633873781,41.96223253261138,95.72101627738715
650.6852075152339,635.0900177137137,41.40165208215784,95.85859809091414
651.2489843096023,634.6488156594547,39.25821778625976,97.07578683178332
650.0249335996798,632.8691526085256,37.58450149517802,96.09859603028846
651.4156300784879,634.9237382410837,36.5965866015291,96.78667224032316
651.309275563614,635.7507835829388,35.9836590895473,97.39804555905587
651.933834738007,636.1310788639803,35.0837825393879,99.27127482389088
649.8041386746129,632.3925595473848,36.84850406014198,97.77357105394358
650.1258868358705,632.3895205438415,40.68246450394031,91.59029431290546
648.1505195625408,636.3319244147724,40.34126418396551,91.51374901639392
646.5571167428402,636.8420691225117,38.54853433707237,96.04727418512644
646.7274965975263,636.3216392584504,36.35675373053677,98.98633515011522
648.365978109884,635.9169623599497,35.204805072398884,98.81720150178371
648.0705546362345,633.3420083483106,36.02716213176771,95.44977583448954
652.9670020059501,630.46497294647,35.10111779037221,94.77282650073879
646.7847870494523,639.7074605678595,32.39795929051414,99.48457818079058
650.242757561816,631.9390736552037,33.51894427136077,97.37938453277314
648.8178279783684,636.3903529573233,32.54872962558117,97.67246141030961
648.9117369993445,639.3449735235268,31.48587987815369,99.90493488699755
648.1543057050922,638.593607844886,32.38162527970424,98.79826551684607
648.8427672275662,637.9148180464748,31.608425555741583,99.90112619819143
649.9009520633288,634.0548971693706,31.45732451345463,100.8525872450266
651.8579278636631,633.4621784171851,36.749594332230465,93.90347968435007
648.6495239318774,640.3970210841419,36.65965606743495,96.03984342803449
648.4143508740796,641.053939226097,36.58315366808377,94.15834944738582
652.5598496160864,641.3897080531947,37.65395833911417,93.72820341322202
647.108339288873,642.7374814589028,37.65311239242179,93.74624711560418
645.8364088641159,646.0802310970199,35.75447209353339,97.90290144257602
645.1030837876447,643.8536818153549,34.257075046843894,99.44648816742156
648.4112858342365,643.2119230593438,36.30207896744297,97.84789472776309
648.3329773754359,649.0519465994992,37.15250372468141,99.40115530209573
646.5674656511096,647.445184276903,38.88743184573158,100.89789345118712
645.3675049254697,646.5233442058563,38.80594240206804,102.6620571494611
643.0382162233859,647.519624094562,39.430342505817265,101.17240112597423
644.9911673525883,647.2458357258112,39.39150121114508,99.32298967064528
647.2275368683727,649.77628926528,39.58711111234412,98.15118918845832
645.3392753245029,650.9173216994614,40.39659294823758,97.58888850727277
644.4329693003034,649.8675442924887,39.203116380381836,96.42067733173647
643.0290700170144,651.5122154542682,38.40454569164679,96.71449678775735
642.8782249477348,654.6493098778851,36.55310013028962,98.88596240830216
646.451424821258,650.7774037317035,38.218323843570005,98.58128135890041
644.3788230625998,650.5593628393447,38.65895595480477,96.39312699389603
642.5502843707466,652.0333204673192,39.553543463628344,97.17869012723222
643.428817727711,653.5429538402279,38.70895352969783,99.8245175519612
643.9482484046916,652.0497246176838,39.720272731599934,98.88922320463601
641.8946229572075,653.842758423198,40.306621544031046,99.66200995187822
640.4401978942465,655.3566992969193,41.16530767886237,99.78418437879117
637.063620703187,658.6168817874701,39.86966751419713,105.1156474119511
637.359797547604,656.9558777442975,39.94810758509023,105.07187774224347
634.8365399167561,656.9343438271817,38.164142996676695,110.22993306408512
639.2340586378444,659.1904247650405,39.14993869728141,109.53734531759845
642.818153938473,658.3781764444498,39.8503845525394,106.51861655134061
638.7883246244603,661.2644715066454,40.20990137842968,109.13932186672156
641.599141342654,661.1057993037425,43.92182496971985,105.78189227617358
635.9397773296741,663.8670320607687,44.1313205631788,103.90664766723143
632.7148941277449,668.3256987926161,42.477182529480245,105.76903147060034
632.090273586677,669.6784356022056,43.443728236192996,105.50848306818173
633.6809693819089,668.2217170569543,45.90543239702535,102.44427805613715
632.1283119820246,668.0542168056708,46.16734816764623,101.33069881423876
633.654547464869,668.5486270814706,47.587413644576294,99.44333948784168
636.515548832042,672.074302123408,47.82359992687808,100.69519432257272
631.3451214011664,671.2230837755432,47.333257760578405,100.68593520847847
625.8789685389849,668.2097543903894,44.25930586738904,101.51731665181163
628.3363141679724,674.0689479180066,43.91434581091481,97.85786708972103
633.8582938327633,674.1255053869121,42.21153966189801,95.57912031173984
631.5979970212293,670.8466105355119,42.527375080211186,92.03246109513266
632.2495338933664,679.0614318649857,41.481264032021315,89.68091625641625
631.0367889508186,680.6659692777206,39.54844391065636,90.92683968962751
634.3742288862056,680.088063903553,40.4981921774602,88.81194353929942
628.9401080959955,680.1582640808382,41.11061404965134,85.13769679810272
628.1907487654719,686.4430633773047,38.52773016964539,90.12155795509341
633.0766826342408,684.6026069165939,36.79145939272804,90.51001770350894
630.4733848260408,682.9916773454115,38.3418645292631,88.90322860564218
629.1779273583792,687.5092898489681,38.046872207096506,88.7898632681035
629.8154951170515,687.6645459792859,36.92244826358457,88.10035665941155
628.5805522831864,684.4431081800157,37.53105316656515,83.95908233485517
627.0282341749014,690.4359035644493,36.96335371198939,85.67566012570383
624.3676316883829,688.6289537454845,36.147420896557655,86.141912479511
624.7179185366313,688.9709425300541,35.57009149937468,87.71867100803695
623.7140971677389,698.3667077391782,34.87897487557991,90.29865457745396
624.7202088317406,696.4572653912423,34.01684017101931,92.5102029763597
622.3390104614318,690.647741400141,35.969348548815134,89.28021398678538
622.3262780842697,696.4038625600487,35.575664727282295,87.53477125929086
622.1016616984332,697.6497216945186,35.52731278307633,85.08128452848749
620.0194086961282,695.839766364566,35.7132596210443,80.1427897261834
618.108997620334,692.4912071790543,36.619504639128884,78.41011812831559
621.3684208221837,695.1877470173887,37.31032260122857,76.45324817274916
616.1905933007386,704.7509144423732,36.79952367351778,76.77519985798891
614.5298781658574,701.0169650035153,36.637791276693534,74.43452271432415
617.9865373509143,698.1780989324463,35.38269074277684,75.89886563500721
616.9041672347006,707.4181602258557,33.82025259472978,79.39922057295271
621.0304321139024,702.0350834922514,33.34337519203962,81.10054022775321
618.2558719817475,704.7835898880336,36.17284918777146,79.07379006383157
615.8330651771901,694.9792894473414,37.969200016236286,75.58677447504598
609.9298513863911,700.1788468943519,38.52229309778405,74.46196133599994
606.787046226058,696.6278009251066,36.626314865097605,77.01174160821489
611.6253032745157,700.746582934249,37.246262357799885,77.31739296189784
616.7625697164722,702.7967744860505,38.56234022705847,75.99559234674207
608.384309481422,713.4750443674568,36.44447698367908,80.0908850305025
608.1239968968302,709.902506297649,37.1430469078325,78.68891542599499
599.9946872894842,698.3593863104672,37.63755911392478,78.94879507399858
601.0660462912319,710.3643280939316,38.237895994976384,79.3550725887888
597.9258676503945,713.8629143621874,38.8644797512478,78.62252985331963
603.4732213036281,717.7334002698162,38.4649360441428,82.00290906879044
599.1928730518971,716.5556727545315,36.99235107912472,84.58882920457532
598.8292029049447,711.4907864174418,36.022994821769856,85.3207551558273
601.087741519502,718.8454271117389,36.68315591625556,83.08452862666843
597.6973517464158,719.2099602974064,37.216119130044156,83.19008580243026
591.3964456206382,719.8607061384278,36.48435965968058,84.90438139833154
598.3868765624733,708.8715560676197,38.46193530541092,81.97216938933697
593.3670570801582,723.2092447196555,38.75774266047734,81.30904777496816
586.8114136427544,719.5957246128955,39.26506740222339,79.34557566636218
586.9779354576893,716.4129068763286,39.81474286461361,77.51624570362063
590.1034781153529,716.1677319955435,40.31162595490055,76.71079657991886
582.1553171490094,710.5758698018279,40.65720721050964,75.33288225950945
587.2723924035255,729.4381514470197,40.535290609160604,75.38711970908244
584.7439749041041,728.9932760318097,41.91676971231489,74.97040298258368
581.7515724286696,725.5805578520576,43.38759755267634,72.16500637991354
573.8662249152968,725.3219599396214,42.54495818525784,73.62519746027941
572.345537059175,731.1703616728691,40.32744537332132,74.98039212404757
576.8309147659403,730.4585764633842,40.597966615265946,74.03879878503922
574.0831403107338,741.3867472958809,40.1901740013493,73.64380564628536
569.8922466927658,732.6728113038203,40.67078903482755,72.87333802971087
565.6587520245138,716.9576360602949,40.238229298134016,73.33770725154996
565.4110590428222,724.8661450379911,40.22732150406122,72.47476613001992
572.818454424415,727.5397817572031,40.60273540748617,71.94359391700375
577.810921367998,738.828320893178,41.00519822014057,72.27054498982628
583.7968545358352,735.0931653693011,39.694132009640875,74.44380624354977
590.035310216482,735.3596173151601,40.60638992010059,73.03963519015461
596.8018909455132,739.4043082579715,41.27478534118152,70.7948116455167
595.9064400772836,737.0157961356563,41.86798999278756,68.94904725470539
609.3422436151083,721.724396893502,41.42842435576896,68.86841789493505
601.4742286889007,744.8242734415014,40.152434221017415,68.99185190344957
600.4472688832701,749.9808565495414,37.97470270389992,69.66099243326121
601.1191186514773,741.5206141440949,38.414524895047066,68.2344972956439
601.9307200332044,736.7792559780585,38.166716711427945,68.02751280357157
603.4980394221943,746.0466331783831,38.05030037810773,67.00514811444035
602.0734932587197,755.3358958929225,38.81869057480694,64.49612386009821
602.8994669583661,763.0237414691225,37.724899496634535,65.12058751675279
603.1929003080778,766.9938051441679,37.26586264947533,66.25309146938787
601.1415602195483,758.50465582744,37.29282495330747,65.30244752888693
600.4874004661644,763.2421814876018,37.21281509479711,64.97216338705297
599.1782381053093,764.3503006454034,36.13286174775665,64.64551165363912
593.6623502792966,773.9305826019296,36.46400216192785,64.45990990821139
594.9681273907031,777.8549512034886,34.8599891026661,66.01194111923547
594.5669777023076,781.1017944217934,35.05955977898228,65.04254158514405
618.3144181805582,801.6310702914836,36.218780753151016,65.42603083963436
626.0314479707336,823.0446363834591,36.0932584128701,66.24797731769577
613.1036473137272,826.7412435752774,36.39372263778148,66.10362734187143
604.4460670992155,827.0370963035896,37.619192343668665,64.25146880060366
602.6683919046312,841.2090968195532,37.997994942533595,63.78440414017519
595.726366606288,847.4771102702823,38.04994022807654,64.51755003255262
596.5851048214255,835.1252127765188,38.75868775691811,63.14886539529168
610.0167181254552,815.2917000657914,37.20397231923859,64.01552494988492
602.7459108424019,825.7179753071842,37.4657332131665,62.39345642642369
601.9045287523321,825.1310298769299,37.83501295823234,62.52621273659062
595.2286097057639,830.7832285981434,38.32874181397545,61.9876559950428
602.2411439333137,834.0203791714114,37.818875807990494,62.48284273563585
598.9739935904403,810.6515201588089,37.02221554167131,63.43009524710898
594.2438674014281,812.2078287369114,37.420639634532485,62.70353054031866
600.3779862618675,811.7242070799917,37.87777897973338,62.33200537699809
594.3253526797274,813.5220851422182,38.37840594456904,61.92947312651374
596.0968532629987,818.2246141900271,38.16182525074621,62.129053408418194
592.054524200026,827.1132291401069,37.252357672720834,62.54017497108478
587.8366919553584,823.1390748525603,36.786327914028874,62.61461791449532
592.4847278289427,825.7185488774104,38.16136123784662,60.241095001079486
583.1297390205525,829.1313414834885,39.04746666081209,58.501464654168664
582.257326488662,829.3141573190547,39.30020084370269,57.97922836083348
581.7877782123263,830.3953619290062,38.8998128920741,58.28941672138771
582.2674096293428,833.1356177826048,38.49751101319018,58.27069458855336
576.6354048111464,840.3074111082832,37.94697890222585,58.52359178890025
572.6978537429865,842.9072395216662,37.27218539303628,58.57937450607659
566.7506218639535,837.9740923807464,37.700716546464456,58.024475555971286
561.6462593833903,841.4194797035682,38.68079538957549,57.01770553792369
561.2968971226588,847.3205791772211,38.235038266795286,57.30163138625046
568.4500237026803,842.0611474220157,37.686996224162364,57.933295799957584
574.0435586510694,855.5805471863805,37.63119075769586,57.63542858098436
578.9354733456448,861.7214902186639,37.5474120511135,57.715817607546725
567.2009040689912,855.695636638914,37.85155096726889,57.227214819207205
572.9517391612345,852.195926650726,37.30676700678174,57.787577455860394
562.5780989622871,864.9450818853295,36.81073796067086,57.20003492657165
567.0347734600971,858.7093886938601,37.02074610875723,56.90806068953519
565.8559229343239,863.5412977071422,37.26159151644616,56.62768668337276
558.6890518502752,874.3893521003887,37.070570237141425,56.35946735851104
565.3714248858254,874.4515060789154,36.24454308824747,57.07247395880382
553.9787981588806,879.6901395296735,36.43067683495755,56.98694733394932
553.8552598342098,878.8315650154831,36.69798312391166,55.66135887585877
547.1032397646785,881.4878505385129,36.55547433363304,55.62325676789484
546.8450079985995,877.6623703420172,36.19026281498829,55.663464226662015
536.3750934080621,888.5561118072616,34.91447887912239,56.75704651748206
531.0143738463073,890.5220750923056,35.174884233217504,56.033425688475596
536.3810685792482,899.2062614775637,35.40733536386798,55.57599346939951
524.8377406769622,897.1973635012537,34.90785783202146,56.98840279184884
523.3875009234957,897.7187457418565,36.14306318395982,55.540614580258946
528.8983469366856,899.3737444839134,36.47466134595324,55.09786109037131
521.955952309612,901.9812797483755,37.30094240718518,54.07397710864413
515.8511346814336,901.9524366447275,37.21692691152801,53.76928919321146
528.3668576248288,901.6915390125653,36.86097073673592,54.061540119434795
527.078785180426,910.0357191351877,36.99448510045334,53.31777980800018
520.9509555330517,916.9323157353583,36.920983798360815,53.13664504251631
516.7929203038734,927.0398773531797,36.81893927582457,53.03522310570963
510.73794583305425,933.4763107518352,37.721405218400584,52.43520735948621
505.6570833467154,939.5027009354975,38.05653567180198,52.021758827045886
500.12277471120973,922.9717199049319,37.312701784501456,52.816876907066465
495.0512066450662,929.4100907644391,38.231372008113176,52.04157079693993
496.52048022021665,954.9365729930239,37.65461552235802,53.053310926330006
496.84474015253613,962.7597499897912,37.85660282915313,52.916381014008174
495.9718630835104,953.6535679114419,36.937957981715186,54.245604897961115
494.98196798751525,943.651294663525,36.84277337717154,54.21305769185024
489.5044876670346,933.1807500505238,36.986963584438,53.79715573029323
485.0971336282061,947.0819300972198,37.12927044215932,53.638568940793675
479.67878144417983,935.2277519888125,37.50846625317144,53.610672259386284
484.1769568273641,910.6826257817286,37.895737932278706,53.47530012548509
484.8054455691727,910.7984191616819,37.953609896364036,53.382815584962465
445.47602819838687,870.0962609532918,35.400009798887375,58.10084113208873
446.9240475871022,852.0151713680498,33.88302081157465,62.68729801669001
450.8307362731932,806.6230845408043,32.932493278713316,67.0127905937918
449.98989907283755,810.0584047195944,32.038197318254134,70.2832681018002
451.7035575163502,811.3934968267889,32.027297387792025,71.20725788167758
451.53582944945964,817.2620181739717,32.48745676801559,72.5639921289962
452.39715525509996,815.639583335985,32.92168846224811,75.97973499124952
455.4285775681724,815.2953123972761,33.896571931035446,77.42822682087501
453.71968647442145,816.5803204996009,36.04079657425141,77.06456106507699
454.1275704791724,825.1934353258048,36.50900550180875,77.76826342022682
452.01238404725507,824.6148029423987,37.429665019999746,79.14720288106699
453.9097397801437,828.4974306047131,37.195939630629724,81.32019017890026
452.64435239528893,828.5423200308173,38.1836134724731,80.76383265621854
448.21677900776257,839.4346391994055,38.48010909880839,81.66599313904203
449.70208627317106,842.6608103202211,37.69730417738184,82.89828276010616
440.8177551090818,846.2345866005704,39.53585378750527,82.0992110912052
439.7433964789166,848.0207721225136,40.75467466914798,83.92803128657789
432.8168888712164,855.1712714209579,41.01310776857878,87.0455764428909
427.22611055421106,857.6292958106135,41.29290454444853,90.71250079256879
425.05896612182914,862.4564885288206,42.06148111126666,92.62612808630278
418.16559623326447,870.9426403257145,42.79599295257661,93.80905952584402
412.64050768891815,867.4732566432427,45.06288835018248,93.72726422782412
406.0468249153531,871.4313281098454,47.303330523887084,93.84619738294478
401.0270688468229,883.3839342238464,48.4233318949053,93.00361093501527
402.6019108161739,884.177386366933,48.887494954768904,93.0365722829658
402.4821034757001,891.4735626486479,49.426911924749376,93.66297955432212
393.1055366550677,897.0300408527296,49.930957193497726,94.13378393712001
381.3950005191247,906.50524422509,50.33217812745923,94.29911171840554
375.4560581247709,901.0025817032689,51.586075319078745,93.34616645331138
369.8866639136584,919.2189723347399,51.539978923224886,94.35548325611666
373.02755359883236,920.3993303762676,51.482327943311475,95.15681517112463
366.09976562745754,918.1799952373045,51.71810561336211,95.45451725137919
363.46968377512354,919.874686956995,53.23873480200795,94.48382883168064
353.60200574744783,925.8830021256931,53.149702136002574,96.44727429109125
348.00030967030403,930.2463323738087,52.92995239281193,98.3292958040268
340.2273066824793,924.2533316117884,53.627266246191084,98.77531013337891
335.8672632950047,927.3051896826291,54.660658957619496,99.04413386939613
332.9969595326682,934.1718902726767,54.18935896421269,104.61159042851321
334.3982249431386,938.1828951656735,54.29987649067299,106.24903090754528
322.83533138194946,960.9916197446526,53.3565767365677,107.98586421532798
319.7004337804645,953.0717851402729,53.3470957324704,108.63774044873985
318.1147017568451,928.7801495551602,53.86560699841212,109.99709776347459
319.6020691089637,931.3787504347657,54.40531595478387,110.56990882116406
318.21402904901737,931.4999417030904,54.84853621789249,110.68238652242755
315.559968132511,931.8332699526973,54.96410643336875,111.52309782596706
311.4010477097283,930.4858914554396,55.46956483781045,112.90863506295877
311.99802888233154,931.6465191113683,55.83592432141793,113.73720655989368
309.5684617145756,924.9790063236699,56.388454103855494,113.75810033216715
307.3013107488271,930.1110432387659,57.2895327787813,114.59310216077793
303.79155452185756,931.0833966261499,57.38446030760042,115.73737240235846
302.706253875781,923.4625447630855,58.58732333763248,115.04328677214849
301.38977940651785,926.8492493737517,58.69504853372532,115.88674215938937
302.50263258705365,931.8100820969619,58.88461796675,116.5123349653185
308.36818516568434,930.947375394208,58.753693065696325,117.38320929227554
308.38881005634335,929.9617974221056,58.554743628122,118.72650890548155
309.96661913873845,928.2787269355152,58.89246025679202,120.04488215107689
320.4963553836663,921.8732092695127,59.88694094322749,120.55010742261334
324.0791016544666,917.2212453056543,59.58252270962246,119.82785395226662
335.14329251603283,915.6528149809617,60.550739338601815,119.31672600816344
328.1296151944012,927.4502219286512,60.15448980921064,123.04171082265603
332.7707418003762,923.117842249007,59.94461109194249,123.4635821472634
328.6068094588545,923.0223864539871,60.14848755048084,123.4181890507912
332.9573364046069,924.8698175783147,60.248866584808646,124.57740026681765
333.3124221923606,924.5513339566781,61.0401391449225,125.18253913803711
334.0087330526282,923.37385478824,61.72918971465774,125.60306044065685
335.13208773948935,916.3714293654201,62.24664916225598,124.41678567046029
334.9649998326032,922.5631586814634,62.6787488109647,123.7929775707693
335.91465505118117,919.3723428687338,62.89745891529083,123.50384650977935
337.9369572952087,919.0707466966942,62.864791032481676,123.65812194495312
332.4029492333053,924.5067704793759,62.03190576836832,125.71872466818958
334.5085268896927,924.5610883056988,61.78242421714084,126.65410301456167
336.85102541502596,917.831021311823,62.2304122700842,126.01200903077711
336.06647962392583,927.2315038501373,62.75491300271689,126.48602135702119
330.9351999116973,927.7833135083725,62.23450396800088,127.46007939313846
329.8268742905557,927.184343950571,61.84724940088023,128.6466802180678
334.0443602296789,928.5503092745063,61.684084288773164,128.35299094740225
330.7870871907352,929.3966990559335,61.76905558901414,128.34460255897125
334.4720017824404,929.3821399756898,61.530782423803885,128.8914039340734
338.57729294912974,924.9925710286167,61.852753752230825,128.3438105072426
341.20537849847426,925.67454423809,62.23397368787086,128.00683909863707
347.7632021956377,928.9743549518789,62.22207713185414,127.14930994455557
347.6271679986463,929.087998827651,62.62018378209878,127.23869534329882
353.974572014652,929.0044409924883,62.98966052913269,126.54858495917381
357.7935983493123,930.4203278211918,63.5585806085766,126.32033325430552
357.94657569642845,925.5226232268036,64.41061422676933,126.09486800741206
360.99146852997995,924.0423418576847,63.99656615721122,126.26235880352499
362.59618315413854,929.2576966298103,64.82973463095556,126.96063443704999
359.4132883840802,934.987159588313,64.90584632299819,127.11089089025921
362.0309290075742,920.0907408650703,64.55310554002789,126.3950878128681
362.2096449954107,920.5884012327089,64.99897305128746,126.72066456515928
359.69187481482356,924.729236552866,64.93695788727942,126.74810985982526
363.3039684147679,924.8804763564171,64.89033861696365,125.32744769693349
364.26188738557926,926.236878874105,65.06645811004906,125.16373629922208
360.055594651396,923.7923920643194,64.70616253545101,126.04094295594881
362.3386550405178,928.6465318982862,63.61537187152734,127.68689406776318
359.478305838402,924.9402504705816,63.99146278377189,126.68004318158518
363.6198217194323,925.6272002286158,63.95276765272552,126.63923870775473
358.37691757362984,917.9102896074043,64.47665320720135,124.49740753031482
362.73235494719955,933.432910517008,64.11992982144703,125.48947640299826
360.78276695091995,926.4861129802989,64.0524907644893,125.04729562284767
362.6926689595657,921.027382514932,64.20095303439165,124.49703444174119
359.926287074029,925.344490679613,62.91702187255499,124.93005430752999
359.568595730739,929.0413838366527,62.719808832502466,125.52253724909744
361.23808878859666,931.4358391180704,63.23488449833818,125.00139032188994
359.99874948160164,927.8606943139359,63.32086900939981,124.9125051976619
361.409132881132,936.5484099930326,63.52523173950961,125.55769347413656
361.46129151954364,943.2237223565493,63.74466340965703,126.38132943951172
360.60745999687094,948.1351680731187,64.33788817084965,127.59202929776612
361.6319757255761,948.4215007508463,64.75046655256045,126.02067057706799
362.70519797354694,949.3148052193211,64.76998174138726,125.99839566803114
365.45318021266905,954.3630696514241,65.18794584312049,123.08631224666556
360.8548558808079,962.7812059285272,65.43912330901304,121.10735069715469
365.298461815101,957.515492585858,65.63693120190189,120.11850249567212
368.0842248858681,961.1648726178508,65.2467052146814,119.07384752120018
364.2812646973716,970.8351954063295,65.4867222610246,117.957572289258
369.38859151357343,971.2653887884657,66.40460654232665,114.24860801838324
366.75544212008003,978.2130194194646,66.95634419344958,111.8257316561528
369.9546794905397,982.8128167112079,67.51579195761049,108.48688289994735
367.3036580133596,985.2140758067283,67.69479152128673,105.54835880314988
366.47729098356535,993.9696609969401,68.84495243026507,99.79844448574983
369.63243369427784,995.0991467876315,69.4323582202496,96.21291098457198
373.21231063757534,994.58554503632,69.02111558307102,93.71369320116418
377.71426574314904,998.3933053957697,68.40720320884964,91.99093542562805
378.6900073298615,1002.711832683277,69.44483238873481,89.90438117608664
378.13912719615894,1004.0455668501313,70.47585751236802,87.13373573112034
375.240373016557,1008.4381706551616,69.90574181210688,86.21269029251893
375.48470119163073,1007.0031399760305,69.01888442120723,83.74143721601098
375.1554824497595,1013.8065531958072,68.55162977247868,81.81758436690114
379.05941297268646,1012.828014610102,68.71575811627298,79.89463909464207
382.66670914908394,1011.699893329733,69.12860974205894,78.85537791815344
381.66647472121497,1016.1680952936682,68.34155651504977,78.21599867964218
383.4970154356541,1015.9520994209173,69.57948823236674,75.42203606211724
384.8744775735817,1016.2635160543199,69.95910333394377,74.40131026668662
377.92906998193985,1021.6329133533628,68.42804150869816,74.64791372190501
378.48759147574594,1019.9437043113472,67.82153454060024,73.53148202422497
384.1633311912597,1019.9824868943427,67.31396037678903,72.05787295403053
388.4040303243056,1023.3001417273736,68.56773419523152,68.26683046626836
384.7825473808257,1025.6047134463527,68.93846016993132,65.9020087674138
384.4789154328102,1022.6486092804315,68.2093112021004,65.67048153899366
389.2073508425727,1028.8014231328998,67.12507636718945,66.68963863484576
385.61514701048935,1027.1321080206394,66.28966052028154,66.0845704499909
385.2877088501445,1023.6855823651806,65.43336205891607,65.97556396010394
386.6877733537022,1030.5265740626487,63.678081032646176,66.55555429928259
387.43810895627905,1029.2303501030738,62.17520173651182,66.7633597930837
386.5903500032938,1027.503107457235,61.353063861470346,66.71709622011943
386.3565818088377,1025.7301481557677,61.198969666507665,65.55573438462037
393.3159332642346,1033.4178105040319,60.88481079574977,65.5976143673154
391.90064985731476,1032.5093412010285,60.503263039075016,65.47415436528735
388.6759602199795,1032.057944485148,60.564125422806185,64.88539571336003
388.54111662139474,1032.1369573390382,60.381101813765284,64.1193450326313
391.54264611642833,1031.9319118635597,60.522436773280006,63.64659854066282
384.1861046073587,1032.1190996993232,60.39403924573614,62.96453505274201
389.38076306480826,1044.0338760702023,60.95570083206725,62.826178183612015
387.03261607867415,1037.2562288954261,60.931748121487786,62.682173883580305
390.6707582437595,1038.921466739107,61.0129731514965,62.67746593810452
388.2165625609313,1044.0639136111788,61.52530488550736,62.508775276794516
383.99042778450905,1037.7710560551263,61.55678410631305,62.42035732800286
388.8685421577157,1041.7929723533634,61.69007816794536,62.38050704692177
380.9967143538542,1035.1175101891313,61.65233518328897,62.22283046235102
382.31887352974564,1035.5231870420112,61.62906582713148,62.186136151387984
382.85034129673875,1038.1189504774218,61.62971969722565,62.09732696181297
388.1444525215682,1044.463335734151,62.16508633835284,61.635520468848696
392.3791186429716,1040.825533418944,62.29918487223383,61.49125972704494
390.6027181886695,1047.277199043259,63.026995091586905,61.000578582686586
387.83002603370085,1044.5380953007689,63.094157586815335,60.928150198924506
386.2433576980241,1040.7279159810175,63.075183030387265,60.823888255908265
390.9806120557214,1046.206049196619,63.50349015568225,60.60709050776857
390.02755531080066,1049.6735508301426,63.81200568656809,60.65289833971456
388.1017547588066,1046.784958147844,63.93472529023028,60.607137605861794
386.4288882693292,1044.1229981172087,63.95484423974175,60.583697387785904
384.9065855528176,1039.684751553612,63.96063160805189,60.56592848025622
383.6494153176398,1033.5811228779437,63.98329500594943,60.53308691554261
382.8914794320698,1028.7801579905745,64.06022408595857,60.45599534832934
380.5409643994619,1023.1279089141469,64.07837157833202,60.402105740210466
375.91452068787714,1015.9971075075939,63.826822598144446,60.66128041277807
391.59545543825266,1004.2185605777025,62.72673803488213,62.11190184784591
422.31063824084436,982.3190866947236,61.25583716376973,64.59942445156719
429.2229832586963,966.6366413056173,58.982321430626335,68.27648514748432
426.4513289321383,965.2283570108867,58.694672558406054,69.03822623025744
433.5141812947659,957.999894244105,56.91134750511786,72.55346288384176
430.6406699657024,962.5053101890481,55.96756504958124,75.21423553403648
437.1135983758611,960.1338718163787,55.83279974927298,77.07494064113112
433.0833099582083,966.1592703763722,56.25089091340744,77.6532405505402
428.8108764876184,944.2890273861353,55.136705826827296,78.99937116007723
438.9760763311037,961.5159407885776,55.540072258698196,79.70006739429587
436.1045616627806,954.6410686697943,54.99350386265455,81.94169328891533
435.33573553934934,969.4780601536232,55.30610184857967,82.49429605300108
440.88408694265837,962.2365535113787,54.83688873395761,85.83861653516462
431.30412891386385,952.5096109390012,54.63460998156018,86.88287883982018
437.07856469436695,956.1526712802684,54.721326647165085,88.54018083927669
440.33715195442664,956.1760464353168,55.370901095898994,88.54630969774809
443.647310961908,949.9067071624944,55.67202879085069,89.07888524265111
450.1830238176097,928.6217539120838,55.359227417644284,89.88881409819552
446.0416923995677,899.4227971449154,55.21711787132619,90.92241635718126
452.2653536250954,874.8603135726124,55.48358682448534,92.72238489901441
461.1668444825812,870.3797401755999,55.42282221076711,93.07855811028278
468.3723409005122,865.1250884887016,55.39615489109562,93.27656871107227
463.2437589290835,869.8731723024965,55.599299119013565,93.26379924204119
462.5592335436443,865.1962230256034,54.929746041952065,94.14552502821522
462.3600894240196,868.167389464136,54.98301425010137,94.2627598657838
461.035198291117,872.0770645634174,55.021838021219985,94.28702385636936
460.7143391655573,869.4537563195231,55.049731214330535,94.34133753882779
456.433074453051,894.3153405178584,55.89018047812142,94.83906717500196
471.3918956359124,868.5321292229943,55.82835392408173,96.19274808707164
475.85270877564744,865.2635409667992,55.901196825886906,96.47647639714016
480.82884539115537,862.7707126035741,55.912835638889,96.79084907427931
480.56795857322015,865.575187685471,55.72075197314011,97.11433161163177
477.67726052481777,866.4853179045039,55.58431563085817,97.47773462815414
486.6122811955537,870.5848090457089,55.480872653079324,98.62343981558294
474.1822680708347,865.002291417466,55.50528071204421,98.69838374257937
471.2246087862687,860.6204528837453,55.527292920482346,98.73870675175786
478.6620899354619,858.0798200915403,55.42266699375812,98.93875573295514
488.3236794981248,850.4836889014848,55.39257767869382,99.12876611172324
489.24076006937037,848.4122480722681,55.41460329203301,99.15213392240382
490.7598651732839,846.0690743454611,55.42639402769843,99.20142340985524
493.3418665838278,846.2303750252703,55.44168944296824,99.21498015032499
496.41623913636596,841.0054871585585,55.45197885496131,99.22137965655335
507.6888804019013,831.4091238195792,55.5489811235902,99.39126759697255
511.3246892843499,823.4642587737585,55.84174703866711,99.53993896085859
511.84755868108596,811.4152502544455,56.02563995204243,99.54057270036466
514.1079891754212,806.8861970539734,56.23362274160283,99.43888429180852
516.1093097214855,810.861298116492,56.67502647154357,99.31350477437215
514.3228735324067,809.1629687934862,57.037420139901904,99.44125338168044
513.4777706961912,808.1523197029837,57.353868685214486,99.45944602640931
511.9200009499868,813.5048449177212,57.794528797250294,99.31174397412563
516.2080718630531,808.8035219606106,58.077198797200964,99.21312043429698
518.1067405498198,805.4413016253576,58.19936631134826,99.18103320675469
512.9591867239338,807.1412386538026,60.61148922838264,98.95156368535893
509.00939227753884,809.608991585303,61.56376507748379,98.91239167058396
509.07348909626126,803.9543321280977,62.272165463102304,98.95229289676757
508.1103419820529,805.8553745947683,62.55286849891441,98.91876859352556
510.26354950172947,810.0724044457959,62.78357180717599,98.88075831410136
509.755860473709,811.1261504868568,63.05256962504056,99.04349074165201
515.58968970413,807.9274976211824,63.541431590678,99.29956679516452
513.066144841878,814.1006817275886,63.7988021605236,99.26461520616819
507.91246069174497,805.2135203675857,64.23475356965994,99.2621259973471
507.7467664180959,809.7251085311798,64.46243119725743,99.25740769841009
508.65827362321704,811.9467903076695,64.6475870549586,99.28965977638232
509.1225487454124,807.8420641389665,65.03386216356367,99.12585992714693
507.7219272007612,808.3969925692679,65.2406295135319,99.11863091862769
502.7324695202838,808.3951608678027,65.46053418251346,99.14583558634271
507.98126202130834,805.2554361077019,65.77911210678302,99.26303690890607
511.4858409355724,805.9229898567196,65.94812521015244,99.26441672888261
509.5549418138662,798.7881303462093,66.61758117646421,99.1849080021904
509.25191904716735,802.1898584683299,66.81245619008513,99.18336455458044
508.0309323795834,804.6419668503906,67.06411457140963,99.19261481481868
510.12205929263223,801.2688297228614,67.09944655340108,99.18125119178657
513.789860435023,806.8486388889975,67.36080221641963,99.12589839377999
515.4139333283273,804.7176783886615,67.39015941212716,99.11911174701282
506.9223743305147,809.3585324915298,67.69565852766067,99.13232821597698
504.1175472143754,811.7091773129749,68.06146116838305,99.21393257084507
505.0779409040328,812.095411252438,68.28915823712296,99.20677523098159
509.8920210115853,811.2983021428828,68.34880220967273,99.19742061475634
514.8681668384198,811.0901372669936,68.38307789812832,99.1948781442284
518.0546038337034,811.2663612532975,68.45927811193691,99.19093489972062
518.1879232000691,814.333591319187,68.49387110744414,99.19591657099573
522.0256756444084,812.417889462941,68.53647581674203,99.20311990359369
524.2921524701142,810.6889002072849,68.58212951640256,99.2061925497962
517.8838451973938,816.728426497646,68.73704498049923,99.23386233063424
525.945205284589,815.7459919916213,68.7787155196915,99.23993715463739
515.3011322953386,818.9693206848079,68.91250870412365,99.46656636661562
520.145494820276,822.7301019307654,68.99824007438015,99.58940529434861
517.8973042397433,818.4560376448666,69.29571248672188,99.82009138485232
517.5531447782035,815.160256395376,69.49595165705948,99.81764596075702
529.084808002219,817.1899223536439,69.53155195428313,99.82464382399135
525.3494806213171,823.2603045430119,69.59775508998013,100.14533206843879
517.6672825083431,827.9386190841642,69.63207098083188,100.49239457742394
517.7583001143855,822.0830066172615,69.81318426835661,101.02020803532854
524.3496050540036,820.4375398983912,70.03391749035774,101.30354788739203
530.5006050987413,822.675607114172,70.01621207304177,101.67852342909838
525.6333374283525,821.7607644334723,70.05276855728795,102.8092946831751
525.6251876466112,818.1938800121326,70.18310433038826,102.82342454809539
533.6920244150822,825.443780912853,70.24494658318716,103.09475584511945
538.1705433404499,820.2502467084519,70.24608427716898,103.10509131759225
536.5526539534002,818.5856898675654,70.36906768312141,103.28377217567038
536.8569747525796,818.1987311979478,70.3724749020952,103.2954363543586
537.8303631961816,818.7816587351898,70.3792324821427,103.31219799908142
534.5473480364327,827.1421218110876,70.42396186222241,103.59189634252218
532.0186205711507,825.8760517942483,70.49496893931465,103.91229871778567
530.934767933445,826.0729958832479,70.56734678996366,104.04263153346487
530.3556233986442,826.1122984404351,70.84347093026994,104.4543874877468
526.0621116068131,828.4120556699827,70.94325243033953,105.02789451640494
533.278710323732,825.4086812381369,70.98891378590096,105.14492919322826
531.9446692807178,820.2713654565124,71.20820917166628,105.49079930137177
525.895254073174,825.2924828412534,71.20053816311278,106.57464685953303
522.9482865811011,821.9255918280811,71.36417472477767,106.76824242042886
517.5863920012281,826.6264785732873,71.49127250348533,107.12940208332606
524.1261226439584,823.863867168763,71.52733616084615,107.21744848855995
512.8228708896496,830.5828990144236,71.64564966346516,107.44459374985918
514.9340538635353,826.5210564981544,71.98365338518303,107.60517701418664
514.7827046400308,833.6910864257687,71.88551247886146,108.36072097882992
517.6312890223642,827.6835407863173,72.05873819102526,108.62937849460297
525.1082265350569,826.3529058713659,72.11927453083985,108.65253494925852
520.2536494983112,827.115846184937,72.35998894850738,108.81944008765545
531.9203665388104,827.9262212149076,72.44200105855842,108.93442187480977
530.7951180933821,828.8385099385468,72.5538933526714,109.07567492334677
531.3412160871253,830.9807679911069,72.67329444116946,109.21236401467071
540.0007773413619,833.8125907734754,72.67173661196209,109.22794131642061
541.9652666352347,834.5310048587766,72.66762083643522,109.23827497591068
541.3248389563468,834.2990799810464,72.65381899467374,109.28892776209518
539.0413274884093,832.0732256234248,72.65079158560208,109.30637859890425
534.8132658833858,831.3401246293064,72.66485873464559,109.30846097591464
534.5317891664739,833.9298116943584,72.67362613224799,109.3067213554146
533.598474934632,842.5684598123503,72.76323851436683,109.40599385028763
526.0539381353589,849.821552896192,72.8094873671232,109.61274624315736
521.9040750098723,850.1925267488908,72.83201188876251,109.74263496287081
531.0129329936751,853.3916721397377,72.854058185084,109.79948464724124
533.2386962511878,848.1644689972916,72.86049325925272,109.80500155739746
530.3313012606582,848.9783472602662,72.87575373256055,109.80755781877183
524.4872747417567,852.594639362897,73.06518016437373,109.91116664292393
533.0490336751864,856.6049708317195,73.0656576447983,109.92080102551179
534.160843484448,855.2445247133466,73.05997188593588,109.93756488697073
531.1358050310747,857.2791313590512,73.0577609860464,110.02406521339226
539.9578786444195,874.2509671530331,72.02275909500548,111.9534736996088
543.079268053051,880.3888789037873,71.49266820840542,113.20444294130849
535.0751805375321,877.5599770713635,71.48342925848415,113.22477901777812
529.9470351981056,876.3950497699317,71.49096887480002,113.28463841106979
527.8190172670598,881.4668388397533,71.49065542672611,113.29996253317425
529.0728650948142,885.9056555735484,71.48893215613919,113.31895747341783
529.8242533788821,887.8032118246957,71.4836635701684,113.33019965050148
522.000058851502,883.8286671206263,71.61481523665681,113.35085174860676
527.7851840690167,891.8340835380545,71.61365551337548,113.35586426903612
534.6227541828274,903.0735668687589,70.61201641603397,115.5578747273217
531.9992987784158,911.2983608677579,69.64317573856927,117.72613150520598
535.1900369928659,915.1477233258761,68.76445796545367,120.85791633365187
537.533601274398,909.6689301222722,68.65196310188135,121.12578166097092
540.5124078273292,911.4784908068551,67.57968484353654,123.30241226526785
534.3026062232848,914.8881436999693,66.67378504209779,125.71735557974206
536.2772551475736,921.8356400801003,65.95616850911183,127.43782925698721
528.8761875249847,920.4007854842595,65.65145177092293,128.11048389406034
533.7418435530432,923.4102473212708,64.63129374717082,131.00450149110947
528.1723095754514,923.2002204171697,63.08174114854628,135.0375461109067
535.8091329668841,923.7622855980563,62.425431794858596,137.61126967468354
530.1167447399524,925.1156590286323,61.18180407032719,143.67455050929973
526.2251936481521,925.5146576376958,61.11216624074939,145.34633499072586
533.5353997934121,925.0106772392857,60.009079647071914,146.0219518967745
526.3279764387767,926.5414589463271,60.468846186313925,145.6856340490056
523.157868821868,924.7843896416539,59.41259445516384,146.65921966001576
526.1856078111349,929.2004094635126,59.02675016692841,146.61515685129905
521.1958329397751,935.2467394154124,59.47066063538786,144.55703028290614
527.2219778687648,939.1864557060638,59.940329766940714,143.0234535275029
524.5699985124793,937.5957818371085,59.58557880213767,143.25995713642305
520.9416343596538,931.5633231230988,58.43806887341299,142.88626399938533
518.8425218247087,938.8400329100402,57.40201933658657,141.72078570777526
516.1532719446575,945.5537094222555,57.62808786214643,139.64293616523017
519.3048487211091,948.9833503987954,58.70031459739692,137.81806878792625
514.1630855231763,950.6444875317799,58.966400815035755,134.24978246169658
507.89900664237837,958.616122070772,59.11412811721624,130.89827113523543
498.5311048194216,965.8919188732312,59.98454535666576,128.36266691411242
503.4155644065684,969.3890813429849,59.79751674618308,124.20086182786345
503.75356612645265,970.0597681908191,60.80081582642073,121.83187388584827
496.0873695273966,974.4597694464456,62.29548140081717,119.12774092808445
489.1647664617479,978.0805412051534,64.31732284419338,115.9637178438921
494.9125441748625,962.1417530455002,63.5430146491009,117.63336069885982
487.1839661345401,958.038106151815,63.637508523167114,117.37552155422266
482.00805430886624,956.9059290999609,64.55649805458502,116.68763910116978
478.50350508213006,955.9560577358155,65.01877470101,116.65051812946575
475.3896204382822,953.0508239764857,65.19150751267216,117.42602378673168
467.9272981063777,952.9089908221761,67.68360592292547,118.68480623934599
465.3835552713206,957.1342097492159,68.46160716594655,119.01458332774544
463.91863538865476,959.9659361574755,67.72951956638586,119.70974619989975
450.28071502820643,961.4162584865642,69.4368364222802,119.32906158648687
448.55441201813085,962.6441225211402,70.1652163635904,119.17815563983953
439.1857613907472,964.4588968423608,71.53093524085241,118.50061410222514
432.396945782137,966.3510792814111,73.41321849428275,117.77881850133826
425.82225753293403,970.5413154738412,75.23297509365844,116.94601100617177
409.9096163273205,972.7978450666335,75.92490864317918,116.43362602972871
419.2750707789135,974.2115499264619,75.9391845327075,116.42316879667358
422.1932684816919,976.7095196757431,75.9472407328215,116.41298678920991
410.8192387450171,976.3942448177642,75.95551789140755,116.40764093882338
414.22527264882797,977.830312560395,75.9801566339339,116.38181180631236
409.624731584512,981.8507191674802,75.99177242665334,116.36945461570326
400.32305334398836,982.7793021508103,76.00273832279582,116.3603332702046
399.98626959709384,984.4912746998054,76.00655429698294,116.35640351188347
392.612206185195,986.2044155081411,76.02652623741766,116.3390668119439
381.27934206469473,986.3089666730054,76.02967682024688,116.33689937934842
380.639693960179,985.7303880427813,76.03782510320855,116.33140200030886
375.4694584466276,986.4364838417666,76.06866281821215,116.310558484146
372.5544286807844,985.6160768027928,76.07942127005518,116.30354390573935
367.17899615988074,987.0571801657323,76.09347833655501,116.29414658041996
364.4744798852577,984.8886215242595,76.09606447111409,116.29253146336369
361.7043281710409,984.2681238292699,76.09875484136582,116.29092025336531
357.39015541832435,984.8582422184348,76.11968928950417,116.27806207667498
359.1632651591007,984.0778530721907,76.13020683359535,116.27114900840566
359.218790236301,983.2023727335409,76.14825413393298,116.25992741686113
358.03000810381394,983.6479901137682,76.15135215668731,116.2581166477308
353.5570606616477,983.1679021878394,76.16179710764673,116.25205176114753
355.72888692693067,981.9916785539566,76.1732208910173,116.24546510986167
354.41354539213893,981.2584688224019,76.18177826131968,116.24029872434913
354.0476136515197,980.2837812835887,76.20096300254626,116.2287653725765
355.1283426354314,980.2995249650526,76.22991198793342,116.2104338227559
350.09931756267395,979.2687077169292,76.25187372121533,116.19715319176514
350.67574457956715,978.7586175892504,76.25807630624261,116.1932922606215
351.2619719040722,978.4396635890653,76.27421919279998,116.1838828401973
348.41096582359773,977.5566311367478,76.32924562424446,116.15213311200809
347.3148928875127,977.3611446502937,76.45559524019534,116.07809418890712
344.4086870408307,976.8720120087415,76.49402937778558,116.05593629814001
342.0631149804175,977.172633549689,76.52242538195178,116.04038807148535
345.8256351830849,977.2122160716789,76.53418005057105,116.03402464013229
349.36849371442145,978.1995661558884,76.5601854916378,116.01791305497157
351.462635778639,978.661940964318,76.57522109201413,116.00723155879653
354.27475350915324,977.8552975017469,76.58866538650615,115.99583671212766
354.3787190491193,977.4165930608445,76.59618690519812,115.98865103822008
351.2154150413136,977.8057699240981,76.59834290712621,115.98672979700643
353.10052530285543,977.1524876135675,76.60722769761843,115.9785494228899
349.7361866963935,977.7955745702498,76.61554667968451,115.97191735370725
351.10854291872215,977.4402873913004,76.62650052820536,115.96236289046703
348.9503872856708,977.9655781050784,76.63957503438267,115.9520793596747
346.80748902730585,977.2884298702746,76.64616840363189,115.94714130747131
