1259.5,702.5,46,149
1258.2817937537832,701.5153139726185,50.26270668409822,149.54738440240772
1258.2592316121297,700.9794915323164,52.16088207530849,150.81821764159534
1257.5803206484393,700.1499119060828,53.68358907143674,155.07238873069542
1257.9482952964854,699.0865428491459,55.65287970217623,157.2493517296735
1258.5837894051924,696.7596370692326,57.081757818325315,155.69415509119725
1259.7164614783555,693.7063279718587,57.7852587664882,156.10347672119025
1265.823806349374,694.1961536546868,56.49766430596511,158.815814088309
1265.1101393882939,692.107096225819,57.43247388575144,159.67817444796447
1268.24502887209,688.5915239452676,56.787753049085396,158.7087522530531
1268.3172710862173,688.9144344093688,56.72333420272656,159.4889232062056
1270.1390318783626,687.9010281567638,56.88413491270294,162.88463832291615
1272.636996540294,685.0492079344575,57.459058774000816,163.39944607117832
1275.1241865858678,679.6842498305472,57.48732788448968,154.92536791050156
1276.7341756811084,685.2765931032643,57.64166286373596,152.7472376608232
1277.6932938786085,684.6185934999397,57.77322553311916,155.0466809410134
1277.9164354635707,684.4978280147116,58.21909242382908,157.72809902033453
1277.7326475156729,682.2939699361417,58.81352714225952,158.22076392806972
1280.34373660983,680.0894517745922,58.718411004240764,160.31352546293533
1280.3465143551548,683.14864423203,58.38645249730614,163.28299715394155
1281.2573584777847,680.6248617707789,58.698896956242756,165.64745092101208
1282.7795927312625,678.2363634352052,60.01947525803293,164.10174846401867
1283.6767414071007,676.7944353102598,59.48699313639547,166.6356834308397
1286.1520366121024,675.3319467076694,60.81296101146643,166.1401007762339
1288.1644989157842,674.410721656713,61.09751445982188,166.60084723300344
1288.8259893384206,674.3046262482565,60.51224131132572,170.99234042385507
1290.5844415491554,667.2468093357522,58.568694628178775,168.66031102836808
1291.1779737602483,671.9243572933439,57.35877444510672,172.74256160438267
1294.4231567162842,665.0493556473002,55.96901415011038,171.49109242989073
1294.6286593545265,664.7460265640004,55.55749342955592,165.41119865470557
1297.3710438050275,666.956340729359,55.00345880812927,163.88195412702495
1298.142287422328,668.0502079840777,55.37245521584083,161.28454274717564
1299.7866383578948,667.8580399916011,54.58966622411842,159.69386379577995
1299.1028881915565,666.366817092652,54.31515747658335,161.22649472235094
1300.0390418778225,665.8203419236961,55.21990954495351,160.62129391588076
1303.0387443053528,665.7452047064658,55.06935353058752,163.61146801787686
1302.3281927395763,665.0830302167643,54.196819054349916,163.45365358269737
1301.7919172803386,665.3441835004844,54.01392222926863,162.32989979482954
1299.5868974416949,663.929480356954,54.065932933318734,158.39593469638928
1296.3847994879504,665.9063554067164,53.19566687271993,163.62117294086448
1288.557686935189,660.327130079787,53.35770959350437,164.93777283334924
1279.9819425594224,659.9487868584563,52.47660468400669,167.7120250619615
1270.8911278736966,657.2676540505373,52.71737827912356,168.2098628742503
1258.4341203979927,654.5311537436389,53.692188595733384,168.0169786455034
1241.0485422104045,653.8130434175353,55.33782535372872,167.39657592696895
1227.1527881829618,650.1486856677651,56.615083768288535,167.1955050622164
1208.546009679871,649.1808452723948,56.15130319960783,164.48499575921466
1193.8950373897253,645.8786034279642,57.45435923183014,166.31448461210232
1172.5658652753932,643.4108562250761,56.392649689935645,169.83359159573905
1151.7817541098968,643.9039403094802,55.8440854417367,171.13938716590843
1130.5503114322728,639.8603491029655,56.41093754000943,169.52814086066968
1111.8470988449476,639.6965614182265,56.635786053426045,168.55790015713163
1094.254133136696,637.7554153410684,56.90107450107886,169.2079868650449
1075.311753641931,636.4135325614069,57.058171062369595,167.65749224221082
1060.025156694837,639.2278210774474,56.65162967886347,166.44842003796256
1047.5377487860796,638.5915729409194,56.556116475880465,170.66763364116093
1035.7103394889184,638.4913876675212,55.473670664093945,172.1343547142905
1022.7525201363064,638.458421320006,56.17143344305022,172.42715174645153
1016.0564057006156,636.3194631374352,55.4236181022883,174.0727533043136
1007.6759038485687,635.9511442278463,54.554200700293066,174.94692118623533
1005.3258545896981,633.16506473577,54.43855759775908,170.00140821942054
999.8105851180378,638.3212232199534,54.50908809957093,171.21803564439006
993.8554734448372,635.183474763935,55.54110823616242,168.5720482082424
990.7974999622603,636.7185996543749,55.76678437202721,170.6165947746366
989.7168075526397,633.7809435495421,55.29970197964795,168.32912850358906
984.2139781874833,635.5071270685964,56.5422742177643,167.54023572561675
981.1347032710509,635.5780095175687,57.44542753459443,169.83910761478393
980.6593322455486,637.2976080941364,56.0394105134662,172.03393503472063
975.6502962633651,635.2019530083311,56.22341099304025,172.62967296490595
976.3698461800682,636.6382759192891,56.28198250961634,173.66386783524945
973.3692855951016,634.9070207602962,56.64201877686893,171.5013574495969
970.8138162053699,636.0983885610106,56.741811212416295,168.15685219108843
967.3330663455067,638.3307428254694,56.9039686048443,169.86690963546744
966.9946590441085,638.1417433833321,56.38012262401318,168.9928122581356
959.7980377305469,634.6102317423367,59.42794548859189,163.13890215390228
957.2846294953895,644.9434722133605,59.67890968294344,168.6587477266976
955.9042141259392,641.065582266117,61.11765994804149,169.88902565318244
955.5796915618849,641.3751028350771,60.46503133378446,174.59190921025072
952.4965618659437,638.8387625316527,61.513810549971254,174.66110417314292
948.9511759960411,640.5698511235307,63.351892870487575,174.92010587136056
945.6064026351427,640.7486496379709,64.05578848083813,178.28520585083197
944.6332728840634,639.7991637538046,62.08948160892998,180.2607481651535
941.0364334044089,635.3016138957454,61.836347857356145,175.22227693498726
941.5588112423354,635.6318550525293,61.2259478819757,169.76629639926836
938.9608555701384,637.1534751264439,59.82292045316365,168.63545384756057
936.5896181267585,637.6284934618146,59.064760291043115,168.7538002082567
934.2070844796384,639.0613473478934,57.26358024852757,174.11982222097495
934.3565684575985,636.089043785737,55.44781922689462,172.12055297354075
933.3433774207122,637.8933798342813,53.94599960277236,172.78719080782872
932.6282947232959,640.9088951563967,53.227691360625506,173.06544149828972
930.8327677304702,639.394193929289,52.99265867533646,173.8444219985932
929.7955429096443,641.0833408341027,53.45525919641541,176.47080923850683
925.760114968305,643.4863822691268,53.44965814732272,175.8380761838397
923.4602634660197,644.2707413435154,54.47595686857592,175.553967545518
922.9145954784823,643.9989372276519,53.71622715619397,179.65327555599288
918.6200398981474,645.0905177436014,54.975059130189344,179.8148273135883
914.1082781316594,648.9550729458782,55.40598459132006,181.43349027091332
912.3731619317801,646.1237356363728,57.12285618595078,178.13427783920574
908.8132403472443,647.6604216707149,56.08656937207276,179.8662674003442
903.8301202902168,648.5866417908884,56.34226807041499,178.88166240964364
900.0469369234362,648.809145671728,55.75505575511602,177.15461022625811
895.7938458125466,651.0996789969336,55.85101656781234,177.30130356481936
891.2374943056981,652.0661468868922,55.74588619264689,178.42493277379634
885.7733781074812,648.0011107340168,56.248929028492036,175.6328844841823
882.4847164636237,653.8462117836546,56.402383883625454,175.60289165298815
876.2743123118734,654.8584325653724,57.01677386633961,173.32347466205292
873.3057909833391,653.6114755677482,56.63285916392685,172.364683246364
870.1131635750767,653.8205201041725,57.16756289911112,169.31307709890103
869.532588996874,656.4848839465024,56.991717349612856,169.72839474891072
872.5223197138245,658.4939922952906,57.277790541707915,172.9507956845222
869.7965593013939,657.2042579794365,60.394162246088186,173.66947452154602
878.7851954020739,659.3723696830974,60.604065111839645,177.2417902728048
881.2386734528757,659.7401649926577,62.47228449309583,179.52561309981024
888.2020463742888,659.5259278810678,63.794864223496724,181.9226864416223
895.291809904981,660.7822459378569,64.04414617264041,184.79309414884017
898.7908999957945,660.6610837828063,66.59493536586353,184.35644331748162
906.7028155031325,664.3388837823276,65.23766326568585,188.63005422084277
912.2154536788195,661.6706031838576,63.660115754568096,188.6112574807559
913.8906459058737,661.4461506589963,62.81933901358747,186.49178670300643
917.751802352882,662.3240796343637,61.01417942412495,182.63122903242342
919.8204616168823,661.8553042111481,58.28517805191192,178.03800737985603
920.0076438676848,663.1951835613338,55.16781215868884,177.83166228483228
918.6033777210404,666.3213595579696,52.416077048456614,180.64465165356117
914.9297932401482,663.262139127241,50.18624759502124,176.8733082610296
912.820493855573,664.7345842178048,49.195198659684394,170.86752237944683
911.8844708782069,669.7034883218836,48.4111204715362,171.53777703553018
906.0351365039021,666.1749822370516,49.59576455004881,170.2916640046493
900.7518732561381,670.8796019111608,49.44449194265351,168.35603745245254
897.2371474067634,673.1350084925131,50.29195909581373,170.75740609248902
889.8086047737513,674.9627450342441,52.64985990612554,172.86527048835706
882.3391645372935,671.4395203295925,55.85131499491621,175.09511839964512
876.5300633719178,675.6342362191975,58.299216454578584,174.01849654818125
873.7132525841325,678.1870780113325,60.792415401938385,175.3418056128595
867.9713795364531,680.4685682247932,61.19638083400467,173.34256775619062
862.8187282703236,682.5187935524912,62.428137705105,173.47921931905364
856.4465934347863,679.7895949696892,62.46809786235158,174.26262170804546
852.4316833013394,682.5250542836632,61.943980548873,173.9759022303258
847.3722599907836,681.6833088607325,61.8797218263051,175.46704253449565
841.0012603200821,682.0601118618529,61.96840132407459,176.24369235584265
837.4752427633706,683.911717351142,60.25180322034271,178.75431062054128
833.0080407495345,682.6363306390476,60.35060296314228,176.22625915849818
825.3056705722745,684.2409202059689,60.20249435462631,178.99566831291634
820.7780127432756,683.8789463902991,60.19664603148986,182.23025148592689
816.6958578135784,685.5045607755244,61.6252050393329,185.37344021624068
809.9184325909952,681.0868303201676,61.34128933347941,184.93984565939448
807.3089189181226,688.0594645157905,62.22864574185685,184.4229600053706
804.0698648533513,689.8725714958911,63.658514657686354,187.5327417545561
797.3841662380087,687.0045347703324,66.39664308415556,187.54565903196237
793.6708308130911,688.5105795197856,68.13071537813502,189.9229837254892
789.6276114891115,689.318116526717,69.4128089870812,190.86906032601462
782.7141416614963,691.3756985351355,70.92160793008864,190.38664493316742
779.3507860233398,692.5852208361389,70.84403715469813,190.49363159564524
774.3749543147655,693.9354849849904,71.678982444685,189.16549756541625
765.3481952604322,697.1694145195621,72.6605905838442,191.61171709578952
760.3991684493376,693.5031671286328,72.52609517780473,191.8120372097888
757.683669386507,697.2203415835191,70.84146393223315,194.71397457230722
755.0611916735222,694.5553967464303,69.7517160981232,193.2023434610141
751.6652800562139,695.0285169147969,67.37387150425874,190.16403367183244
747.1492593505415,695.0600146246702,63.95950702353206,189.78911364721972
741.0053230740733,694.7841643179077,61.52641923937504,185.3233687491288
737.482854268779,696.6716467262307,57.776558909722,180.6022207501847
732.5652258480103,701.111726643968,55.60859862685933,181.39077393882465
727.4742799182903,701.0363336562609,53.46060022803562,182.48356538655452
722.1907455448803,702.9009387504176,53.28240190445753,183.16400724953957
716.9077133869737,702.2673002740769,52.88103235740367,185.6881913286096
711.2279566799575,701.7396316336551,53.15640899501099,185.02590431271886
704.4771253683788,707.8039017770711,54.2456436290263,185.76365407730304
697.3221726378287,706.4016289178575,56.53834153799057,187.78920309948484
693.5561132146586,712.6902258612943,58.39531120402694,189.21527226658276
690.7978609898597,712.575821897917,60.43332430236987,192.33090876811616
687.2809634606666,712.1242620979393,62.065853996695964,190.81784316853037
687.123912208037,712.7846015886395,63.69132933299652,192.2600495548026
688.9807317122286,712.8654071610031,64.33670909935644,194.99976769443202
690.478976827492,712.0393848709065,64.56799802777809,192.04377918887673
696.0545922533464,712.287307650505,64.33505681875336,194.37108952957027
704.8095218580205,712.6464618456604,63.8710908334985,193.27948934436145
710.9970600159442,710.6836437515751,64.42158646721164,192.37637536264552
720.0488957130622,708.2694455860409,66.00593840538079,190.98560235510053
730.0037806895077,709.7073768669661,66.02737521780944,193.25723384093396
742.1174941325397,706.8535954657401,66.16474054269844,192.695583632226
754.5482763987121,708.1273055205913,67.15464048458924,195.2140379696569
766.9109289962408,708.5031650723307,69.17484088613351,197.35991983072628
779.6408482591388,707.475735127801,70.95781848295772,198.0805554123017
793.8375642093059,706.6870107115224,73.80156782347392,199.82693942121514
806.8808942215222,709.2249239896651,73.82033524226196,203.59582428834028
819.7885709023573,705.6138641819148,77.05262380047284,200.51092663674183
834.0747440477089,713.6108909932716,76.97230252794627,207.09254354999473
843.859055941724,710.8937942660461,77.07663738720794,209.53613871859991
854.8011686683251,710.9600155673133,77.8954563685204,213.5463242652302
853.8660390299244,709.6181417090665,80.90579425982577,208.51119365202862
863.4880855255478,711.046219127461,78.35804121768915,209.39481830871154
864.758571320536,708.2614953024295,78.22204599634276,206.25020485656557
868.9396117408561,709.6098295811074,76.62774957485823,200.76324873728004
870.1435471629015,714.7427586913441,74.90942655382153,204.02187319013765
869.1759837944768,709.6348719207394,74.47591725366024,199.7594223783496
870.4314497678278,712.9973519739873,72.72529516760864,194.57031088534626
870.0699041072503,717.1137062880799,70.89988376299195,190.9502864600251
869.5118645954324,718.4984044403923,67.72069340818584,191.7073194715058
867.0623589626208,719.6877025014521,66.744454709186,193.4059841752364
865.3631111555652,720.295339300098,65.41004942020398,194.44028061186225
861.1873513075462,721.4906587312018,64.58259880451311,196.92751690188587
858.5666750052809,725.7507606798983,64.2757436554688,196.7374842548187
854.610168399315,723.6096579604762,62.2463571673847,196.39388111646366
851.2008373149388,728.5684927387179,62.405015290113994,196.04400847860876
847.0608331089354,728.902782472549,62.15756805328911,197.56617578086536
843.9556437863505,732.0267289434125,62.77066568965962,196.86731269153475
837.5606323233827,732.4163372870888,62.27476597695181,197.43895151140433
835.5050428435769,736.8306319536548,62.044872366637385,200.25954843747624
830.1089397506079,736.672451583796,62.78352685688724,200.33632708079296
826.2188081907249,742.5848245975757,62.89816223067522,202.35137322489823
820.6352099728948,743.2151417187707,62.92832311520036,200.12746165465083
815.6737621184907,742.5727666191143,63.728147925846656,198.48476789441284
811.5668645178812,743.0425171212952,63.05432756087436,196.70875721722123
806.4899636127394,747.5126600108973,63.448454739604124,195.34697161996635
801.6758840180281,749.140245340724,64.37488272546915,195.81463807472568
798.5323734440275,752.0958284163974,65.35682539050973,197.20230481820306
791.9849711126504,751.539554199178,66.92268950467715,197.62787484996107
788.1725927261965,755.2064994487475,68.68127964826576,195.55185297612763
780.5924298670909,755.081682343585,70.17196669758107,196.929456326869
776.6599338434945,759.9008254014623,69.86406427426815,199.63633227053572
771.2173526773157,759.7985874072322,71.8554502812201,198.42630736313572
767.3962485335875,762.1270773350265,73.67884556012481,198.27360394502898
759.3574490489784,767.5294975058117,73.43501204622541,200.3142253232934
757.7829655258087,769.4666909907812,74.15375256310907,199.48478940183543
754.4555474705502,770.7208138996157,73.00967865831294,201.97884811642635
747.5548590135945,772.5092513152052,73.64800918484154,203.97189336162347
743.5077960788719,775.2497709671902,72.9089224944573,206.27217080828643
738.2053690807071,774.983124284637,74.18801244001904,206.18375851315
736.5856722760441,775.1573318113491,74.32798911176394,208.17426243927608
734.3256780694436,772.056223632407,73.59233106636702,207.3439187145384
732.0438345176742,774.084766605385,72.83921199504249,210.68375130461234
730.6104295104719,771.6498399074071,72.99047654709001,210.772301766208
733.8330183122941,767.3397277966328,69.98169287736577,213.72203064124938
733.7590316787869,770.3981011721169,67.95704215136881,212.5404421562696
737.1555183007115,769.2745906075461,64.4183808265858,214.08655122145356
736.395669896372,767.1892487639391,63.1082964347728,215.61093187356147
736.3451422315609,767.4143151785407,60.41190998888587,215.54316385174417
735.7141775989459,764.383915423271,58.42921612311336,217.07998999992884
735.9127645502177,763.1377809757125,56.7648318725622,216.38336939239204
735.0308887150446,763.8212826633567,54.97782826776564,215.67055410696923
733.5522794254075,762.8335418290498,54.71412899644528,214.86078790239813
732.0545568623096,762.9242671474855,54.833534666010884,214.81531575863022
732.8361346356246,761.7532400264711,54.43933645636332,213.77178441498825
730.3934890443353,762.0412908704579,54.98633958203303,212.08454649808004
728.615737210524,763.6138022120394,53.70330026617995,214.8143515607531
729.5689853863638,764.3539387151718,53.5327780336129,213.63553549510175
728.222125896152,764.3905004405588,53.561890975981456,211.85880091961252
729.228036491929,762.5835544835784,52.589641096646375,209.7604953702608
728.8060892994924,769.7607474368517,51.46868148949508,208.55656923111897
733.6184892171791,764.8026118348457,50.21329997636546,210.03901263366777
736.829551185955,768.571158925752,50.205338282632255,212.28883222247356
741.8322194373328,765.1252116155521,52.153549233181856,211.69002771403402
747.3544854354365,769.366453759333,52.07552367381959,212.17865640451168
753.3030069510347,766.0173408381048,52.38865951260638,211.44333652510272
759.1542147004047,770.0229121253303,52.82241813735868,212.59062142766504
764.9051276049544,770.1379686498763,52.83728958560954,213.51297732125937
771.0056350897015,770.2050401102967,52.946077319624465,213.2864775277779
777.2669290223971,769.9781948446578,51.12748934314736,216.84585471803882
779.6844854241774,768.316998569453,49.89778237904264,214.83779985479433
782.3891063792694,769.533603984878,48.906035557086064,214.78380955405788
785.5109234875607,773.2407158997353,48.584172268702005,213.099968593727
786.2287284472379,770.9252827913556,48.28840397143931,212.25427478107702
787.3555908707098,774.6646415215349,47.8021399520261,210.14186295102527
788.5598732102172,776.2662875206329,47.739210222956984,208.79720366824313
789.941050294915,774.1238397550457,47.96982569239853,209.1794197112506
789.9975450642572,777.1355035656723,48.58891293910877,209.51673381074224
790.033186186724,778.8513575987902,48.98781242673131,209.71434187724833
788.2021467571367,777.6367889610277,50.063317476307105,206.68243218193598
790.1991316943848,781.7657919687551,50.96723160657853,208.92954164033665
787.236892415361,778.3646656249073,51.70874006075658,207.7654658067746
790.0061223090725,784.4618216918468,51.05938045496282,206.99688727815246
789.2150016472369,782.7437784310493,50.198645058393595,207.39077184356964
788.4739085681913,784.5133951724134,49.71040857939604,209.27844522279742
789.9159221386558,784.1424037788959,49.34388845766861,210.41055994719224
787.9037413408871,784.0688475872204,50.536301861457865,208.9594071460105
788.2542027449934,785.1893260424015,50.82299380261658,208.1049939404801
788.1934527380249,785.9249261044606,50.703610495476624,207.47011174875416
788.4716218361975,784.5490287825953,51.0221683445514,207.20558858664626
788.7945537684079,786.9561296237515,51.63596962159538,206.2553709022163
788.1646112911474,788.3461226307514,51.81997797165711,205.3613558937529
785.964092501309,787.319058489841,53.152834805936074,205.33853641721393
789.2398878420819,792.1211623960264,52.351937116165736,205.42470480377864
787.0577441527512,791.263609228806,52.01851275976662,207.27680114407013
791.3849085004307,793.3070898744857,51.70153585700855,206.6980927842315
789.4996940548853,792.2348152428664,51.84883520722442,205.65538758221032
789.6459649641686,796.0021536142227,51.960773605271754,206.83196214741943
789.8980645922198,795.4697317769746,51.92717806742898,206.55245794180308
789.0044129913803,795.2801615144061,53.22323180364747,205.73457482930024
788.16184283727,796.4534690103794,53.8989391518477,205.5519484938303
789.0748064317504,795.7141462939531,52.291725810018804,208.03272201163483
790.3877782519406,794.4506735001465,52.75330690493824,207.91164721508449
790.4817373126148,796.3806552756154,52.014177462418786,206.53249059613069
793.3587572382423,795.6053624515736,50.43676312355613,208.35985229364246
795.1745686976117,796.2089374855587,50.098799327648635,208.77596772432503
799.9527360557275,795.4811179037966,49.23936288048597,210.34189866619454
801.3029378137697,797.5572729004257,49.57121759921808,211.24914930513145
804.7901077789663,794.2671401184227,50.08251854413403,211.11083187655652
807.5319733606808,794.2634559600988,50.05164170827451,209.39886781833792
810.0557549622729,798.4438853847769,49.740265402211165,207.6055897975814
812.1510634679247,795.0239616618064,49.20002112540539,208.69785058410014
814.1451138485572,796.3880462540815,48.76870148565003,207.96971064540216
814.9425714548408,794.9789452164348,48.79083825121369,207.57519146988335
816.5857029060159,796.3281785565188,47.972069104890494,207.69289143416808
818.0772813687178,797.0396743087604,47.545996441781966,208.17529040160514
819.320180949695,796.3008391272394,47.07976814183894,209.31440973064832
819.3163661108948,794.6681765757219,47.064112668247255,208.6226581761243
819.3643564261217,794.9969298072924,47.07796636495011,210.41593294852368
820.5055618566196,796.1110607086727,47.30236677457559,210.86716506153442
820.7152618905272,794.6869042141175,47.77950780658135,209.70017047861575
820.0538471989472,793.4739992971747,48.86331893430987,210.07948217117803
821.7415637948674,795.9044373567863,48.57409668998436,208.59861962952527
821.4808542977823,797.6239702513312,48.48185332771428,207.4457054042436
822.2954328608917,796.0999508308144,48.20263824796893,207.32384076174714
821.0864410464403,797.408439070236,48.105789004064576,206.01325079392592
822.113678800329,796.9834483756305,48.15551839632647,204.30449383460086
821.185767248473,796.623611212911,48.747394694076824,201.87568254729104
821.7608950894999,799.7734808850839,48.3453518849888,205.01413630187915
824.8024965506302,794.0190223404925,47.90536574030527,204.08544393939422
822.8512738833036,796.400081835028,48.95123385392858,203.13226009631717
823.9200772823621,795.3001470218309,48.763838168923044,202.60835441066234
825.2372456215869,795.5718557505086,48.30011578168566,203.85503552394383
826.2191728829624,798.4130780321193,48.09941112706268,203.85514928907094
825.9587071297991,798.4884561021466,47.60952712279668,206.00871495689037
826.9089784665413,796.6567982699048,47.77063666076795,202.62415166211008
826.7730637228254,799.6910683737087,47.365601581138435,202.4245617037982
828.6206004163777,800.3676612943405,46.42795010197568,204.8166114968261
827.3357085210582,797.431125557233,47.59995417687166,204.74909097906652
829.0654640859466,796.0228219853755,47.59410541165552,202.04079057568117
827.7867012568682,797.9837609205778,48.293611271964515,203.38869991197953
828.2037621783428,796.7470588498015,49.564014953102586,205.34664018264664
830.1955070856712,796.6004011149811,49.00903434496289,205.00786588606343
829.2311836884985,795.6841025817887,48.45640647506241,205.03762180700096
830.4065183691528,795.9483649989058,47.49247903763862,205.3832587989366
831.7827544094272,796.7376628360302,46.594538610625825,206.09222647251855
833.554770617746,795.9341594320572,46.39994772607893,206.29662251107254
832.3338631046499,795.5488661003783,45.81281314673385,207.6209160843278
833.9690484535879,794.908785192817,45.11568876802811,208.76887265833196
833.8241977819376,795.8150665261946,45.33718145312314,209.77680676928765
835.1324326795994,796.2975651983674,46.12017240494224,207.2940225190089
834.1604673491021,798.7952692948913,47.25758860273267,206.40021222387395
833.4843037978459,796.658833856778,47.92071272057244,203.992710298231
833.3346689231023,797.3170659450358,47.91608607280516,203.922077460119
834.6010380828291,798.1253524406999,47.71685407976369,204.5715616806883
834.6466460217889,801.2666578614958,47.623916797581394,205.190435058726
835.3320292475468,800.3199126113614,47.04734811158604,205.79837087089308
835.6984962441094,798.699336933197,47.72025384027484,205.38154188732108
835.8105893253731,800.4188165733267,46.74886145254721,205.83034507162733
836.6137482719728,799.076610137393,47.10737718869163,204.47117909389613
836.3586145719956,800.5019740347003,46.195664036803265,203.07706187227362
838.8444887416249,801.247524890383,46.0847969780166,204.0709330387874
836.8510949447677,798.9909103018291,46.707638662979946,201.25023013030605
839.5230218203382,798.5472518976306,46.37097881583938,199.210496148486
838.3866628974343,798.9450428365313,46.58792299926708,196.76581295947463
838.4750706260287,804.1054894733711,46.39012008609843,199.8048868436073
838.4287615509661,801.9786303917697,46.984984442854575,204.77998192501238
839.197233295721,802.272697645993,46.45476955912925,207.71759771961572
838.908628714961,800.0236512627401,47.42122630008991,206.4606901748511
837.2835600545254,803.0648552688068,49.00981416824596,206.44988929619444
840.3858833864892,804.6411742931667,47.946774371899096,208.99866106084755
839.2506245702632,804.544175813812,48.750861250415824,206.54825354665638
838.9075452009312,806.3707288346434,49.42800215824862,207.05660841489953
840.0137937361797,806.39562990985,48.69903742193742,208.4379602626088
840.2671377171806,804.1547421850026,47.94073117676639,207.06771833403326
839.8934519250989,807.4427968037668,47.78943724904306,204.3560487281277
839.6524204405566,806.6584852124986,48.12887959340158,206.8710364296055
839.4683412896543,811.1567799131892,48.55691815433018,208.23045269096107
840.2500936448611,809.4244711319466,48.44016260613121,208.0823851024828
840.4595694758871,811.4252646765184,48.807091921613164,208.7491750104445
840.8968074410108,812.2686156423549,48.333911413218765,207.62374763282668
840.0851106359873,811.5560139774543,48.2247636504099,205.9974467337972
840.1420413449821,812.9029917635257,49.46231831569357,205.32797568505828
839.2966271818157,813.79707147814,49.250631762941154,208.44811476179962
840.8579148902219,810.1759511085563,48.8590800615593,211.10369215398202
840.2727701967314,814.4612758449771,49.20103524125766,209.1957706240504
840.3761027272494,811.8744872852194,49.09000571037524,209.72092296596918
841.036451479338,808.7505364114786,49.38495934462625,210.09904718278767
840.3853846578199,813.1957922260452,49.35173530684263,211.00464540532084
838.4211584140273,808.5015789808999,49.728606232028035,211.18496966182062
839.8985392877106,808.4326715808061,49.544571752129144,212.8664865735255
838.7773543526285,811.3131412547958,50.16853313914691,212.72375483904278
841.0750239846305,810.4259800282714,50.49745046470926,213.74088176846453
837.0248281175275,807.4085910704138,51.39625434462246,212.98848469061528
838.2717867182581,810.376575224216,51.236813669415035,211.05185017382377
837.1254301908795,810.4686248132755,52.00914811919368,210.78666443692651
837.2438247777467,808.0970682376366,51.06532182283159,213.55595652840995
836.2859474732193,810.441193891501,52.26156684021578,213.77522339591002
835.480277921556,807.626271061979,52.99399559097806,214.541564985904
833.3299386887736,805.6703010206254,54.86926737776726,217.84821300477182
832.3002541355243,802.9319867681977,55.08801725717087,216.10718137397959
832.1195063716395,805.2906549573252,55.50368333220074,213.06020206587465
831.2616035221982,804.5857019253558,54.79545273994278,213.6563923695747
830.849954027468,803.6550583126716,55.243562312459474,211.70116970571922
829.4067701026617,803.0266589545485,55.62608656528634,211.94920560245532
828.67945859526,801.9062223666931,54.573361927827584,211.1692251306839
829.2700910231858,801.3445730653419,54.79302506046338,208.85824920638592
825.4076844788834,802.0930159661617,55.4059771491457,206.75674514508725
824.2367507597403,806.1232529810775,56.599656194148515,204.99275004899653
821.9702344757384,801.806665845703,57.89991031062346,205.24921263969125
819.3939526481455,803.1490184978888,61.4634687946959,204.71838209537046
814.9732737416941,799.9213793287631,65.40231982254429,203.01738492852257
814.5406576434656,801.1469686243198,66.63278033813525,204.40015487633406
811.7897355240885,799.9757611166191,67.80557419323158,205.52772164268413
808.8116502943267,801.5532389468485,68.86266475775078,203.86865817216025
807.1871051387393,798.9956690951033,70.44320939253504,204.6427058721734
803.0764474588758,799.0260596947428,71.83155840580562,202.75984946129685
802.0407361649196,797.234223261022,72.31225205564593,201.92807224471647
802.5618819696584,795.9792474417671,72.76747962173206,201.3578385938261
797.4317164903695,796.3604068717659,73.74931120906582,200.5204962481835
794.9663636907368,792.8760286032698,75.3355115357472,201.893325369865
791.4151776062565,791.4856757837867,76.21188314372544,201.32342417955692
789.8998657249531,788.1850018627828,78.4358330279064,201.00938026017826
788.0398869629078,786.1624511993808,78.71911829843356,200.71976648046962
784.7988661376183,786.8106931823205,79.22626365870754,198.85436334818957
784.8052732287692,786.6162500426835,78.7839040146831,198.6529707884036
783.8768513086484,784.0298539764451,78.41456040553396,198.62569230610737
783.3606527658917,782.2449602797607,77.75361351468831,197.7724683038144
783.9163141183882,780.6901419024429,77.16681832129879,195.79180095094986
783.4705777395155,783.7004496566339,77.10006173391416,198.29953025244077
783.6478259057332,780.9011025554084,76.53448136434608,198.83763021687335
784.5874097934534,781.1657925844806,75.79883261032921,200.01833897860985
783.7232400699735,780.345935682706,75.77485627897083,200.7894078447393
782.6336147602028,777.464538152225,74.8490519963782,202.18293965164128
782.1111422475666,775.8801827104144,73.85208737759348,204.35213643262097
783.6606478280214,774.1598090592415,72.63107557056311,206.79269916303588
784.092640143469,774.2230060534879,71.36396797910653,208.66084620568603
782.9470373368412,767.7526860112057,71.14583568618599,208.63107394809293
783.7625737622982,767.1352513870997,71.12457064131235,207.574136871738
783.7301223302416,766.338028269488,71.19280129775966,206.5893167843375
784.3895406313015,763.1024790543026,71.02982841909466,205.63618326076775
783.1112952059293,760.4096678055814,69.90580716678437,205.75416478940923
782.9035775037918,755.8251493200512,69.87749694875365,202.635008981411
783.4714559464178,755.403505953343,68.93533841903914,199.44046881387055
782.4720505450417,751.2755515990592,69.66675471518849,194.61778388687773
782.1990811771078,754.4953594864392,68.42193914194945,190.08254728006358
782.4039957481301,753.7721304006467,68.21427354608853,186.2287034302742
782.1012361134771,751.6032306757586,68.08655091349361,184.83420743031104
782.6952003445919,751.9535085117711,66.66628488296604,181.68901244462015
782.595349481475,751.687949298933,67.04853832934911,181.438035903869
783.9423970441051,749.7967861559207,65.50448024119677,182.94231069647424
784.6492033052394,751.9858325478871,65.43423098558554,184.13038541545774
783.6627863822692,746.8530962737027,67.21775563154463,187.30981073707534
785.0684373648363,747.4502192392508,66.58636210350532,185.40839258175407
785.4995893925237,751.6941493083337,66.78940856507342,183.1057612262029
784.4109693104457,741.495697860277,69.05788035713637,185.95745880265724
784.4412398821329,747.000530228175,69.8251430122734,186.16416627933205
784.8097029637212,743.4670503427596,69.58640849626255,184.27562724993015
784.5276467376683,745.6605241982958,69.81897982795475,181.83183452087437
784.3835925780382,744.951585409687,69.59195138330043,178.78574125883932
786.6033165237164,745.7326599483847,70.0667824361858,177.68547884887352
787.027627181308,746.1763733053821,68.76860462244238,173.50996811925637
787.8756887672414,742.3980985200124,67.20359143016492,170.43762473036725
790.362255067427,735.077186349424,64.70443828651375,165.3115053585156
792.7015378347714,737.5747230297325,62.79262909843083,160.17060815197317
795.4316771532593,737.9775101653306,61.18167538806981,157.3064849236534
796.3155362192701,736.7864737666243,59.578244663222165,156.20486700325694
796.4143452205623,735.13715623291,59.906817216275414,156.44135900416705
800.6317489782891,736.4607510833172,59.359283912924255,156.39297523747115
802.4345150482133,732.9380386643205,58.30338824906165,157.76546120542707
804.2326594850908,726.3778167221009,58.43082994156045,159.9514521583638
804.2413414887768,730.045941954563,60.76560298897494,157.2426364336737
807.1262685297891,728.9710561160598,60.83126243453972,155.06684097641613
805.1656250121314,726.9190943833903,60.6587401692561,155.4300756886052
808.029549778799,725.5379348927383,60.93074283616062,155.98860461251778
809.6478247412394,723.999598145264,59.72497106866242,155.89557149332813
810.4713428839191,726.5506382393053,59.44453649568049,155.2453964814082
813.7131719863612,726.0446150311578,58.37139472950385,155.05490266130883
815.7290532362375,724.5340419134168,57.98012273765389,157.09000382111924
821.1429284590795,718.8624578066108,57.67939641686404,156.19928675762824
823.8117738535559,717.9387930694699,55.68321205598705,153.63548534899496
828.3505941991231,716.2291138720434,53.93531943435218,152.99705944059608
830.9925567705718,716.1418583400565,53.38098733331617,151.3151185889051
833.6651126759065,710.9990016213983,53.886088567420956,153.26565141137655
834.9710089789463,710.0575668189227,54.750589703586456,150.90188443467486
838.653963923645,708.4288809907473,55.6732723510302,152.879204882495
842.0902323166932,710.317524526982,57.224443872083214,150.4542792585723
843.5964914425648,708.7790243769807,56.56373832317142,148.8482068232239
845.9086272190561,708.3568088727933,54.7193976974089,148.38233499058518
848.7205345168609,706.6001776645813,53.709102096498555,150.19907494933815
853.9626317635536,709.5861196358665,55.546785541191866,149.2010415563542
852.595448050332,706.4370672046416,53.86566826386736,149.0653616577713
854.1663904294514,703.9926333270871,55.01837848837908,151.68707775018152
855.8451353211683,701.8028571002563,55.65797222063725,156.02562905794156
860.2363685515184,692.9084895418777,55.1777744890246,156.02382472729013
860.5956570929154,694.4484329901567,55.466159856960985,158.08414241146153
860.6663122833863,686.8325422599313,52.37802598305288,159.93771924029934
865.028787944191,685.5275586860407,49.48671098394157,161.43886397202056
867.6027747322003,680.3419835980126,47.755903075519484,161.54797863773538
870.372416314686,677.3879012184632,46.43784599370582,161.02027397410998
874.0196815807121,675.3539469811585,44.871725281708336,161.79594918348346
875.3468252661671,673.8968200346668,45.04011986354651,164.6898816514828
879.0817551073944,668.9324962121791,43.81977303212777,162.96689711182722
884.0663759106027,665.2088557547703,43.076873806182306,167.7175449384268
882.7311129381071,664.8346163465501,42.986043773533005,167.9513007040511
884.9496504167837,664.4269581952841,43.03400795306442,163.12390386303395
886.366801449649,668.3511726371537,43.677527765579114,161.29494840090166
887.8184215301228,665.3104472620035,44.26164353308938,162.14886345627588
890.408884230356,663.1499054903206,45.30613310637149,161.93772384093413
892.6021139021618,665.1699580715501,47.768103711013474,158.3590382894683
892.6940044354521,663.4966729677943,48.67077163914398,156.87439746763818
891.1637773980704,666.3402245474449,48.671095204224464,156.4416919054512
895.8282478333522,666.7198729262284,47.70350603639336,155.8111484586998
896.369529638713,664.2385286006638,48.77574428801209,156.9211462579188
898.5689516763975,662.1063807750311,47.58961487430557,155.00822266028774
900.6794146488322,660.706329937387,46.962078408250505,153.05879115608627
904.054173754391,658.9621817652718,45.55252852283664,151.5564512028292
905.8186434242318,664.2541406493149,45.29514745673117,150.46417305437342
908.0673765512915,663.475932317781,44.17582551215504,152.51052360513077
907.5853356486894,661.0967630855507,45.81616993029816,152.72426304097394
906.912227910786,657.3691691370099,47.577373955117075,153.32026694126762
909.4243961797533,661.2745946589421,47.754290244071086,153.84304622632635
908.7931541153667,659.622839725544,47.11103408800658,154.37577580127507
908.011610650097,656.8577006514168,47.93369589179102,155.48560421260444
909.1143870062833,660.7939161739296,48.15920364506256,153.6833744478709
907.3861472429917,660.6257801895878,50.31767875331419,153.42286546648984
909.8781222488446,659.6295149454639,50.53760571924984,153.61560910745743
910.2098549731548,660.6562878382632,50.78279102363187,155.3395218243523
909.0295307510779,657.1347907586736,52.292588667268475,155.41618459902446
908.1241641529523,658.1595834594902,52.22332623483969,155.01174287547246
908.6912205892767,657.5854427297782,53.23509864375529,156.87139574109585
908.2067345492959,655.3370053230813,54.93365093553766,157.3312620877552
909.2888160865319,656.4438134492384,53.87154652342548,156.16889851002566
908.915177411872,656.6457645097869,54.204725773069896,154.27257639858465
910.273863180884,658.1296249007338,54.30906512283218,154.26814368908217
910.8268472915413,656.0429120336416,53.671866677367014,157.58718383986377
909.5304289102914,657.1637490593066,56.27583616393023,158.24146960465094
912.1972029106706,655.584113075761,57.08307381490619,158.12361008677055
910.5209233399079,655.9763394760232,56.40538279026019,158.1365360609377
911.5333961070887,657.0501149368229,55.58459509965833,158.17186809949305
909.7645971499909,655.4522169314333,56.72597105362314,159.06611523473816
909.1331959335192,654.749365762637,57.311686115098865,158.93959235379072
912.4143823248953,655.6220253816085,56.93372220850651,161.2435886769165
911.3163208322057,654.7748165760156,59.08039210219239,161.25562120835644
911.646827919861,655.4719738127749,58.44081604702114,161.06398527464978
910.4936051274633,656.857443652581,58.37786555700219,161.41775351914242
911.119657420461,658.008435005543,58.927213455710515,160.01925522071753
911.3203604188935,658.2298224512026,59.05015727605634,159.62571941003745
911.8618293650879,658.6776401115274,57.627627115275615,159.55521179943565
911.7677362407151,660.0127051723307,57.020418807957,159.01456361854386
911.6318368486859,660.3995561570437,56.396452609183285,157.30571472446456
910.7440977269614,660.836622352336,56.04441622308377,158.06641241809893
910.3998980095782,662.1059013292822,56.33871140352022,157.8268651749158
909.7544347311226,659.8821950343204,56.76758112729496,158.17444319893923
908.7582005645926,661.3002321309672,58.84603789531279,159.1767451774569
910.6952283595213,663.5290025608945,57.135123217676664,159.61521332153907
909.8343651173253,663.582466789445,57.51044192525831,159.35026164830035
909.4884696223403,662.437265292454,57.90259637541946,159.26204198521538
910.5085239829256,663.7214819251635,57.850875630917386,159.11370753595446
908.9250484450998,664.7600045460039,57.96904157261644,160.27347654049595
910.2297029936802,666.3621677141773,58.61391089777256,159.48829512530457
912.4334020508854,666.652311255219,57.71302164147505,159.18730350008155
911.6208458078479,668.9473149301443,58.3368777522442,159.64606520573818
911.450807363728,669.8580665874842,57.68856046664313,161.2608786503627
911.2786208766272,668.1419726642764,57.056701091586845,160.37530606887924
909.8042807932874,670.8255724376602,59.039968241694346,158.11398599724626
911.1455681218313,671.78402448481,58.77847494958901,158.8682875361922
911.6097431531605,672.7294399849932,58.85433222407526,159.60198227443402
912.163150781528,671.7376596641748,58.91355000450274,161.37863266896403
912.6254478612493,672.7732241384988,58.41725320097465,162.26942746115856
910.9469384554073,673.2980584072932,58.88874147326236,161.7940251084748
912.3126698606546,674.3646835719164,59.35056296805595,162.0032437075862
912.3340980047593,675.7366305786484,59.43042925027096,162.82346537535466
909.6933915831185,673.787446703092,60.64614744241584,162.81733682112608
912.1400177724554,672.1019218237043,59.70949043337742,162.33902433115264
912.3959940244251,674.4760001614585,58.857588898464606,162.585683366831
911.8807741014842,676.3475494844471,59.11395162481491,160.6665345687254
913.0111886678246,675.8757259748065,58.54742192843216,161.02804425029305
912.8196224009985,677.2963556725667,58.149098513925594,162.9782998987929
911.519433634257,674.6164618533096,58.21748614083514,163.88961270125134
914.2858829376655,676.2398630074003,57.126068627456775,162.81333485755442
916.5782526074372,679.1815470398257,54.78780402993898,162.22908231998423
916.5066016086812,675.5092955953203,54.824759800063035,162.07742825757015
915.8241419917554,678.6593333294899,55.01560689381359,162.2918427646939
917.317367527959,677.6988113205581,52.581597919379234,162.09028100635078
915.2561825988515,677.7410458399336,53.958035092142694,160.76779999091406
916.5269786342044,678.2915943900391,54.77097962593285,160.1854892168418
918.5468668460496,679.9376193377266,53.608727801859004,161.65038296706183
915.8782506637508,679.554100664827,54.92473893507298,159.20763471156403
914.9661336076756,681.8557040256254,55.61304183654069,158.1968065448165
917.515700941974,680.4913514535094,54.81744906015394,159.48368238126224
915.7718803493318,679.207925387895,55.45453765614114,159.18873058377903
915.8168638299791,680.7579398445916,54.884231033819795,159.5473211514181
913.8445997242321,680.5105672803166,55.6830945743368,159.89847408643053
913.8324457651792,681.4756452580498,56.40746018276507,159.66482866399326
912.3033481995363,681.3902876533114,59.037905262244,159.20205646737566
909.2952383697964,681.4694158355803,60.680660664267165,158.40124343924555
910.3885101280498,680.8777092217764,60.27292341655967,159.00617489548566
913.959951177801,680.9380713729798,57.87460150762807,158.9146240829503
913.8196017765745,683.4330095521683,56.83113883295935,159.33907520454594
913.0987980070865,679.9905459480577,57.01999646467118,158.5537529346161
910.4126207287279,679.832871180599,58.57450136253046,158.50553280152172
911.521656587639,679.8978082851697,58.090669885408545,159.69403994184614
909.7512667695946,680.2326034078357,60.77763589207247,160.54276961639772
911.0294898134285,681.8839828260515,58.93681851484635,160.0771950648914
910.3463374109187,682.639971499007,60.13334652522413,159.15233326367752
908.0889248839876,680.1663992978047,61.647352024374214,159.49859681483792
908.5246506872963,684.6441241681164,60.27568236908671,157.55169954027377
906.4750312816291,686.4689248106471,61.21896029906098,155.77594604246505
908.288952685534,687.4896219750947,60.04758262388036,153.34587706416107
906.9937656307054,685.602820434008,60.042095188461765,154.15359255721685
907.6773952535723,687.4778587478756,59.89889919173134,153.4423539437895
908.1686294351039,690.9772225250083,60.176077560823515,152.3468721134105
906.5735034228438,689.1344282414944,61.04206933095471,149.69338609355643
907.8082879569396,693.2821964286145,59.568075383871786,148.48931320943134
906.7346272259165,693.1286100560603,58.75563350850064,148.27251312381998
908.4577773191825,692.2467583110966,57.05537492601399,147.84912772859508
908.8139274605911,691.7708710116885,55.258943526117235,148.89729661242941
910.033363357713,691.290258209,54.131337848767785,150.97374588340648
908.4668638515926,690.2302240176028,53.62889808715198,151.70146952643015
907.4685317620549,686.7003088819697,55.090605627053904,153.57110793225598
907.8117398192896,683.6092026334861,55.482394888485246,156.07333225449645
908.5246440144202,677.9097981074929,57.25496337183457,157.40532938004014
908.4547311592212,687.023431882727,57.050451620488055,155.49362403198722
908.745969465705,680.8708716599839,56.003354635912885,157.83604232938654
905.2523292138173,677.2034586120998,57.38110016996488,159.89200076026236
905.0453529102842,679.3987694401599,58.067766679874836,160.0482512915964
903.773767206157,680.5233877493026,57.711552521656614,159.43686475188932
904.4182170777356,682.9471971325546,56.69390964067138,159.32607005074266
904.9432617816304,683.1571253055323,56.61319247823856,159.48739333126144
905.6510884090155,680.9781285864044,56.17213218557754,159.2868881332539
905.1099930430976,681.4777851892001,56.407704458601344,160.06137544755225
904.1245387403493,680.568808194151,55.69583253502472,159.56281505583206
902.7551508839308,680.1330486659402,56.41779536610852,160.8185481085713
903.0735712914942,681.8390586627042,56.24420003233128,159.91928505944412
904.026421401915,682.1772755724747,56.38792479081641,158.29111368006943
904.2067302643517,683.7077214949458,56.242255285309916,157.80175159551237
902.2537884326711,681.8872080089694,56.97105665035521,158.17584578054797
902.561775955385,681.3631553928491,57.799996251794724,157.64213087193448
903.7163235875635,681.8742625835456,57.18334763044038,159.7124900443735
903.2906337237919,679.2603771501888,57.0479431054365,159.30346338382498
902.8754442811824,677.7739970125994,57.01379420947796,157.92006750508565
904.3339309298447,683.4234378480719,56.07175764320724,156.4409456367804
906.8343871512419,685.3304688862836,54.833617611202584,153.77038917442928
907.1955662028398,685.0441225468735,53.787766370412,153.38139222088682
908.3492542651132,684.6410391737069,53.01160280041091,153.41675048318683
910.6125332209439,687.1334309699303,51.034129653906824,153.42574270011875
911.0242439057897,689.6351605259794,50.90696366243782,150.31293842482563
912.7431068496369,681.2712027902516,50.08253649314415,152.13945360781628
913.7511430186394,687.3346638134077,49.81695103638076,152.02446402795522
913.8723462425961,679.4504617308837,48.2566589950719,153.74950999633927
914.1988606609856,689.3786585422963,47.326220467229916,149.76948458292134
916.9401145308836,686.4503333668717,45.577294126693445,148.73723819171482
918.6339445915913,691.9754292654432,43.872342978546705,147.90441247948087
918.6252890566872,687.5932192510481,43.05117765002089,148.45969210694878
921.1207047785225,692.6173726976159,42.311771373731034,147.66543110132153
921.2283192135461,697.0532807240777,42.03570491548932,144.54645006433347
922.0828848662259,696.1199877697351,42.15089075631312,142.49842351932938
921.6066500362274,702.6145831716985,42.29288811075509,139.13535359554487
921.2554872321531,699.6210739208605,41.19908672565166,139.50833591205884
923.1160069261341,702.6763656613489,41.12287690909085,138.21536667642863
922.8920988056758,705.3196862364208,41.117562099074476,135.7542172287346
923.5047271816633,700.2483796473606,39.34483996228056,137.12820068035322
925.3324803863849,704.1397019165179,38.89273706948991,137.45762358552258
927.2634211582231,704.7149495316307,37.996095304380574,135.57186215519152
927.0470994862259,704.2332384742206,37.94179116879235,133.4907593033445
927.6065046361946,705.7173960238612,37.902975530026865,132.65073893935102
927.5271922370214,707.0906459723119,38.67314910333214,131.0080632965084
929.3651608014336,707.4108518413349,38.16681388899457,131.46235018415928
930.6345305456982,710.8499289847557,39.03164960217521,129.2783100798352
928.4713421982945,708.1156405107581,39.91889821552929,130.43922107183482
927.3357554176674,705.011011396061,41.07482485558174,132.1661606789899
929.3684137277107,705.8736036605453,41.08865634459709,133.42936844991925
931.5462296417431,706.0594611329035,41.684869321870195,131.97809099600218
929.4065877279294,701.141880736162,43.17012998365031,135.79871074435437
931.8603274177351,703.6727185229074,43.38800490845056,137.56294994525754
931.146164789729,696.07262938725,43.13956666115117,139.9689315286897
930.7860918067266,695.5865738031275,45.29167786512032,139.58651747027395
934.7574285345858,696.2567732020323,45.008182002362204,140.39137618720804
932.8624075041723,693.6654071564088,45.99309421226091,142.4807039211277
935.7851025045533,697.9279027799656,44.70781602748664,140.93750391853945
935.7103625968806,693.6741040321622,45.031875568433364,141.12517419219637
935.9614169823079,695.7940634139377,44.99479984630578,139.06166714336405
936.9210199934237,696.4464191653562,44.67044799939502,139.59825342390855
936.774914497425,693.4725180613118,44.48108813524601,141.4676753977511
937.9307891696836,694.0249177518762,44.71768136104348,142.18266565791893
935.8268590395598,694.7313586417373,44.21677997250916,141.56299410354492
934.8422207078501,695.9480512765756,45.44398588476688,140.8549006445595
928.226520619321,693.1221555438619,46.98600977187701,142.50412621983446
923.3560135533944,691.5678569478079,47.41186728876011,143.66055694559984
916.4339930061943,690.2095195786206,46.491721946741286,143.33069690625044
911.3346994624123,693.8618750269195,44.56196302104009,139.7936830199991
907.3005568262912,689.6353512814854,42.74223239260148,142.23919110232765
901.1941044435528,687.6621381588957,43.875323441731524,142.98878831614851
894.7179242396485,691.5218218130407,43.41980551820361,141.71904288570687
890.0831428926457,692.3921486915287,44.01930315059164,141.55245306879283
885.233205459188,693.5134046789753,44.34512310373193,139.4686543576646
883.0029813586599,695.3886722275182,46.20089237615525,139.52250853267384
879.3216278036236,694.5311880149164,47.83599319862327,138.49870923335834
878.4161320387085,695.1499218571118,50.19504996346632,137.81110642466754
876.9759995441889,694.4772201567765,50.307642223194705,138.4051639845057
875.6421561741931,695.5238408636861,51.04428874588215,138.14391876117475
875.3768579281847,694.0615560707004,51.04975577601013,137.01580140012953
879.6436754691985,686.3196096778739,51.838665295756506,142.75235366990563
881.0501858406833,691.6449488543082,52.4402349084788,142.38001452191492
878.6382410909133,696.1980596173553,53.0216639157756,139.3652810500596
880.1203644297037,690.9984307119547,50.424769824277746,142.34529324873665
884.0713707629476,692.5474059965883,49.729604844034895,141.6372198753023
886.5680897195134,691.2023878190948,48.16628103115913,141.93033017078324
889.0965478835176,694.3753609833682,49.49566228475309,139.68120992926256
892.0514521838305,689.3368337167071,50.24712739732137,144.25162318881064
895.9072812045623,691.6999972057744,48.86761244188446,145.07942249581401
897.8954895167011,683.6179019488051,48.588933017206884,151.30631111587698
900.6706233923796,689.4927651831268,49.608929292516116,149.4910184197916
901.0282398462797,687.5187726135969,50.33888473367212,148.78643219998037
901.5294275051084,686.5136594641576,48.98803196829127,148.0069437895072
903.760873347451,688.7246392112592,47.57983293929302,148.07783480630997
907.6779691170085,689.1306362775531,49.1031400536595,148.45391704338005
907.1999004138064,690.2973505451789,51.29306955609118,147.43394391965882
908.6477819462876,689.8726571752555,52.60534466005446,147.99477841168954
910.7731652391361,692.7163790068204,54.61412603347274,147.20959754845654
910.0746013395664,691.9626786317999,54.36249915204213,147.55601863774962
912.532819892194,693.7114853335155,55.624857555333094,148.99767896050213
912.5910199959275,694.5201814318204,55.196166509409856,149.1566221145722
914.8869371077127,691.3337309606153,56.28693613367254,149.6519575496759
917.766023036141,691.1797840509568,55.53481987524735,153.98412690827104
918.8653495138361,691.5894520724403,56.85902084178958,154.80676641573552
920.7714596393392,695.744949428195,58.076122435177446,151.21300889722454
925.311257861105,691.880088907991,58.62616356877889,152.17862072416523
929.7476993704869,691.2750422373643,57.99648974384019,154.57387400946067
933.1821034583359,691.3378514504769,58.35898051994017,153.35856182077447
935.4167320381661,691.8318935777729,58.79985984721448,154.7158236472372
937.6192400230017,694.9828252567669,60.192398659560254,154.82811226873213
937.7924561820014,694.0330116085566,61.31660347896752,157.5532602735347
940.7735543464132,693.6030696969037,62.839019611854596,157.70085219997054
941.4332900503174,696.1711966423425,65.22174664057103,157.0453524794084
941.9834010400493,698.7513071431734,66.1077929863043,161.78809046983173
944.3219387681609,699.9307085914486,67.34066043338831,164.62993292081234
946.7767663808204,703.5545874506684,66.73913071674784,167.75345801200842
948.2532197302469,704.0888499324421,66.61529127750381,167.83587786505296
948.4266964235169,707.8669425960667,68.30134653073546,165.48932702945655
950.260849848786,711.5861984794375,67.9369771350659,164.68766361421007
953.2776398448049,717.1288304199836,67.8886828234603,163.16890429280863
955.5125327725991,719.9361547837095,66.26932651902283,164.75032923499998
959.2960260980244,720.2172616975245,63.736308520356744,166.26953083624375
960.4264054683122,724.2002909523052,62.33044520435513,163.60337878343947
965.6094353234757,725.0104747754531,59.68764755847985,165.76235738252132
966.9653990293697,729.85024682051,59.41858240685367,167.49390334698805
968.4205603151155,732.8561832823391,58.606366781283256,166.3005867237979
972.4913276125549,735.9812242868813,56.237344587747685,165.82294824602275
976.9790330395525,739.9120265618433,54.30400637986866,165.3734679629086
979.529530238198,744.4351593384523,52.928698267739634,163.89550013903158
982.3638728617709,747.4482817059057,52.31603281430902,161.45701605792937
984.3724868531402,753.3376994867203,52.455209276104355,163.3733215911447
986.3121908359016,753.2070886047908,54.82977650984116,165.322183259593
987.4943775953371,759.0720972220012,57.774554255913564,165.96782724805811
988.0521504548582,761.9902790918259,60.953374338491386,166.99114371832172
987.1068691950811,768.4708833483543,62.60181287575398,167.58489614125483
990.7084739977315,769.781402840091,63.537315776167006,167.79820668130594
990.4215948407336,774.4049406431665,64.04720689455661,167.16094897084457
990.2155937590007,778.9126131613523,65.66258156566832,164.95079470065446
991.5126084504536,779.4198768026904,66.21705016351734,165.8260933929963
994.4627797506956,787.0676736287973,65.21078683738531,164.0439614717056
996.981718903214,789.2122502744477,66.63166210680943,163.8469070922106
1003.6112283508568,791.0439795870255,65.00677156045899,166.10111003238654
1010.2772863627706,795.7342258236251,63.14638130592819,165.95258481404596
1014.31934946783,797.663798932087,63.33458614364859,165.14754867339434
1016.3753431651188,801.4903334003917,63.632596061246446,165.04225367033354
1019.3920082694216,805.3909206196402,64.64319427105848,163.4282483053645
1020.8080895157566,809.8466978541425,66.3615206906069,162.9125490608639
1021.6781759888504,816.3490437755047,69.26499999140688,166.62469158157938
1023.7826242639254,818.7169549439155,71.1260822600581,171.08013993898015
1023.7194037708424,821.274055002274,74.032416190171,173.59114761325202
1024.6640961090231,825.8491916037158,76.9624745380974,174.71444606820745
1022.8084187978569,826.1475204725787,79.02240602202636,176.326174580581
1027.8384684642917,830.0088167047463,80.58602928610905,176.3296253018559
1029.8098598799857,832.3775716128782,80.41354644036386,179.13572544034622
1026.8875997132318,835.1411828731791,82.19196600237936,180.06209742822523
1028.51129267406,835.8078465767994,83.96430241580693,179.65168898821048
1030.8809495805672,836.329063988961,83.05480224455675,178.8642540005015
1034.4761226688481,836.3694281837841,80.6238043181136,180.45827267246375
1038.7688692770496,835.8550562508273,75.25091883981332,180.62916652404755
1043.5598970595963,837.9660024625366,71.33932736687426,181.99661683834017
1046.3020217769395,838.3356206538751,68.47235429222687,180.49180041549585
1050.425005588263,840.1002973507171,65.59126077538954,179.84315341844626
1056.0864409832693,840.2581558535542,62.86006250351316,178.08124133532272
1057.9331039338726,845.1241302581059,61.562897506276926,177.92049305980248
1058.9728183646307,848.522824850516,61.426992593482154,180.46410030520025
1061.9513278994218,849.4643140670204,61.9774568221557,184.58663515629786
1062.8357623233785,851.7609777867949,65.21088617539897,187.62710057715412
1063.8135040162097,852.6120188309781,67.72432283111826,187.417741031358
1063.645202053902,855.9082501575206,69.34152557023202,188.13289022468848
1062.4806426094704,854.7844503584543,72.00537499708227,188.82675436787449
1063.3713823886976,859.2932300887029,72.7614575905771,188.83405776231433
1066.5015067283452,860.5704049898864,72.67218700100642,189.5527982508736
1069.8952606129478,861.4767904596314,73.07953444177929,189.31843571632893
1070.8087959028112,860.3861155246688,73.84316990521899,189.37284930842867
1075.856524136999,863.3960706318271,75.31941910592099,190.63680720317058
1079.0666519683932,861.5644029982661,75.98752713874296,192.56018148560017
1085.4018681354412,865.8559415071223,77.15080386038244,193.97959390832654
1087.8367991801251,866.9477243064099,77.90381463568163,191.18064175488277
1093.5477329093476,867.1728338440039,78.85721258085468,187.19326787733513
1096.149015369188,870.7889993016856,81.10972343488159,187.0237502738774
1099.9632981830682,871.0036776702477,82.19972046177844,186.6762202035162
1099.7115669868824,875.2213937327631,81.81253432763368,186.98756702466244
1100.472456593748,877.3455924668764,82.63776284083183,193.63581864808543
1102.797586191507,875.8426415929536,83.20477467389162,195.39865053217062
1104.6356038657048,878.9840455786957,84.57538802548069,197.7704570754031
1109.9336461279436,878.7785546415571,83.2552293605581,200.78940991064258
1109.653469322131,881.6717856358207,83.67869233120305,200.4619875859309
1112.798199054442,883.8177796217358,84.04284364670761,196.33873821947657
1112.8980937078547,887.5564501188924,84.11904949775123,194.16916969063377
1111.6564462799186,888.8551105711089,84.80480940865017,193.4830537499052
1113.9615884102402,890.7635082794318,85.18153738483393,191.32458007803933
1120.9894604700312,893.1543637208233,81.76589368274034,188.69392398049084
1123.5103803581403,896.496409388011,77.41902773623981,186.77118778351394
1128.4418921087633,898.1083808402567,75.86794575765893,188.02146613446848
1132.323296421555,896.6102169759565,73.32685983139913,187.12433143297574
1135.0688695088322,896.6977572234682,71.81455744894676,184.60573369043288
1139.3512406457578,899.048429956579,70.54219567408612,184.05145969850503
1142.0662600633052,902.7669182691428,68.68157127252194,183.40491219868204
1144.6438771328064,900.8015917451837,69.40493099606678,183.10653719207443
1147.584055088553,904.0981938363223,68.4803675845214,183.35975681607658
