742.5,815.5,91,264
730.1769714650017,814.2948181601399,104.12989261787119,253.91623721262516
722.6369480162058,813.1302165369087,118.07225625042511,247.87983992887843
722.1493992696654,811.7388299030476,130.68878600207023,242.39769856522966
737.0414635429415,811.1582983814542,129.17249282425647,246.38683486875541
755.1368894093945,800.5404827313052,116.83118418684344,259.4422015326552
761.8710652096013,801.9661411503802,111.85781071983163,264.53074146747605
766.1821169101139,784.501972882697,112.44121539177637,268.1037176928763
767.1189127959412,787.6787009425508,116.09604191624395,267.81427640567523
772.3005296334921,788.1703408021299,114.39701425437619,272.7241093586143
785.0509683351567,783.7915800296771,116.07680062371794,267.8123234115029
784.6608088192664,778.5416065647951,113.12958198381509,264.1980631687687
784.8611218023714,784.5235842180996,113.30041490937683,262.6035063687001
784.0408402730861,780.294008328522,119.10026555371091,259.229768120934
794.678892355753,779.1823899720948,113.60241685773848,265.48428433296533
795.5379703446796,775.8666820720172,113.210329364648,267.7733021984877
794.1889317211342,769.2968102682596,112.97463874510804,267.9733848439199
793.2979386343914,767.6581344318446,109.49789033659661,268.2870308743227
799.6665226618692,759.3894424916117,106.78680526036626,271.11339285105936
802.6600413934913,761.880423422529,103.67172058069164,272.9444919148095
796.7111817725655,759.6252223778179,103.9410754560761,269.8351262349894
802.1709790006217,758.9151438911263,102.93667293176739,271.98572223105975
807.6396240097479,758.9448051854745,97.44563455503803,279.55893849894846
810.857095910893,748.5140276879497,94.88114636757936,274.96825957068717
809.7767966107251,745.4393312345417,97.77667376570045,262.52398352450007
816.4329146702712,756.2193010309378,96.65228885630694,257.3165540936782
824.9309027095378,750.4711311284684,91.58451054507428,256.9856547861881
828.1212623855614,748.1439577360886,86.27151980351618,252.51375446089332
830.740583257692,745.2680635767955,82.26391557049561,249.6381907199397
834.0399447840141,748.2740215816398,80.99338002201958,246.9264848941874
832.6162627812976,742.5975174119314,80.37752482502422,244.46563871945818
834.2112228492127,741.8779135869214,81.96683477802802,240.3187904149333
851.7223692971697,743.924663096025,80.18318941141155,238.08380297845048
845.5591037966808,742.9813952419362,77.02406379816551,245.64271642718063
845.5614675670464,742.4488717068698,76.44096458465302,248.01579519323576
846.8670214545488,727.246560850049,77.84649202804471,244.66880183382165
852.9342459969193,733.5804071307567,76.60491298982177,253.11893198872804
854.8158833035678,724.314955582447,81.13810266975459,240.11741118372382
854.333155960047,721.402790326108,87.79793059857853,227.84697894276664
855.2713119474876,719.8901207584895,89.38820909434335,219.63240496328376
854.5770047827493,717.7352576653343,92.66537055779852,211.6385124054902
861.4911742998929,710.3687027207843,91.33332638083306,204.8542686202381
861.4183596800552,714.5964236146476,87.9785641560362,214.7737307502435
864.7483033433948,710.4264849639924,89.97750599242292,212.20280625776718
880.3476085006728,717.1282208925207,88.47593741319031,215.24118484389695
872.9803769522952,718.7572516125526,88.07613463866848,220.10671967275817
865.2549151756243,713.6983857195671,90.49238971363069,223.009855900636
867.5748073363154,708.5011888906976,93.08900405710793,216.8922447527216
870.2979056506949,703.9012354856396,90.73413610082392,226.1544458911513
875.755673076837,700.6679569481903,88.47465710961741,231.5281994883336
878.471952262854,696.51262522564,89.06705280645718,229.60088694970898
879.4964030499922,698.4789029784677,88.98917848440396,230.8085975362068
881.140197754025,696.5604437513452,93.294827248284,226.37007196666613
880.8182012755083,689.4590112397443,93.5760419671611,223.92006489611492
881.3957528536797,690.3416365944668,90.0330713703882,230.74328558992784
880.4776608340493,681.9024944510596,87.76809099927092,234.270267697468
882.6041791253215,684.2240347764891,87.65627350810556,234.4608998293262
885.9606529212926,685.5416821740869,86.15510851503151,235.59435006327635
887.2811084712267,682.2538413604491,88.4251096209953,231.49272597406485
892.0976269235344,677.6343680020477,84.88552571203408,236.90684263393348
893.9381097829385,677.5366634260695,84.5385396629157,240.1371852898411
898.5659936496628,677.8142135716921,82.31889127298258,248.88604899955374
897.8985943775174,683.9403521299877,80.9506898946465,251.34575902248073
897.922763393884,678.7831197868406,85.09462571727958,247.82796689967654
900.905826133463,687.0444298580849,85.45249420877869,250.9521995174391
907.4191772069656,680.4555743757232,89.33633853448002,246.02128468024495
910.2441851233621,687.5458525298254,85.45840428686533,257.50225407206256
916.2235454981732,681.9341381167228,88.18649027867727,262.5341832989437
917.5531106596975,680.9528349121808,85.64473389725765,275.48523144063705
917.7750390562468,684.4962761976872,84.00102197552886,283.18734257817806
921.1218104311928,671.12883702537,83.00845344348804,287.6288268125075
974.0914469561025,729.0327045322167,85.03453877984491,307.29371974899595
982.2439262159204,732.9569138378276,88.70072823601298,327.3362283163482
986.2118242262335,733.7220469543953,90.86259947344631,337.2607260403543
959.5218823970251,697.1558585953112,94.40620194315886,354.0761588752339
964.3299758905655,699.2443154711625,95.97734494803935,375.48518159842183
970.5980647284799,694.3264815387768,102.92889426525093,377.47967276228877
970.9396225211763,696.3869329195725,104.39480705233123,380.31406486363306
966.9917096479958,694.9948023786362,104.58122745561516,388.2424492544652
966.6167877743403,681.4297805238325,106.0044524024348,393.89330661007375
967.5422523804156,688.9167946608213,105.26876182077038,390.4310289370303
970.6955194802865,686.4613197653116,104.93026555115104,391.90559368776906
968.0612488113742,686.13002161522,105.57043619672436,390.28504075522295
967.6835724950441,679.8479438078716,102.27346475564741,396.08318526255664
971.2412804338329,679.3123355703151,101.56265563086464,404.3257057875627
971.5616098232819,677.5067881695229,98.6418892045809,409.8711667313215
970.3208097888947,668.5563454853143,99.53175566277454,414.39124969842953
969.7287539651696,669.1009002816809,100.8866331136729,421.74531221204177
972.0642434551334,660.8520469801039,101.33028799500804,424.66729762390673
970.1350207958765,649.865179638714,101.7344684539099,426.7123449767339
975.3436789218971,650.5225772642139,100.51109315039122,429.26491789669114
979.2902952084225,646.231054967131,96.98602965945975,439.2447618432436
981.9915331369755,646.6040395557751,95.27263564789195,438.1867551568175
982.6224990234283,645.1726557487161,93.86156143472795,445.4466320160378
986.1728668555021,637.5921671422177,92.49389131410288,455.2867858259141
986.3283689202332,631.971057598367,93.4321379550982,449.4845824816599
984.5594083168535,651.4556942589172,94.62715141655019,447.28410135172805
983.9809124550023,639.3884439851549,96.68456747333568,444.4131367447043
987.5016431145248,659.2785244313025,96.81844418610774,445.54117362217664
987.1864437271687,647.0179570107175,97.0125985649095,436.6747704028819
993.068274685343,642.92465152824,96.2293992694442,434.05777431505805
994.8850301777272,632.9891359003996,93.14650986981131,436.7178289610557
999.2558492890435,651.568896931595,91.19688319783242,444.23474891170423
1000.4696230764068,630.2406358451387,91.53534937798861,444.23546662655974
1002.4392062810737,644.0902052932859,92.80437030278387,449.8119780065738
1003.6092179495047,629.1923855418447,92.47908446629934,450.61841687491835
1008.7646909562586,638.5712700152237,91.1592715186985,453.0388825015093
987.1069035535277,654.1748123249449,98.87919799339905,438.0519693492688
996.8316816479088,636.1165263207869,97.20346697380708,441.77734355353095
1002.7310822309985,648.9444845148839,94.8686615095248,436.09797510749627
1007.1863883596563,663.1207819122292,93.93677365961676,430.82621514022753
1011.114357180968,655.36903159415,94.02973407689166,431.36816335439875
1010.6573008191764,661.1902912821611,99.00313115355326,422.80085124499067
1015.4544614505008,663.1995594754469,102.60119919457279,419.5599121109366
1016.1363469837094,670.6821489577981,107.97752316934992,413.3558076089116
994.6319883045435,693.3220540822524,109.50847590111377,397.3946252858208
1002.3524306440271,692.7340960083553,104.81442018142539,391.6250525765995
1009.5977775206528,698.742901243341,100.81413645321736,385.6350922947572
993.023138042055,705.5009874186543,102.09058326197746,377.7993026066788
998.5444965329998,713.802387214758,99.84712730928095,370.8330596031691
1004.3276747049964,711.2174676773302,96.95583070926048,369.8335226114723
1008.2582530802084,716.7553969940446,94.788521322733,365.89063028182
1010.70831720667,720.23569743437,92.93397902659213,362.11918758305785
1007.8124830258323,719.6140008018128,92.00412155815786,360.6429382413229
1008.9787051863477,722.5505196189457,90.40894007479024,357.6804551353296
1011.9356787530912,727.8917755054755,88.4639542876663,356.29185435416707
1011.7514252705702,730.017114023095,88.47396159819182,351.29413902173303
1008.9230896948674,720.5006175363926,87.70362220261205,353.8845662880457
1007.9191113255652,726.945693293894,87.08564420904975,353.390973699929
1011.0122283729086,722.0915411974335,86.31024722746224,357.7214516451284
1011.4452069504042,723.2472547905095,84.17883480519563,356.81210748295393
1014.8581964942049,721.405397327834,81.94625470226475,356.8270441131262
1015.0701867825263,722.0614973345234,79.94272106515577,356.9356545871284
1012.6621901302617,714.7621516820493,82.58627100663448,363.5843426459836
1013.7928818154713,717.2402459570171,82.78797431767475,364.1883019754845
1016.4833709670486,715.49186337376,81.45288049943471,365.757311012408
1018.9411467106058,717.8977577592702,81.46778922926208,365.68203928250625
1001.0525450558168,729.5616379738174,89.51571698600716,361.1753769202285
1007.678901032633,724.3514997218019,88.45156902117222,360.0712816063284
1005.7314640155689,724.4098139424143,90.30573436138191,357.1893380524923
1011.1174881891573,726.0605625539857,88.79694052508151,355.4128513163475
1012.1222184192254,721.161201997327,86.75391706301335,358.1393375410206
1015.1124097779953,729.7782077743547,84.85834398984245,356.5028501086231
1015.7739382620795,722.0987471223405,85.14105448966785,359.583203043047
1017.1838076459605,718.1064395170627,85.02270425296376,362.53005136966055
1015.1465252413445,720.2714963856984,83.89773630290928,360.15589238922144
1016.4536133192115,713.5674624807002,84.29301344211018,365.7365991802825
1015.8245866896973,721.2325086238764,85.72569276442844,363.66820115061734
1013.4738842653012,727.906641967619,88.70966635592687,354.4661285780559
1017.8864571760646,716.7559858964437,85.0462562233242,358.74331927962396
1018.3322294189862,724.8772500971041,84.79146338097208,358.0910934397527
1018.2616284089407,727.9876784084443,86.14121100463291,355.7829947114318
1016.9939524342184,720.1178964621308,84.52733290983971,359.2823748500505
1021.2346089353618,728.8830500060072,84.48246833748907,357.50221495981054
1004.328467593217,724.058000554978,90.21572111223134,359.5901795882322
1013.7587326551223,720.8502599032254,89.37934599385585,361.5207632110983
1020.5229778300436,717.3544052672121,86.18572180882293,363.22673566300625
1021.6259530112922,726.7324478641191,85.82569610785663,359.68983419053376
1023.2056226200084,715.312744260663,83.98570109185005,364.25824738778675
1022.7404016008817,724.7745712491601,85.19040327369234,358.1997537159474
1018.1196255738657,726.8635596872215,88.59724486513736,353.47837067341675
1025.1798326607927,722.5916500173157,85.88733595758472,355.90537993786336
1009.4504020138322,723.2464706243684,89.54634386404052,359.0085688978277
1012.3084222359664,726.5324009689831,93.48972499677627,354.51917649651614
1018.8658876993184,718.8679929933355,92.13977715110784,359.21412789444173
1022.818702951306,726.2069547682361,92.30630110578794,354.732200335922
1021.2092063309867,720.5845684381202,90.69026838768374,359.64356450928733
1007.1590722048331,724.2507465194102,95.12499574286815,359.3002678573646
1013.220268635993,726.2462352827873,94.47736514098582,363.5149771708768
1020.2100197867492,721.1286831850132,93.62679281385866,364.79214030462225
1021.5543919196533,719.0184429343135,94.58461629750552,360.72952003349644
1024.9027647978103,714.3393831378502,92.58572449340122,361.354134220916
1010.8936808547899,718.87451505174,96.96931174431438,364.9276546910439
1019.7293249366732,717.4851657181443,95.73645524912743,363.29456659443
1026.7933126410678,718.0681158688998,92.7599057588404,363.77972504571784
1029.5857431175527,712.7064034573962,89.86397775889682,367.1113464903616
1012.2531550138507,725.3602830501097,96.92236692675596,359.2423922203125
1017.5111892028071,719.2530244918156,99.31159641219628,359.3025515778461
1026.8731583793924,718.962737569662,95.54239210802118,363.5999919494477
1029.868746896194,721.1574828287582,93.32440725826868,361.264670668985
1030.3575309850203,726.7394723795821,95.213775682526,356.4263531216757
1016.8717056052765,716.8142734586115,97.87501568831291,365.1331875026269
1024.322871372476,711.7206226876856,95.67950103516571,368.4183794778409
1033.8607967129858,716.6803534133787,94.05168575896786,368.78979961796074
1019.0017595063981,711.0435291816023,95.22146502301551,372.4051028220952
1025.1267409205243,719.6266810574546,96.35178164066639,371.6914802566898
1032.791957043468,714.8304961106245,95.78836551096367,369.84389018625393
1017.8280078137207,716.2792179872732,99.62455378191191,367.15307130566566
1023.7280656522298,718.5776235247639,103.57121514379959,366.0141642648557
1027.022719422686,706.3640555631621,101.52471355638752,371.38452478973454
1027.7900111087865,724.3831784073097,103.61296039186887,362.3414759832068
1031.250242494308,720.1461874334578,102.9458615321266,360.70256693589727
1033.940336348274,721.4112001501155,100.33804570480942,362.12155163556986
1032.3578381529592,720.9803552710399,101.22426456551355,362.04524313893677
1032.6116541477036,721.3549171116231,104.24307571857018,359.60638673252123
1020.069041718296,710.3940834597861,105.61518563795622,366.2804467443501
1027.838352468531,712.0416984033054,104.78930810327664,369.3847238729818
1027.343857776534,736.7550557311743,114.14323923384374,358.58122137429734
1027.6669020311333,725.2427887903359,115.58374451266236,358.7150779014663
1029.060001711399,720.3835687030462,113.39289003342873,360.0693996455242
1032.8062902812371,717.5920782765002,111.17991435975503,361.6106705331804
1037.559173436964,714.0006295953792,106.48082523642532,363.64453134893915
1040.9815435003657,711.0058198979964,102.08488239049706,366.20530278715444
1028.0308107361004,708.877788509421,102.80230220561961,372.1887822887976
1037.6729478173665,702.6094304427388,98.79898748516632,376.71920216847525
1039.307690433801,710.8168778225804,103.95122767335974,369.0308035762307
1037.6048685737933,711.6849118655725,105.15816819419311,369.02832636474375
1040.1147270364736,708.9649334867314,106.33657870510261,370.2536783609498
1039.7307831007593,714.7236496839514,109.35119012241009,366.5602910130791
1027.7597688239314,705.2987928944647,109.36731606697472,373.9431897887962
1039.8442317914873,709.6798917911774,109.40735057898414,370.6994550645478
1027.1594183135287,703.8335638322166,112.39046258126326,373.112896877658
1029.9942476930712,716.7559913414422,111.60463602436428,371.7492121946327
1034.7950383060975,711.098091566686,113.72578199309798,369.1061249448988
1036.320622231373,707.4812564354331,112.48181901171426,370.94623744465605
1039.1163190349237,712.8635729887709,115.03721741327254,365.75656950859343
1045.8443653394215,712.3254613028691,108.5395065070739,367.7955624040558
1046.0225163813432,709.0665008788972,108.98024297735182,369.92496628387073
1034.4073359969284,709.998703580195,111.7031197567133,373.29440691485433
1038.7723544276157,706.2277299105106,110.73004314475193,373.64071838447177
1042.50147334522,715.2397704155999,113.84513261044177,369.3577836736398
1030.6588176975047,699.2743221072355,115.04995561571548,376.6809259699995
1043.1360702957625,705.6072891833759,111.86014351812013,377.5233811223866
1032.1853665731364,699.8404495894317,112.84487772344454,384.2795277621518
1043.140868769632,708.1520394373551,111.70506664668258,382.01485792198986
1046.8229134483918,699.0077488620452,110.42761044811576,380.68267772738915
1047.7498222527602,701.0673714617471,112.30137648843304,378.4872908560144
1049.412479939914,703.1422159368933,114.08903033779754,378.09908663938063
1048.8842350670022,711.1259922050724,116.91084253554598,370.5867094159279
1037.8450211440852,707.3653038730981,118.21261736147429,373.54581263455907
1046.1717402670922,706.6881676317639,118.99137887358623,372.76751557425393
1049.6295823588066,711.6025537698096,120.8856110894331,369.44785500071794
1038.1494512935446,710.3005719940932,119.37667103823111,373.5017556435403
1045.4673450546634,708.8022123599864,121.93337863011152,372.1747949370975
1049.544605909696,711.976801061508,122.95061315010082,370.7388551831367
1036.0610761573193,706.1178772079471,124.01903903358689,372.35516924627035
1047.7195689825753,711.6887474310599,121.41048247483918,371.22860784230016
1051.9590185233606,714.7876549955507,122.69236981839569,367.61250941303746
1039.768283789764,710.8857500532479,122.63203443056995,370.34971027267005
1049.427866413444,722.0768167156601,122.67821340189258,362.64255244602623
1052.9569065774838,717.9349023565501,122.58058485087261,363.11266232314597
1041.9498430745105,713.7345067097594,123.2308492945339,363.52663441264616
1050.2865533952195,713.4890076271096,118.28565960569159,364.4740087576794
1056.976258939174,723.2277202523667,121.29016218429503,359.23252525903695
1057.7646353710115,724.5357766702222,121.60428032328745,358.2593317505386
1047.4973003367375,722.5021159906726,125.18342350544597,358.6010519934636
1053.9475884217254,725.7592704488984,126.59473551524881,357.88077703386523
1058.4137349828343,723.4449701714739,122.62942046914947,359.2515349703307
1058.775818466817,722.5862492053891,125.6288234842039,359.5814155636873
1043.8836866230117,713.1285893665879,129.21157160626097,361.2535247267157
1052.8894660934445,714.868492928622,130.08329591001328,362.8454884741343
1059.6735687553512,711.4918330383662,128.0062965875455,363.5415539309106
1047.536381375342,706.1408996017221,126.39208734087538,370.0363443016301
1055.376013809798,707.9158152189689,128.29393773050143,369.0527279363458
1059.1291419654106,716.5694648500895,131.3485679145537,363.84969259851397
1047.7793165725118,716.1293887391894,132.7051946946512,365.5784196779127
1050.9391633568864,712.2033843351242,132.62304700698633,363.87270568536337
1056.516381193131,716.6065679709387,133.5029511860988,363.9973348494005
1045.9800901352053,712.4043781540933,134.60298678184682,365.84697020901217
1056.007594899002,718.8604491829066,131.28094151823893,363.9146265041913
1046.6404181022117,711.9028879229522,134.8154024957019,364.3344074756884
1058.0405042657442,719.4827761862058,133.40558856754504,361.9112074187289
1059.8073882680885,721.8473547514695,135.81752473299358,359.08297433109453
1066.7120924379433,728.8417504731301,133.52710602772106,353.02908650554457
1051.472786289735,722.3562460113453,135.9744952159468,352.9003414240709
1061.911571904457,727.3993991778075,135.93693754738047,352.31845051141164
1049.7260001057725,712.6488041740113,136.5852976014566,354.39956141681944
1058.6486450788695,718.2914498560773,135.09532112436005,355.07132467927846
1063.5634946019045,722.9484506987301,132.29457398450012,355.49894129449945
1065.98357269561,725.2301952437047,132.0024592260452,354.05362015974356
1054.9906937775486,705.9989104046692,132.85265340372663,363.1789991201898
1060.7181863935937,715.5492335389121,131.63770097900414,364.08153155839705
1063.1240734896933,719.1271609180747,133.66971690937592,360.6864581955459
1063.5429336435873,730.1780000535238,138.09376487592078,353.18294072972157
1055.7355305077424,719.7862132721411,139.22909159604234,356.9784168894133
1061.277362757296,726.2860708397614,142.76509314156218,354.9426278818587
1074.1924693094127,714.9174559399627,135.56570898997734,360.73596456121345
1060.8671966666473,703.2128123522264,134.33628374163837,367.52254939141596
1063.0751389490242,724.8947904560468,137.44144996102773,359.29445743539554
1057.8030032598751,716.927256010271,138.53293352140827,360.41143399919383
1063.5380582263358,717.8483451224647,138.40442666503586,359.8997174422741
1076.386244296513,716.3660739283056,130.85626060190296,361.28550745970784
1076.4576619536103,719.2029024264054,132.91290691064927,359.54921043287777
1076.6437609223929,721.8250693309164,135.60248398123792,356.84798022309616
1076.1882818582517,733.3584504405171,139.6317569112042,349.16592676976643
1074.9096275613435,736.110857236819,141.47325172527582,345.65120010639
1078.7637878314156,726.6537574940859,139.60842933111738,346.9996603081072
1070.4445002941475,725.5916425831902,142.55204766712342,351.6234657879535
1080.506370770326,732.5567344816956,140.49794360142766,349.4751525465779
1072.6356932557583,719.2166870432919,136.90424501026763,355.99171061451307
1075.4294510981294,745.3011513785575,145.67275327705153,345.68049922710026
1082.2813393180677,731.403958674141,143.1435655055027,344.8536161011035
1088.8612024117979,736.9218656770887,140.3709041201034,344.42823584499246
1075.4300229489234,740.9072916042811,147.58421558063992,344.1235161068167
1084.5870316616006,732.1326617634891,146.54615746799897,347.9593923319575
1087.2770274609927,739.1441865637869,148.4480826654539,345.9545967491316
1092.158573069477,741.3528991333021,147.18008839307373,344.544711031734
1094.808469628721,728.2566626227481,144.839137774275,349.19351046390796
1097.3696790106696,737.291266630528,143.48709771389827,347.2362464676914
1078.3592871970059,724.273357716912,146.7674402625633,348.8466330831508
1089.30548434669,735.1131729101144,148.99923319713088,345.46960585862934
1091.7126156768513,736.7641955785941,147.87792548447953,346.1786069981414
1091.36576386617,741.6172007613048,149.22501307461891,343.454790048479
1080.1573087602028,722.3605888911968,148.44599753765596,347.496491700007
1089.7818585152584,729.0167522815403,147.29893100237808,348.03335238771007
1097.8401274687626,722.6926984296925,145.28989300012458,352.8400854250627
1094.7693140085657,731.1686878390104,149.1507330202142,351.67165536719654
1097.4586340373612,737.4522821453287,151.07483258675643,344.31489631851537
1098.3730567624068,735.3102211065333,151.18852596756238,343.61096548443857
1098.5557728025935,731.37893518081,150.6999920553759,347.24119022583284
1097.6125331884357,738.2856626143687,153.23258856367994,345.57019778312804
1095.2959641155503,723.9782342960286,150.82301232705174,347.01996606238214
1100.9689743560625,735.3289598728163,148.9842590962553,345.28348512609637
1104.6989696662952,737.0980687706708,149.08986078760273,346.651850745263
1102.3688223239194,733.9606667646078,150.1352103090275,344.939046476082
1106.0680832331384,729.8643672601825,149.16737861774854,345.49702754681346
1092.4537209166679,717.8355414347168,148.7696676998276,352.21746862066595
1099.8441262423971,726.568709725264,149.50206174745585,350.85589714301034
1106.3291239941898,734.2619823063623,151.2487169883608,349.0516605861763
1104.1900080590347,721.7941342376212,151.0813221936893,350.6400535170941
1105.9659331137032,726.4192768431767,149.63514982208073,351.3599635333445
1111.6369020813786,728.9991704345925,149.09088927848188,354.12803511298944
1109.1779561531473,727.9075306047741,152.7924221332197,353.66328317948467
1107.3854802727926,725.7305905035363,154.65318712293237,353.581297325373
1110.3913810663034,718.7418115910012,150.73991659387983,357.5053559197063
1108.7116729651045,720.8000427617245,151.77566575209212,357.9190581865423
1109.8292115785862,720.2125180821417,152.58682543967237,360.6285610053785
1114.237634854015,716.4263518989006,152.41784067368312,364.06770521159547
1101.9073291942316,703.2021983418003,150.43169204598328,370.49748324688323
1104.3969958516877,714.8788664294639,151.4695187494399,368.1950918488309
1109.3562167018908,717.869907885914,153.82652593171645,365.2926546950239
1115.4040127696428,714.0447796800389,149.43777295828664,362.4518201175033
1116.504547682987,724.7798080789423,150.87442580450448,359.3962191598747
1114.8612646270824,729.9099784313755,153.98681464277095,354.91498106704637
1113.0577750193104,722.8562143238928,154.6368828677707,353.31025954506356
1111.5521995096508,729.985435909397,157.25710613867187,352.83170903191046
1101.2740780901531,728.0098693018663,159.91740404906972,354.45495491775137
1091.8324918035605,718.119276636034,155.95975368763237,358.12204332786905
1110.83338735794,710.2652237585388,152.34417858045296,369.03321145485415
1114.2555803371786,726.3046685844191,155.2708590904885,363.3505495666331
1114.2237706533601,729.4389928920782,158.1367003602383,358.064123847991
1112.8503274669397,735.359368558225,161.50812208979448,350.6210481974173
1103.1623271074227,721.0491327368214,165.60465357691788,352.1355358889079
1110.7410897808916,722.1974170719368,163.48826898594595,356.9645626270169
1114.531093999197,732.5109392419068,164.58295408307922,352.2647922157073
1117.2657100608378,733.7140456609617,163.68021209218512,347.85785648121623
1114.7353194533716,734.3974408123138,166.17168332895307,348.4291990397136
1118.007676024099,723.692162761015,160.8490953467027,347.08589940451657
1121.0839627116634,734.3920559532485,156.91717218889164,346.84218189555196
1116.6089542937661,724.9448140471086,155.85776036242385,349.8798937566597
1123.1901272893365,733.6130614121776,155.29713894549263,350.3111884821671
1126.724170658472,734.8669588916666,154.99492229111254,346.8345191568345
1121.5936684051662,732.4787898530859,154.95127588926806,344.73819990129294
1119.9158694256262,734.6014965380225,157.4700364331149,346.4341501895252
1108.2649114311246,720.2939758226462,156.4668804313213,351.82029089715707
1121.4337123583507,723.6047563367774,157.75563542949308,353.6166102418164
1118.8982469171478,722.0060379840088,158.3305058147409,358.01822570241245
1121.1088365184892,731.2400814301609,161.7359666228237,352.77073214793234
1122.8621547841851,722.9920571514848,162.03424365250146,350.9109705610074
1123.2420262799487,721.4126753689488,160.39653773474328,353.5592164293995
1119.8931186188909,723.3014687656805,162.03775116306213,350.7696738207194
1127.9333422551383,728.9381171695086,157.8716529120896,351.48040855876513
1127.9212070708395,732.012337997248,160.95177879285689,348.5453579292882
1112.329513424368,732.4485426279523,168.35968598456589,348.8021206333236
1079.9019799183468,690.8475070109728,163.46006683480954,364.52259510262263
1120.6542314372412,716.7500348513706,164.28328240747777,359.3857816155682
1124.4928241856535,724.2388212803942,163.90365174947684,357.5714486903074
1127.7083979149916,728.9882553792222,169.81620509797958,352.98473318951676
1069.205869889353,668.0757641527132,160.76865565686415,369.9931978357064
1116.2424775132558,712.976058025886,167.35892030940124,365.03979450269674
1081.4775584621048,678.557370775135,168.6228115944067,373.1388538427509
1094.191326054976,679.2754262426926,164.21542403838293,376.7480532757347
1098.1344192175395,690.1981853103355,158.7661417588984,395.50519129085797
1096.9643418906364,684.4224319940952,167.49686154055723,390.9423413056676
1106.6249471754309,677.7402116873772,173.66748220644698,390.4385271858132
1112.1417490013143,674.0604815694315,172.37308397210643,394.6596366059134
1113.6783609744841,682.1735676671034,176.78770890196444,391.60624423978084
1119.9634061884237,696.2506707296271,180.15483855794082,388.02525046993327
1119.386765436373,686.3988343224472,179.68951987661097,388.366895283752
1095.8819578182222,662.3882579026983,166.9182394969566,407.6907895825823
1107.1842893096536,658.95532910426,156.58268087380125,422.85150205004413
1111.806099030925,667.7790002061037,157.47656116384974,426.79374687623044
1126.5059832649893,678.4015710070562,167.05661584900105,414.05366034711994
1132.6352956829821,675.7995566915166,170.94622624393367,404.44974532366996
1110.1147798649495,669.0970615845175,159.98153413480873,420.66869644715666
1129.1261442772252,685.3938705241931,173.82815390452254,408.59081245782966
1133.059690237718,689.2161217902523,181.2826635533492,399.7396196178486
1117.3434688244338,685.0089849279277,186.82351982227078,397.75875662595246
1115.2888504389366,678.3445934911899,183.30063556773675,398.62176197384474
1119.7498246840019,680.7918467003066,179.7051396459513,399.74523792715974
1118.1973083122407,680.5634172274429,173.78065342452152,396.76233464425997
1129.059300708554,689.3208308974042,176.35360602714897,394.16063166854406
1114.4442725149638,673.9198730661592,163.78246687523063,405.7564009960415
1140.0361192344865,695.1465178121036,173.11891469578268,393.75162623592985
1124.7777645672145,674.6981105397641,160.81160396598602,410.55174416884125
1132.1820902429215,677.0181897844386,158.905595149129,414.0030780541838
1134.2685791513372,674.701625998852,164.91492956199514,402.0729640867845
1140.5669474134368,685.7527104391716,168.2570220845225,395.4278991740848
1145.3080585622497,701.1008587752877,173.75416358199263,387.02614210635596
1131.7561039450188,681.2295880027648,164.36112110352747,398.60988853238166
1140.292691114457,693.3595857929165,170.80237062345114,393.22909694706607
1145.061441029266,694.2611750517801,172.87057868781378,384.38687031523756
1150.9075989889209,705.7626675340699,174.23316746576032,381.6713940241043
1130.920577708876,683.3325778876812,163.25555747677805,393.05993144706736
1138.0281097135412,696.8763635126195,166.63901466289818,383.44555248752596
1146.2977543777693,697.0815819570406,168.34649784855122,381.68411357728473
1149.1079067927824,701.4741191403118,169.93375493237687,373.6967612605125
1151.5158524954154,710.3001077728836,175.43876268634932,370.0611585065798
1141.5697849560622,688.970515548406,168.77873957252484,376.7663441179658
1149.366898725052,705.7948083616686,169.50037897936315,373.628755340403
1152.4606180114715,707.0858418072223,174.2143514608781,370.80316600124274
1137.1948954226273,694.2272307120968,161.05803712457381,380.89960255248036
1143.9166753065806,697.795403851701,161.95411445926922,376.9178197414078
1154.3513949190371,698.9606506299289,160.2501626748576,378.2168765677855
1155.3230169564304,700.8250252603596,162.8755188437944,376.7806440080898
1160.160999354075,706.6232431804933,167.50340211559933,374.2552259119549
1140.954626017166,697.0295304543372,166.47653551755897,377.1163585257234
1142.0307102696781,696.2824800696703,164.0623043323596,380.1066994397479
1145.9376194687607,711.3626431113751,167.2912367502615,372.15111120639943
1152.2301814351365,699.6069467489727,165.12826383824464,375.244198056979
1157.1404297761353,703.9693791186123,166.09865781523553,374.43764397840584
1159.790643437815,695.4213403337584,161.23002026494237,380.36774396263513
1159.365119507761,693.4426337821573,159.2345649170198,380.3568556110966
1159.5688609055678,706.2600872185176,166.54710252647357,374.77268398071203
1155.4852071441817,710.111705627745,169.95224757646218,369.96441687657654
1155.2850012290985,707.4967779641061,167.41087727947374,366.7838096953868
1161.9786458972512,704.3040398585601,164.0312931494153,367.9124883241167
1161.474713414356,718.4708102462621,169.3417708454969,363.7028662561447
1159.753087009778,714.3196532036106,170.48569703030063,359.4908039677643
1140.7647704378016,720.8865792229271,170.21999559478098,358.0785762864716
1153.0196215220524,716.8392044748807,168.58395579459273,355.5121483753869
1160.3612930877764,711.50454784645,164.80981443058283,355.20095202047855
1157.2711091317155,717.7732655200005,165.82583315314116,357.5426320145922
1152.348068010947,722.982503771698,170.23298899679452,353.85328379865337
1157.586579117112,729.7103124046355,170.30635072808298,353.00969742358654
1159.6244751046108,726.2493681680544,171.17302426152494,349.61743313300747
1155.6937028267712,730.6458576516154,174.77865888029555,346.6863402278268
1165.512206263163,730.721740315193,172.26949294903682,346.0745193878772
1162.9656813911408,728.8440531873716,169.92092117241717,347.57143954692197
1165.3578493803868,734.9733269386983,169.58257196414576,342.3250146671973
1169.4184115094263,732.8770451301413,167.07280671178955,340.25452341813315
1165.9416475216995,736.2876181243314,168.10658133157096,336.712994347181
1167.7933920210494,750.2850861695441,168.67161278760221,330.41159705318256
1160.9444633279397,741.5394783937354,163.27850475675996,334.3767971721446
1167.8643091132913,735.3378648583885,159.98120500797165,337.5255652361734
1170.882315680362,731.1911571404357,160.0605998315989,338.9018928371422
1162.4016865262345,730.4198586367356,164.13845045587505,339.0853539277251
1163.5525480082124,737.2295949411882,161.32053052187237,342.1681507473419
1171.4649128510064,742.1457723435163,164.1462741868702,337.3959083590268
1158.38952457238,735.6698543165195,160.9660093286222,341.4516551090346
1164.8637083618767,737.4340981519993,155.7413812147393,349.19565527270805
1167.0823885070486,731.4970508739802,158.25608023517918,348.23554063541553
1175.5620988997127,744.9965260116342,162.05370089611307,339.9943436717422
1157.3704373494993,732.4375610247912,158.3776036768866,344.42641728978504
1165.9641958730112,745.005280898723,167.2216907894133,340.009668664033
1154.8371017723061,722.3900211993637,164.68563994563044,343.68325404467674
1165.1603410198836,739.6940492318067,164.4586017161124,343.6424646856277
1170.2473044843146,732.899924637906,166.30049647419293,341.8471565198623
1168.2033549805865,729.699320110186,168.15024593083635,339.66932724992535
1170.6026003479253,737.7451585792785,169.4188032929942,339.53302573975327
1168.306807313164,734.4690029502087,173.09361935278838,338.2686497296816
1164.908058805226,727.3223409003083,169.5170542218284,339.26733281583336
1167.3138799988478,732.3399034852674,169.28592016451535,340.1935433157382
1171.376341972482,741.7153851712142,171.74633119573286,337.15971578242534
1173.2571269558825,736.7844120197155,172.53854027036002,336.45813270421377
1169.7565391001538,737.7273995543186,172.00864097404994,333.4869861947766
1346.9376564703066,624.9415839010393,176.93639107391147,314.8293859296018
1355.0864711198458,641.2968852562406,173.42710916789255,297.77374860171983
1338.2022344743816,608.4710575309639,163.65749205484298,299.92609098967864
1345.8316965369875,625.9669574514376,149.9930500843365,290.91913702380515
1356.0403683589288,679.6145956359879,132.25914496045553,288.51573646464504
1364.560037635247,673.2569663173758,125.7474838247912,277.20729946591194
1371.719322102015,668.6652780473042,117.77733215439395,271.51487694647955
1375.791034597336,663.5318610640855,115.32567658591464,254.80241446704548
1380.1937472649024,684.7095766864892,105.99047918026686,243.02390816343194
1387.3653137566462,691.9871939671277,101.18637707105594,231.21082227135068
1390.012072357541,689.0310098274776,97.67147886538663,223.71481503489076
1393.6987025072306,697.0418087601666,94.72987101537862,226.35608616932478
1394.0921462331153,696.8338554679815,95.89997661539445,220.1634862758172
1391.2511385507444,693.5461761115923,96.83314026700734,217.0158608051776
1386.8714949206947,694.0377135287204,97.80353419578825,215.09293672056936
1387.1904970374705,685.424659026812,101.36381279489918,208.26370188695623
1412.7660997365567,696.4814192821098,93.51158619497693,217.40122635136578
1410.0485515412033,699.0070474278848,95.80962798665317,214.69449592076182
1411.2110468000076,694.2270665331689,98.72433042166054,210.84258046904526
1413.8935573806214,693.417995255288,96.91058936302606,211.1599501605967
1435.5571467352713,692.8921435506445,96.72432483071228,212.75299838216534
1422.0194385014308,691.931745778904,93.61718600970269,217.8051612287391
1427.6566602191858,692.3273009311245,91.82700300362218,214.44528801648153
1420.5338249378383,694.8932639770179,90.93297669638355,211.13464211051274
1422.9460339558227,684.7642628010058,88.46267527583693,213.01835043270304
1433.7660427996873,695.3336721146866,84.75586164143812,217.79031763287696
1437.300408981011,697.5286780358925,84.35889394346029,215.97090027306172
1438.5360630530047,693.817756895732,83.24982533258506,218.23855630257637
1435.1247129015953,695.2757591073092,87.24267257103807,219.26861037240968
1433.2543214133343,686.4809863851765,84.37362351554953,225.9286454594661
1430.5431854396147,681.6419675135454,84.47678483897863,227.7368270019021
1430.7610651430941,695.3745378677015,86.77274124848861,224.27178052644257
1436.3050924512654,689.8788244637896,86.23448764915226,231.06321983137443
1434.7564101189091,691.2240866976197,87.61454723769509,228.0858863055971
1439.5267021675172,693.3347633696383,93.17417744591353,223.76743234095727
1436.8006435120699,689.0109445320248,94.55195617139847,222.02628239199566
1437.870652433101,688.2282786298612,92.95019546056324,219.66187514705945
1436.464194788833,688.1927888175296,91.51945077024145,219.1738408536166
1442.6137442833437,692.2286007149478,90.44157835264762,216.08209792096932
1447.1467471821388,686.1327761951084,96.25478605116695,213.8684453111071
1440.239613369151,689.132705741013,90.96802559730153,219.1890811518643
1444.2353017793503,687.9248282309544,93.19059121531085,215.485123568191
1444.0381132362058,685.99970032515,93.04758426596709,209.13047640030737
1448.0197016250272,684.5327136650264,89.17818433393944,208.77694525635496
1440.5873286176773,693.2622034457793,88.95895456006063,206.0949755587832
1455.6103703995211,683.592259049665,93.32309031605189,202.06331054271692
1440.7919913197459,686.6694485171324,89.09341661514264,207.8985527065822
1432.255288743993,678.0165136797941,85.46341128798255,220.3442858228451
1438.2035447143846,683.4736282450809,82.86507610201119,222.15737309170956
1440.3593869760255,701.4654516431235,85.80571264925155,211.59689606124994
1440.1627379873246,681.4712022872992,83.98889087106947,210.67251007559935
1430.3089948354539,678.1979235583739,81.20556495134673,213.08909923831385
1436.0948460703944,671.4945468941827,82.88837131737041,215.06887898774198
1437.0083658359622,669.4585765881408,83.52880734719305,213.90926211474476
1426.3675478744194,669.494850362906,82.25877388595859,216.7320917493389
1443.0683635503783,675.4413229244492,81.8464228733079,215.03174921838155
1429.607444929629,670.6419482839337,79.56422344350267,217.73355369295226
1446.5895627828847,666.219379974655,80.34792621002967,219.3077162908291
1445.843702918484,659.0253173145015,81.55367503927198,220.2142600361417
1434.8023886240164,668.9534150389828,82.7006978742268,219.64853577937558
1437.9705098110178,673.9936301559625,81.1653725339726,216.41331139037862
1428.2804196017191,659.8716263480061,80.79481710920184,217.05174814470666
1446.2927873893639,670.2333258112394,79.58100344511692,214.17340195808157
1434.81398745371,666.206171019538,77.47302778387379,207.82339658321243
1434.1459289073086,667.852722937483,77.95738294317493,212.26064862092989
1423.1618490969959,671.7660169604076,76.7936690192845,210.95759329087633
1427.0107255170817,673.5784283673579,71.76755277240457,208.82226850954694
1428.1290558669946,672.8929044075755,70.89703609946278,209.6851118727179
1422.9777848511446,663.9915387764299,73.93762810054477,207.33650321715902
1422.8080181398927,666.2354944053199,73.15730589048863,208.42563970686257
1421.332652112192,663.7285630938603,70.41100936285906,209.04509529936112
1410.9471435821008,657.8198670967752,71.41920971396988,208.99873752631026
1411.218442787683,662.2982989544267,71.23691176462941,208.8390859029276
1410.437198717123,660.343549587184,71.12355158340233,210.98475352381826
1406.837812776927,659.4060335710863,71.68662105884253,212.58040959527355
1402.5750786613537,663.1372518352291,72.151902069393,207.10104532602105
1400.3810457766774,661.2805496573036,72.34042221846858,209.13005384650174
1398.3881325441246,664.4719999625438,71.57491157697584,209.55095850398422
1396.3637459338786,660.8834267933072,69.38357366417121,206.83112888497539
1384.9837683433786,661.9503135672197,70.42113702181244,210.4733602135361
1384.9912167087489,648.8191308314832,70.70881454481905,211.78351018627671
1384.0676668693836,653.0348028815863,72.10948208708434,212.33023892788685
1373.3388218759035,655.6818459794644,74.11292686217915,213.9019185659181
1371.1529673782534,653.6564158304635,76.17398962082676,211.61351798048864
1361.3606186108684,660.5252359198029,77.75971521564773,215.1251510999204
1364.3904285906863,674.5675736053432,76.86685730953181,210.76440821361845
1352.5340539904064,662.829269610834,79.79585156350501,209.05172027148257
1355.8528370380884,657.7771521739933,79.7515565771565,207.9052800800377
1342.9655143681616,662.8980144525124,80.9868511322378,203.22056865551346
1347.5459108074185,657.7990758218773,79.40633991445769,202.42150808864284
1335.2251000848073,666.4105272304496,79.36276619552287,197.38334793314368
1337.7974616708595,668.7675043828513,78.06248055797771,197.88530410349412
1337.2020926241028,662.0548139305396,77.56923326357573,195.34486997200975
1328.3686312618365,669.3529570145049,75.0525942509249,198.620976018762
1332.666241174972,670.9921091256897,70.41605404809687,210.59615386752455
1333.3412911205226,672.8097623099906,72.36769565907991,204.32529870238247
1322.4930707227772,663.2790573066743,71.90706752257155,204.571036839236
1325.3332383426623,671.8462662739316,71.45773733100077,209.7550701695551
1322.6882003429914,657.8607537341529,75.03133693186854,197.72733796568775
1316.1680299223444,661.9961698504444,75.00964243152953,197.64111776259813
1314.5760388585045,668.8850959247877,79.02829065735233,190.78003712629527
1306.8471109767013,661.6849726883524,77.56475818588711,191.1267541171651
1306.5016586542747,671.9226218373399,80.51397413902026,185.52255434709807
1310.6876566844373,671.8690662598649,78.94191860410592,182.45601079865722
1311.6811495745912,667.1492702057093,78.16636974767955,179.93143959442835
1302.355397831352,673.6372155082529,75.47169734929972,179.9514433451638
1306.566661779831,691.8330902656804,72.42448395992915,181.8118785110587
1309.4814223577182,688.222532551191,73.90329762746612,176.31407520507605
1310.9774434351111,690.7942616904616,72.93909379140136,175.3096304434522
1308.3392895647953,692.3939096011434,73.12986823495717,173.41686846022225
1306.6748369012214,696.0163998340493,75.4488470542154,168.62934489378574
1306.0366689917053,703.1715246324758,72.62852785749836,168.0194298589933
1305.9344407232188,703.9845913271898,70.37755797986551,169.68892316375377
1305.4527354317095,707.4609397597428,72.69573827436987,167.867414420327
1302.9122339268993,705.5772072374873,71.64243060158951,168.5106403512557
1308.8060481339119,711.6875323503364,68.5097592378604,167.64402734397368
1303.1854015599702,721.8782466865276,65.16543557426078,171.7665922083598
1306.8891975270194,711.0285905894692,67.62582537031699,173.33496981897466
1308.550089919748,715.4649557647208,68.46685200235639,171.744275720789
1309.9035254944965,720.5317852377408,71.33491882603451,166.43889057019842
1307.9265302534588,722.3007239278471,71.25180117446236,167.95499614001233
1308.166656956835,724.6420278912865,67.4895252081755,170.0779130699362
1311.0926567636902,723.1874029840318,67.7472956212151,169.7043102168916
1309.3632004740919,727.6085239417362,70.11340676156308,167.50049083126814
1308.0705697559372,727.9306284859526,71.31562906824394,164.7190173526941
1305.4322040499985,720.261444530377,70.39019717042567,164.89302202781568
1308.1717765834821,725.5023582349377,68.34691596346383,165.89123623487626
1308.8886087412354,725.0537503515211,65.95928939619773,165.3085081680656
1308.6116826213593,729.7873442436573,65.2429531136842,162.68379994504136
1308.9993497520995,732.7799462965901,62.821047059574326,163.03711273860262
1309.9654090424779,732.0233926491698,62.96933040819917,160.56078526167224
1309.3106285275105,731.3187261222489,62.25404859211179,159.3374337400792
1310.3160006260466,723.044817898474,61.809191649556595,161.70165023999647
1312.8773879276916,721.6079868309362,60.02925528394215,166.10273222019737
1313.3541851812195,739.0125165864532,62.39364916194006,164.87268644711096
1312.7573233405806,724.6139773100932,62.54955829445308,167.59161808089408
1319.8596331452059,729.414955220393,65.11145533322399,166.8051221682826
1326.1525690020515,727.1245548022629,64.711222574395,165.61691843869286
1332.4304130799035,734.8365674514151,63.83729993349911,171.20453649829105
1345.9265692486842,734.991959757076,63.575710620255705,168.10789984117113
1350.7548036371304,735.4853781655615,61.04864117537507,168.15477508818202
1367.000189303974,732.8716426417047,61.589539382571886,166.27765272237437
1371.5519472704336,745.8096609682436,62.62300119085426,166.5389667692587
1384.907135468498,735.2441741790966,62.916562749678086,167.74560057798755
1401.4808052953965,735.5946070694124,61.381647358306665,176.47603470370206
1407.0190232759371,741.2951812217941,61.478051732624394,173.54079355871826
1424.8360522376224,748.9275153593712,64.18014871163936,171.92235667751385
1439.555208785013,738.5315997195121,62.63068332966567,176.89789826924692
1454.3212986143826,754.3607762589551,63.49164282259478,182.529336494417
1466.2353497078764,745.8067007373852,64.53637794354576,184.6119007013208
1482.173383358121,753.6256497585704,66.98542705434528,183.37482446684453
1488.1331506924585,756.8380269718176,69.17780099537653,185.50438271953524
1498.559471869882,749.7868717408164,71.94132239707994,181.82398364910756
1504.1807158102833,751.2788433355444,67.24314107911314,182.7410898163808
1515.439528701794,762.8918868015121,69.21202480243639,180.20601951168484
1518.4089317413527,768.0173868249057,71.01671409311064,174.9089361449806
1520.2086809905056,764.5957390313374,69.16793622320334,177.38795539608356
1524.8136062338242,765.9394424301322,71.59774707862573,173.1425467020146
1528.916783361132,761.4162632092945,70.54230256746055,180.2711925800842
1526.11047042505,757.5082165181266,69.90067137085369,179.32962646185592
1529.2611222734608,759.0206523944111,71.50376183708198,182.62072113988074
1515.667677461526,755.1219713342006,70.26825147085805,181.41178750752155
1513.4328898501635,757.8253385025387,68.82091683824075,182.7703810266836
1497.581133067151,764.177591654028,65.9056084151404,178.1721108685485
1485.5429882781518,758.3194801992415,64.31706214002082,178.3846055227417
1468.028198048642,756.048096498899,64.88374801353865,172.34509959884286
1454.2083729317953,742.3170312574464,63.3542375430364,175.7344522150284
1435.203809677667,757.4103612673217,63.76676131252565,171.94048157373462
1416.3275918557256,745.8369743169375,65.67565327922219,171.37243514598848
1395.0041669117027,745.9078076269452,67.82625747953247,167.4612967537317
1375.8877638649537,742.8491220096669,75.00057272893383,159.23070924316588
1349.4358285449596,740.5827164868923,72.71834035474001,157.83915901325594
1333.608991234793,738.3424588707737,70.99613551593552,159.6444423115584
1315.4941829188288,732.0424974756331,76.33292891385128,157.6795230435408
1288.651301697726,731.9327657000676,75.77396185920475,156.6513989920204
1265.2087037952895,723.0302451602491,70.0931123386044,163.93859046335893
1247.6580690095516,720.0064589436927,71.09911860010686,164.79401721263565
1227.1715463388684,724.9609318257986,71.7032845668752,161.2266078683603
1207.8915624765423,723.2518350364052,69.74656255772237,159.41412227990608
1190.4857634502202,717.6168947418779,67.48203950540152,161.83546255698542
1169.4600940855457,717.215983995731,67.65989198934412,160.02155403791573
1142.733329829573,711.711770365192,66.3482757387699,160.2337256841348
1128.0812507247424,704.3344202911807,62.564133261741105,164.53771874955208
1109.4603440472047,714.1992911449634,65.13359036393695,160.1446279883906
1089.9629232480795,715.8462928868098,69.39134083569071,153.95445167981825
1066.7336562911507,713.8127447997967,66.5155963130166,156.47541045761346
1051.191060836611,710.7706527169973,66.71764820236692,156.91399689652275
1033.8048325898894,707.4624142836923,65.05861013531305,157.6244896556107
1015.617762517047,703.436031202818,62.502232223993026,162.44742429962594
989.7949449068673,694.6945225639851,60.35413316838502,166.38995507415504
972.3511793701954,708.4175118011584,60.96507604017801,164.02472338933262
957.6563184236348,707.3031032790807,61.09328090899329,164.54973993887734
937.1819594865889,699.7178989836885,62.845361573118126,161.0653257141368
919.1059144272749,704.1209620985277,65.96557328585561,161.8669488271903
898.3383848014921,708.1847427924288,66.13442169053096,158.8126661644999
887.137702449955,691.798499289843,64.09108022587584,169.24350966004232
872.8215736014499,702.8035142485357,62.575495563096155,165.0765016649367
864.9035519365045,699.322367747741,62.0092352017787,164.5286791971107
859.1220370989296,694.3856337799295,61.36069321309881,164.15138583809943
852.0575279677821,701.9200524723474,64.1518859759342,162.13107664202226
847.3685956784642,700.4941167612138,65.01854243215121,160.5715221403736
843.9370279052291,699.5169878907245,64.4513027379993,162.976767887555
842.4444018141681,699.0667104781709,62.80350142540374,161.75794536868185
842.7825111305035,701.1428291964289,61.362796869259284,161.92185515713487
841.5249561227889,700.5410994892496,62.458400806039535,162.2465552878246
842.6716327520694,707.8192495452968,61.35889521856939,160.7122824557806
839.5461376281828,716.1591152895214,59.885980337627345,160.08688827462635
841.5308677712666,714.6084678027767,57.82520431235359,167.51569337195258
840.6330085409609,704.8569334951967,59.26855494083255,163.39654404647246
839.1116632484274,709.1264381520331,59.172561046488966,163.8416502250996
838.8840595254566,709.5053217786069,58.97185988245655,165.1708039403697
841.6368445402843,707.0099164192654,59.143517782801325,166.31249224953797
842.2658410350118,707.8525392223446,59.683465094080006,169.59531167763907
842.4729013162231,702.2690938309659,60.16943234318282,171.01979041720531
839.9472129211659,703.8795245142634,59.85202934446508,167.99615791851662
840.7216021936716,703.2931550530677,58.6853453613565,170.95238596911034
841.1591053094387,701.3692394241959,58.6966358081883,173.01658136247343
838.8388211634443,699.0066485812571,58.26415727471755,171.5305285976548
840.9017021748245,704.3033275559437,59.44273366081099,169.42493757915756
843.1821943931538,703.0494447762701,59.44821765559489,167.64064785646056
841.6030576745587,707.1244222120536,60.30566267122691,165.3494333276156
842.9869589433384,706.0076902407585,59.52632385455489,164.37463855936159
844.1952143089829,709.9287250418301,59.98049255349482,162.13868825390082
843.1126913274727,708.9832094707298,60.07865636197009,162.36461330850707
842.6047324132668,707.1540170398786,59.48093170533994,164.0552082510422
841.2663245622348,698.8896829903116,59.250249067166315,166.4545793122699
844.3221124959198,699.670535263928,59.503029646387404,167.25134580397685
844.1606780950094,704.1907562757103,60.54814967014917,165.95053510586752
840.8557800488912,706.0935022717161,60.66551519615523,165.20451194410975
841.7393926987198,706.7096129096933,60.294067117195354,167.61430609937986
843.9065048735199,698.9869163681003,60.55369584827261,168.47371441362452
842.5805912183907,705.2016294147818,60.34977487603858,167.54083010410358
843.4814725677109,703.9005658378073,61.02042643836991,166.76994245638951
844.7308972876262,704.3678972536186,62.50261898722863,166.1453081446125
845.7355312911063,704.1991692860465,63.096247415259555,166.68278389161213
843.2335464548307,702.1436785513249,62.16512031589708,164.88304063897374
845.5561026742893,713.6994142349408,65.7351415246956,165.9960218951475
841.953997024477,703.7621948934034,64.92577656129366,165.0537005774171
841.4858579851151,708.2734507618513,65.32040435424098,167.4949231441703
843.7079661883489,699.3732769867709,64.8441019111354,168.8944172801513
845.7992877250377,707.594518437819,66.36983155210389,166.68287781819765
845.3100756457385,698.6873746883066,65.9014194904452,168.6586857294297
844.5383832094856,702.9376605590189,64.83737553378809,170.64505853034845
844.2313795705054,699.2430306595899,64.78808869968047,170.19534342674166
843.9962574754979,697.7865352249021,63.67771689295916,170.87728547933108
843.7456190407001,696.616201755712,62.022402915721436,173.05470360323417
845.2700023439803,701.8325999199416,62.624080300731165,171.2124892835268
844.991505730736,701.3683153063964,63.902568858544214,170.32893928116917
846.0124409019313,705.475718065888,63.29816994724203,172.40142463115913
847.2596341345904,703.8460559990057,62.64113831783986,173.60010539085013
847.7455668379547,698.80102584114,62.52364518846069,172.37072713748984
848.984332431868,696.798761607064,63.59528683996787,175.07830934367576
849.1416472208978,702.3953398063152,64.66753915201225,176.6702177877304
845.8088552263839,704.4861158414315,66.92675006791725,175.58399240818346
846.4293042797592,712.1537645534436,64.29567178404582,178.61941806296034
848.5661466197078,707.3839939292759,65.22192622138753,175.5180961580371
848.9731603895692,703.1982909151527,66.50998150270928,171.91787545618882
848.6642948430901,706.1873975892827,66.14081025242191,168.5418758958748
847.7646218174498,710.4262242796315,64.42718023242003,167.29591547172382
849.8506317268555,707.2571146391723,63.161283414250335,169.42030475650404
850.7363523129292,707.5698329219144,62.47483198810407,167.73864809150632
850.9129808087393,703.8504954977789,60.696639119862866,167.80503525795814
849.414810026186,706.6394089821039,59.77814723830849,168.1872038202652
849.1637285925719,706.5228753550132,60.62086510758307,168.39248980473747
851.7095758941111,695.0528284320495,62.930026175839316,172.18020119729383
853.8757658041708,708.1627907063395,61.19840634848241,168.95469957711717
853.700296862167,710.4002063350104,62.14713800960895,165.98178620291145
853.6047795346159,701.8042879596376,62.516081491878694,167.59136392619718
851.0374671686485,707.7845693402633,62.56721372892288,170.23145595896818
854.0886166047201,705.3185858963565,63.38059349125867,170.965886123108
852.6770817665007,713.491640490263,63.52075889201569,163.9095646001222
852.033218320957,716.0327558147404,65.21222568667618,160.862767265566
851.1790175086057,714.2800475072379,63.75540402095359,162.02252810534554
852.2069714666675,709.5501331498034,61.75207207180624,162.15154911036592
853.3247703784692,706.8436370623621,61.68013327204901,162.2966264522413
852.3548560613783,712.3650079758227,60.17468343378996,161.70185335856758
852.9453225352835,702.4054681154703,60.71330676544909,163.8001543549949
854.1237169574381,708.8210530178292,59.125668302106874,164.2813256233884
856.638989001782,705.2116293320547,60.87861086489457,163.3991926803917
855.5972058534836,707.9102702696213,60.28355836418932,163.5285103038844
853.5247806348424,701.6638738403899,60.669110339937916,164.16960822285475
855.0487777798005,709.4926002364817,58.11036868997337,168.6746357228737
854.8085872323456,706.0161584894322,57.25682945021184,173.0270015992627
853.4883592182106,703.010761490304,59.60384941312016,174.05841061888339
854.563289111639,702.9555980262584,60.333168264478985,171.52326495795452
851.9710416407096,706.8670129453977,60.673503928400436,169.144930869426
853.6979815563717,706.7255151632676,59.930021197833604,169.3373875655539
854.620537347193,701.4883600368274,60.021278046740306,170.1278761354734
855.5068445841755,705.9457583773451,59.295103369530544,168.80209211243266
853.7383570875426,707.0661651469491,59.609181332765665,165.58474085958875
854.8731996348222,704.0616975130879,58.609157737608,166.4071338514622
855.0191290363479,712.765871593932,58.557361657122044,164.05614881833893
857.8704206718251,707.8498643745287,59.20029510077106,163.85887619330657
857.4061199004549,714.8719955717276,60.6442770523088,165.5356099347025
855.2565119439395,714.4742379129507,60.71962893679611,163.06311932086635
855.8373914375533,712.3814685973629,59.72251835686423,164.3454827964436
859.4069822638052,709.1120261535377,60.62281331287248,166.8988055608111
859.8608393225118,712.802364247331,60.67467633858694,165.7136149151034
857.1961237058649,710.4152044017203,60.64160067887935,165.73862562963643
856.58610566119,714.7232058196267,60.73678192352385,166.79583012194666
859.4543264841664,710.1964856475051,61.672007045397876,168.50764828223134
857.3263270916765,713.7912144269795,61.93611319102966,169.4431166641371
856.8804804544776,717.1716840838249,62.01537166482173,169.54777242592846
857.896152362878,711.924068092342,62.409491737336,170.77141302009932
856.6887504792335,715.5604027199485,62.13484184623306,170.43876390202328
856.8151011997724,708.3409629549931,63.10457424597347,173.42417815530507
855.9616953444157,711.7158710607544,61.991267638011266,172.23221210854712
856.218805212191,708.366696861828,62.44542770793457,172.29622684975303
856.41654810722,721.2710128683567,61.906716140904884,171.49850496676203
858.6763646034107,715.3499980994371,61.83622902865123,171.08817839549576
857.8784146938216,717.7899618775901,60.208455673925826,171.04450618425312
857.3839644828475,719.4937217395072,59.441761655427825,169.81919325981693
858.9655219991997,718.7821145815864,60.564560324865745,171.7712503538989
856.7389478755698,728.8521837430053,61.30745710676857,167.3421121437031
858.9593976984862,719.0638917231341,60.5129556542572,172.21347089939195
859.4161069153713,721.6956262820861,59.83296283854982,171.07646589306052
859.8623387158905,720.7121229711272,59.0457107052732,171.21524529606808
861.2914277646762,725.7228749226872,60.234376640277965,171.12564229569685
860.9893355326997,733.9883971783823,60.51555241089709,170.25663491360814
862.1478071562183,728.8897252630073,61.67873657374605,170.22490220405612
861.2822570990073,730.9982243261775,61.80417919494194,173.4522686860832
861.1316032710711,724.9236389197688,61.82837102030736,175.90016817500504
860.5735292110888,730.9830104528538,62.21931864506818,177.06994865597954
860.4266713665827,733.3680458781035,63.00248071484873,176.4374725283039
863.0638340921123,726.116324692867,64.09797319812239,178.43307100717155
862.8295656883587,736.4748780548425,63.16848757436329,176.00651056172995
862.5132959964383,732.5617572690243,61.510914278358726,177.82566263755479
863.1371514738069,736.0470939285505,61.36685774917848,178.67300726992403
863.2061130363854,743.9542513976966,62.64594812499536,177.85574249074335
863.9128428562369,740.945545652388,62.751129911508016,177.8018917140148
864.7788209431093,742.8977650237892,63.63630472454429,177.35977221764705
863.2381242182236,739.1375886923385,62.580214529703795,179.75424904797774
865.4234600378145,740.7391660982447,63.536589178513054,184.67740530953031
865.2536257644844,730.8226624690078,63.63954427272872,191.0298527649034
864.8935929596612,734.7387049873598,64.74983733704543,189.08254557601197
864.3786396769999,740.2555704406528,64.7312984752163,190.28828698716993
863.5105036403019,741.7728538609534,65.90870689314939,188.01253486106765
863.4343010917366,746.666672638186,65.9561777700143,185.92554695784003
862.8504711469373,752.5707293707208,65.47941837780182,184.55511665102634
863.5493449560563,750.928322491502,66.79118159059482,185.01874447432095
863.7427176669452,748.2448143730061,65.67903457207942,185.1194674603033
865.2379275561439,751.7997565168491,63.544445438498954,186.74239648319372
868.0334288895859,751.8793109777155,64.30079975726026,189.4948098400936
867.8548204950183,757.0851261999919,65.1761301709376,189.0250818194375
867.5077006701326,764.1138184003034,66.27189532816591,187.19775389359546
868.3176500590653,763.7516136290151,65.83228697088992,187.19237745143306
867.6204824744136,769.3103532998574,64.81913861882825,186.2223173442606
870.1103768565878,766.3908866198001,64.81441575434931,188.8382191973286
868.2499513492562,768.7905078117251,65.16996178018628,188.18516873102638
872.1833233307665,755.7976929107191,65.00481092604727,196.40917784804074
869.3065552371339,763.4739269023382,66.81947059694139,194.17228124565062
869.0283587869571,768.0139177694895,67.97363315428481,195.88759620918194
869.5251478128964,777.192548024845,67.46314368409801,196.77147328812575
870.308299932293,763.1566503428037,69.36807682233923,200.03985178029586
869.4734541232856,767.786780371627,70.46519467139328,202.47288214202814
869.1988218239213,762.8728952327867,68.42743562686012,203.9492159344503
867.5467152599718,775.8561463193175,69.01838500244288,203.36822477500414
866.1500530647324,783.0782340205232,68.75681691299154,203.09867277558652
867.996311456478,781.2474511328725,69.32325203048346,201.61996273098148
866.7468231991893,790.9219300982635,67.94183580068318,197.20438918247388
864.857251503095,791.6870727548777,68.61320748220423,195.10480909576904
867.5178112683107,797.0544026489176,67.65889367545455,198.679484613203
867.5334162148305,794.4076516182788,68.33235321804783,201.77025060248295
866.9003018861442,808.5774753916561,69.29598654008475,196.79179627968747
865.638725279153,801.7627415568638,69.52344667701607,201.1058004686976
866.9107039809836,802.2925142265954,71.54099776179262,203.10843469877662
865.030196149168,808.9859011769341,70.29699382176742,199.87056485589574
865.4942414275118,807.8285428624567,70.62661263758218,200.9044455468255
865.364480727371,816.7051025616144,70.46095550666895,200.09778529304114
867.2070753858463,814.8797389415879,72.56397516171398,201.8685528882187
864.7696886172384,816.1643342005469,72.83120555317616,202.14687216513863
864.29899364634,823.4327953926359,73.13000768726735,200.58063172318342
865.5309849149693,823.8304174749311,74.69759229271577,203.5246586176404
863.946275247675,838.9418214104165,75.07054820394787,199.26843910958684
865.4862565410817,827.0665194057783,73.91691710494692,201.38745742878697
862.7239571119757,838.4365979022198,73.9266517775857,201.85415102188938
863.113393116028,842.0318244278583,75.22597882911158,198.9066522968908
864.3133285454895,835.6463904682314,75.04609241271422,202.19727379782003
864.6851324424184,841.0009597470702,76.25619707519928,207.22253554681222
860.6309969336454,850.5475575342998,74.27025338389802,206.54384316572896
857.5569333698577,854.2013535764764,75.56324532678852,208.0392261709846
855.3930772315103,853.2050095340345,74.1737093942395,208.6313482229395
853.3508406775799,858.8959710106749,74.86787984805929,209.7918973449777
849.8322346444601,860.5748186672652,75.90696708303435,208.03047454240692
847.0161384797934,854.1308928451529,74.71534949398071,211.70405430455833
844.4749676359929,864.9205081375014,72.7127610878191,211.3328048540276
838.8870950334691,864.3405058719203,71.3944328894832,210.95550446579904
838.076749926332,868.8645958610109,70.72198374893316,214.28091768724917
837.2514600116829,869.3637784935902,70.86353888355622,213.55126588060773
832.8704641095726,870.5944272656393,71.46207001122764,213.2076549927252
829.9942345673752,883.0037871402769,70.5598189274022,207.59265882139533
831.2551896115506,878.5018126827719,71.05902875545846,203.59775095064705
827.0434124269827,888.6054608608338,70.0614459852384,197.60714329723032
826.2834572275576,886.8704083755221,70.39886695362118,196.54020566852003
828.2395032146738,892.0151542552378,69.76551174155891,195.0705302127257
826.0206380114416,895.970281926616,69.16214481616908,190.96493335832514
824.7607445213727,900.8312180852453,67.53765940700337,187.27710295305147
820.9748247639557,902.4195011599954,68.37601658816828,183.43677487850653
818.1420350751438,904.8549837908913,68.30786109685988,179.56966709599428
815.7386982957413,903.6039642849842,66.04605664147405,178.2461526305922
