1067.5,531.5,50,152
1070.6575824222182,532.7328673306911,49.443282155533815,154.96931204032353
1072.5198276364379,528.503454656229,48.911070750858215,157.49442542366694
1072.887999134593,531.8244826313019,50.50172641133768,157.87620930931058
1069.7876831681504,528.547679939556,51.64713717485087,159.27013695873404
1067.0950772818558,531.0509508091475,53.27798299012858,159.98101214911583
1067.0492639316196,530.0429246034383,55.55388009120802,158.69960948706643
1062.3750662156529,531.0421063810164,58.818145004807164,157.86827460629073
1064.823970332414,529.1205788967236,58.738189570652246,160.57535258275084
1064.2416943021497,531.7636101744503,61.25452791007302,159.43894180217848
1062.2464101686767,529.3412343629652,59.83248005444907,161.14615297807612
1060.5147357745232,531.0454996541173,60.00501299995278,159.91686811934863
1058.8586943176294,532.3875873929499,62.71753015180924,158.80866925962454
1059.5177243690434,534.9428743769663,62.36895735217804,159.23579289285613
1056.3541304384084,536.781769288426,63.104297277302734,160.10697633335974
1054.8746362337356,534.5957067676707,62.15669901555055,161.28945736024428
1052.7123297858932,533.9953526229672,59.550612422583455,162.96292257807255
1054.203957177919,533.0462406387227,59.38988270144522,161.54079917742297
1052.3814082619224,536.14047526063,59.352478617471135,163.30003617164323
1051.1852156546652,533.7581419875639,58.57189382604386,163.96787197102284
1050.926869834663,529.5607046609617,56.25753321012371,167.9998925957031
1050.9877386509058,530.8769730326655,55.82580638888822,170.07306193162285
1051.3658711815078,530.12834604967,54.65656317101617,168.97275104086202
1051.7581666829246,528.6514275511921,54.08395539150146,169.75593022475982
1052.8968666556557,526.547012068629,53.011376457009526,171.10115245768526
1049.6591740759413,525.7031622098575,53.150794252100354,169.5861832928137
1048.2608102869192,531.9137889924954,53.89876696969633,166.3552989021971
1048.0094433126592,534.5860253069973,55.6321373120372,161.33012950025892
1047.9921504746992,535.5161175400367,55.27061736301161,161.70967460736506
1046.719064624033,529.7701641621156,54.14064080574132,164.87741174802892
1043.5261444601351,534.5387653038811,55.47838552444287,163.98641333605016
1040.7934509884556,534.1050470203993,56.31179264012124,164.03138198808267
1036.456586766465,539.103593245349,57.61856020610615,162.6748641479061
1034.7144902737302,541.2710535104737,56.68665635974901,161.1953699113321
1033.9721634507548,541.9831060689326,56.72927400259054,160.30652336833592
1033.9080896890262,545.2235834039724,56.4905967058411,158.88700165186634
1032.725261377959,546.6055828518047,56.77457607449573,158.19046593327545
1035.3739289330701,541.3377705074422,55.31299374720572,159.67659771259014
1034.093849736031,541.371973217654,55.21872875800567,161.06990279342958
1031.7300624900263,542.3438013846569,55.34431889532863,161.78579359964476
1029.8594474672866,546.3029343599654,56.49231591324738,160.78092725778998
1027.86557404522,546.3881783179077,56.98452035995206,158.90489108249346
1024.970737781949,547.3162375350174,57.617917149274945,160.43393970759456
1022.571396499205,548.5500157504753,59.30917431805553,162.15695572584937
1020.4297712762427,549.9996377759092,60.894426076486965,162.85184258580657
1018.5687681061504,553.3747284420256,63.10057440531716,161.6025798153732
1013.5674424309501,557.5163345391381,66.35973136015514,161.66854246989215
1018.6275412724443,556.9852551062899,68.39808522988125,165.3342372034958
1014.4643832993258,559.6049893673442,69.26050448409113,166.86819333192898
1008.9109742721279,568.8511374154805,71.81414442120531,163.4547611475538
1007.3028435845544,577.4561617760972,73.06941172376565,159.1259542259491
1006.2957015921044,576.9446618700844,73.73809774350389,157.90097004457002
1005.9193013763063,579.0064503924731,71.84822797306506,160.07890844603511
1006.1266330020613,582.0015392323912,71.26199637505789,158.879506351501
1005.921755053426,581.4796174178341,69.58474339619426,160.33011753183513
1005.0903301180338,583.0523393141652,70.33083886098768,158.17584887610508
1006.1323841328103,580.8200065240806,68.13868067600055,157.99137724125416
1007.5509584133613,577.5171551193753,66.62787248716776,160.67343073534983
1007.628049932091,577.4494914586137,65.45953614214352,159.6863727319037
1007.4987460134198,580.4949179007175,63.19465299805455,156.75866809513005
1007.663984273969,579.0291690291704,61.28131909865921,152.4151191840433
1006.1466116453979,577.8372961013877,58.2883096965203,154.36927073713792
1005.9235240519671,585.9317141478764,57.55611106855231,150.11299557979618
1007.2654218926983,582.8866195188288,56.33700559984141,149.35310416223732
1003.6329118960582,581.193031886479,55.75218462193145,151.98588458136604
1003.7627200795724,580.5382897383154,56.52454025242817,152.10715153161857
1002.804754932819,579.2775311599272,57.3278636327507,153.08775689867258
999.8954188735684,581.6899896435527,58.2351346142705,152.97704328872246
1000.7929350036429,579.7914938470062,58.438981376563696,153.2402158237032
1000.2697428445418,580.6470825533243,58.635568890449704,152.98789467829505
999.2297445653016,580.3419461486571,58.94305129949049,153.4116568438238
999.493255131083,580.8075032238773,58.371128016068084,152.03968633306823
999.2668258414986,582.3707979838321,58.58173885416521,152.41225070475997
997.9419254567526,580.1292751898728,60.53608748403302,152.73348933381135
998.4512288799266,585.4511081549896,61.41199522234118,152.1611461834836
992.9650952435145,586.3729773041233,61.841374868832034,152.22975776200468
994.2564775889957,585.6074818072387,62.76056734309393,150.32751940588037
989.5051070910531,584.2760490133195,61.68292757006843,150.3646407304773
988.132473160817,582.6437742290136,62.62227169659583,154.34616719067816
986.7960513786131,580.205403115533,64.56567812797047,154.95742729679688
985.194537598486,581.3551930795898,67.83387646344005,152.96607932524407
981.2866403708474,587.0656729902191,71.19017156050975,153.10613758744967
978.7674715661765,586.2255655502049,73.37649677338666,156.04997525212295
979.7159842759954,582.3603534778431,73.00825402874611,159.38824867627892
977.0581903427611,582.1729201166424,74.64064260375503,158.48817261372028
982.5320308800525,581.6860322193265,72.80694097352747,159.22160082373404
977.2345036630759,584.3356147981243,74.2396305680067,156.07625934622305
976.0860105350757,584.4965470660572,74.03438188349685,156.98685001194497
981.7216999107824,581.6302389765353,72.07878884105313,160.21833667476847
980.9697435570607,586.4785998054193,70.19360140257595,163.962127615454
987.0912206708362,579.2022517341254,70.36178616906311,162.7283613012803
984.1435177117859,585.9525710741963,68.70252226040394,166.169918550231
986.5579367618244,578.9727497819224,67.7348968342797,167.0620655043491
987.9466090905777,579.9640262838773,66.2225908124198,165.46037960414483
989.4517082076683,582.9680725574881,65.25831000894287,164.14494706399057
988.77456901409,585.7876958662487,63.99195686936332,163.16077832646695
989.3571505904257,588.0125212574925,63.7709346219848,159.7242166500275
991.1365838022342,585.6819313263732,64.59355079862357,156.6931408657515
994.9749758857514,588.0511357725235,67.8827492878183,154.4413445056614
987.0271785688253,587.8136721509553,68.14877735043842,155.1786462313327
989.1162164600382,589.07887783248,68.4296070899168,154.84204805882996
990.382223575743,590.3478676726985,68.55431648874122,153.70962417143778
989.5868682240218,591.8758388310665,69.55841477620916,152.75004886606578
986.7066186958093,594.9764452770305,70.10259807590933,151.50898830173068
984.7519924905415,589.0941806785338,70.25956011796444,150.64959970146828
980.2250604752078,591.5694949174059,70.72754969268141,150.6451041339147
977.9479926733824,592.8346560295902,71.96002698007884,149.47344488497868
971.5006664472626,592.5796806683193,72.00977138392236,149.25998664543573
967.3817186328396,597.5505510015197,72.20685099241487,149.37763362308078
965.8530697341844,588.987187907451,72.30366432343573,148.86299775339683
963.6026232668216,593.4806387269255,72.29095412690141,148.64254088878909
965.5827108704226,587.5878381833752,73.22523490562402,145.64501615424282
971.7491336180192,600.2286670223658,74.67121651224338,145.99054394313967
967.5934091266581,598.0341568147262,75.04493042063673,144.61084872718354
963.9770263422081,602.4220140369184,75.57403706272555,142.8741004210166
961.6745335565116,596.4162346834103,77.05283266436321,140.31584836174977
959.5661804714314,604.0569023631759,79.30274573170365,137.09345536277232
961.62028850024,604.9101306026134,83.13869195731786,133.93953364485185
957.9238460396589,607.8843417243074,84.24606308065054,132.13519451139658
953.9039531821356,612.7078536756617,85.52096046373678,130.14156969978163
951.8185676112325,611.1680046349741,87.24607069607663,128.4757983379713
952.0032315118856,617.4590005502555,86.30148203316114,129.95758265784568
951.3361890921153,618.1617028038038,87.30044244292453,129.6645138829458
952.8071954612283,618.6684082985691,89.19641644701194,129.55340663029668
946.3748174195634,619.1851134869879,86.22652830020489,131.00529650579887
946.1989436291713,622.585392195894,85.93391835107353,130.68394580543233
946.4465570713214,622.6552227793449,84.78618430753265,132.27547627045175
943.2684385727936,624.8900326658281,81.82173090862771,134.03729933959738
947.8942822992803,628.4731443488586,80.9879758832893,134.03971829252828
944.6836873180604,630.2075856287794,79.20252988039765,135.48591073818685
950.2847573891145,623.8988980345746,79.20254970532633,136.3149049871522
943.3284305898544,643.3646499633957,77.61281592745108,137.69886302808158
941.5048865570067,648.18150182803,75.51675125133036,141.75163924262682
943.7804571516982,649.8103082224891,74.67501001725691,143.8277707377193
940.0743965562945,654.5689331331333,74.21945032482348,144.91673876710522
938.576335924394,648.942503813126,70.5721664663358,153.3580290004559
941.3292995983371,646.5555403181972,70.36781372558544,155.2871702682894
944.7310487620499,651.1395598498661,70.43043324424252,155.81027921841195
934.4240736969634,656.1069632376193,70.22604713870733,157.95074357904224
931.9214775493912,655.6509628448017,69.35878771065167,161.4500378727757
971.9606159160095,725.3207090304146,72.58529313338502,157.3818547419831
970.4325618211622,728.130334397922,74.29402134576398,154.74408836517313
964.1129068974844,736.3717286665998,75.19906940990703,153.87580528098698
960.4228890087886,729.3962559990939,75.63582720139982,153.34420834675862
971.3437156055527,742.5837786044008,78.50118081423881,153.04903297573594
966.2701334480275,726.1276167818495,79.72139936048548,151.38415510473706
965.3748485584093,717.3080385135527,79.94857522691116,150.99487139046008
966.5881383258869,708.650207406271,79.88029012884041,150.97857298279317
963.7226736045695,719.7523698128501,81.18041740426952,149.30284395307575
958.8164447532862,718.2794188104713,81.49935159020168,148.8904324221866
973.3028462122137,685.7575287341022,80.95400386197511,151.81187536900507
958.6074302907892,703.1389273641573,80.89442582972725,152.54910672045605
974.9259138923501,685.8390170370938,80.83898618058144,153.22517408871997
976.6873979950491,672.0399510578834,80.66334788206578,154.1640897564966
977.7596456743129,667.9280704430406,80.18313387202684,156.34566001034872
978.8912380895915,666.7654581033628,79.56851283201064,158.37868364091457
977.9385023367686,668.5539915269769,78.8094708703349,161.09171782887015
976.9523828413375,669.0898691506934,78.76600718529198,161.44769533151342
978.9554146311731,669.0445889594077,78.79597400564089,161.43437045629096
979.5455082543283,679.4845880430235,78.86244057976896,161.89131577782035
981.2594556198342,670.7972686453775,78.90911943489274,162.0052983384185
966.7989398729655,686.8405251579584,78.80285431488932,162.39744098680592
952.8471960453609,698.0903297038479,78.47574767639209,162.85052847096856
956.116581138499,718.8180321470963,77.89282500758992,162.32078848197818
954.8631713753853,707.3963113350381,77.59069733081829,162.60012163765737
968.0386394530514,720.0249758203882,78.61201037017263,161.5964515618823
987.622572533436,727.2600100725973,78.71835419726659,161.38598661250748
990.4508483987922,721.4196693487261,78.66051388001374,161.4157395846144
976.6028350637014,721.8759858757876,79.14125665010808,160.56677300634698
980.5201100948877,724.7123295039028,79.16100344529404,160.53817068161501
977.8319820398226,726.2393584421042,79.21707202588682,160.4804233949504
977.0430970837134,727.33263117952,79.36934034266008,160.30735958747712
972.1935180923317,726.3815145962831,79.80286238421407,160.01082415768832
969.4391628481535,732.9020631239663,79.88533477204737,159.92312746421888
984.7356920529317,729.4558551885602,80.18401183437445,159.78971690975436
1002.3083427111228,731.3093234659942,80.08574588264955,160.14768089085445
1006.3478809026685,731.7381509693362,79.85265609861797,160.5686628880631
991.7619976895483,722.8999450078915,79.95144896847432,160.77013197562593
996.7927427060266,715.0150959863752,79.9596191301932,160.79756852833896
997.8862532227145,727.1926821494252,79.98005165834313,161.51264402279617
1002.9208167843226,721.3242532023605,79.89867207983207,161.75088040842945
991.5179899268271,699.6694072426366,79.92516164268375,162.1823645036147
995.2253938096569,700.879386607374,80.12829427702589,163.09432484825973
981.9795596792829,702.2329045948428,80.86917827618906,162.82771148978114
985.0248888624492,697.2252516464055,81.64568154305162,162.46591493440127
987.8332046079385,688.1683535599766,82.96000504897498,161.60216622260072
992.1757216315431,684.8062082040891,83.08438478073475,162.11696086188718
996.11850409867,684.1897472519324,83.32210464720072,162.67215824038348
1000.6602924439378,674.5257578731287,82.9557982214142,163.9020217333446
988.2310095640107,677.5248607996637,84.37894183262317,163.2927285381487
990.9076026697849,676.1969316744395,84.87837215533493,163.15139312830087
992.8367913537352,676.881753451658,85.55064182103337,163.7892562110783
994.6961078012567,675.0751762793492,85.59442816670824,164.0717422812345
996.9572818210316,674.92672996742,85.83460055993628,164.2803995548635
1000.5349598909212,672.6985587427246,85.85513902706712,164.42236609390378
1001.4613713751675,672.9415065275194,85.8586204821347,164.6378165657359
1006.4998551447017,667.6714704246932,85.9015650199278,164.6827300359461
990.440587211674,669.3240306697728,86.72219744388339,164.1796513430797
989.9234094268418,668.4325807348811,87.48003790406943,163.46926891593662
989.3201774139864,669.031686587709,87.87462950720749,163.21135648231845
987.885527551076,669.7759303426017,88.20937480883936,163.00402461893177
1006.851786990189,665.2954542021201,88.22797787090458,163.15758646495982
1028.7834241325984,676.3769152082515,87.89813008991446,163.70293802750808
1036.500584307711,681.8917087992517,87.15396984676579,164.93340717335158
1048.979312251904,665.4685658974025,87.13505356159064,164.99003012983988
1061.118207019729,665.8219896488375,86.7756993730144,166.13235769137415
1056.655800078706,673.2561123826979,86.31946074256616,167.5587502249881
1052.7066109730952,670.3366953026605,86.0867933303285,168.40511413717556
1063.6978822826093,651.519827518098,86.01607242107748,168.62145815123853
1058.9005336702485,653.6088515317554,85.60490062765017,169.94276558537808
1074.660687456456,643.7425783297492,85.60390362223949,169.94328583149462
1078.571956850085,637.1936051533389,85.6024418173946,169.94372814406464
1083.0497642604882,636.0231121747416,85.6024047534809,169.94366481506336
1082.7953199978786,633.2154580940482,85.60175041411718,169.94379251501425
1081.2683555736946,627.0437401997856,85.60047718728367,169.94334508834777
1080.8945296950772,625.2256366598316,85.59991879443372,169.94360301967714
1082.9376678055644,619.2708614015238,85.59879036279574,169.94402333275983
1084.052268580966,619.3046847781127,85.59580832047462,169.94423086869276
1086.4009514003023,618.7386868280213,85.59364017295621,169.94469480991395
1082.9337518251718,615.6996821312574,85.59300450166509,169.94421522382962
1082.2594912971922,616.0116674574813,85.59307287192584,169.9429474307091
1083.144538195252,618.7811327364994,85.59302176091808,169.94291848806105
1085.1071149413492,616.890736353081,85.59300277521504,169.94291525422733
1086.5763457582184,613.5507267838638,85.59294398955286,169.94274927165614
1086.1050604506715,618.3941065190161,85.5920557822367,169.94161542513152
1085.756590334224,615.8816402549351,85.59193963634364,169.94151023797667
1085.3537493055644,613.9847440959408,85.59177848670043,169.94115235369236
1084.0446473141253,618.147365274054,85.5910569596417,169.94027366186512
1082.6651200815281,616.1989641279486,85.60313498309954,169.87121414049193
1082.131524120002,614.5311062883723,85.59618400052474,169.8664839641616
1080.2834638600245,620.2529266906497,85.64785072742679,169.4722861431771
1078.8545782112833,614.2363957792379,85.65359137215351,169.4568409861132
1077.410097680736,620.9482712227334,85.609981065469,169.41701825870257
1040.470679282554,632.65235264177,86.18511503202511,168.9079871757431
1064.9951628029619,649.8523669847949,85.27085991108233,170.42374626575096
1077.8801667202292,628.0808435048158,85.16087879134757,170.77337787024285
1075.8268669670535,630.5512578115299,85.10466795820324,170.9353250677405
1070.7171479285228,646.4499808298339,84.77315620573196,171.9755284554067
1078.6648571544524,631.2401549315366,84.7261106314757,172.05144433434617
1081.9008812530424,626.0290656813625,84.72311207721282,172.0471095020817
1081.6361644090891,625.9198776133146,84.71185029335635,172.0538405814636
1082.4065417478591,622.7576117253545,84.71194696355518,172.05196007731243
1082.334420720902,619.963086789972,84.71189070316217,172.05153933192497
1085.0149148420776,627.8871642536257,84.71186423949979,172.05141727270416
1084.2121794331956,628.9363868346805,84.70691524073966,172.05080086914091
1086.1214122545418,625.3506273675637,84.70630234827017,172.04839635283537
1087.2521523617688,628.5516148917793,84.70546636190254,172.04187948766497
1086.6838641101067,625.8058820034563,84.70469761030695,172.03283462890658
1088.117825777377,629.9579751245059,84.7042239126872,172.0280142030425
1088.0544237849717,627.2756332740487,84.7101486176641,172.009439826962
1088.1760838204452,628.9134891191219,84.71025239570712,172.0024519549838
1085.3643713120662,632.2883938875524,84.70962220014285,171.99953303395455
1089.4593386789218,637.3986201078907,84.70949356533565,171.99909814953824
1088.7094932072764,638.8680920740344,84.70898369441306,171.99832419019498
1084.330107746144,633.4073878985478,84.70961284101861,171.99380114795056
1088.690113953674,638.0493975261112,84.709925376363,171.98766988970252
1088.0738541806936,636.8923926659038,84.70994280098948,171.9847412625133
1087.8290814017012,637.8611892045541,84.71018925184542,171.98332824926916
1087.852500339164,637.2517683035181,84.71021251016786,171.98318793697243
1086.607536560833,639.1186928969348,84.71125076413595,171.97745472769947
1089.1426404308515,644.7951647905397,84.71039340623616,171.97679382374872
1089.2544632173892,644.8102270580715,84.71038063543753,171.9758452263324
1090.4517469458804,646.630965611304,84.71013107036228,171.97507917833408
1086.8491614392872,653.1948186012091,84.71504952574267,171.9973947684577
1075.2746314913204,704.6018852313166,82.28976102936262,177.97619867945184
1066.4174301992302,698.6847105601537,81.67956149944267,179.5968999924445
1072.0897584876946,705.8970989586759,79.57299050917742,185.8805046667766
1077.1459185683561,697.67466867946,79.1879694940395,187.11715799727676
1080.1900161034202,708.5662277103002,77.25671388868899,192.49705844673872
1081.0645873392216,695.0537970656275,76.7593344796852,194.1703674461282
1081.1177782081875,694.5152980242726,76.06926094052565,196.24249488456533
1083.7680541608838,698.2679241088726,73.96164587017805,203.62465996275077
1072.6907805288265,687.8862202700619,73.80835611855217,205.69899624541088
1075.452083789015,704.9427996119513,73.62985492616997,206.64634806103058
1078.5633208178183,699.9627991846669,72.39499831621444,211.9126292208823
1080.077412650743,691.8740917350893,71.13596314864746,218.77095077678746
1082.1786637313696,680.3418566755399,70.96874706103894,219.65519147663832
1084.694521070316,654.9535739906844,70.96019182030213,219.74595739906232
1076.327201074056,649.0409297261974,71.17041570287265,219.8710498692194
1080.6961349465107,662.6206828314555,71.20676103901116,221.2601467152229
1081.2065635271344,658.031104364391,70.90939436919808,225.18187106024982
1068.872604157809,677.9858635069814,70.8145457197266,232.33731482374358
1072.3924593397637,689.9995347864368,70.48959053728029,234.98270764329922
1074.7853170897674,674.5455326855581,70.43100020063588,235.43388585028515
1078.8190723223615,655.9965940741265,70.44950160969556,235.49659094190974
1081.2267143955469,661.2019709751385,70.46245334705257,235.92709970737735
1071.6754093214074,637.9175568946208,71.04022941943491,235.65391420734633
1084.3725426304338,622.279380974441,71.04845140914958,235.6338532881727
1081.369538053057,620.1454510110184,71.34511766521966,235.08708073384378
1079.240734232706,621.8451191783611,71.81566700181894,234.29250198521075
1086.411772166374,618.3072436824267,71.83461545644393,234.24491471253964
1087.5181991380034,607.1248099872901,71.84610957630785,234.21862323327002
1085.6798755224152,609.4107496488463,71.86822282555185,234.17007206363567
1089.3271906301393,614.6164012029064,71.91037674915356,234.06609174060992
1089.5963718173748,610.1549466475459,71.94057446308119,233.99852620014195
1089.4135399100253,602.2110220328761,71.99534328932107,233.8774080253665
1087.5507524524112,603.224651304104,72.03279701244892,233.79098984152145
1085.4617836822454,604.5476452558426,72.07959589636772,233.7002283524047
1087.6044846102031,608.5659030054351,72.09330763935907,233.65679477709645
1086.5219040772213,604.3110263237897,72.12874748246311,233.56489018655455
1088.4382443949671,606.5118608960421,72.30272092860604,233.14059197990045
1089.6931092193527,605.6803602509294,72.37709031694327,232.91321868894968
1090.0293192840818,606.7154187766763,72.49900026969303,232.55438633965966
1088.7171425520814,604.2631618907536,72.59882409568522,232.29176531358945
1085.888588924841,595.8494170141483,72.60621956165805,232.27454062929834
1081.2891504222011,601.8922761796209,72.87147065520227,231.71921595171648
