880.5,847.5,112,232
883.9287996115072,841.5924131970387,105.63833386022255,233.3847414497435
884.7454205883108,841.5969873228858,104.4035114381875,234.72834044252534
886.1879507201737,840.2652236738676,103.24627900422156,236.82438566226975
886.4451487761489,840.3029232118156,104.09785227102338,237.57813126126206
886.7075673196006,839.8695205887975,104.5572985477547,238.13803773859814
885.8370423726187,837.4119044368042,104.96078618831865,238.67530987988437
885.7807082478988,838.3756966454969,106.0805184224796,238.99388793971315
886.6011107240672,836.9623978103679,105.65709122281845,241.4219873009865
886.9244574263407,831.6129588379056,105.54586283633614,243.24880472139068
886.2930305314842,831.000129425689,105.19586880202061,246.7324022276734
888.400000861256,826.3191070122951,102.47002064772241,246.38741819261935
888.9856830126179,823.0306299179103,100.01591396679463,248.2190801933602
892.8213433733913,815.6022572619593,96.35970203294725,251.79550929333294
894.3889553623794,809.0803831160439,94.96619079113232,256.5587100297352
897.114147094173,809.4663369584946,94.03521414789563,259.1484926341493
896.9938793982423,805.2707289582993,93.96716518656918,264.0717783227319
900.7114466999893,798.570969371546,92.3259061620688,268.8023174549993
901.6339702981174,797.5160532532859,92.58684117338191,268.40234957540554
903.0679456854887,787.3677003139153,91.10009463957607,273.2527844240309
905.119531284285,786.2953275737061,91.68191565305891,279.5114509115805
906.707202554875,785.9704849941946,89.98611372920882,283.8731987129613
907.2989962522533,779.48894060149,88.89462364443112,287.19695523508267
909.9845613461249,766.7255900969326,89.0106736988649,295.23723828718323
908.7663056358799,761.1607844957869,91.2935133186119,302.62326811283106
907.3993629744084,749.4024519022928,92.71941827511421,308.58198178456956
906.9456836906376,733.0789518699094,92.08117528883324,315.5401371926
905.7170301371518,727.324049687244,93.86773431208985,322.9824103034126
903.4694976067393,712.7330486985213,96.79538350329108,328.6728848024917
902.1249578089346,693.5027001843645,98.93673394290809,336.5009944109593
901.9170175604729,695.2296524676926,103.56551901126579,334.5629246288271
901.5095096099986,696.306129820903,104.5522032860843,330.8457477063105
899.1830853558807,688.2725137519902,105.28402726246597,331.50985830269855
898.4620512512055,705.5198684071221,110.54675976844624,320.6410599993415
900.2371564001535,709.9332923542115,111.47770519913422,311.8771444811274
897.5020221133369,707.379370092088,111.82193237300045,310.1698704107322
891.1203914289115,712.2706259777221,116.12518490345204,305.8603416483497
916.4419522724272,727.0823171794365,110.00475518178524,299.4268227362045
921.5231444381059,735.6034950675455,106.84571219371657,290.8210033405158
926.0140922619358,748.6127212844904,104.5675491290003,280.99898938878414
926.168607723419,751.0152209785047,103.54897399630141,275.82836097657463
926.5595675776686,750.8853209482371,99.68118727475097,270.9958140471231
926.7475697516585,741.0296310288452,96.44067398782389,269.44404637371247
924.0771152736487,748.181497449903,96.20740515798566,261.08204604340074
924.3061697677231,746.6840573040121,93.74048448926544,259.0853260799472
928.4669600421869,744.3170827774566,94.2604836200322,256.47720958854904
927.0775522517969,738.768267108857,90.96315625996178,251.85906649577686
927.4860219552628,736.0911146078548,90.03198490707959,245.62493496761084
926.9837104718932,736.817662977186,88.77069817269722,238.5896953166881
928.6059864399873,737.4999928922492,87.9222668269132,231.52034153813514
928.3388991285526,740.8210058961494,87.50227402901803,229.76677511270577
929.3542003210671,740.1352555689942,86.91231660256491,228.19916372003627
930.304354135288,739.9795581880894,85.5490350158766,226.34158944182496
932.0982482821933,740.9044978784141,84.49450928745779,228.31459357825796
934.0316114830567,740.0736307409667,82.88961953153884,230.82244086148359
935.8122367889505,740.1995471882985,81.19207230777815,231.5541114263031
935.1314812564033,739.5544061624231,80.31578320163686,231.7136917887281
936.3288878632231,737.004899959766,79.61374906351728,232.3850987232614
936.1806646176174,736.8708577129585,78.2113844572674,230.5355390952098
936.267976117592,734.8866652979618,78.54870132510719,230.06254023082235
937.6587604647004,733.3068891051628,78.73128517379021,229.86841873174393
936.8322697129445,733.5500016826396,78.79513768502761,230.13672237377142
938.2810548833404,727.1093956094408,77.60877493992069,229.3850789688828
938.4545898441277,727.7098020553898,77.63422270282607,228.9013974660773
937.3327453752116,725.0771938364421,78.39006312933475,224.9112999638595
937.1711115667141,724.1141225729456,78.8515475901448,220.5480346164624
938.9007329935533,721.216484084874,78.54583953280425,216.80478049793743
939.7616742795601,720.9764344258845,78.54510891396367,214.30325521673777
938.808658899467,720.4023360101213,78.66043108916026,213.2492676805244
940.0108234354367,722.372108878058,78.04103892891843,217.09590740178436
938.5574253560717,718.0353429060204,78.79619825321367,213.05587137672364
939.3696481328723,720.1083708386006,78.4608931655714,209.77697185456475
939.3750226923826,722.0188993087703,78.19849885611345,209.3463155044643
939.7380800198648,721.6703946529217,76.8891884470587,211.91741737741557
940.059497881101,719.6876569767152,75.97383768684821,215.93193101359677
940.2259266028649,717.6776208994429,74.82911221120025,216.0134864311264
939.7347829613295,716.8055037792238,74.02014783675816,218.18396944554598
939.263674640907,713.2494661196018,73.3069488416175,219.1880408314381
938.4686700456062,712.8851443779729,73.36150450548399,217.30813323275225
938.5093497131339,711.291242979625,73.09974526488509,217.62026349579438
937.7584277480585,712.667017868559,72.29923095857683,215.49902695468631
938.0497192940721,707.5964641460712,71.40635416363472,214.93351443132642
937.613861937962,706.6490673949166,71.73667275874331,212.3909205298111
939.2601374575682,707.4462239955732,72.00064704426129,208.75442714057095
938.3625643170252,705.3316220621558,72.74514559165453,204.03758087011443
936.6092875725121,702.5463787040176,72.52646946715043,204.64047018559612
937.1641751567098,702.1380371753754,72.34094823103217,207.8808133528027
935.4646970088829,701.3977829773397,72.3188529521494,208.07434076602357
936.8245643068994,702.9523053916312,72.12446738689374,208.91009071628304
937.0550661488378,702.4644444574764,71.37359645523837,209.33861579608495
938.8626368556891,702.0215284247236,70.63917274949367,208.94049634975966
939.8372040832701,704.6125155463704,69.241412755084,208.88579278629544
940.3545061348352,703.1388491030931,67.89191363561844,210.9948153877122
940.43261194626,703.6931096471183,67.70770018068576,211.91689470001904
940.3042595823954,702.4593453258469,67.47061297999916,213.47504410395157
941.4667061245708,701.1055068042897,67.02675538844093,213.91724735873066
942.580595258793,702.1891307133212,66.95900760863519,213.06030948808734
942.4356564021331,697.6348531506961,67.02168645649957,214.14767387963622
943.1935451816742,700.8051742500867,67.2841708911032,212.39834333555092
942.2417533321201,704.9334946355193,68.99271733028624,210.70022645521888
940.2522724709572,702.8520894336598,69.88781656363986,206.95439889241388
941.5505198766855,706.1359327766303,70.19191956702834,203.54390719207566
940.9619053944407,706.1027616078254,70.43630869945753,199.95538215857266
940.9057481096881,703.4960837220693,69.3561418691828,199.87243209885858
940.3408869057669,704.9029545694596,69.06807140550802,199.44617920717934
939.5828818181095,705.004413197384,67.9621175660376,201.04122327700333
940.3965201029586,703.3739486421684,67.53157577979002,202.5462028398398
940.0931851797103,706.6406123225604,67.65226812286893,201.8250941556172
940.4628090390565,711.3006894943923,67.79829811762363,202.03207426173063
939.2753530242492,712.0204594973579,67.60999670892636,202.33188688820496
939.2221579191039,713.1066195072638,68.39319470579146,201.97752620263213
938.6946405296626,714.165464185301,68.49640056195213,201.12305838022849
937.0179714443733,713.9423083382738,68.36854135980074,203.25606133977954
936.3054213686316,712.2388891147074,68.8637610897031,203.1921971330573
936.7054526030672,712.6676766333306,68.81419505140848,201.08364161470064
935.8407911375471,712.7571295727759,67.64960972510892,200.23703257977758
934.9698090311684,709.9848931159898,66.91633625307217,201.65422201545903
935.2548586248157,710.7303643709065,66.67274848411425,200.46632058523238
934.6083946547608,707.7290521468296,66.63355360119778,197.54834430875064
935.7322790165674,708.4001861797283,67.29456813393618,195.35800529502728
935.7265125874268,705.9588306813248,65.49389263230255,195.50962146138608
934.5582570326254,710.3829806819023,66.36997923762543,193.5445929643049
934.5068915729076,709.833679717788,66.57097388116468,194.48791534761853
934.9899566418045,710.5815107955544,65.91330543383096,193.5650519697763
934.7162197591068,711.8550547633836,65.80668564163825,194.07645681320435
934.0948830983814,711.3717089085897,66.32664945456881,194.1658966209254
934.8314335601847,713.1056763129804,65.90077957106806,195.85981623111937
933.6882170363792,711.5733533325532,66.48513194034592,193.7698636881511
933.7251570129297,712.1118196905499,65.7893065399064,193.39989681656508
934.4073062936827,714.4962791102892,65.42236184988045,193.83146736867536
934.1753876383394,711.2480651043378,64.92334263390994,197.3521061481469
933.6234146811915,712.8998446413,66.45047442923928,199.09607311588044
934.0208329708576,709.388253168736,67.48038040108287,198.40566870966205
934.0916613303667,711.0728490267213,67.18335486666147,198.81959773259757
934.598993249706,710.0170492340515,67.19015978708246,198.8521767675761
932.5417532323036,707.0426734328732,67.45090933125543,198.32819929074105
933.6816027608567,703.7029907850186,68.58547720606688,196.1634808192212
932.9891083255563,705.9231813211389,68.52483356482418,194.02016486647625
930.3459647756428,705.1737494657771,69.40529563579055,192.4656600232486
929.6547152440298,702.2730326590274,67.89013561957559,192.40991107285174
929.4994532131818,704.6426018818169,67.72216713947691,192.54833179019312
928.2371538838862,705.4174256387474,67.69513011156047,195.61865520651193
928.3083402415004,699.2212247756584,68.28322201111757,196.82038675564843
927.4977532584937,704.8250564291706,69.06692673772741,196.80143763812595
926.4916618755968,701.2886005866706,67.64373743832824,199.1116957326807
926.5026677471944,700.91143063309,66.73715001275312,202.01888163447313
926.8977094256984,701.0919276118047,65.3547360213995,205.85195959641882
925.6070255130832,694.9107278577317,64.8245507191419,211.53806353145984
924.6749671660936,699.6526396717709,65.02069032149224,210.79534407924245
920.8686564059916,695.2358595937324,65.97127360239523,214.60092024329862
918.6868386774421,695.4497576634041,66.5333968580882,213.96381671123646
917.0441361032426,697.3503257349205,67.8178954024271,210.12066917091002
915.9810216334329,699.7262912537299,67.97027908877428,208.51598117845973
914.9675257410757,698.1482090059292,67.67068064898267,206.76049647613956
912.783614477446,698.9929235902042,67.63856072771489,203.0283007483549
912.6385949497391,701.6983399330486,67.2594398327926,201.3708926407569
910.8840743497549,701.6017164337209,68.02475330030063,200.16023295622676
908.9801572732596,706.0113273117911,68.00330227196596,199.73452051007433
906.3577950099752,705.9378171323474,68.79975113867465,200.7899961017813
905.4137193371017,706.6448244839817,68.7416358730284,201.21986333860463
905.2137180932177,711.4448153205469,68.05373410209711,201.99295426391006
902.9183791769311,709.1202510524,68.47307482213446,202.3877199786671
903.3459253344558,711.5529999342074,68.41307624924357,203.77107605558905
901.1623941837175,716.6042686340713,69.02502176555095,208.1711782552593
899.8468502830134,715.7661649075835,69.00562319725789,210.99714680427115
899.1153144094303,717.4903953091721,69.68867423614904,214.15126811006064
898.0999201714758,719.710271594047,70.27136991964018,214.60824709968983
896.967617063973,719.3789619407248,69.92832888710694,216.01781355325537
895.0898630599363,716.6398201281927,70.85538455796237,216.41081078153718
894.6144666551854,722.8594293351644,70.06092836603091,216.6998733383645
892.404069256694,725.3624610956756,70.27935019219635,214.02927798903417
892.893662883481,725.1016217614573,70.31809598802762,212.33029424545632
890.9971258013263,731.77317187616,69.99395937036164,206.69608921141048
890.2942256454877,737.3555849149616,71.53931633747538,199.15036206546054
888.058871452678,739.5252032602372,71.81626750759142,195.06958663810605
887.8372406564793,743.2079026722133,71.01513685211387,193.32571632951914
885.0892971485966,748.4877134630199,71.89903140290849,191.9248300260548
883.6339734952877,749.1812282667771,72.21559637141256,190.60303763818638
885.1893493294729,751.8325213164303,72.41511680326386,190.56364753966736
883.9820397687229,754.1725626974956,74.40643159210897,189.08357296091228
881.7042437198429,754.8781712206638,72.76013086920307,194.346989754924
880.8904325300655,759.5545902735844,71.4491029888299,194.70795693515453
880.2494532703923,759.7400283993968,71.78667386804946,196.7601708280407
878.5904995093837,765.36284758997,71.92480572188556,195.9312958000957
877.0793217111994,775.1625356448211,72.97981951338562,194.2075067834522
875.3522364389099,777.6650717756299,73.67551532627395,191.31583347152
876.993573073184,775.4001503569294,75.29624385011016,192.74002759612137
873.4854938656493,782.4871060085554,74.7944209092836,193.08557763807755
877.4968560098287,779.2544515626068,71.50571046836478,191.345421836738
875.6440597963162,779.4265819934046,72.47064589782508,185.3092743896601
872.8832886496674,788.8212977941381,74.25737905648485,178.69244686986582
873.5071752245003,792.4109416100979,74.31034491464129,174.20534931571356
875.891336935721,796.6539763381957,73.25321868198665,170.39869715413226
878.0358176210926,802.4615149592236,71.50784752430259,170.90888273026547
879.1806114755813,796.6136258212515,70.42199279973066,174.43888964381563
881.2565064334484,799.1355775315603,69.84653325517269,175.51543347107548
880.4962130722622,805.3318936642652,70.36328750574035,172.19066253212878
880.9602715142189,807.0961930805962,70.30282139822636,173.7017751780745
888.3829092437186,806.8866346513507,70.22704720213181,175.27387444200488
885.2042326786379,817.4739833829126,69.93138817979867,172.37530871146365
883.7479128295723,823.0297497812751,69.55166878358291,170.96500646965768
883.3887139135994,821.1081642061972,69.20426994553253,172.86493544044282
886.1246096099079,822.1771225780091,73.84092692178417,173.14985505267933
882.2894045659262,831.6802517994568,74.86643018578393,168.15738054344737
883.6267052114031,836.4187427261417,76.24906303821155,161.0941728221289
882.8053153004219,842.8083722093891,75.37538850215827,158.74061957073985
888.9404220256655,844.9387609710824,76.68572433282662,156.82989110706544
887.4213235487316,847.3923846714948,75.98704782839813,150.59645138880856
892.4550081225011,846.7346698589133,76.96323213703147,142.8451480416736
894.2744033145403,842.5769785663042,76.01766686494139,141.74394144343802
899.3620781993052,849.7590737476219,76.6902332345667,137.87725262077095
905.9810214356049,851.9314884728956,74.21442579364928,137.6562385427547
909.9297517401426,847.2535026760422,70.21876835668107,137.83324899025695
914.1329485854303,857.3373740285164,67.98770361825005,138.93739753028345
917.7694488392966,865.1806822310936,64.90753293026802,137.1523201269767
927.6114188012903,868.2793182253406,63.94960666227015,137.33410055312066
930.2713838019123,882.3653108149216,61.3473522826915,138.43241209811984
932.4542749986379,879.2247774711669,61.12758315407204,138.02986096628416
936.4409081941653,878.138739012365,62.249810681493265,137.99934113221917
943.6872710207967,887.1402753888437,63.41063382397415,136.8897535721421
941.4055698116655,908.0684473275917,64.32292373708798,135.48999541383822
947.0936593734015,907.9961832467174,67.87780017727506,133.9392460234131
953.5909653648864,905.6644262463564,69.62595793150219,134.37569117733455
952.1842502123301,927.710704749218,70.40930674810821,134.26105987733754
959.8776394961591,925.7108827610826,71.14975862991774,133.71617760622252
961.2517063103076,936.6194555965245,71.0699987175801,134.1530365390003
969.5036377236287,942.0132468903546,72.12273838695643,134.0951388594163
969.672647220354,943.4824272978667,72.84038650828133,133.85096086697723
970.6354888461167,952.2924952472068,74.08960429552714,131.7281655393733
980.4618291726222,964.8914069557538,76.52938905705565,126.90761456740158
982.133836059009,965.4762606988925,78.03614442482379,123.68282735774075
993.7782708273116,964.6865888812382,78.27374457281527,123.1501194193978
998.3543799349943,972.257983803718,79.67910726559873,121.33474107869246
1008.5975866582961,968.8196130177581,80.02383697794966,120.95532680980811
1004.7505456496613,968.9173635520397,80.03222949928032,120.94496707607324
1050.4549475739436,970.3856954800749,81.79957834661492,117.45097232706519
1049.1336381078024,970.8168747851767,82.14991427753313,115.46108806678426
1061.9677178547204,972.2440860554017,82.48592208351357,113.14821064819685
1085.0260125652374,976.7744810666959,83.73758688494655,109.72731502906711
1098.3523971686766,974.1708864306878,84.18841780529235,108.7959985519754
1090.5724614625562,968.6312721179793,81.57462575079093,110.19874145586884
1092.559820380301,980.9651211907237,81.14530424596853,105.70469366011265
1094.694497050801,978.4846153589007,79.2449131145305,104.21997066282424
1094.6881807417046,979.2457936378507,75.5030051541972,103.65690780504072
1096.842484357224,973.4296945584562,70.67011339616477,105.8830948770385
1096.438419752621,979.2076000698916,69.77692653407235,104.32708868560745
1102.8524216080737,982.4021662817104,69.9054542412208,103.66924529563408
1099.2112787575707,976.627028362928,67.79276187847275,104.7609680389289
1090.3785049404678,955.9058149201414,66.77600294269898,108.19243499076708
1099.8508307787986,962.5022431403837,65.02371909970324,112.36778402783116
1099.4789059235,978.7423507220324,65.90692518666962,109.87910995170516
1106.9792165992808,958.8964775451481,64.3166787669287,116.71067306566898
1106.4423156079306,968.1641551858384,64.75173132727963,114.21047557839076
1111.6513503187177,968.3734362363722,64.96402908384601,113.74834253670193
1107.222593044706,966.1698551143538,64.23601708236505,114.67015317247949
1105.7726666874812,961.6259355642877,64.15164437867287,116.69785136963146
1105.2553151554894,972.7648243650943,66.17437419174706,113.13701726972046
1103.1482989669616,976.3776050848763,65.3363345460166,109.95789024836526
1110.168960677394,974.4338539635959,64.93571407342388,110.11216924303807
1115.4449435617307,973.3603617656545,64.79939820749428,109.98367056538203
1116.387681784158,973.7731055353267,65.19006738147661,108.93429746081395
1116.4126562753506,972.6546826946764,63.038845190503054,109.07209331088356
1119.0219308079731,981.1818475484968,62.63854075168891,105.96235933578043
1119.32590653352,990.2040224208824,63.658318697918645,101.12738212191967
1112.431504428785,987.7020578256559,63.69168412008832,98.92369035988021
1121.9490835586757,990.7023823909374,63.590363569693935,97.91587377584537
1094.679765133542,1004.4353976007086,70.21600903521465,90.80205492236851
1042.2433495708074,993.9611891147382,69.64592970447691,89.8037521774156
1050.502901762833,993.7019267081089,69.1056398254344,89.33733975216465
1048.3943026452102,991.5422317331673,68.2570663449073,90.03933771380133
1055.9319653861085,992.1053419484159,68.91753277748693,89.52539615775714
1055.6885275826987,990.9327002456099,68.62214334080983,89.68960098471659
1058.4899844971067,991.1664032356189,68.29304610929046,89.84987684643018
1048.9488589168245,1000.6383656398061,68.99544071049144,88.02072006071182
1059.445129568414,1001.8545493825634,68.97970576585092,86.251426824756
1060.422540573259,1003.7433910709711,68.7997455030352,83.87237464380617
1060.9946244814457,1006.9831659736412,68.96931987138741,79.89235389459137
1071.1278598209794,997.5131087106802,67.40361106093529,81.05435738562343
