1284.5,574.5,45,120
1281.062375862724,579.7628313903934,44.04345194228907,118.62329187181106
1276.1900868732928,572.9127192476391,42.213069572694344,123.027638913364
1273.7137081030974,573.5059778515606,42.292736562293214,121.66848723386175
1269.141751068879,579.8113046805527,43.18538926120005,120.09828292729279
1264.2193822674597,572.6731340434303,43.24896406572108,120.04242455892216
1265.086280474109,576.0035691848984,43.411360293795816,120.68742131381542
1261.5446517831626,578.2250875227595,42.15779429759611,124.34936205550952
1259.1468127751011,582.6895169532817,40.44069201799989,125.78219283397384
1259.4355260767331,575.6731343486485,40.8501999928507,126.60559989263778
1257.6248169051523,574.2543344419614,41.26676535199085,126.67328614125711
1256.6697757557008,574.6852426464766,41.45294910772712,127.71651840693269
1257.0111472458525,573.9450193780576,40.61856484066924,125.71405628377842
1256.5513416014464,572.7274642989007,39.55627967037782,128.19094515604652
1256.802159333744,572.2517927682077,39.63756666180572,126.85066580030004
1256.9627672555407,572.6413185106624,39.28279286919174,123.64571231632682
1257.2470868537575,575.9955576088512,39.65917953466061,123.37612426279796
1257.1668504619438,577.9192534832782,40.12153310886749,123.82735443063913
1258.1125741027106,578.8411281425116,39.538268906426225,125.0053016434425
1258.3254270417606,578.2441339008941,40.25518297500895,125.61399643506996
1259.3969120990225,583.3011946987508,39.01038832279012,131.35814723094944
1259.5464570704185,581.9438621651161,39.17928411889256,134.79399301806473
1257.6824177181436,578.5486882376617,42.31883552538538,133.7458953556993
1258.3038225051548,583.9522121204348,43.701144639598965,135.27201117451844
1256.8899182753703,580.629965177442,46.094165208445396,136.9774705296971
1260.7803114679116,581.6388548349487,46.04443364256952,138.00519284962127
1259.3854910790994,581.4821821700993,47.864327980309135,137.08829612161023
1260.035158769648,586.1071841170638,48.60045435485143,137.78058233598853
1261.0053309448592,585.459485837195,46.88104198405567,139.6454932887691
1263.1447401960775,589.2646611208553,44.704161093705814,141.13395817538162
1266.7137466289305,588.3002532706003,44.2288005471927,142.23625016624766
1264.272567877112,589.2571801182615,43.2813707178952,141.5408684098739
1267.2181238409485,587.7401600568702,43.58810757765155,142.7576071871923
1267.3282028512258,589.5885982441309,44.82911622585978,141.53676149354658
1266.182499943081,587.687711501461,45.8040414354969,132.91266034666884
1264.912740875624,589.3771840155531,45.26634467978213,133.06680189329632
1269.132875386485,591.0047819779593,43.95646598967771,129.89973074096235
1269.330947940934,592.8286501724041,44.36904441153871,126.29737322272973
1268.76880684874,592.9657984353805,44.92750712854454,122.5818839174178
1269.5100178864045,597.4334966556811,43.45182470802956,130.40822435445847
1271.4167861657481,597.0846602628826,42.24801374419938,134.12862021987735
1271.3712863753105,597.5657537582962,42.781940399642934,131.55191264972714
1271.8389818660714,599.3470963325012,42.6641298265322,133.75649573437715
1269.9292022411162,601.6171646141471,42.81680796469999,136.63737564327562
1269.8715462629063,602.1976646314364,44.728553447674145,135.83018424519673
1270.4046763864396,601.7350822147312,44.52893802016932,134.61196870000757
1271.1226944385808,604.2808595783373,44.65990811856561,134.88593495480163
1271.0500367913585,604.34497752488,44.64736006535996,133.7042553633509
1270.8600621334613,603.7710545120083,45.16980465833271,133.2263562807191
1273.3998115013505,604.6306550283133,44.32270547261882,135.51346224092785
1272.6756155955266,603.5016834356331,44.859831717359015,134.62144476588514
1273.0088268175639,606.7318966018843,46.98456752092106,132.89956891970053
1270.926003847342,605.0892764267504,47.17062735576243,132.51626025840326
1275.564741751831,607.4878334121237,46.871948925905414,134.3862306098452
1276.4198986587771,606.4893062947426,48.25528803293765,135.4563399620527
1275.63513598702,611.8243229639791,47.55180757541589,137.43851099833836
1275.9963657958613,610.6149175898067,46.107217220258946,137.468517681587
1276.9857303796664,613.3902480595003,46.0859284887665,139.00652236611444
1274.9664982416164,613.7439543812516,46.839418828984805,142.0442837752565
1275.955943795936,610.8906730366746,46.41584617196125,143.9576442040862
1277.4495457387568,611.331119921241,47.39505571550341,141.87249810341018
1269.491827166202,613.1886116145498,47.73673119275335,143.0848408186607
1267.726383241916,613.0549569816374,50.12238287397457,144.12231559346455
1262.661226218457,613.4301707868542,51.60175469973002,148.573952255172
1261.098544511888,615.1867510442588,52.50526963108044,151.38574075070736
1262.5315472176549,613.7119642740885,50.69908295932943,153.62578682396716
1258.972817168892,611.7002731893613,50.88327840761373,151.0148884759552
1258.3230595076654,615.1411750597207,50.071931767528696,152.4770747371854
1253.5131312205444,609.6106486605722,52.229749642108885,148.46936340356189
1253.476615026553,612.4272116668421,52.94714303421729,148.28305111713632
1255.426977495636,614.4261623651508,53.56846834751353,144.25148960586415
1256.6330331067506,615.2639106243824,53.78697944817782,140.4134046076437
1261.8221646426205,615.648454780037,50.05713767473114,138.7780145050409
1262.684218974393,615.3235853963195,47.94451291752266,138.87309770428692
1263.671002310007,618.9501403362933,48.66370857931102,140.8992982740703
1261.6680337169287,623.3232719288912,49.316516198606365,136.72215875184713
1266.0273250160506,623.4151417840654,48.63098661831513,139.00923060150848
1263.643651747133,623.322999317139,50.38914217753022,142.69010683427817
1259.4838363624365,620.4782255415515,53.96652940479552,141.97593294173143
1260.820181106777,622.3805722850506,52.978138880513846,141.90500774384597
1264.1560280982276,621.1351240983435,50.69923436113956,144.08386114668116
1263.8111118699126,619.2276266373941,49.649349629082714,143.0577996736742
1261.3808555172595,621.1434702440611,49.255821175154786,141.70853110382467
1259.6484990777737,625.3781479138249,48.00586988207681,141.56591188123878
1257.8476480555944,624.8194799281944,47.98759644061201,144.9250364834365
1257.542231326746,625.976004551143,47.713899140734,150.65763685386958
1254.6440089209063,622.4257294251249,47.63627370859308,154.82456075187991
1253.0071815743113,624.6702535925374,48.046855476627464,154.07409255201026
1249.9343351730158,621.731963495473,49.771804313449586,152.88856561507674
1250.6583168917382,621.4107509170796,49.768373386747875,151.6138132707486
1248.6060393040027,621.7040415907068,50.385158081207265,152.20043723890814
1248.7996092213007,621.0623394027355,51.24255720370672,152.6364815307142
1249.317832841563,619.3686841614862,52.25545865126475,153.04257716359666
1244.289874347566,620.409231321153,53.61306763007244,154.51411985829446
1246.6315018778057,618.5552184517508,55.50297460766282,149.5612904199644
1245.6855146746386,621.5048361988504,57.536316161186136,149.53478537644753
1245.5338220392287,620.372965596996,58.112283446291386,147.99735134877955
1250.8249692974985,621.9647269278764,55.65205810048725,149.39024922165044
1251.9693543711069,624.4576642027143,54.72648878512483,152.4242414251701
1252.4359273008076,623.50799722819,55.39063832356463,155.13151232851334
1251.3201161777606,623.1816797741824,56.57545416585114,155.49618462900128
1251.1682779076898,626.1648829865618,57.62675186372503,151.17061197326422
1251.7987804840761,633.2356066572161,58.184573888767055,152.77174739237552
1254.3437104279703,627.7091110338696,57.158952650473125,155.60104586143956
1253.804884607449,627.6276625380963,57.638674014499884,160.9085853911781
1254.9076709007081,628.0590502778206,56.042144692714686,157.55833335444126
1253.4068968269298,627.3217287854932,56.8569086951789,156.19091135029396
1254.0009278975585,624.419051841179,57.25843183790413,154.50405156728988
1254.4520367499124,630.9683883260575,57.042927928884126,155.61513009052408
1249.9075668710527,625.0972205494646,56.94663346153917,157.28316911238724
1251.368287255819,625.7437876205588,55.502026148608515,157.33992397152517
1253.1324370513858,622.6675696390962,54.012968370681875,164.2496547573711
1251.0621801961395,620.5415401437275,52.430216169982984,163.06299339079197
1248.664166009665,615.6357700415759,53.240955146037734,159.3864305938303
1245.8116266163315,617.5862042159172,55.92577975871207,156.79602165936578
1245.317983834356,614.4346015933484,56.5888934516331,155.53863061480286
1241.092956392386,610.3514428086398,56.905274391564866,155.01283186231527
1241.474645184599,617.3984662040707,56.011541529382384,153.07274816498364
1238.526945672148,615.1506099585911,57.29638070132476,149.6071351690923
1235.0064628349733,614.1104339817874,57.626880295675846,151.05250196488487
1238.0297653014122,616.5238037482408,54.09391560615722,152.5957973573382
1236.436624155087,612.0621158497096,54.73208882647239,152.2955098982961
1237.3957059593217,612.2773786565758,52.81224515509871,152.49425244960216
1228.9248911196512,609.5274966062451,54.58853424148003,152.02308341636805
1228.510123595268,611.0644852126627,54.465680263962255,152.37430641804903
1231.4071875056832,612.1272073362785,51.74246715862991,151.97780058346444
1229.3290208951712,605.6228407499626,50.6454723042673,151.7672262282763
1229.2602245188114,610.1466810700456,49.259482071872114,154.43705034069094
1226.519737637549,611.5249549396744,50.183205684708554,152.1478092032004
1225.0891744187609,612.9861731096737,50.59462014787529,151.92481593353014
1221.8624242328408,610.274041735081,51.00283784927181,148.6610510023117
1224.6143779050299,610.4910721071797,49.0252261474953,148.28963152432542
1223.634106577188,612.621877957479,47.37034988159498,145.6193174229199
1221.280987660671,608.0991649211542,45.57089623546209,150.5304470917199
1218.5131555636308,605.228956412437,47.005719043429764,150.0180682397608
1213.617151726779,614.2152859110903,49.613549517200184,142.99723027125853
1210.3188746821397,612.0798650616268,49.34320407452607,142.25791803093378
1207.3404945957877,609.0999414029528,50.00470527335422,146.67899631299468
1207.2940488377415,604.3846176432002,48.067009971737676,145.5499309584759
1201.9621001784315,613.5511612006059,47.545300468538706,151.77973734110142
1196.4193964455521,607.3563236893176,47.748307789929314,149.03886304517425
1188.9565857358284,605.6379149754689,48.72073754886722,146.82397518304964
1179.0708728439245,611.7830219926267,51.32250806665156,140.47984548668006
1170.0042126324636,608.1099982609464,54.212300046217166,134.9475575719731
1156.173703439201,607.3854806178903,56.60885785550899,128.6611118770089
1156.833000867899,611.8388846678197,52.424141546630466,130.63099922329883
1148.2133617404354,605.483163019338,49.762150769908956,130.59797873283813
1141.550584399612,602.9953471586061,54.32375561822737,122.967028782556
1135.5173118012358,616.5455295933085,52.77906539793347,128.46826155327068
1131.4521197168303,617.1619890289633,50.57554105681281,131.2266848620633
1126.8472207405102,609.9425229951121,49.30613147566355,129.20592556312704
1125.9920442128166,615.7277020650032,48.20852069702721,129.8272445934128
1123.6034427494073,615.0433334354228,45.612712539720526,134.2232289669992
1120.3820133349013,604.0569765643386,46.90855463984646,134.06330928916594
1117.2761792059964,598.84980978212,46.58325372336576,138.84809602849742
1114.9178126620168,613.0749477672937,48.39227139040917,134.27665686051853
1112.7293801545843,606.8369124844432,49.713936395436974,130.9057941098239
1105.6321033980605,605.9448851365117,50.966725505047236,126.25752342413895
1108.1127720881846,583.6290132042546,51.19122440601038,124.42086461537997
1109.4016203857198,604.3662597246717,51.31460476585288,119.86438823487583
1103.1366718421648,607.2908738078182,50.90121144817605,116.89544050492323
1099.8311543363984,615.2459105755111,51.39566475158677,112.40005276967753
1102.4680414912957,629.7958648467439,51.559587908915866,109.76922122380105
1098.2378494174561,612.6327109703863,50.93571650305363,106.99549976114658
1092.2140657374766,622.6503400283151,49.81568615930353,105.974012387474
1093.8148284143106,620.0382120824124,48.40826336023052,103.43650847562203
1092.5731297763102,624.8952547158135,47.48294483842638,100.20829414099231
1090.0836329315482,631.040269569433,49.33916015222357,96.48968315691101
1084.3608532487758,630.0766207369644,47.65277543424135,91.52044565470644
1085.9761099228024,633.3682278644658,45.246140400932674,92.51341704431123
1082.9471397579944,636.1066213312114,45.414642177754516,91.09033184441903
1080.714881259962,630.8293185775929,43.65308414375915,89.38353231414317
1078.5642925149282,635.7152529852929,41.55728683001897,92.06034765004534
1075.1032287941255,632.3140055685438,42.360521750981064,91.54017909759258
1073.2594902254268,632.9023103441405,44.44946677862977,86.95786740479065
1069.9001687679122,631.6485906448358,48.71570632207131,78.20961663236898
1068.8617503152955,631.8863970582419,49.14297744629003,73.06803739913066
1065.8289110074252,633.411439801296,50.40019881106564,68.24415349411137
1064.8949256343678,637.8236475348882,50.490044171281426,67.74940164738585
1063.1088222052533,640.0766010740471,50.15672174736875,68.78267055956354
1053.863521725568,637.8349133130756,55.73703312299201,63.040329018487945
1054.3350962415245,635.8311626450374,58.104678573636946,60.87749364841757
1054.933902987919,637.5858383363766,55.22771409186508,61.998564535776154
1051.2004966285358,638.7704406980703,54.953616526645064,60.80686935232242
1048.0810844355194,637.8169850729172,55.18952303181858,60.25968497833186
1045.5677805818257,638.8193644558078,55.264258019902954,60.94994269223788
1042.03230222256,637.201570703048,55.39761441291397,61.49214299113264
1043.0762912426471,638.7564854204727,52.757934352354106,65.64232578326596
1042.266489346112,637.110787100831,53.95605585697421,63.788346616346956
1040.2087640895047,637.2400568851006,51.606585453984124,64.81255438334829
1041.2662118352239,635.8935764081267,50.96931660473864,63.41155210258874
1038.9848552878955,633.7217928099777,48.110143460661526,67.1491809528332
1038.9168282094458,636.0931500312128,46.33352984002346,70.17673240365691
1039.2021868945699,630.7223405497011,44.10162847362033,69.98522524373774
1038.6353790159615,632.7246304568729,42.787565822220095,70.44110561645485
1037.1958194465233,633.8761179401133,41.65036993480203,75.78374873319822
1036.077315968019,625.3099600325315,41.74246640109267,75.35800341448419
1032.4666801398328,626.8910919372702,38.73970951805008,75.43317740998481
1033.8703538130158,625.5602432682394,38.17156247276789,76.06749620346397
1033.9736282048264,619.9623551842838,38.53232092323052,75.20144966853644
1032.7315597234772,620.3712141258987,38.65644349616181,75.3519768781868
1031.4434677723507,620.1805637881557,39.77297922004982,71.309671914474
1028.4142573847616,619.2849517938497,38.55483340572623,73.27177619574299
1026.9045929431354,624.5100347204844,39.09131887998488,72.82957182123815
1024.852022833702,619.850626193006,39.59094616566456,73.0092152933026
1022.4524359327655,608.8416932434894,39.76545112151992,75.65428574671381
1019.807656057654,611.6451649691537,40.03459104359895,76.25969667277286
1015.4441999161222,619.7154772480628,43.62855249470337,71.21234398572622
1013.6296760565134,615.0252853230395,46.898146705174625,66.39793394550784
1013.20304612813,614.9973057411921,46.107215473835225,67.12651396215213
1012.3045714006523,623.8747378624976,46.78563168149685,70.50230530063145
1008.5287750249292,619.942295320187,49.71982909422613,67.97012317368379
1008.9564726781442,622.2854341276857,48.99628018672425,71.25387834327097
1005.8255236370393,620.375488681273,51.704769600369474,67.02442099582495
1005.3855449514326,622.0815704174386,51.45289917872685,66.84523726037234
1004.134950627839,617.1855403033743,52.00481001207362,65.33677719887636
1004.5745632278254,613.110080918883,50.638418320957996,67.84676524574368
1001.119338122277,618.5853427812649,51.75909055037018,68.31625091391996
1001.0152707282535,616.8992998874498,53.42646234517299,65.22123747617736
1000.8840115808932,615.5586731910897,51.93352914409249,67.6875841148223
1002.6702154121675,619.8938901978753,51.251740279355275,67.62827937472159
999.1209229621005,614.5680349904895,51.12191177892629,69.97046836534665
998.5384179292574,618.3818178779435,52.84293708743664,68.99894520846578
994.2533435584296,620.7300063434129,56.46788438406484,67.79841303759044
993.9961653452859,618.9587088595429,55.04816571286956,70.25426600392598
996.4876356936646,622.6784338701846,53.45815221001915,71.39845130382434
997.9275747784943,620.9378090737208,52.62356359130346,73.7854371810991
996.5993329843774,623.5260675773167,51.792682114018035,76.43639516483941
996.294756397286,620.7131428966484,51.04049049091047,77.28656350797705
994.9880091339072,621.0404819091976,51.57091288027439,75.56694837444317
992.4787328923295,621.4654164059677,51.09032226887719,74.98298075399799
990.2370519095375,620.8965803354586,50.17290032640429,73.50460695711402
993.6789779415019,618.9923882555278,47.865686227865346,74.1458391724099
994.346471908183,618.4790128599103,44.976185931450125,77.89104504575238
994.7327994811674,618.8700075009008,43.796918939074175,78.40221295203162
994.7809790268361,619.3336361078449,43.676068154537646,78.93937767916032
993.9037598627651,618.6496279714023,43.192597865704656,79.08223152830318
992.5711093484863,618.263382144154,43.548435187616505,78.82852415141392
991.0584298803082,614.0354013791457,43.34182272033867,80.02146131293584
990.7383711379438,611.4054265157322,43.30971068845457,78.92728121409627
990.665001513737,609.964657643169,43.98926755811837,75.30446462521121
988.2947763605572,612.7121282337499,45.97579632985076,73.15108078477617
986.5292469263877,610.5123740049212,46.86484564435413,72.64063387217197
986.5484679154208,609.0408008735996,47.42877208502719,71.59091449179775
986.0221167678536,608.426876130809,47.34646891894025,71.97491368369845
984.2623807623755,608.6018809144675,49.02287866899171,71.70229134183549
982.2363224928333,606.4189380109054,52.62003750142733,67.60802450064529
981.6166129213336,609.0372410132894,54.278456231038774,67.89715192811508
984.301509486371,607.0466793528257,52.99678118703318,69.53729632984272
985.2871138146102,604.9319993528013,51.567146608475866,69.84534214342558
982.3066404163886,603.1706394591623,51.844961604788665,69.84511511275628
982.2888487251337,602.1057764864466,52.61617401635752,68.70821993193987
982.9607233332923,606.3487045068734,51.613789108561235,70.1113493245011
985.0882868372087,599.2668732369048,52.52363460781545,69.20072096033908
987.6463105305114,598.8918898654632,48.14096243453209,70.45309957852052
987.1117634556846,606.2921287424563,48.89144159918108,72.59626716165755
989.2406677405673,606.9165476208145,47.892289000178025,76.28520238279285
990.6639153788224,600.4441874682981,42.16849837780287,83.79459464611126
990.3046843519783,595.5788544651875,45.18230725453987,79.9806230512867
988.4003586999376,595.1124889382749,50.32572641406253,73.67521745971479
991.3245871913424,600.620428158887,47.91202857197504,75.92109137130997
989.790636353693,596.4833451107525,47.68445005768962,74.10573943289863
991.1154978218173,593.1813292078036,45.39677683782896,75.76862257897939
989.8465943841019,587.5790419157729,45.58178742423861,77.14776196939499
990.8841661693554,587.1106885491082,47.56792259597496,73.39631990317636
991.1551406314804,591.3278951762944,48.03855207175174,72.73632369450993
989.3507642536936,597.370877798416,50.38392041799773,68.62466102761218
990.2567950105614,596.9196870847477,51.67617168704713,66.4255471299627
989.4301060265611,594.7348905856596,51.52164623920886,66.18710195317311
991.2444281502017,591.7706788663572,49.24235855918782,68.21979002012588
992.6226387679869,588.7619521889923,47.08094522685937,71.97859694709405
992.864338577601,589.0078381736589,48.91046372812495,70.78662183919243
994.4241013802309,587.1845353234603,47.64694067388731,71.4789958199785
995.0750298547797,585.5067386980847,49.59836146113285,67.19792330673988
994.1964008676481,588.1045341168185,50.16213642924689,67.76789572965984
994.0813363318023,586.1565130846961,51.30860915040773,67.01080011196329
995.0910516434913,588.0411658030498,48.34233633927584,72.27204448365484
997.40864684587,584.3380985275428,45.152289671841956,77.92899307140821
999.3917813467846,580.3661404633652,44.05066002655553,79.66600036751093
997.5125499619311,577.0179193189352,45.75355650603734,76.68981576181612
1000.6933864516643,578.4468088759361,45.277242991093445,78.15917591418008
1003.3199992861324,577.0455165900858,42.357465292139175,79.22837475053193
1007.9282273487979,577.0052089707953,38.935125403159,81.75805838871207
1009.5209689382709,572.0348748578091,38.31436642208616,82.52240115511478
1009.0099689919532,572.4076080748891,38.2565360212493,81.93705640943332
1009.3068385877626,578.1771795805387,37.5451181981286,79.30836648308583
1010.3589871426136,573.0498123690164,36.73077384505491,81.70461745931829
1011.9238364772433,572.4082939382083,39.64693490896547,77.66910713063574
1015.0281087898801,565.2450049944354,37.37311999244199,80.23698694076094
1016.8051217998433,566.6131933988919,33.479986289306765,82.88234114694185
1018.0639350738647,564.0313891078767,31.777853500168113,83.97683016367671
1013.6441598115268,564.7630185564068,34.04582763724682,78.96516214791949
1011.8992621889719,558.9855228481715,34.546318952768935,78.97034412905592
1012.3608775243697,564.9457483190491,39.40086809051209,71.76910023386513
1009.1584220364018,567.7660851919716,41.33690700341998,70.12387092006368
1014.957443683878,569.3659831556622,42.330706749829886,66.89346206927655
1016.0471861572789,566.977197339436,38.91289206059391,71.67070118588757
1025.112655116605,565.7689879388093,34.299597264823426,77.08653006334099
1025.8886402125,568.5268960023027,32.04574327398458,79.5881200391807
1025.7818376911403,558.4144404554299,32.28370717753059,81.44332781049962
1024.377015652471,563.2928267893008,34.479608307630535,80.01551275846708
1022.7676633531452,565.8714141762388,35.98561922262683,79.38615142927529
1023.2044971936499,565.2090902998297,36.6232041746742,81.52803009449221
1025.1979488064896,567.1069107255356,37.57365758281894,82.34036856407468
1034.7620777501284,560.6748891349715,35.575150092565494,85.22341653685595
1042.9596445096056,566.4325416780977,36.405394474096816,84.56690587585531
1032.8876693266538,564.3930687406504,39.77842772733055,80.00808212435153
1027.5410658699118,563.4611877067655,40.745574547107,79.41978798351009
1029.664368522686,559.3282143176193,43.50488394913723,77.21753600437474
1032.037620871398,562.6935108078418,46.97291992044606,71.5078843404527
1030.1003211159157,566.8348101876156,44.346472760587496,72.34843251468966
1035.3999846536371,561.3446151154784,41.83741778664786,71.60081107498745
1038.8590964451646,562.5470602675377,39.556086062877036,73.50904648515873
1037.9912929950851,564.0857683606474,40.390150973059384,70.32180203320073
1039.8244265826804,566.4212922436803,41.02406584841308,69.3296689986044
1043.1170763054934,557.9909588202121,39.05410057569457,71.48650863142373
1044.5620186344372,564.6802627479251,40.34862741893739,69.43471310268009
1047.3925202297085,555.9337527665648,39.87853694762272,69.95448386869342
1046.6529813592429,565.7687791454016,40.28556223184468,69.97199749918698
1045.6303596953567,561.373217289006,39.03236776970951,74.83412450827788
1046.9836251009206,560.5815158767676,41.39178335989379,73.66412270724683
1047.470748003544,552.8082774125132,41.300253227634705,73.66117827731406
1047.8044876522827,556.6625020109418,39.31839003835192,79.03427205523411
1049.0810025501069,558.960768276189,41.62607299300636,77.88650355001306
1049.033085246814,546.7051121837629,40.368961389840344,84.53975392785128
1051.4010439127176,552.3325342521861,40.463724985720546,86.8788379310978
1058.903225601984,562.4884958842409,39.138525103363385,88.24999785663424
1055.731593817558,554.1960245577901,40.0533800951243,84.6812471509268
1062.9959974830829,558.1600282086146,38.954045656864366,83.31619457065503
1063.7969513247008,554.5189281113389,37.85352742768481,82.22892464908989
1061.868529888518,551.771688533912,38.48100940332248,80.98552467871255
1065.4253042616265,555.5991412463808,38.84390737482993,80.33285160250708
1068.0799790798012,566.0608210529003,37.96947018014261,82.30848119958739
1068.482203727635,565.4979521789303,36.82025101978036,84.2106240362604
1074.0587268690333,559.9061267796018,35.26667216326274,85.48865862959406
1073.438545665661,556.800604896707,35.462959720335135,84.60634759147689
1077.9239270462933,564.6301853421036,36.37539836836251,83.1959382626574
1079.5091587174047,560.1762892971989,35.229262300653616,86.46904180366829
1080.892025360896,566.9393650227591,35.17109997652557,86.616968140161
1083.7574413275797,562.4670022469305,36.55352948837039,84.45281182600742
1086.4524487648052,566.1765902320747,36.98120184796717,81.72768219913402
1087.1965769667943,564.2729770267321,36.70577505704766,82.05308482253804
1089.9492396883525,561.3958473983826,38.78470396673751,77.3904864025748
1090.4081300161615,566.8399127213158,38.47549150443246,77.68830682257372
1093.0747156912983,560.8540127649283,39.05229287816613,79.92614103176892
1093.7481918949923,568.8776921964156,39.02017171829483,82.32858982628868
1094.8063409647764,568.7687787022396,39.89822634264915,85.47704735456486
1097.1787767448498,563.3215368699693,42.408519009936946,82.75277163961263
1099.936508734227,567.441056594148,42.12325347555038,84.01061098384173
1103.3101420692806,565.0748057250763,42.99067683478035,83.59774179600916
1104.8123660865754,567.238909578529,42.81409467461168,84.53247301499712
1111.8769779079237,566.4040343203376,41.20348244370278,87.2822437100435
1111.8807567684537,572.9575861687498,41.98898858902101,86.13367069612804
1114.5115085620018,568.0870783875131,41.59927808830412,86.42585620067862
1116.066891717851,564.3505952356982,40.43359215935935,87.20660334271388
1117.3063312434406,567.4479286271152,39.33945830625868,88.44179917609725
1118.1060055841524,568.1474560219399,40.58185392433238,89.29067197417675
1118.2711267084035,570.9423212655981,40.02128177143566,89.90756615111805
1124.61126278032,570.086362377507,38.70921085071477,90.29356756852664
1127.320929912662,572.5360661177652,36.914343668755436,92.28936904133843
1125.3912848931682,564.0859767359782,38.78190033199663,94.41158187036538
1131.0584033060293,570.3125606117109,39.55140119141578,94.33591685316486
1130.8957591546118,569.7179783900802,38.81673639539726,95.81105261742067
1133.3666026517856,572.505712645796,38.70331735933962,98.50128793837794
1132.2182633090958,568.8523095752892,38.55664206589168,101.29225437970754
1134.931881167644,564.4901086865132,39.832596174669916,101.9968406624966
1137.211939793947,566.9105793722706,39.70661090825463,104.94133968393689
1139.5007931148002,567.3188951391128,40.232026859013104,104.30938472182731
1142.3104341839569,568.4717834717578,40.93175829027372,104.21936727104968
1142.5582824619064,567.92180686401,42.453469847509375,101.03144878346438
1142.7893275628628,572.2442052650291,42.83052878507445,99.25856375922801
1143.4629447427967,575.2167181549906,43.6916919247419,96.3658652178865
1145.7955014833587,575.006621314623,42.29142362153516,98.29841383577016
1147.2271123532405,575.6588257788243,43.71777076413839,94.99832977788027
1150.0193879131443,565.7452128862453,42.83212471747753,96.33288622396589
1152.6118459841227,568.4317940760802,42.44929759589729,94.81723426673781
1162.0327903310035,557.6594507888883,40.21691682301752,97.30465325312105
1162.361006722286,564.4865208187903,41.231662239240855,95.93627531536552
1162.288929029519,558.2753764887684,40.50024821323442,98.8627762798609
1175.5271090857996,512.029407178098,45.50480695404412,91.18883606715342
1175.2783698742842,506.88055690734484,53.468250541405766,82.70563454267932
1164.90502071047,509.8559870084233,59.59015561991088,76.7811443078788
1163.9734886300134,512.2971431865336,62.84467554135078,73.52662537291721
1163.55544358175,514.2087783301013,64.78332628017988,71.2325333023062
1163.7391915094909,511.9644048255991,72.51135926890481,64.16171127010949
1167.2073942859329,512.6763954490078,75.5421633612949,61.656873529400414
1160.0069808079465,508.9725663629989,75.95160854175728,62.615712927165276
1160.510926749807,522.5356487804216,72.58577034066502,66.59616887838386
1162.4026655158048,514.4342366419169,76.35872324146395,64.73034028458166
1171.1361301971397,505.889271576875,77.22344248802733,63.242418994378355
1177.9227612318318,494.3249863628514,74.38233492781698,67.4515986191138
1178.7112595083543,523.0428223446806,70.86355737814196,68.52091818476406
1172.990832865411,522.7122708719224,73.83604564759271,66.21088059106287
1159.474362378028,510.17353299781803,75.0101931814242,66.16424866102167
1160.3092718068358,514.2009838244732,75.07024513030503,67.94446645606963
1171.826078459419,508.8000688229877,77.47175445073071,68.25710131802848
1162.203959703095,514.3481884592836,75.68005078497859,70.3511697705797
1174.0322014020712,513.1289642070958,78.36130093300144,68.02748433513855
1168.4244161495867,522.6065649910303,81.97964959049837,66.84553722334617
1169.0555039973824,509.998461457343,85.49813070684984,65.35607612997221
1173.1444995913216,518.1199347319578,85.48301616529804,66.15159763305424
1176.536569603197,507.9285408351165,80.24901349108868,71.68352003573668
1177.9635368773713,509.59944404854326,78.48180945496902,73.23716257022457
1179.5723050541355,519.5005491539328,76.35098010990376,73.81696484254594
1187.2131477440334,519.3301407316516,72.61972616429739,75.1832554557875
1180.8821357071934,519.0901557188007,74.23900045726361,73.44843196837911
1182.5949177313526,521.094818687259,73.6328447037297,72.43455087228133
1184.816007193522,527.3213054855505,70.85892159840962,75.23164029922042
1178.828922695775,518.0248392397157,75.75515214032173,72.19807781799061
1195.3252803693238,535.3146896606522,67.48012539907481,83.07312911997974
1187.9400988953457,524.9127799290166,64.96503627503937,82.31929912649436
1189.0947066713643,515.4280782055039,65.02112340842577,80.35590927731795
1200.4841496676306,527.7230436436989,63.02923884088676,85.61987711043597
1201.0658234364282,528.4141466190237,61.41658914934683,87.04243495851807
1199.6559727652643,526.0440959703766,61.53400749195787,87.83895338070934
1189.445164955569,518.8453166807514,63.68748419242429,83.49541968762352
1187.4154527362857,517.2821936424959,63.769197978038335,81.86628951904424
1188.3206665848409,522.6844202286169,67.45973985247382,76.55604953397118
1183.0684418086237,514.2481611257813,71.09201029658593,71.82693817490147
1187.2764275528752,513.1923564274178,71.35049322731207,71.18826215335243
1195.837641277543,528.1590537149069,72.11961741024813,68.4369810439373
1193.9504466772862,538.2011824195519,66.93988531087805,73.77542400982911
1195.6755211738612,530.8005236984569,70.59861154038713,70.24628919973334
1197.4814024614814,529.9398829848604,70.36057753035688,69.61435510617095
1202.4413804180374,551.2872372965434,60.14386383406483,82.48418573834383
1205.3063419193825,566.274807469277,54.007830361094044,95.13129519603135
1207.4496400151181,563.8806323743084,49.80437743853278,104.3940301962131
1207.6326689574432,564.435223015736,48.796423471752504,110.6585727480142
1206.5626872759665,558.2352928296377,49.07033704406817,113.46463419105173
1208.8264285943112,563.9213245425343,48.825257666606774,116.77909948191558
1208.7754528667476,558.1071350855428,49.15993253513888,119.48410738810813
1211.5476251804903,551.7571629680851,49.95975811525868,125.29344460095015
1212.0963576675247,549.5509181088901,51.12472273302997,128.64742176481525
1212.6351589116161,549.317495318623,53.28944587646011,129.80190939765848
1212.2438247131856,555.231595504759,53.60665658368392,135.78756240696185
1208.5174638895817,547.3252103846309,54.104049153024334,139.86975075048647
1205.5646269297627,544.3534012169737,57.73797547667252,137.42333760652508
1212.0604795739682,520.0296987131937,58.215286239750625,140.55767986577735
1209.4374752582853,520.8618069393463,58.3512133769679,142.87117571509697
1197.3876287194114,508.59713903770495,67.1552937156289,130.29639957652617
1204.8526615612398,540.6425063475444,63.0918891058203,141.55812782531785
1206.890755764728,531.0162957459556,62.59931337719145,147.99869019855635
1207.4294576114448,528.5045964515124,62.797423701220694,151.75288680393436
1212.136069465238,543.7855862819285,58.40756328281032,158.932754040114
1213.1102962259986,531.2880592264765,58.06254677778248,162.80842785912574
1212.1370681178191,519.3333668171866,58.707832658050464,163.44879920523434
1214.7028796297172,536.6101419923143,58.1411129972017,166.19684728473237
1213.2425769505276,522.9522675705766,59.65442578473337,168.26479463245835
1215.240126050336,531.1710956561236,60.171095921444504,172.0376388308453
1217.66826247693,535.8591042645639,60.831373879773885,170.22574845804223
1217.4581529862216,524.3872384231532,59.36940939084367,172.4388423159528
1216.2772142626914,518.5656624052872,60.10974112008373,177.00839175176714
1215.3143958557725,526.0423197191649,62.769594385135704,175.71014055488897
1214.0469686222696,513.9752258140093,65.38546429965216,178.93520246868974
1212.3638589397628,508.3179100799255,69.2780402258893,179.20286649856655
1213.1191085714327,521.8711030011417,72.2268737751418,178.58400109640326
1213.9697620351753,518.7388501954695,74.5893198162853,176.8843043488725
1214.3339608902895,516.9772595470155,76.58721135062854,180.01719642430356
1216.326235546134,526.0712725527595,77.57291316385732,179.98426005517632
1217.1407524614256,523.2810152998117,78.19975105233073,178.31790963102608
1218.7165929385221,531.4179569035027,77.98585187362147,178.75869254980068
1224.551882512419,560.5783849287967,74.4240727631946,180.44269815992942
1224.8949978431153,537.1176701943147,74.68782041862873,178.87886792351637
1226.0705028850382,543.3902489113284,75.7899907177499,170.99834748377805
1240.1478478000736,537.5646700336538,72.00204238025731,166.52815716275575
1247.3428942845812,558.3912870022601,68.57017436536628,159.8038795683712
1250.9346055976396,564.6083880338933,65.16028689725111,151.15526754784156
1262.2284191704919,562.7244936574043,63.79086965449531,147.457003067671
1268.7004684710644,574.9883570919408,57.68347500585588,147.4983546938019
1270.0721810509683,568.6635248553663,53.71064650401415,141.1321000782055
1275.4333401801625,570.9050436385888,48.90835508164184,142.00072962011495
1280.7274449236322,572.540091497879,46.56757538666926,141.3511998200666
1282.0726329007455,574.178111691881,44.62378188551578,143.22714368206516
1283.2213439300713,575.8465076617333,43.96199489508645,144.92456854690505
1288.0020036867381,573.5997679944488,43.356117771352665,142.65888952419022
1293.0354625220752,580.3057338815792,41.95419377519359,141.6037655387277
1297.426536857512,575.098923699669,40.862526721474865,135.6759387917057
1297.2204645633644,582.3418927159863,40.54983249602811,135.4449478608874
1297.1357777735318,577.5250057922927,41.38975617098966,130.51433357528552
1299.981653843418,580.1778326950018,40.52008592673582,128.63024740348592
1304.4588383119403,588.4517034260268,39.38427636251747,136.89810531227582
1306.338507801233,587.7689056742919,41.33339641083704,139.43857912204385
1307.9837731025896,586.0627901956856,41.20727791629477,140.64615019655562
1309.62907880335,590.527342257961,41.201436044326925,141.14002075736778
1308.8176851015942,591.2755430163608,42.288450535402454,142.98522009164162
1312.2439958300213,588.3649563408969,44.48990287759639,140.9340593312527
1312.3653937079998,589.8139633323482,49.55657096773002,141.00995775659854
1310.2315160764047,592.4864195628653,55.82224323102327,140.43081502199828
1311.7190983624444,591.885590116479,55.31256804818363,141.72958212509462
1316.544390446955,593.5163565847836,55.76406714162956,140.61155477334336
1319.0342734124781,592.30391268334,56.841614307807546,137.6230820079009
1324.2615284541284,595.9642047323359,55.84670128919058,140.71357444990656
1324.8631715448857,599.0263041269961,54.33848574440893,145.4472695512107
1323.6406644662334,594.2114711566552,58.864324994571035,142.15652672420532
1330.1411349788584,602.1270368974335,57.00469856626928,146.74438517709802
1332.9509914006794,598.7672999715214,59.321151712844966,146.69025049052152
1339.6380951775363,599.0235531673319,56.1274868310779,147.91322975934918
1346.5711953649948,599.8239416536927,53.10654593723899,150.50869330825194
1350.6088517187748,599.6605408325854,51.08647611392438,148.09666651466398
1355.5887189296432,605.2016469298349,49.776106831914106,153.82550387879118
1359.8652825840466,597.4010940821895,48.889323336837364,147.43619162584747
1363.5277209486815,606.4953477123129,48.36425565459736,151.90902707387977
1366.5249130332681,599.3733589274655,50.20070773426927,147.04279900972006
1369.244448583654,604.9564110050054,48.6191486696225,146.98006472208112
1371.0805367467322,606.7248800305754,47.23849698449856,145.84524310893505
1374.4184449124061,605.223618112359,47.41325944085766,146.01051072729726
1376.3642549472258,607.7424321394692,47.38399100105471,142.27298165844923
1380.333286606457,613.2547220362057,47.4655703635931,146.27698487154578
1382.4402049756839,610.1817715703185,48.1500598432678,148.82622922324728
1384.6186285770332,607.9956127249827,51.080097394124486,143.00902946424782
1387.1145281162471,613.8285975902785,49.57079754135039,148.09604541202475
1392.3514939423246,610.9313064547285,49.05556059670623,151.18446529926973
1394.0308187934625,607.4361583924284,49.76129637808276,146.64186646193875
1397.1950664703165,617.6557540241871,48.189362718306555,152.40239863937205
1402.630722798926,614.0671314864035,47.228722118656414,157.33327547054884
1404.4626642114295,609.9841215518654,47.01147337505468,148.91772501835368
1409.1507223923377,616.3782778402162,47.151434058705476,150.09917974433148
1413.0398300940687,612.8840476509448,46.92901342428445,146.00834802538992
1414.043128273758,618.4886195128225,45.721290889197064,148.9221009579564
1417.8954269700564,621.2109234849256,43.39688478164932,152.30716853185817
1421.7468206145506,624.6636554057877,40.55849508234003,157.75855162805055
1423.7409275097657,618.6288040901717,41.277060580749236,154.72967696761023
1426.272376517899,618.9790668178683,41.864666653996906,155.3655876936958
1428.2825468408346,618.5798022276613,42.93399179456609,158.6219029867196
1431.8308671200414,623.2783574908345,42.732014511375226,155.79061179047122
1435.301362139011,626.8479600802937,42.58002733020788,158.40926894224606
1436.7397595888135,620.8826047481848,43.31685966497595,153.6885370515865
1439.9646388260976,629.9212385864446,43.28930221505374,155.02628926702727
1443.340274847675,631.589401763177,45.55807106990241,153.01632848342274
1445.4863890449137,632.5163415132465,46.52165883128713,150.44457258756026
1448.8445334365647,632.5743437629199,46.77617190021164,150.68359825415322
1450.9309261207857,638.4827849124592,46.10845026909571,149.011311293139
1456.117110497178,640.1734339277344,47.960046460025666,151.82016287623628
1457.839388236497,638.8854001879254,48.221408741612784,149.18080597276025
1460.0618558447204,646.9658144213225,48.46133495155226,150.4087284204955
1462.3621332720136,644.6251662213763,50.450392303388405,152.73035834432983
1462.915075221308,639.2199520012362,52.17392128787576,151.96208153285292
1467.1376301510995,643.2296628398238,53.59945453945498,152.2952315188211
1467.7131456347045,646.3055027648473,53.6952163124666,156.45215330030496
1467.491570319508,648.0254288743106,51.638340617813995,159.09288731634334
1470.974073239297,647.9553155699446,50.04702734005506,163.28934289233803
1466.7187210136028,652.4044273451971,48.87097883024181,163.4312915827824
1463.0720347601562,646.7160730695742,49.29456881699681,159.98839132068127
1458.5020578487874,647.8764200941845,50.57569506531849,156.97261060736324
1451.4463895613292,647.1082864034197,51.591044090784706,152.8358998679346
1442.4502310743844,653.0139215577574,50.34009514228593,155.3564324628153
1428.258148522181,655.0012822595905,47.68527643591769,157.87617895085305
1413.0012089120894,652.6868110203657,45.65546205572953,160.06290196340177
1403.19200798457,647.0370329623936,47.616564823864735,157.3513014325414
1383.0167256191671,646.1788152306291,46.53583512224327,156.93047820952165
1364.0035439747514,646.7782492259026,45.13546783277168,159.39627094204758
1350.923141783256,643.6370487702753,47.884098716695945,159.72602664676717
1328.1172836837138,640.069945466267,47.89356826947886,160.95959600257765
1309.8584711734568,636.0179932262724,46.89959467838485,158.34391659455287
1288.7881159567598,633.0211237194376,47.63595909371574,159.697423256585
1266.5660462536619,627.4557868149095,47.893144849219254,154.30232649087517
1251.008417815819,632.0389853681786,44.30617505490905,154.5734604135494
1230.2049452199708,623.2559283528623,46.29262743978999,146.64975075273355
1208.8993199980107,626.6016476367442,45.91358046120699,150.59665639249147
1190.688868599682,622.2634913503234,45.52710236889588,145.17658865075876
1170.0093991301067,621.9740003121284,44.762977835539864,149.7556236473938
1152.465624499609,619.543355814238,43.1137353784642,150.8333515534842
1135.6198230656298,620.707428655699,41.37339244884814,153.37438344134927
1125.3600087035165,617.1387571474199,43.23749596159351,155.06316200258797
1115.7177495976737,615.5203759901217,44.5087644687291,154.45491470495347
1105.3384606605177,612.8183967734601,44.84294787456489,154.22041210870748
1097.307123443684,616.5850710730272,43.952356722893704,155.8763090397922
1090.903353557522,608.7860709893597,43.574592242617356,149.5068526967529
1087.035850585388,611.4976916233993,41.20738625731208,151.99626088546313
1087.3956603750958,613.2831517522836,39.493748625698835,152.2644295931043
1085.445248686446,609.9598437464437,38.97650913624549,147.83664065357192
1086.548516078487,612.2424450839585,37.614996988652905,146.78789331908155
1085.5945150680398,613.9992476847717,37.50773083673643,146.37007461270824
1088.2631392396697,610.4596411259946,38.11478961816287,142.44020584655271
1087.9570257520825,611.5910963890135,38.182324320968235,142.46214878360217
1087.627863807564,611.173293413024,38.70453182144301,140.02554813285604
1088.6136675072553,612.5588921717081,38.93978180115765,139.77911149043854
1087.8620852440235,611.5840170796838,39.2391414986259,138.39585245074363
1091.3609778560476,614.3322312042111,39.1618731622043,141.99638811460653
1093.5462866799824,609.540300658808,40.92251613023227,138.26876669074224
1091.7437007767383,612.9948757925654,40.043655271341876,143.8385354654378
1097.1396907947212,605.4937547136659,39.956309079919464,143.2360591222401
1094.7605434310728,609.4884039018106,40.21095947133692,141.16880363546582
1098.090736957695,611.9260797684486,40.029328822002725,143.29470170120777
1095.8389658974415,606.0043954931634,41.027449712493485,141.00092309387367
1097.3010056359285,604.5070977863863,40.939680530034444,138.66513803428916
1096.4451713852627,607.6624785899394,39.004853632279904,135.48269159431473
1098.7808821410538,608.0216613821771,39.43175703810799,131.87588148737942
1099.0992903591703,608.9703765540266,40.2057517404015,126.85530680755954
1099.1429347206642,610.2338126719121,39.6684411366637,124.07307166175687
1099.8165529225562,609.3628723392146,38.67656120304562,122.04082907843218
1099.6847575205488,611.9514636999672,37.71222477584091,122.78598968284729
1099.4983546458,606.9592748284186,37.14149313746182,120.09960147458546
1100.5745801609246,608.1474084257538,38.08879400413957,117.3613658487318
1102.5133757115075,609.8282906813808,37.33537843136458,118.45606359328504
1102.3026355543884,609.7554964909153,36.0154486709588,123.18518551234654
1103.671857776556,607.7570902858408,37.2387933681392,121.61917397377393
1102.2333173704878,607.2917164251155,37.8165151272123,118.46649190661813
1103.335641249241,607.7419204322069,37.36098028529011,118.74247171709908
1104.865628150665,608.0127639000574,37.281569202047116,117.08431805998624
1103.3052001318545,606.6399212486613,38.01842189353961,115.0552869657441
1105.0457332917454,608.3980260168286,37.86200847449389,114.4199859726914
1106.4744562955752,608.0009593536786,38.4831917778549,112.48771519797253
1106.4135931321196,608.7111966706959,38.19391206421882,112.17202015833288
1105.2588653581463,606.1005691066724,38.56102874848659,109.25797909917516
1105.7900777195011,605.3906756608384,39.1448143614562,106.59528024388152
1108.9180460194343,606.6215135853658,37.719111714064184,108.17507319029087
1109.4864700927183,608.2547734870833,36.33426109519133,105.29693898997698
1110.805124775333,606.8314306946694,35.103848389407204,107.1112646523487
1111.2625902105465,606.5155657630937,34.87390929115341,104.1489438725363
1113.470974522522,605.1881447391852,34.96130857711382,104.69550965561963
1115.0312367983818,609.8084100920078,34.585820904451744,110.00115452841493
1115.4267778336848,604.340055534305,35.68164022472854,106.75134549812407
1115.9186055508455,605.034226147065,35.78527096054572,107.33826643240974
1117.9476959448111,602.7455881163203,36.34856004466329,105.61342914051355
1118.7484070629273,604.863230493964,36.05567253594816,104.45293308069012
1120.5194722757778,607.1287165656396,35.66360341616672,108.21786337483971
1121.6627669956704,605.966361962185,35.691298256069274,112.78026093683913
1122.7801145794806,604.0279636072426,35.61716918663304,114.52556846842046
1123.4357832245853,601.9568504663496,36.76663180424738,109.58021457369054
1124.3602179848765,599.5602352369627,38.11551921975028,107.7690137880564
1123.9050278856812,602.1079617867549,38.45935963074443,106.2676380879638
1124.9835365161368,602.8280199806812,38.19332620224295,106.28220787166643
1125.5206575566535,598.5672651069173,38.63417682235804,105.98512086319528
1127.3065622889687,596.8249070493829,39.19106543552061,106.65163104265034
1127.3495413924145,600.1065413553675,40.33763506083325,106.50711860491813
1127.5785711101316,600.1968380316503,38.20086220509184,108.3562615013278
1129.924561509847,594.3110467956809,38.161398639689004,106.07351297827651
1130.073748118958,594.0080291575132,38.82951689245294,105.80123122998555
1131.65423041357,596.1087595663028,37.464066884693736,107.17739477530658
1131.3469071594227,596.6899552021387,38.07452424897707,106.34120436825093
1130.6685831987324,595.9855729320343,39.315382289515384,104.89867127993043
1133.823029619271,595.6741511308641,38.714372330421654,105.6285159818967
1135.207754845365,594.0431466536884,37.944946048922944,104.77389720101048
1135.4208497859527,595.6048937154765,37.60836576669183,107.11801813223212
1136.626126059013,590.6612748725736,37.539476697841074,108.06815358789976
1137.393938596712,592.6314127443318,36.924952638757325,109.45687047735305
1137.704659080409,593.1815582378836,37.38949480091564,109.71940657240876
1140.9362078987267,590.9895362409317,37.239411161514184,109.5460115633917
1141.931147218882,592.8099660543751,37.67024173783587,110.45495881439008
1142.6943476050703,591.7543982045572,37.83938901616936,110.05863065647395
1142.9614419330592,591.9298971102947,37.2903486342002,111.05929284315133
1144.5297657341423,594.0402920010695,36.70578659079085,113.0300748365183
1145.123023254627,591.0292510846868,38.19092840066747,112.48675737983315
1147.6414111232684,592.5359230253873,38.106216421303095,114.93132258447004
1147.4308602030794,591.7013127915229,38.30891267558842,118.31904313809343
1148.4168113596288,588.3743075682362,38.95341205485752,116.02755267317144
1150.9580738549146,591.7809633708061,37.71538598191812,116.31778102515182
1152.2364753172822,586.6485801333462,37.68436306463599,114.55469239871259
1153.4331419607136,591.7302028823287,36.38540557212135,115.6897359655766
1154.8260853144968,589.6586104727166,36.93416627368392,116.38254513184857
1157.717370204765,587.9966835573811,36.33846444318624,114.83376355330378
1157.959910253048,590.9433814367726,36.967649226160546,116.86192482006547
1157.7194067015043,591.2383977639802,38.35494781106005,116.33086722856001
1160.1094252212038,592.6508301171265,37.938891754430955,118.73317922085035
1159.3994223357226,587.750216420447,39.91419287104665,118.31431781440263
1158.3617777301222,592.5956403179013,42.049704929725735,119.31300933095712
1164.8693677857761,587.2437621808558,41.29589311324245,119.00851787492417
1168.2229901651617,588.0914117243951,40.277986125363384,117.60348524800668
1169.994504192384,585.952706838822,38.32871028914106,119.01128191030978
1174.1055512122925,591.1416713276678,37.41257092116251,117.51942373979023
1176.335673027693,586.9015807271908,37.26762355733864,113.9342925154541
1179.7991970574237,587.3940317821226,36.21510337864298,114.47155739022011
1180.8408507962902,591.2756487037287,37.00537205427199,111.34503311021541
1182.7139779278518,588.1324990598728,37.85681256468645,108.5305545179851
1184.6530790320635,592.9558090012042,38.14144599595796,108.2254045894071
1185.1031458744799,589.671848801662,37.195455141627036,109.0498244243563
1184.6335883356085,589.359296654404,37.51556061923392,110.83590092745808
1186.6645953692785,587.0426986266449,38.29784514015314,108.41130607186477
1190.0252639636317,589.109537099536,38.212416229272314,108.00499190050779
1191.6216352405418,587.1517920091873,38.20853427851345,109.00797006943964
1192.5715851180476,589.1266300092794,39.1527186551113,108.53793008938727
1192.8769735682313,584.0956487764109,40.29784076371911,107.12036973159334
1192.0471865102613,592.3374848720401,39.65148069277369,107.48718129516719
1191.4209836738694,582.0719746262455,40.031353378333954,107.81279558148822
1190.2810929933164,587.9727203991673,37.55615305758664,105.67194687865086
1185.0404635682794,580.3004705062806,36.103166113347115,106.55771688017975
1178.5993861193938,582.2824949565479,35.91031609397674,105.79338024538882
1171.9414704094515,576.3282406242804,36.14341652389054,108.32029689898305
1163.2235712622992,574.6992385145306,38.74235454627591,105.94487154448649
1150.6533927550825,577.65946772042,37.65013154955592,105.2076550480312
1137.7958311582788,584.5226094348094,37.502507975738695,104.5486779802695
1124.082951257013,586.2334284964867,38.09340220442901,108.21496090548364
1103.8242203150587,576.2322513986314,40.829835302850114,111.97763089803385
1092.3647349953749,575.3988927369246,41.1986019291824,113.98084914230543
1071.5486303743712,575.7755873870157,40.93222763441276,116.3688550570341
1058.0647805899478,567.3166912285062,40.538787272398864,121.22502084597606
1042.5477751744352,557.8997734042695,43.2543501921607,126.2390634437555
1024.6326581963892,568.7538954554717,45.29618779993519,125.45304831765725
1010.8913238048245,559.1398875164555,47.73244067997608,126.23808862969611
1001.5980350841087,564.3953855258262,47.0208013182832,126.63154151341413
999.6560525553202,583.6886750777783,44.73348478102103,126.44112855034888
991.885945099014,587.8323239456859,44.55229016600528,119.2930901991584
989.6841465693021,578.7567568907764,45.380631600526286,115.22436530585412
991.0609472290294,590.4928773959524,46.4140706763645,108.28096150140887
990.067786250845,593.0294450353917,44.42290055990482,105.55206624268465
991.121409721327,590.1590027897196,42.34454078126714,105.02429097079677
992.9201041344245,593.1604587413815,40.19768475183399,104.06853146971764
994.0891270851155,593.834551386859,38.30532948814523,103.90750932735955
995.9962921527823,593.1413863693148,38.71321217932909,101.55449196196898
998.8195762167504,595.4807575959087,38.639453251123626,100.56547285668917
1000.1710653642045,594.9086554184635,38.586380342967814,100.46113540401473
999.5169020182493,594.5120660442514,38.666052531536415,101.33598787656396
1003.0265761424416,594.6203695582354,38.214338870812064,103.12866540414016
1002.5048189719762,591.8481643707206,38.705028351193356,103.82477088562194
1004.097547364223,591.7153477960412,38.34116617788395,107.06383119371102
1007.1945200698754,593.846542276066,37.349583181429836,105.09618853689457
1008.3619845033975,593.037659523171,39.13695289698133,103.43589480231495
1009.4309442404874,597.2321238212468,40.38844279690335,102.93812897592203
1011.076965269677,598.8622389841582,39.52474688487118,102.75663996441784
1011.203764002537,597.0690868783447,38.44611546299372,103.66715803443729
1013.2263023840468,600.849917482526,39.03468600886731,102.46978033769616
1014.853936878298,600.8772789701193,39.34832300290622,99.64980633130075
1017.011488885749,599.8499755666772,39.026762336567145,101.79372348025049
1017.8133050753088,606.663362567905,39.28227923062658,102.10905366120619
1020.6100783848356,602.0007580580123,38.68677144715735,103.32899372499048
1022.981628178615,605.9292903609552,37.249542481202205,102.61461926158617
1021.3358383612584,605.7639712820984,37.384889812454986,101.16410059868645
1022.4400639754065,606.2944394296865,38.12540190314439,101.981893744011
1025.067561667099,607.2039203470297,38.108254794131504,100.69269103783282
1024.511662876005,610.7393738315757,39.112749005720836,103.75985770198383
1025.5668026114545,612.3599945376899,39.698809998969494,105.56068784901578
1027.441426590747,607.6747841634971,39.7885203630363,109.38785911247736
1029.4071954327685,607.9859431266322,40.157459126476205,112.13372643609884
1029.1641678061708,607.5293196079613,40.05595936189306,114.1344451859485
1030.0575178941515,611.3518280991468,38.71777959640045,114.56128275431709
1030.9724245754144,613.9883703793259,37.73145357287678,113.43394801151123
1034.6578791429163,615.8862918035499,37.03318904814816,113.38232310271482
1035.0792974121707,617.5311241889112,37.58021275394284,113.87346398898029
1035.0467630546023,620.3728340666846,39.01109349084207,114.6234031105352
1036.7741049779704,616.5685835081305,40.386751540760926,116.86867795611269
1037.5370480048896,619.5135543291971,40.60031746673139,116.5124086731415
1039.3448672458994,617.7772546061504,40.00148828353964,118.98812116135267
1041.1878385827456,617.5513032177662,41.315567757317254,120.79462283530835
1042.174954681975,618.9909648745031,41.706845748673324,121.97895513660373
1043.842433578456,623.0177435952733,41.06330640271038,118.19247963068509
1045.4393119213876,620.7572701360091,40.94151386162658,118.75921330866841
1046.5887932483467,621.222061131107,41.19083964750865,118.70906633260282
1048.274131246122,623.7571978808395,42.304043912482214,121.96282845467022
1049.3070645134462,625.2345135051625,42.33983270214995,122.88821382463402
1051.0934823937612,628.0281597817941,43.002290504176024,123.64275441257482
1050.7338490193517,625.1814640600055,44.37736491264667,125.59895672992238
1051.1453831307172,625.2280270185399,45.766649633432465,125.14934137543396
1050.9312208863905,626.3528106152116,46.40835677494972,125.15988509126385
1050.4240610159495,625.0031998518848,46.43467721529302,129.74955010533003
1051.0722107741599,631.3823882064988,46.82289616731393,129.14522812164714
1051.6083599406072,628.1263429200474,47.488536343198845,129.8142760179133
1050.8913074433588,632.1597367362108,46.12064108351237,130.19577973844417
1052.9695775734224,630.6635910415546,45.40130016671773,132.09334313014637
1054.1489466232058,636.9050835132578,45.15306354067425,133.97161547043072
1054.3387115945084,636.186349810028,46.87653668800781,132.45330965582926
1055.6020369068808,636.8628220086495,46.15056020090278,133.87131036973798
1055.3814694296977,637.3215691133354,46.26277087871392,137.9937293406245
1054.3529929089868,633.8060507720484,45.63213886704716,139.17128801266404
1055.8517965409699,637.3983526920882,44.82768371653785,134.81094874568274
1055.8280868101883,637.041051892002,43.31529177528677,135.7618240664884
1055.896075262081,633.9108846845473,44.998031919863195,137.78474907736467
1056.321707858522,634.1649616066754,45.81775322350701,137.63246979319945
1056.167235634807,634.4278711033407,46.457673842991454,138.38765699843418
1056.4643836860143,636.4056041314374,45.99292616672089,136.94609564284787
1056.8926949554052,636.8907295210248,45.99832432035548,137.21841246119104
1057.3339092764727,639.3240715187387,44.765890005176104,134.90673643305774
1056.3315842220295,643.4941786834587,45.301418050652856,132.36371639408114
1058.791675007027,641.7162492573112,45.40303298488405,130.7317870809373
1060.2962829469063,644.1685140803553,45.60762037982357,132.48366772573854
1062.6476242801457,652.5950201945989,45.72555277735107,130.09350452203978
1060.9778007829964,642.8382906123377,46.90936784432779,130.83558246032092
1061.7357818239816,646.8179533201754,46.842243730856666,131.86674937024605
1062.18648830426,650.699129239363,46.552840512523204,134.9604001983074
1063.595413555821,651.7621682262666,47.56356806853072,136.059516800318
1064.1074701955874,650.960844053664,46.56334502510267,138.71071793933692
1064.6195601154582,644.4388855984607,46.94856289011203,142.87210594892986
1067.307563054075,645.1532359101822,47.30110353309905,145.84514232843821
1067.6334249853699,642.6459682671413,48.31597256092631,147.43393372501214
1068.1449432424736,642.3495425067914,49.237587712914056,146.23954253936935
1068.7270214192436,640.7596694072078,51.08312953048374,147.73423566963783
1070.5978855041158,641.7408545254173,50.27681770786704,148.77641134370998
1072.5101329690985,646.519372351906,49.48501004046754,151.14770932974355
1071.341790390114,649.0894030342287,50.43243222192237,151.06580472758355
1072.049709843056,646.397637421642,52.203467552782726,149.60811197750883
1071.4969896294895,644.5400429857345,52.010145373798444,152.60469987634463
1072.3696062733245,644.9610493318153,51.164967269968784,153.3109708319181
1072.0199898792773,647.0857744237499,51.517518797668046,154.4991118594091
1072.878411491291,650.3994744096653,51.49810096654589,156.7192530219055
1073.108857783644,648.4344807236861,53.07161130898358,157.97839046502685
1073.754270392751,647.9859912690066,53.941379771342284,161.55849544512688
1071.900880158014,648.4031990807018,55.63204354946229,164.58712902530658
1074.3266468154418,646.4942523038897,56.17734145351284,163.77588943765733
1072.2708441030566,644.6097898624178,56.709005585935465,164.0867162193456
1074.4276671269533,649.054180970811,54.962942010501514,162.98562736652448
1074.286616434998,647.7222962150147,54.0023672710669,166.4683098469842
1076.4809398658906,649.0549008577461,53.31740152613612,169.56402478424266
1078.9845848260177,647.1366647326867,51.85580110042835,173.14271237442625
1080.1210674667286,644.8797317065452,51.051257994289216,172.23635299350937
1080.1435626910993,641.0421728439355,52.97441255630602,164.59008293126914
1081.4880977004937,643.2682138743869,53.760288127073494,157.1301462071236
1081.6015110657404,645.5313974316703,53.19056334546076,156.00559650423256
1083.597368676098,649.8581995839213,52.9702591982856,154.56383862422592
1084.4285566278875,652.8472685174614,53.48289942601987,153.36450660542164
1087.4057918295803,654.9420435184264,52.90548747081593,154.0735188683314
1088.092037032307,653.0856396937069,53.34698588804189,155.64994537380625
1090.5346263132437,653.6406479441298,52.740634207441076,157.12836538097375
1090.2155099210747,650.5252591632433,52.94687434379618,158.46964546902407
1092.3688005666895,653.4189210930209,53.17858514190846,159.30475396497576
1093.6787441148394,651.2869316560241,54.12790211476519,161.47809025656568
1095.4417119978866,652.3905616113705,53.21203618602155,163.0021296195878
1098.6806740163438,653.0176585366997,53.37798471661245,162.0453074920324
1102.6585979253114,649.839702840784,53.38878988597743,161.85804904450148
1105.7632871593034,650.8398320464632,53.44102293791569,166.40622032659098
1108.9071202664463,648.3735512220774,53.62114975505369,165.59942739644487
1110.9847725667732,645.562936528215,53.91376342343806,162.28892997846833
1113.6375423900276,648.3007605494663,55.86794864410425,163.96500743568785
1117.0341263693276,647.7693684307769,57.72616684174122,169.17641988903938
1120.7728059036258,650.023929599648,56.52291868560809,169.0510459304838
1123.1275483863922,648.9956603780189,57.37696678488146,168.2964522404232
1126.666592314478,651.0056621194146,57.70832228824865,168.4729316609628
1130.2174747400475,648.051157347044,58.82082871462495,169.30771072014426
1134.350782717933,652.1734767901095,57.949837447182205,171.6129525917359
1136.2926714807409,645.203919152207,59.18446724439935,170.38666719177496
1136.723943408753,646.1669861530507,59.07119962193876,173.98834044711475
1142.2112063850798,642.9717475068746,60.604179161252176,171.74677276974697
1141.9281856615294,648.4794575429332,60.490499857588134,173.1307868577303
1146.6001410651559,641.2872209710755,61.281265455062645,177.12314684176093
1149.8380360894437,645.5978240641175,59.2699617286693,183.93840735198566
1153.6394535634718,635.5808802437422,59.07264861188167,182.99149630065943
1157.9608525464564,635.1519532867977,58.67826599147993,181.7072044380278
1158.8114947160104,636.0145217351997,59.50956484927339,185.01818650340022
1160.2694362866473,633.3976025767727,58.85122137699529,179.323936495919
1167.679465354286,631.4005798025746,56.52434886323128,182.59566246985008
1171.5154765645768,625.647855760024,56.02531283065396,182.12637117349044
1176.025673130255,621.5328882047145,55.561594044873885,175.2565012993941
1179.3833197769482,623.8502044281139,55.05921425896793,171.18406302307898
1180.586474106763,626.5699858026885,54.236390447050184,174.16391183948122
1184.702090746652,623.9499104961986,53.570466935954094,172.86854251974393
1189.7273898349658,622.0252068902482,52.31151844819023,173.970620306162
1193.9450656294143,619.5417452127065,52.391480365475985,173.32143501042276
1197.3806130626788,620.9663386426942,52.12185014942263,176.87683838957048
1201.5920580231395,622.8826658871781,51.804452084257555,180.6091483659692
1205.1945237329212,616.1667002386512,51.720066636096306,184.17883650664191
1208.1978310905677,618.0154316206017,52.322775320223506,188.09664729154713
1211.1450397963818,616.2360990527307,53.73960369797052,191.27990557991222
1214.610337283092,616.8281716183299,54.394536364720366,193.5575535349226
1217.989256624343,621.2457163520272,53.87426443179083,202.05143767484768
1222.4389612612529,621.3658975242766,54.525348507993016,203.83446401778605
1223.9602296358912,624.5090425696259,55.280158179778425,206.64845040525643
1227.5372119152735,624.6024801036478,56.01897552031731,211.3858742716183
1230.4227020320945,624.1080146479692,56.7356704805565,216.82489421213938
1232.874800925521,619.5312030583542,59.258295243748606,213.9988573599915
1238.2616293580638,620.2970608226864,60.45079741601748,212.02270764479061
1240.4200135078647,625.464802879338,59.675288910807176,219.5214224785252
1245.2399667375232,622.8351105429208,61.735969774327,228.92191665518953
1247.5335649042547,614.7527604761526,62.26050418204167,223.0182146294548
1250.9289315238252,620.9545830461637,63.46078347689544,223.95942996252197
1253.8729210701258,620.981261464878,64.24718088647283,220.34211867112418
1258.4715758428922,622.8464887804421,63.618438208216546,219.89696391157426
1263.3125606259696,623.6635147881279,62.787919183482536,218.85937754084958
1264.4060639605984,630.5868753907578,61.908892991947205,227.47906994900328
1267.4766818063201,624.5677906651123,60.280908447070786,219.59470632596725
1266.3775986363744,634.1005238910399,61.847286336111026,226.1131262011614
1273.1456167667202,626.4565145371214,59.974883302342704,223.93322466604184
1277.0845768521353,632.9860509487684,59.25304035809727,224.2374287645507
1279.7601883506088,633.5231471350743,59.183484477956064,225.07888052326948
1283.162763366699,637.0258078576758,58.21814211588435,228.19177821668382
1285.8418057263284,644.3874987495963,57.13155881877793,234.41847802087807
1289.0268187795975,641.2500566303936,57.65400036420324,230.55275721137417
1287.3799988593485,646.0029611426776,59.27927754350263,230.26834662646706
1294.3658875501437,643.7289526434179,58.4309647984048,228.14383315610206
1296.614810030709,647.2392081835646,57.67110728345948,228.68475462830645
1299.8878457563899,644.6077850648279,57.38315219827338,222.7655572923847
1301.23966888529,649.8426020601272,56.79367231269169,216.75864730392797
1301.9804188750297,648.8566202477837,56.71398633401811,206.9488177055431
1304.2042920457038,658.6013012221267,55.895034398671065,205.6895885689549
1306.2185072221898,660.4831033518437,55.846020081445126,204.23131089426136
1310.9379547291826,658.5081099760474,56.10645847041798,200.17148163579188
1312.11864631713,659.115114558893,56.48809016360343,193.53705474943754
1315.3438870407601,669.9731676976483,54.89219243410536,200.59192580207008
1317.8370676231048,667.2622587705955,55.89296728635689,202.40989938130357
1318.7967235819528,669.7073361156909,57.008971749241944,204.50284837685066
1320.2300147346727,668.4242423131899,58.412540198310694,201.7750670389521
1321.6055182850782,669.021496642587,58.34656564367532,196.22880630789302
1326.1222291178706,672.2720805063085,57.28424051584248,191.52765484521552
1328.5717280793,674.2473135758937,57.12075542878221,187.19294715420298
1333.2952504585742,680.6444237875571,55.96734229481076,194.92014145216925
1334.2940087304057,683.5887000788293,56.60758187004061,203.12016717812537
1335.904331325928,677.9181913168022,57.45216775710624,206.91535226231423
1338.448037339927,688.4822173739617,57.782453706102984,210.52821015463886
1342.1903240908407,685.368758672899,57.40533206735175,211.8690846814419
1343.3884640956971,685.6297055580852,58.80973856258153,216.82598177145996
1348.1420352383582,680.1549565456039,59.82454199134469,214.5128855797543
1349.916895900333,685.6134061781044,61.477495003287814,221.88084286939448
1353.802570873877,676.852544257082,63.26184968491971,216.70110858513084
1357.984610243594,674.011042231382,65.99379544238383,209.73845558387393
1360.0405731262651,686.8871778499049,65.80272620219945,206.1786219973014
1359.7654718161366,686.5332331596103,65.01764299040175,204.96384437558038
1362.253684317868,690.7323050748728,63.519075501439545,205.94289360844402
1367.44602357275,681.8755697623316,62.812397630426744,197.3364352594871
1369.2459259075426,690.650878022931,62.01623941722404,196.32174570354766
1373.2042746597842,692.2726977707079,61.43230219973836,200.78055929147445
1374.3477690428347,686.3814017059158,61.9917071855264,198.95565152658372
1375.5196386358245,692.4006577174398,62.85315401438109,201.22709071081914
1377.8497082605472,691.8532829540494,62.5714202426234,203.97913957600932
1380.7743243595185,693.7561850195557,62.60390291558909,211.33344577347583
1380.9855040359048,695.7451630995063,62.45154098720214,215.19151473424938
1383.6113334002957,692.3889411249617,61.856460698641165,220.4071192160096
1387.3798227949164,690.4112863387282,62.89511230950548,220.6320431737201
1385.8919586951652,687.3642132070281,63.30190369130894,220.66471608551657
1388.8045300919623,693.4068370831561,63.94082097825204,222.4032714348425
1391.0684439290562,697.1489720209048,63.15145281544913,226.4397798243868
1394.3060787641768,694.8159073377619,61.24376425956737,231.38128887944794
1398.9868339783623,685.3788669612127,59.64880494695199,233.33512339025157
1398.715581226429,678.6471012427273,59.578288269868025,233.6797708734877
1400.4910033304845,685.9553553600655,59.519194346479935,229.56761959576764
1398.6000977331767,671.0688527490026,61.939048396397084,219.54279816906376
1403.2978816021832,677.5537856280644,60.92787097964664,212.76208723528532
1403.5483594490202,680.533318490678,61.079344652743515,208.8891810854456
1406.0481740183204,679.9902471667606,59.18705541419883,210.72410082054324
1406.6029570868925,683.1146970509216,58.3749052629674,218.49791726436086
1407.7245089353696,678.368957532053,61.86820679308689,214.3589283881696
1411.4628495246716,685.413731144853,61.208663317798994,218.39318760416234
1409.728564181006,689.1046738603643,61.734284685966166,217.9548392796641
1414.9484613830714,681.1547222167994,63.03344583918725,211.83059304444782
1414.8417896121941,693.8269860338459,65.22618115072596,205.1516997563744
1420.8289581605222,687.854334806287,61.083160835989666,202.3755412248429
1421.1437128220077,690.008264275888,60.20742339290402,203.2923970922705
1425.7920529852051,687.7567720636955,58.93173428091404,204.13193035906392
1429.2358399325542,687.3696932011703,58.7971437673498,206.7144860157245
1430.9591821159931,681.1463950355017,60.85949801141236,200.63041549310935
1430.3345239376574,682.184861687967,61.15131771988481,197.82293952307123
1432.2687884099178,678.3118516870863,61.902380136697815,192.3346673684011
1437.9105114403617,681.5432532710967,62.05996292265906,188.26941792923094
1436.2548157644762,679.5256266090221,63.31084971565444,184.06197632174656
1437.8835143676506,682.3296259267333,64.65614868391698,177.41736153846333
1440.8704759028328,690.0202466684468,64.47681337030585,176.95304577488182
1442.3703417517982,680.4025516872517,63.041711995115186,181.24335722474302
1430.0153619418384,584.7066958068438,82.74717829345428,156.8657588571992
1426.243337474479,581.4336132988849,96.36507155337489,139.13542534247026
1421.571845648434,583.6525114558315,101.69638154938724,132.63052618443405
1416.4219099798731,591.1187944811227,108.86030132426856,123.33448117331928
1422.8185916240252,590.9915256956289,109.24929887931492,122.76952035542826
1419.266476812523,594.2776287830864,113.3672493592062,116.90784091273099
1421.980076450569,587.3659753598907,115.65836984793602,114.2022926464143
1419.3347483228738,601.0415755917045,118.30253006443607,110.90449560909256
1418.3585005381183,605.3005491210214,122.34418757654579,106.33995142569587
1420.036858326236,611.4152473845039,126.39063150800656,101.06104766169875
1421.1147852060776,613.5029031539057,128.06362291889565,97.90165889417737
1409.8672239124605,584.2869064233894,123.88548028072417,99.25128780231509
1421.8547492628945,615.6799263889834,125.29974890504567,96.36097314634333
1423.1749816818015,606.0522496382426,126.81780359830952,94.22373228304654
1422.3524317845151,622.6448429641387,132.34480312029183,88.95674245303078
1411.555874271501,614.2414992257044,130.0099698912183,87.0601423507193
1420.6942781674281,620.1839457354257,129.25161778108014,85.2965758988814
1431.3595914676484,622.3420221200182,129.42917396551127,84.93213204626947
1433.7194440912967,625.7802236995193,130.5027069224726,83.58443092947265
1432.0432240513655,626.201529923714,131.7814203214938,81.39529754274628
1429.4574670045758,627.0566719831035,131.84795185172894,80.32636706290441
1434.0187884009204,629.1225717813735,133.84118778315127,78.27669016952373
1440.7724064854463,631.402793943496,133.70322637467987,77.64973962605956
1425.6189930203736,579.1708493223592,128.03897726675044,82.10412660335868
1439.2094981413175,625.3864469339567,130.72539909686213,79.82617600520149
1444.0376108996488,628.5406072518963,134.09792443078013,76.81223375289187
1439.0741153103106,630.2767637918058,134.78581494668148,76.20469242881452
1447.5287988699517,633.8775613674458,137.58067546118713,73.68762741466634
1442.957237596065,637.0876462850786,139.41007489893155,72.9392602799135
1443.0368729325116,636.8677363740948,140.38798683885437,72.55086129811437
1443.9626366275334,627.4198423837972,140.46381593481385,72.15083570842243
1443.5572148605338,630.5589231648055,141.49361279936437,71.4040003088553
1444.5996189590367,633.8529408309354,142.23988207937367,71.10856163526736
1446.9288580879393,638.6895570387309,143.59638354738377,70.77595353047059
1441.888615619032,631.9553898013243,142.35907188738338,71.0582936940133
1452.5994534896533,652.1488559650467,141.8815151733711,71.59050437760445
1444.0296756031923,641.5499582343955,141.78493616860987,72.13419993864841
1447.5505586781421,641.821248684052,142.31166070990272,73.43580355908995
1492.5445643769738,734.1296563878581,118.39052585572352,103.74616241342412
1501.8784574087836,718.1487656525047,96.15112900917704,140.9274748719225
1507.2654058605417,708.5671415869998,85.16965020504824,160.39634288392702
1507.8552377497458,692.5122573880889,79.02912059533642,175.6030765831115
1507.1176551628164,701.672527940119,76.19871904677393,186.20175160627758
1508.4321207303215,684.0885787086193,75.63423971923012,189.53122237779928
1505.9110603452648,685.2141894633868,77.78727815889229,190.15556343939895
1503.1158924608656,677.0542415083539,78.68032323287994,195.717912103483
1495.444791354642,661.3826503696995,84.16738114170167,197.10557889295546
1494.205073150011,672.1305083638381,87.7700485076617,198.58143071914773
1490.3940570995478,661.6058180893424,89.8332103142729,206.74959819364022
1488.4063594121367,663.2174174491838,89.24194712029814,216.13829281615887
1484.3504290728993,652.9883706486153,91.26106035522061,215.8022626449709
1477.4532829903378,653.4152193293506,93.68771123595205,219.29540724562338
1470.8528562838067,647.3559216668702,102.2491776015454,214.85818911291938
1464.2650619157685,649.3288516034453,113.63061169920434,203.5094412635812
1459.390146122905,647.9392325127892,115.43412278198578,199.77246484778408
1456.6339097178088,651.0301528832316,120.93520024648979,193.46012886784
1455.5539693186654,651.3564623347884,121.03239234756728,192.15162801491056
1447.6355003945744,653.262861380404,126.70548121941349,187.70648933499348
1446.46630738694,651.3799390519441,126.32229513422584,188.86778499884088
1444.93490510075,651.5592302295099,121.84523946754419,195.93354693515823
1439.530196389306,653.0305726405664,126.28055723554539,191.47493725686263
1436.3905348128394,649.426625921104,123.63609758920845,195.1752492456306
1430.4257761435463,655.6690914515771,123.470329511718,200.17927009282556
1432.5253109177795,658.1874995459411,119.21495427923773,205.66692547873987
1421.506673721333,657.1708310630406,120.73677343343991,199.70636087331587
1410.8323908045545,660.2131416870996,120.69852138594655,204.75493241416487
1402.0589898034584,655.603409100324,115.80613139658674,207.38947613958402
1385.4930732964474,648.4361027255652,124.67949141600624,192.5379628123399
1372.508344743779,646.06587399263,127.03894497678922,190.50601109034622
1360.9593494173164,657.1917891367955,129.18950123423912,183.14941246178316
1352.2848889965317,657.5247312507715,127.89797613926271,181.29135330133943
1347.2355688854898,653.9629420949773,121.89825950619314,182.5490656924013
1333.984074249765,656.0849935569445,121.75715380934503,179.94025304336708
1330.000794974808,654.8873114652602,121.27543862223303,181.19289207697693
1324.4635964526133,655.9884975496004,122.00668196388196,182.141020281171
1317.2427734836458,660.5114163678219,123.24140134673287,183.01239690752678
1314.571746049945,655.639453085585,125.8237068652814,180.1069184100067
1306.3771559630977,653.2843177914741,123.09967745534371,186.23421049755027
1308.8953809662814,658.1123200394255,123.39145559322014,189.30118264879437
1302.2661527066662,656.2193749858052,127.6802116409498,185.17842390981616
1299.0270498300747,657.1394080802133,126.7157379800694,183.59563476543687
1294.5426135754203,655.5687235795472,132.60481649435582,176.55271415095342
1290.495270459845,657.9372156783194,132.878906356393,173.81894074722473
1287.0387473909077,658.1066034515875,132.68363732016388,172.98875653909124
1282.1960146012534,659.0060123069389,131.64525817678884,172.83872513898683
1278.1248912778633,659.2564787207887,131.41562148435708,167.78921838861683
1273.870227311177,662.6502824222512,132.36480644033628,167.71025172952216
1268.500709472995,660.2969428446848,131.092193537585,165.2800410592295
1266.5479568239182,664.100449150882,133.50695046987533,164.26694088107624
1257.806966838285,663.6717436186163,136.74940099891123,161.0707170460308
1255.9045472449416,667.468769004251,134.7286301419963,165.00102708087292
1252.7500168907925,670.5517432937843,134.8108961738247,168.72274877010634
1249.3130737735721,664.53208816403,137.7464197428529,165.9625162366412
1245.7919163462482,666.1767341847545,140.06245690659483,166.37225069253716
1239.285609319829,666.2769581144255,142.10091205736575,163.63022439112672
1235.4887638837788,668.0508888324146,142.75346742302736,163.8274908205674
1233.0024229517426,665.6929672617653,146.67587475775525,160.67776534614688
1225.068117130468,670.1559889849983,146.92789093183282,159.46510492205425
1220.7987571571214,672.2330919758389,146.9138554737924,158.84434218327766
1216.1427269710416,672.4221593303753,148.28826615071804,158.0528934810011
1212.2886734474575,681.2079252807542,147.68807011041957,162.68028075259912
1212.8161248881868,678.6627107743087,145.46710982466362,163.97629805762512
1208.3008763529956,678.2820576084912,144.03139993332877,166.35367459224912
1206.5603973470168,687.1534946141716,144.1654716177649,172.4091088311909
1202.8801253525332,681.2054518501822,147.63418283469304,169.86384622467517
1199.3793252927562,672.9534307744866,150.76132081258828,161.38652199381858
1194.8769325213693,684.4622473527387,153.38612736008022,162.50733232976987
1192.4923623377338,683.8867941914548,155.81011935256586,162.95419984122316
1192.1592038255703,684.1604255614122,156.2153405960637,160.87135862441002
1191.9675234815666,683.3523012552907,155.38287251879692,160.44965580087194
1188.2399281881471,683.9108019024978,157.41066491349375,155.49449065919453
1187.022961199623,685.0265420941885,157.11163081002906,153.11752334951694
1183.18982069385,683.0291496785517,156.97219055601678,151.05796690971218
1182.068084209793,681.7365722964216,154.352505283279,150.72234754712147
1184.6434657517805,681.2049316432061,151.475365983127,147.54601384288603
1182.1851768254378,681.2371637799044,151.62298803319453,144.64044285898785
1181.6932110207504,674.7311383901408,151.81719170384093,139.34667280641327
1180.5185592057371,683.6085072268394,151.5285534880539,137.62076078367332
1180.337009053705,680.6574942120357,149.14431627707347,134.3094665788692
1183.0018219287044,684.1807801841962,147.81538856669323,134.6723635513407
1180.97799505699,682.4266957936445,146.9704054765083,132.8229540793791
1185.1746804818113,684.9210645918943,141.04055782110498,134.78152067602502
1183.265120506104,681.0403488208746,139.81046933153021,138.1239783781146
1183.616922999301,678.9252569852823,137.15861076152373,143.07205524306502
1186.590533748486,681.7035689765115,134.2741339913939,145.2085527251843
1187.0364949810719,683.5171823275786,132.91301842593884,144.78848116430134
1183.6888983094761,681.9397814161766,132.65831909752134,145.8566377134614
1184.5914659325874,683.9373872472814,131.37401466828203,147.25408031290414
1182.0491142583587,685.3538929607136,131.0813188638333,147.40439551687254
1183.3171363594429,689.3596174702795,129.296828185957,150.76683554332578
1178.328510101806,682.8626245967729,131.5074158933524,147.0770767234174
1175.9082523160187,686.5123940391724,131.0629070417389,143.21955036740164
1169.469243051961,683.9598306013652,134.1717677162777,139.78978141374773
1168.6154634609256,684.9208853001819,137.72814969463835,137.21295535172797
1165.4321125254783,688.1922870189213,139.886912567714,139.23720815452938
1167.856334637243,688.9028493683473,138.98534821031367,141.6880938292091
1169.7760083694307,692.2873741575243,136.006622757989,147.9542626731728
1168.7469301497815,691.6598665607138,132.61956431287743,150.26684264577733
1163.1052741339777,670.2191924787384,133.0655613029171,142.90407186220503
1163.8794375544544,683.7125614388976,138.56878794581576,136.3434478817433
1161.8757082927023,688.7978783173362,137.91080626745645,136.2209629227417
1166.507103936615,696.8664896344545,136.7014047169508,138.05076527271575
1166.9885350003965,695.9464031256098,137.7061766289123,138.70365914823728
1182.3772857281667,706.4379009323104,130.67233241773465,148.14576578671614
1174.987041103205,700.4300521171494,132.92621002630983,152.9029495115645
1159.472845559529,690.0490055187648,138.36696052443892,144.5576356104421
1158.167314689747,681.6811247625017,143.43249608937518,139.8710981505153
1158.2932974346227,696.6290103054857,144.2872059510541,140.93378991991403
1158.5469365204463,689.6084462538169,147.89189710977956,137.99394862309194
1153.8074613066644,696.9758567773947,149.79575571180445,135.88970402163875
1154.7823091472085,692.5338918493188,153.60518383186127,131.10286832047407
1152.5818617639475,689.2153888645005,155.34408601060775,126.74998064150911
1152.2703765866554,689.0278948658704,158.22738822969504,120.15730594018889
1148.4475142732015,688.9025201570131,158.09699383316197,115.4273090337277
1212.1087965108009,740.622523342899,132.68768024994813,134.2807677839148
1155.7219522019016,676.8612039218141,137.84918628138618,125.57425250663404
1149.2092974564384,659.697386883073,140.10708466155674,123.20475476688677
1145.2663209499462,633.4535930533565,130.4495625620006,126.19285020734478
1148.997170069185,686.4261177853044,137.54697681352815,114.34153891928369
1148.1885528680898,679.0152817975784,137.68915811510132,108.39836525179636
1147.5405060032647,696.3254332123688,141.39877089033294,103.98574769596726
1148.8422364708429,692.9281970230337,141.37549081938914,100.2652251705441
1221.5702824783777,737.4132039286961,119.21716603369609,119.17538080364471
1238.2378884584134,738.6500308127675,107.32384692546027,127.98795399578378
1239.9561563939976,732.3231525593014,98.08501535556361,134.61910056077394
1247.2575513957263,743.4704795795251,90.7862974074031,138.31776499309925
1247.968500086816,723.5198308572053,86.83807521189519,142.7006040388759
1166.6394956091908,675.5523847684684,109.36979881597676,122.44356205254583
1157.897326775384,684.6294171979566,120.73539868226678,108.75954320570496
1156.8142362565495,697.7100681195501,129.01285385796155,103.90547411205385
1154.5142559370947,699.1618417776018,136.83988337289176,99.37312097163158
1153.2565680107577,699.3334664700068,143.67687556868327,97.33002116096726
1145.0390419455803,690.1127068522154,143.56548238691232,96.37646302313303
1148.972952294317,698.5389527993364,145.3088514311196,96.20010014833525
1151.3536154620156,698.8374740918407,146.9315842174133,95.04477695724124
1151.016977805362,701.1522273008203,148.24312652275682,93.65147388048493
1141.842071050574,641.9321134691282,134.00972136298523,104.44772195875937
1157.300424439299,692.1921146606367,138.796293207927,99.13675566833918
1161.3039453188942,699.602905087979,142.06169696130763,100.47349097146991
1162.6955614539102,701.4253231614558,145.06869500750503,102.08207580955414
1180.61180654463,698.2207485323045,135.05467559975156,104.56804682636523
1167.0023602335355,701.630475220223,139.9362592424797,101.05475129796196
1161.0441421839214,702.2822613240475,147.577286437726,97.3835381477239
1155.755117218309,702.5087393501863,156.13091335172106,92.12858646556808
1151.1170727286085,701.2772395629393,160.820049865454,86.95205604120046
1153.6018569064508,702.9913180120053,162.34288071718447,84.31878970502694
1151.3523804794456,700.5784153616967,164.71576097437614,83.08834936774159
1149.790713545938,702.4022582513059,166.59915072992348,80.76944153314375
1146.2175962957788,703.7288508690775,167.56942658650757,79.65297232520008
