639.5,541.5,62,174
635.5638777359941,540.1613644330001,62.5414074591157,174.8526472093196
635.7813109256626,539.9861626708519,63.0017723468405,171.80182317242117
636.3933064167047,541.2556178332073,63.33854925629846,170.41881588441927
637.5642995413083,538.0996680301803,62.35653809954822,166.17370469087018
635.7564191138066,541.407090752303,62.348086356414576,164.73927201804653
636.79899776256,538.9350891554616,62.27129117253155,166.44251670096568
637.8269205305035,536.1048170664096,60.687088896929055,167.12330836532635
637.7378339108681,533.9020278401375,60.45825994008088,166.92560761456707
637.9292768840993,534.8831834015123,60.38585923435353,166.68344541616193
638.5572278332152,532.8573622689514,59.85813534756817,168.37138368802056
638.0339449062868,530.8089941505896,59.60627921346375,170.32103102441602
635.8292430971435,529.5277361499255,59.710460528878556,171.2859467187765
639.1183875883813,529.1029724535196,58.438338652285935,173.51009995129525
636.1553770238246,528.8212206492869,58.2680564698567,171.62556371878247
636.3933293679022,526.9022150361495,58.19231263568284,173.48945564986
634.9457134238022,526.286965586439,59.00261135720045,173.79127007931078
633.515651287457,523.6202247051797,58.87678705218822,172.8480746759584
631.1177656842373,521.5124828604463,58.67048136904986,175.50620780102912
632.2285260866355,522.7044609060144,58.08650596295362,173.67416702596287
631.2346795193265,517.4188002775197,58.13895158710167,171.585791904058
631.3956900895399,517.4058664210369,57.71702958762404,171.5389096189328
630.2489251464413,518.5250450747794,58.202771490992845,169.91505534001556
628.8144346896912,518.7850891358385,58.18556669831311,168.74633286389252
627.5754365771165,517.1039586104546,58.029661871167285,168.4444190802863
626.1935199281338,517.8648461158982,57.57969027893431,167.82178874010572
625.1913425124565,512.6887694528868,57.580515601006084,169.66803392267383
623.8280799161568,513.8642560281528,57.10506116209147,168.984305884251
623.2212646492745,513.6854565795638,56.672673689801755,169.05517932956357
622.1239951890453,515.8112373122952,57.426248125802864,167.86540349238922
620.2736905310223,514.3156470575166,58.31986627757462,167.68484928231885
618.4135379359357,513.2349569975223,58.0116858479406,169.93226619216193
617.3328822360667,512.9639219329323,57.00942175803188,168.80892630321074
617.8262106726656,511.0764618020884,56.44801934400644,168.97237426972873
618.0147092961737,510.7217625761259,56.149229978866245,170.14065392796175
617.5174183043921,509.25644000904026,56.77890099352564,170.23550504552782
617.1468997951523,507.2153750928861,56.80326320118867,169.9201067239073
615.3000362517741,506.65649207949775,56.63460848872044,169.80353315620283
615.7171526263265,506.6926123720539,56.757266893230536,166.15184560636635
613.6547682641007,499.19729979650157,56.22895400950941,169.47770696993496
612.2274902422729,502.1863719541518,57.51006533141428,167.8782704824742
609.1049247546375,501.2197431286693,59.712306807862234,166.65230791054927
609.6286896025022,496.07194279715037,60.54248483803988,169.2022023351432
606.541471375019,498.17160606762695,60.555255451672274,167.76546676763454
605.6905123299852,496.5924585485922,60.7808950984772,169.6867095138817
602.6027533864607,498.59425291539844,59.745030026335115,170.92049030370936
602.6546081802569,499.04406666379657,60.869402933045635,170.52586448187776
599.9534837668946,499.3379009647519,60.98757676912814,170.2503498900527
600.1826510284214,501.803150056347,60.347581077077095,169.1191965369828
598.199286464695,500.98723123454874,60.0537710966812,169.3531352093907
598.0694959745925,501.4940343686882,60.44589337084946,169.73658980264435
596.3323039405199,500.0973195331233,60.94431832211919,170.89754813491814
592.1580285041097,497.3919596471193,62.791848922674944,174.09982650296155
590.6817158623162,499.0543815380929,62.58640304004793,175.0805606234706
589.9888115853206,497.35561506214265,61.921233473161514,173.4978665679045
588.4381957502851,496.17711105245553,61.43338007329996,173.4523536404476
585.3709685984962,495.5870466134601,61.77509267289585,172.79104950978373
583.7154472372047,495.5527103698952,62.64742091565354,169.44427515174965
584.3256738432445,497.8288933779563,61.364151731904165,166.91847219269246
583.4470231845131,499.9342032290861,60.11715342849524,166.15976159551758
582.4008326042149,499.6662722259333,60.67029533333572,166.44593455357017
580.6438281174703,497.82992139735904,62.33215131077504,167.88917147364555
580.2520747593754,502.1997457891117,63.13922657259111,168.4965460501383
580.2189819789814,503.61172747697276,64.35834928744701,167.45519166468307
579.0173669023669,503.1255537486817,65.05202257855399,167.21155056289496
579.396411070737,504.9721446205991,65.0763000512705,167.65877057272206
580.1073962781704,507.7295181417475,64.40975170949585,165.62486126666306
580.7106897646803,504.651641302239,63.750898660394256,167.2393363542463
583.6000945071276,512.6346102503584,61.92880373446116,165.79162095406156
585.0922108831859,511.8403488294405,59.75683991167804,166.24911695235238
587.9879265814136,515.8676176905103,57.31974217934578,166.4932841993542
590.8251052651754,513.276035295869,56.27037504801645,166.95502488944538
592.5934111706875,515.7364855185207,56.5729183355608,166.42224157458574
590.8745254281633,514.5646772200155,58.76231309533334,165.9200367711801
591.5668483654746,514.4151267769685,60.00018307779304,166.5096344035769
592.6816860092235,519.0041938854837,60.46553243359428,162.06061087616058
594.9224534870258,518.9275780905874,60.64657253324957,159.9263734046703
596.4908213608555,521.3152273004059,61.55195884063558,159.2782758297289
597.2238500679484,520.8914175361845,62.89482866801456,158.01387217887157
600.0194491627361,521.5077194931594,61.94320908845885,160.60473156928495
601.9880098802423,516.9222108456264,63.25077001230318,164.30310258829667
605.747540796508,519.3177418811952,62.685806282281646,165.69080417351074
611.7119743694782,518.8166885493674,62.499156905401776,166.77024023493487
613.615454722379,521.1410433677365,62.832439953373154,166.55635857919052
615.2094597405666,519.8222901587843,64.07259865791364,166.52726327263
615.8584628638283,523.3373679960653,62.09767035118175,165.3180153229971
619.6012151420961,526.6997359772843,61.757844539074924,165.65242871913222
624.5584258965202,525.5131877947248,64.75294726086297,162.99560221031058
625.8385833877151,528.5533189987273,63.93917789845832,162.353415570611
628.655319886374,522.9002985072148,62.82365224095011,161.93254770313337
633.3483925470433,527.8345653004906,59.2133657729362,160.13261450711178
631.9883353097874,520.8456392300462,60.50899905729415,157.87417277254184
636.4702651503147,523.7710777830802,60.352085752056546,156.70965149490002
637.1134465527955,526.2443603914984,59.42053053269781,157.48794130287547
640.6168167859875,525.9673647201139,59.26006487194559,159.8631087103314
641.1996697129515,528.6652576418356,60.27929971680963,157.35883932871727
642.9455900023553,525.1403983130285,61.701876682561775,160.5663031335015
644.134355909881,531.2729133474651,63.859444187888556,158.24121936631897
648.7265074917223,531.7332417354478,65.29463554294807,155.87454523361197
650.0606880194791,537.5071063318932,65.81538264594244,151.41062932476967
651.5506633107705,531.1321194155855,66.17573431549322,156.92771361494061
654.7178426093648,534.7872547124717,66.00490910526182,155.84951890886023
656.4192839247996,535.4301361660152,66.43943106794431,157.00392182503663
657.2091073215163,535.1847620276275,67.30159060745514,159.3678411053717
661.8097038524609,538.1107055239858,68.27778102749437,158.75883732065427
663.3827434712332,535.0199427628941,67.33148430957516,161.12761542232604
668.350115410064,534.0576492654463,68.15818098264684,162.17465251714054
669.0912637596847,526.2080313533937,69.54694149738629,168.60292376903772
672.5344731781024,524.668611989074,69.10077981725696,168.5991527205362
672.6234786707697,524.9433254544958,71.49792726227503,167.70570435078415
674.2770182054658,529.8490586985849,72.87820420054369,164.3394231947503
675.637502989613,530.0523245088507,72.27978693126974,160.62339525444762
679.7688340379661,530.7087333305301,71.29604186826427,161.08572788880232
679.8200786562503,531.0211270205056,71.09877900712694,162.36222741705583
680.4559359865341,532.5220574589324,70.46240161301841,161.92956142823442
683.6221436698482,534.285198158982,69.04817261529291,164.67460866067924
685.7871294734238,530.5610811950319,68.49543125809642,167.06296282436546
684.9505202219522,530.1467259941967,69.120848748849,170.18067850114704
685.7671995259332,527.5623963033526,68.48573017259999,171.46361295271308
687.3676033195432,534.5491659691618,69.38812523161835,167.70112875848417
687.659652747278,533.1278792666113,68.46898731329759,165.73045775968012
686.8470194713078,539.2778711497858,70.686683705826,160.62158169239441
687.3757618979477,534.921672552885,71.29593266980706,159.42099517785311
688.8405618441213,528.6798795103628,70.69874847232606,164.21182088838447
692.1004935645257,533.9085433300984,72.15081727085274,157.51963616340367
698.382938097196,535.0961712936066,73.4763696173754,154.63797798137847
706.707251994087,537.0780787816208,73.52390026947799,154.89846008130303
716.1357593919322,534.5364842136114,73.55908242005901,156.34474545758414
722.3111377017974,533.9599996304928,73.84956591172912,156.38321801929953
733.4888228845407,532.0048625459076,72.42707540543736,157.32547646266647
740.8550182009178,531.2721052406354,71.01533641189185,159.4269434735554
746.8076656619345,527.6740758626628,70.79997952362883,162.29909080222632
752.7403176911988,529.628597674506,69.77502415139949,163.98361791682566
757.1456564674959,527.3391445687909,68.99264198064054,167.34564849246357
759.9657580440226,521.4109557811659,68.15611044925525,172.87371520672338
761.5226249202912,528.5618699502465,69.03711965386483,169.41711793428362
764.4899202921725,521.7634276496387,68.43246055037864,173.48839222118715
765.7959728727358,523.5695577288374,69.04816169019806,173.6708812709608
766.7394100265966,526.5565877496467,68.37576458096079,170.94269106214267
766.7803832677881,525.4120379029699,68.02312481500603,169.28881421452735
767.531324889015,525.3313779516716,67.4736592032445,167.2453314886561
767.380795071411,526.5562685798652,67.5190166516912,163.91284670452336
767.5035154839234,522.7482931913789,66.64063398605722,164.78292738590415
769.1584113032999,525.0931916177121,64.667051359257,164.0194511481414
771.143904122024,520.6967893018317,62.91601149132666,168.2784669646071
770.7263227175188,521.20332329277,63.31201560906107,169.8995397267566
768.8777016290124,521.7015461121952,63.8400708946088,170.34934997000568
768.1877532089743,520.8764428390576,65.24067202582876,168.73717673697905
767.500320099269,523.2346920897651,64.87437856606527,170.73712180665385
766.4324405294813,523.8115652902528,65.70489848243099,171.22204040745663
764.6027541891243,525.3613661613734,66.26473863357633,171.22089929114154
764.4867791245262,525.6002998848152,66.69265395331381,172.44411934070664
763.7149252748053,524.1003737492453,67.06876250245973,171.9717937178629
762.38385552636,527.3211101840864,68.13611609140422,171.86972468884736
760.9683720107713,528.6237996404652,68.47302855297585,171.52569033537165
759.3007519435818,525.8636403804845,68.00946684482986,167.72067151469236
758.6035167234073,526.4115461846172,66.88882642761033,169.68009487171864
756.6875166880732,529.2740104809016,66.86254380109108,169.19125919501852
756.3949324508145,527.1109186532386,66.335937964725,170.0326611856737
755.0999450944759,526.6188814327891,67.08588548495428,169.04327233909368
753.4163366745988,531.1107802657066,68.07405652294048,167.90456566496957
754.0183099564234,532.1402847331567,68.2860457320847,166.09575762968507
751.8911714956172,525.51747156146,65.68350675214329,168.90949748763327
752.456620885027,529.889653969944,65.49048440571946,169.547780697471
751.0886230984163,532.6454853274952,65.23525089571552,167.49184385778437
750.7266528161487,534.1579458029391,64.71273526556662,167.8176368276173
751.2528988761387,535.227588498184,66.3118420985317,169.39923342846282
749.2326614703269,537.388378441031,64.43726928588596,173.13058630541894
748.8497161770546,537.9697620077294,62.706212784913404,177.0952338742227
750.1010368545634,533.4962726507845,62.34872664540133,179.71933212555209
750.0497620067401,530.9776303998913,60.79283565211114,177.8688150141065
750.6081153267695,532.5451518549607,60.85894661781224,176.15609017289495
749.0410899063055,534.9171152327037,61.26472386543563,174.52552823474912
753.0196504137334,537.0534369297797,65.9412330782287,172.95938170662933
754.3948412436254,533.8145462601444,66.20447011268999,174.9949210567462
755.6842911520434,534.2208384316975,69.40667668211432,176.5490643762466
754.1503606898355,535.5443687898376,70.72123137304737,180.1855937417153
751.9266820287153,533.725606994278,70.35600805148042,182.13017477833938
749.9441376674491,534.4537730375002,71.59119403767016,183.9646728983622
747.9508801506217,534.2057988307131,74.05160421115522,181.28193415879787
746.7364069770684,532.1675953466493,74.87569943413999,182.54835946550202
744.0831665206908,537.0757705538971,74.8628614802559,184.2587922037362
744.0040127477846,534.4844647410357,77.31807441558587,181.85818680510172
742.489081257561,534.7736614427738,72.51760482510085,182.14678377885053
742.1578290839058,532.6497399117549,68.82957722553006,185.60593097706078
740.982190818795,533.1089523966382,66.55634894629746,191.1566842516953
738.5477909953546,532.0576034609735,67.52887866522354,194.92044529622223
739.706086658024,527.7474108338974,67.08066607511908,197.37781337441433
735.9847916124967,527.7333441001477,67.07016640972144,199.36131629216015
732.6415999120743,522.1954613846743,68.01777134470161,199.14915642302
735.0375921479343,523.6339299351704,67.88799695689644,197.3715300459033
731.203597048399,521.8189460558833,68.1194219954453,195.43988650003791
731.0094692761307,524.2465308431637,68.60297814091263,193.22951889947836
730.7251621215751,524.5563894083978,69.70095751755579,190.55847728080022
725.3239706515657,525.0569441249736,72.965492221802,189.39600826332097
724.2369315195515,525.597635742958,75.48765642264135,187.6178384256436
722.3070669984397,526.0114521580135,76.38795914089553,188.24865212637033
721.1486616414452,519.7395599399046,77.06353808161717,190.75715248548528
718.3679591894139,515.2019892029616,78.6697494742265,189.11714837294005
718.4547940110693,518.1825242874894,81.85457443324715,186.3882887560595
718.1970794437618,518.8177658033742,83.48975590591435,192.07454105443819
715.7825620562921,522.1826465041224,86.52914705345046,194.30930464281698
713.9373682959396,514.9715040051301,89.83635545409003,195.5304813682406
711.0530433299245,516.3421672689954,91.79332946521117,191.9165014417216
718.5910046183521,517.252836289674,89.70642565743537,185.07469214184619
719.0028354569844,518.8220114150404,89.462893925521,187.57526088310658
720.7989999386941,514.4262964540109,85.6750558314996,191.0891236235324
728.3289996301105,511.9063716907843,81.46935104518747,187.42770074532186
732.3190431191142,512.2058245269993,78.4196122693728,183.6780080534774
736.5300849398598,513.3899197035598,74.02984925585139,182.3754767393458
739.777666984955,510.8681030335185,70.83573242038096,180.396731727296
743.8887161744832,513.9078778827924,66.56055172700782,180.53546209987138
744.3956475365935,512.8462198062102,64.68154086679131,180.0718882274872
745.1905700433624,513.0371097828897,63.16297275195739,179.92270394537587
747.1807083027596,510.78403928057634,61.159973302937345,176.2330608572712
748.3946688684067,514.1466707574905,59.712708793788806,178.81164919126115
748.5607196211934,513.806998600427,59.007932407063805,179.21235542186432
749.1994723582134,516.5518206933305,57.02272572874635,180.8678652443482
748.5834865371294,516.3309660657139,57.32419915177688,180.12701754864497
749.1298456480115,519.2631403185914,57.75678784720918,180.5753772027293
747.544054043481,518.7074829185395,58.5078848005856,177.70135677176086
748.7992784032537,521.9119155975113,58.13828668402295,175.70795952418234
750.0730300346577,521.9549882068366,57.301843447725055,174.62470170680123
748.3924749189964,523.4755543648512,56.532354232747366,172.52335496221633
748.8854584379889,528.4787365161684,55.663848206482484,171.64887130135781
749.1671342340553,526.2169432013072,54.53527101541441,169.10474229824342
749.6154602677348,529.743601242244,53.70124905285377,166.59802020915433
750.4963374807332,530.6680128484062,53.0099227859667,166.70876553012923
749.4503652500041,529.8922648800536,52.36105825880854,163.85650139655542
751.0587173368526,537.5017737245997,52.39111165210474,169.01715002972696
750.6688864632482,537.3477740855935,52.591742947483475,170.24605620375553
749.8604410707115,539.7796383959924,53.55819237792403,179.8081408212874
747.6362568518318,536.652065931954,53.863553695585196,182.7583357820712
747.1751213028253,534.2368559059219,55.52990175287797,179.73365976254775
748.3855828428246,537.0404658144948,55.21750840198314,177.66517433119066
747.48024153664,535.9186654082357,55.98139857506881,173.88942419110927
748.2085808685299,534.3840779251185,57.00953648782928,173.60687194947997
747.6870753254378,539.6640508890285,56.23486954370884,174.4972058516712
749.6382219180862,539.4530358455152,56.62251577168818,171.55793786750826
749.2436358796414,541.3361459714667,55.986167931322214,169.7988670638944
749.0577259648766,541.3752860501551,56.223558556426525,169.42963755873774
749.1739767288313,538.7438127261307,56.90146515386175,166.6469687380382
748.0327183309245,539.5557858446762,55.66721505974014,162.59445784215546
749.729900931891,538.2895942378286,54.87889745354139,160.52195982939168
750.2669730988287,538.617757890469,55.142611298026424,160.55853017539548
751.2372415590489,538.2312966138115,55.015485231400476,159.71202355977084
751.7166925238517,537.2068672702075,54.52326874857019,158.8212731028291
749.9808527943,540.4424884778191,53.13708236770344,163.50796284303448
748.6384972142399,541.3737671406594,54.651872671834845,166.4534664182632
749.4170895769511,539.3925735969076,54.22801974163531,165.91940270375292
749.0029412925635,540.6152297229253,54.36073192378616,166.88751563166477
748.9786234657657,540.7150676820821,54.01103961899325,166.49450436337474
748.0139194007209,544.366307226588,54.30503659822823,167.43476312339203
747.2278880247177,547.8468114526772,53.725426711030906,172.99415510950067
745.6573544407447,544.1503542568905,53.59076708398639,174.4949625686899
745.3486244660298,546.5514634757615,55.08701939166292,178.2969813858475
744.4474650294608,544.4175928176267,54.775629748789704,174.91294080405444
745.2637079885957,548.5465173063751,55.06295301138839,173.67357154402032
743.6414707688119,547.9485743303032,54.777531760674925,174.10875780015516
743.8494553598781,547.1247090377233,54.99773147674932,170.6673628697289
743.716827968805,549.2016686837268,55.11777953530036,166.88939877260606
743.523361683131,549.6240675563171,54.84172644991414,164.55163088113179
742.5372377214045,553.4318429533556,53.58199128420942,166.76898429278032
742.8230905011287,555.4376182116939,54.106921150075095,170.48647989079234
742.4670188429131,553.3954868245253,52.859049770299876,167.31760976935266
743.2533661605654,557.609620575927,52.99021519980605,165.07661698838407
741.6641735938205,560.1715431191208,54.15555497572801,164.95958554333973
742.0111143730102,563.6269688135893,53.89129283960902,166.12793661683827
741.8186767646453,561.6885697378237,52.789828345637915,166.20709900191562
741.0441035957739,564.6709771542857,52.887246988451,166.09208202980156
741.7985479516465,563.791372058415,52.03185398119896,168.91832357240474
742.5096315202932,564.0686094331181,52.0724884351703,169.46214047243075
741.622691634743,565.1642395411227,51.476226800355846,169.56599914632972
741.9180954411645,564.4900748478899,51.28119817728244,169.01690168632243
742.4673361049946,565.9948295093354,49.77072860831478,169.73277877515778
743.8491393799727,566.6553339678865,49.688290886065516,171.35125704535835
745.2051109185517,564.0885202935584,51.16336520228732,170.37659834415598
745.6436888433866,565.7919926711724,53.515082688167595,169.93867203774795
747.6451878269909,563.433655852476,54.29413031774298,168.17769595784287
746.6067774852091,563.7258949358793,54.80449337645498,165.8814826690392
747.1683727689161,563.4205268514737,55.372195670319115,166.13004412168382
749.0831907440269,564.8750940159736,58.372810898683696,168.59400460188812
754.3242136315877,561.6256038645076,63.92293154455493,165.16451044004128
751.0101937293038,562.1377666574294,64.0810027977086,166.1304204339095
756.145878082403,561.1365305093432,67.14855581210752,163.46468211725988
752.4866492396969,560.7696877284668,65.76415554351911,161.66383867325527
756.7059595507739,559.9985446927155,66.27119016181764,158.97384776733986
753.8334241073768,561.2324545192803,63.998531449002996,157.02913740616629
756.6207621045346,563.7453504160824,62.63588936133154,157.05665828259723
760.151533671325,563.1113748409647,62.15204669046267,157.03822081416
760.303208971172,564.1818743814066,59.7876825557701,153.32561965075223
763.0759156218141,565.0839045706953,57.73105660495189,152.01260325641687
765.1749241477868,565.9639950753037,55.694549565121626,152.2702731821782
764.9716302800413,564.2285395281203,54.67671494972926,152.88805605461908
767.9689669829445,563.0966229073005,53.77473053922613,151.9993341014346
769.2541379195501,562.9248702660333,53.133955033407325,151.75117756442623
773.370827589573,565.3425675910851,52.652246587011575,155.4772744183161
774.9404350515173,565.6189792996299,52.66794304687779,158.63125947389068
777.56133434042,564.2697139608421,51.50428815091499,162.53931732219075
779.8083231366389,561.9570839355474,51.05535018129652,163.93572723044272
780.8550856140685,563.1266658799241,51.2980085818896,164.05336997315123
781.8618831561276,563.6148105902469,50.99006845080003,166.24013179870065
783.189280110856,562.0940509315463,51.81838414810463,167.13985798512704
785.566326890341,565.6336935008055,50.70264993483541,170.89833118339584
788.7394302808628,563.8078220882982,51.87982736623344,173.43449460442253
791.6757113067855,564.2674985825926,52.69667882907541,177.27513386738997
792.5847690912929,566.9147047591397,53.0231658584553,178.78888177317003
794.8990048944432,566.6339479769202,52.70727253534998,181.8740927306435
798.3120197696618,564.5556892983975,53.28530375359154,182.272760814347
800.6621355030438,566.9979627127307,52.7130430655158,185.63507754599385
802.8635928482196,566.0628363583991,52.46267018005888,185.37454247737648
804.864925228983,559.1813440967048,52.873384806712785,186.8071400129629
806.727044041647,562.7865704678816,52.83245473236359,180.64489504770552
809.3247161565383,561.9439243339248,52.56826627806537,179.372080340023
812.9579438331521,566.7791683014491,51.61375374694591,185.4813573153386
815.4477087840623,560.9054833844676,51.169714842996534,185.92346080154988
817.7380371931298,560.8694395495846,50.915514372965575,182.2295372086765
820.8301665192464,557.8388779463479,51.759244294756925,177.3024659766824
822.650247621856,561.409720518876,51.69189054494365,174.48275226448473
823.305080748212,559.830864471056,52.62451632360796,173.24008008008389
825.8579686659006,562.8915938416585,52.0134039500542,176.39138287365677
828.7281524841422,561.843343505873,52.236574001016834,176.23545487448683
831.1605439787755,563.3390288538053,51.63535069289611,176.47739341329577
833.1332288237012,564.3333593279621,50.837667267723766,177.40147953934337
836.9344849522312,564.2049923041723,48.69243298597817,176.96731351708866
839.2479996182122,570.7471643645446,48.32034789897255,177.9368186013973
841.007056360367,571.0866950221405,48.039294672460976,179.71113261875735
840.593091247382,566.1343476117115,47.941383251157724,177.87803042809077
842.2430228914658,568.4694619968697,47.83166819628585,177.67651994844988
842.7168122179303,561.6122129793808,47.91237355046752,175.0875018065122
843.3697292916353,567.3630455149826,49.2428963165997,170.56123160875507
844.717680019253,565.021832593399,50.48435175327491,171.8180073046019
844.5587499489253,566.5490389209258,50.479846209832445,169.60949160911508
844.9383437318643,569.1274825842324,50.181609545892,170.92452874954944
844.8653953529994,569.5420822277159,51.0192052866859,174.3254753401486
847.9995998325384,572.575187918973,51.17730664284609,174.56968052470486
849.5779387467136,574.7214463356701,51.02902045476726,176.46322179400886
849.7305646810305,573.2252271527701,51.80088838589309,175.16677442156
851.703666943219,577.8144819217589,52.10255551669431,175.7232215068474
852.2023047298824,579.4847495184197,54.193745381383295,179.2525403542757
852.2537111094925,578.3241342056687,54.189327488819615,174.98442596023372
854.1632414812357,583.4393325799588,54.47807175418451,175.64164199927464
855.3724098428611,586.3332575020588,54.82066381456739,180.05965868125793
855.6328204646459,585.2708345637593,54.41960657504987,180.6067380699087
856.5475899969467,583.9464223261642,54.342719708672945,178.86624340516545
859.1675283905997,586.6493937390755,53.6756247300664,179.00390123651448
860.7311368283756,587.7523733608546,53.26492026150103,180.27143976185846
862.4401549270812,590.3443527765488,53.31526265717614,179.35433538942374
863.1670995225206,589.3725364209361,53.32082839264948,179.86956039696287
865.183435060078,588.2209433532232,53.90955032787366,179.07576397004192
866.1046587610225,590.109976456186,54.69267721341324,178.57194635970046
869.0691911557807,588.5058404290717,55.268675180365754,178.6600850049379
870.0574119529804,591.1504443073422,53.52761427056825,179.802361233238
872.8712597066344,591.578150671064,52.775367460836364,179.17281337700646
874.2119605588741,590.7914448784203,51.9526055923135,177.08234141131902
874.1740523435509,594.6427254238032,51.211808600123376,179.394394155063
876.8202011852959,596.653983768427,51.856126937782506,183.34652905645248
875.5892461959093,595.674937647514,51.82737776044371,182.96430079993615
875.7333926903837,596.0372438611731,52.768213216197424,187.0263925139423
879.064800629358,599.1990905802955,53.472023286163996,183.32003677839884
878.9889546770878,601.4618041788276,52.33448995868105,186.95760171173777
881.8702982978799,606.1300243353197,51.60649426979039,191.6862669656175
880.1153793418781,606.1499772929715,52.50568890940658,194.88548432069337
881.0546101476571,609.0220870032641,52.87927905159367,202.1519531501761
882.4962409028469,605.7542238949242,52.46057383049512,208.52001051727353
880.5212141226327,596.3546604645124,54.45085872769127,210.53044950420986
880.5195841792176,591.6149007813883,55.12544288172051,202.19051097446976
879.8860229396945,596.9692128627619,55.716099509822506,195.43373303428191
882.4795916886216,602.5124888957748,55.70467083090184,195.98165398006387
881.1607967602205,597.2969617866696,56.358478378757866,189.1377910724546
882.7261310498682,603.8365264912716,55.65037102763381,186.36930658540115
881.1738442654771,602.8606945841761,57.63740095306903,187.95258318476954
884.0538469677755,604.0553545814772,56.978225098112134,189.80343283933308
886.2175407591226,603.841583343212,56.35466656384912,194.26770835258603
888.7545999858493,609.7582619063994,56.45300855666726,198.47242487446687
890.2913300553026,602.6353853400357,59.88068143511153,195.91673094145494
889.6983419348758,608.1698954313056,61.077797463992994,197.78396736882067
892.6188707057778,609.7498068638321,59.590492063027725,203.20367417654387
893.9080640978872,607.28958872347,59.02930524081641,198.90265420455336
895.8490963760122,611.7965783541343,58.78505092175307,199.09281585575832
896.883341199575,612.2209307827358,58.374731222488634,198.33621685078487
898.9404801947778,613.2379270099117,58.77982396535559,197.587224442133
901.038131957403,613.1956456749112,59.1073457626037,196.70264123282288
902.7167291482363,613.776972798147,58.671720028253866,195.27359258294092
906.3575365185283,616.4015597519542,57.93353153943485,196.52244794762794
906.835632751316,613.8028529359182,57.79190038255658,194.18810564855875
908.3297298652375,615.0497797050734,58.81073263701202,194.67894426049781
910.4421387183547,614.8210573670763,59.989361418169,195.03171071550972
911.9251400880659,612.2928225280485,61.02319871915185,195.1075312736529
911.8641395250014,612.8914782078359,62.39769623518663,194.76550307424054
913.7443649260947,614.3394548250385,62.3451227898366,194.1102616111711
916.1033667693202,616.6026550901892,61.952065700799885,198.31106293551846
915.4310815412401,618.8700441267185,63.21857306623818,202.54007580444159
917.1935216616974,616.4992301477308,63.272336388357296,204.17344234336034
919.1844483888324,618.0080493113198,64.24358230021889,207.4186028315396
922.0412230519561,620.759824640985,62.451175414986736,208.59903402874227
924.6277610743783,621.1766549392416,60.953070326915565,209.65511500522166
924.2708969746361,620.3841654388629,61.8115696340609,210.05638431306528
927.9350508174728,621.6843864076466,61.098925402259034,213.30813615167494
928.735434240551,621.9508334715488,62.62049299922675,215.3770214236023
927.8359750952193,617.238851719821,63.42434137159671,214.6522456622697
927.4517979023021,617.764947417764,64.5701818679796,213.1630598479059
928.6318515157084,615.9465959649939,64.1659844716851,209.60402220699058
931.8463847044084,614.655718515669,62.676293685483444,208.0704100190424
931.1261981598554,615.2287044248027,61.77563258765193,206.24652663504645
932.7306604690613,612.3391337567057,61.170156919465995,202.48183920985383
934.1098926030526,613.0730997455698,61.3329973295653,203.27924610548916
934.2983936132882,614.8742607488607,61.90660450857041,199.81421277087236
934.8817959349138,613.2148639743987,62.068621648529785,198.09218340405812
935.0298126590585,615.6289438506847,62.64105420570872,194.5740767881873
935.577802760595,619.3895289833237,63.10116836513126,197.7473144830843
937.0826658689666,618.0362457186857,62.49263366459432,200.88579012557972
938.8592570314911,617.7791786330142,63.65876374500762,203.08172745135818
940.7271470854743,620.4047802525895,62.55706521599667,206.0049170673907
941.8447208310797,619.6195984877052,61.33995399028983,204.08637977004366
943.348259525129,619.0630759990781,59.810166502325586,205.42429542059813
944.7525881372322,620.091664845002,58.58415654769992,204.8103382094916
945.6049487014694,621.0143849570582,58.26442026993257,206.29086060366743
946.3079075544742,621.3774716440694,59.26553910893686,206.27983432254678
947.152390778786,622.2060484434764,60.58801888789917,206.50534190990405
945.526325913152,620.6867200198783,62.066253396837915,207.63282724435254
946.8931260393709,619.3032914671287,61.90923164931996,207.40756011986255
947.7983306865979,621.0785705647753,61.00282261925381,208.90675448919347
949.3005108225634,616.3239038992357,60.67357475663534,207.31607156157293
948.1540333067004,613.7383604825962,61.551445562685416,204.1632902089571
949.2501292836687,610.8717524284217,61.75508207944739,203.56151408716528
947.4751464799396,607.2091359236017,63.241215866176255,201.59010711561052
946.4628829440632,608.1264223383578,64.27843115220404,204.70139197481376
948.7876689390689,605.1140982003775,64.5569848379174,205.33373886926475
948.2220477139886,603.98338362857,64.95801842747555,205.02790223840205
947.1495163398316,604.2119885329015,65.35765073608927,204.7114093995377
949.7352995697814,602.6432633017112,65.46948839535563,205.51234845053668
950.2525793771622,602.5383424839983,66.26811172015911,208.53435384258302
949.6551218789568,599.6778590822332,66.99785531075109,209.60917965135332
950.5743036059048,598.7752238373329,65.80809236359467,210.52586359365773
951.1281946845374,596.8669908160632,66.00939057402044,210.4049711133509
950.28896331328,595.9134445243307,65.2176871182038,209.34212912652723
949.6786410860727,593.7626498475969,66.0369388860762,209.14344914752297
949.4351341242348,591.4527285111433,65.8161874783066,208.9148439990544
949.0818441359177,590.925241766277,65.6854572678978,208.15461364814888
950.1091665914772,590.3466467259127,65.53701750693224,207.0874436936979
949.7589437050951,587.8087574203001,65.30243423177403,203.36053323348048
952.1435429327671,587.5458382195131,64.16031393350909,199.6635581252155
951.946315119142,587.1316775797055,63.92624984999655,196.8412479690225
956.400809544206,587.8503090278044,60.96672795411912,193.67921123045926
956.5740222569967,591.0879395587364,60.43266867383307,193.24471316187064
957.6180793756888,591.1593817356948,59.66758497413255,194.7661860567348
958.8226726150461,591.8875792935223,59.51602340515902,197.25987284882245
958.9599707951803,593.1266657231923,59.035308710870794,197.8001745701011
962.4440494453262,592.3166022862723,59.12388037121155,199.70466492708968
960.9041902502532,592.0220808078946,60.00990866051349,200.23892282379904
962.3234777286435,594.3218410758981,58.93627581228972,200.35348277771823
963.5301292913201,593.9700522141642,58.788842344890426,200.91216647103866
963.5131663411446,591.253443683319,59.916768213555336,201.40220736567477
964.3979281536828,589.8470003054877,61.66291181423757,200.95687033952032
965.0125688082095,586.8870105238022,61.03604439093901,199.6136113056346
965.4855892013376,587.1907274253745,61.03352167142005,199.82110425727825
965.4625805880004,584.3019050360386,61.511594166648386,198.61682320823633
962.9590572531081,581.4525068895459,63.912125143330556,198.74284934855865
967.0682564169023,579.7324951278026,63.97283983583853,198.83909106333164
963.4479572311269,577.0841718350566,65.22223187972064,198.16293821749548
962.5433535136524,572.3872916419646,66.01218944063322,196.6566129606868
960.2710589630624,572.0976853382549,67.8075541418191,199.58041062371205
962.84662214717,568.5559126299668,68.53034918529391,199.6119491998694
961.2599640916696,567.9619778559553,69.02638893841849,200.37806919310634
962.2887192226802,568.3262544468388,68.29379103316244,201.2029099739254
963.5774826471505,569.1727132026593,68.57797110816182,202.32970954202685
964.0087482280222,571.7020644731633,68.12409368664811,203.7902895157304
964.9838822973439,573.3587717410803,68.55634499751031,205.36294143617238
965.6932072839243,578.1474022661448,68.94985380204508,206.5123741512333
963.1091509050179,578.1377769309767,69.36523023380632,208.1120425435732
964.5534272652967,578.1351201287042,69.34230614284851,208.7319833095719
965.2242178969349,575.9452407950323,69.43904791419362,207.88908818533224
968.2245236956927,578.898539206835,70.68873608098718,211.2175689092175
967.0029105047287,579.4070836883369,69.16343533659708,210.21763513394347
966.9440182235528,579.6038028517786,67.63943375117707,212.81120320464055
969.5342071220302,574.2492863384329,66.71261544817878,206.7234882648052
969.3538865098833,578.1050877746654,67.0854794715767,204.52640425987704
970.3454025860847,578.3892935688614,67.9341349365476,200.60141740160984
972.3066564155782,581.5052654130047,67.46351730453169,201.39936551747314
973.1355235268815,582.2311273384473,66.23106667741584,201.71355211729247
975.261497849871,583.0277466816297,66.04586365526423,200.32237289953318
975.373869131342,584.3097013923411,65.28038492643086,200.4164069361617
975.5935797471852,586.9334777704812,64.3518687747365,202.2789197931794
977.0928477640623,588.5331273762756,64.09566073124736,202.9706187110104
977.0625838019221,589.3348201588975,64.68238283538834,203.91964236807013
978.6090549748532,591.3167243353186,65.3333724815092,204.70732796292145
977.6139500416566,592.5045633952425,66.58036752003245,205.03313216382492
978.2366480334655,595.1002668998424,65.0638456818208,208.0308107034541
980.5534794793537,595.932992263763,64.01796519410378,208.93197746934283
981.7907964672252,598.5241911507084,63.701622382751324,210.87652057149904
982.8829769234441,598.7096587733512,63.88263073542559,212.42973065566542
983.8244937309593,598.104748871079,64.32442885945588,211.15884525526735
984.4979221954751,596.4262693028054,63.876370425673684,206.16112401190696
986.9861923201752,597.1561828623559,63.98436846134315,205.13937072886938
986.762313155022,600.8310068491614,64.64634483915142,203.65053507657572
986.5591726642203,601.1125647953916,65.66865002894417,203.19615017143832
987.9282134241316,603.6293019060919,66.0461927834918,205.54972825045132
987.2904976827198,603.3245304362428,66.79824497893301,207.12815657210768
986.6291354060858,603.349631795452,68.1734343069732,207.3995506349981
990.3659381066843,603.362512128054,69.40134589024143,207.50085159667896
990.4463181167987,608.8749059151074,70.67562251237214,208.75338808460188
988.768906480717,610.3626395557526,71.79803262103329,211.51409666123874
990.1072825071238,610.5616065656508,71.47676630277358,213.7581913722774
990.0831700769393,614.2389891110952,72.17714377308488,215.92741396264017
989.4736192813272,614.1807474324094,73.1177430335741,216.32237032015712
991.4778422765729,616.446798752995,73.49847054261707,217.30196032991785
991.9617624450692,617.8396101807974,73.74282764374293,219.81490613105916
991.6678767597211,617.467830276791,74.2239175050304,220.08888453465175
991.8162761096426,618.0080815786098,74.21217234648918,221.10210331793257
992.4032287950101,621.0937304005658,75.18917723442202,221.48545056786838
991.3852890332083,617.5794259913122,75.85388152255268,220.73036809093023
991.0938376371735,615.7550324185473,75.30177173406258,217.75021596740868
991.5118832625133,613.4149684920436,76.32949466688922,209.19432545923752
994.0181887648287,614.8567354501724,75.30182778458632,206.7921203519968
993.630155933058,614.7025935284839,75.37171614145872,203.9759680133169
995.0098492855489,616.802645884484,74.30747500519469,205.79015975780436
997.1393828284754,616.381362037774,72.42919227762599,207.77357975983494
997.8703595384202,616.6239635140656,72.32361958710399,210.52244903660417
997.4172709758583,617.8352934215236,72.74151815398062,212.17951049004938
999.2491480847289,618.5512300502568,70.69966399281168,212.79147605336516
1000.6400220283621,619.331877300761,70.63193192541743,215.36201229255613
1002.207881238698,619.2524672515235,72.11080330070244,219.55851821083542
1002.7603961584032,619.3875478407501,72.15858464857905,220.55663560688023
1002.2825745744503,618.1983910720255,72.86976089239118,221.25799458334984
1001.7320204779459,621.4655529152703,72.67914324942953,223.49034959213412
1003.8933900035211,619.9419765445327,72.91997840818692,223.4083093367036
1005.0839242738554,619.673154922815,73.51424549973062,222.8711774551321
1005.9992870173572,620.5398616927987,73.48544429734497,225.34298621303753
1008.0315661443651,617.7353874727355,72.75928335457918,226.0448326281577
1007.2735465323542,614.9870820740218,73.09178324782454,223.65659436274962
1008.0361481659859,613.7950595935291,74.48599522916639,222.19613222624304
1008.6844086065058,611.423663457838,74.14563165484404,222.0702322188517
1010.0687836161998,612.5850722800326,73.6364464480146,222.075301188578
1011.3974424075841,610.4272987110704,73.23217223057094,220.26660557427263
1010.281620341711,610.9666295323765,75.0566393952582,218.17737555818871
1011.8690297898676,612.2058447583142,75.01721982382892,222.50718758145476
1013.43208408348,609.817280890348,75.8679950937404,222.2857812850493
1011.4358384798023,613.2517711549976,77.9580277815929,225.63929881144142
1011.1435594991825,613.9002333094668,79.55284437987504,229.26308432439177
1013.4158779194586,613.6742733306752,79.14564131808905,230.33796995890796
1013.4798201150674,615.7466766766006,79.50626793552806,232.49242900276576
1013.8293258439228,617.0824595163456,80.19395975911044,235.0440152862617
1012.8749100391549,619.7911338794331,80.88191509153751,236.56903217697118
1012.8404166481525,618.7487938380236,82.59914717360653,239.7306738890984
1011.2358331505629,622.5642582847005,83.70119373807661,241.70515495950875
1011.6070322297121,623.5068996823122,83.8082554547874,245.85363197030705
1011.921276183609,623.2811411502856,83.57293884537879,248.54285402426848
1011.6733146833405,624.8568144587792,84.83944809226796,251.07950255753053
1011.5342883458856,622.1683158469524,85.14412142722252,247.81692733790968
1014.5263858938799,621.7666181527641,83.79625735429826,243.4127825549665
1014.4259173820519,622.8139072209901,83.03624779510358,235.67560576773428
1017.0185631210567,624.1277666365462,81.17165836289527,232.85019041586912
1018.1544111221328,631.0874808579024,79.71001276243355,238.70689123845767
1019.7455543894011,629.3063022371807,78.68048961782323,240.9462577466152
1020.3271320469645,633.1886833343524,79.68633910810544,239.51923689558873
1021.5660202033873,632.9006933809897,79.48306056820323,238.5148967429136
1022.0797473505316,638.8603252833402,79.26699369763188,240.76647443340445
1023.9541677732772,639.5480971643434,80.65047347548875,244.91975278743053
1024.254113445811,639.8486307979884,82.7946060022735,250.73594595897356
1025.7731549631585,642.6114099223706,82.45120337355976,252.70757160298993
1024.2324167163176,649.4978956191663,81.50415498589976,253.7557603151538
1024.9711167940343,655.9528166361584,81.12415017769203,253.7984120494357
1028.2720939202786,653.7271146361386,80.56300946231369,254.8662518759914
1029.7697693127059,656.1951757565876,80.62066591361182,257.6316221417548
1027.4505404084225,661.0544664412598,80.43841723872146,259.1525957697382
1030.5794743489355,659.1150058188307,80.16361048570965,257.8856277806867
1031.7044948987475,663.2663947084484,81.2328746346949,256.75153124522245
1031.2863835258806,666.2017799422922,81.00361925829577,255.24981935718927
1031.6324749998444,666.7618307794451,81.86778194048648,255.29833347823464
1030.1816601294447,669.6627488204858,84.13856080439803,258.43162104325694
1030.42744566922,670.2804291996199,85.41956272696945,258.03970910345595
1028.8629177467435,675.1273066398054,87.54107396091764,260.0161429998925
1028.8028761329376,676.0259519187798,89.03045658780431,260.77630528363346
1028.8354273355035,677.7159366356439,90.07726759264348,264.2032850804255
1027.591549295966,677.9469600320924,92.70770338204574,267.1607960327045
1026.2091493769292,678.4815603029745,94.64730482364403,270.5464241185157
1026.034964109169,682.1282677088758,96.95609906232377,273.52087331044527
1024.0480724874928,682.9427771809005,98.7846524643887,275.65147380652525
1025.7133696364463,680.9020674215648,99.98895645276795,277.8500216460079
1021.9992207011844,681.3340957427588,102.44696357159916,278.5174242665537
1020.2480614388338,680.0320889602101,105.10077992076303,277.42477037519507
1021.577258246124,679.11567875346,105.40845880080238,277.3001729154311
1023.944170247762,677.6000781106493,103.80970800332437,282.90639707130947
1023.9751856488631,674.7038745408237,102.21392946475237,284.3503888562784
1023.5968299828647,668.6151486903881,103.63106702879514,283.3387476848023
1022.9659509464708,661.4878867391507,99.90740077539402,273.0359346443481
1027.0203185148282,655.4692815993529,96.76599197316338,263.85600678414244
1028.038220617098,656.5979990020112,92.71497737946363,260.1266257524416
1029.8362885349184,652.909508345802,90.80076994648564,256.4474179720593
1031.3944760746706,650.4003765395378,88.58025725846676,256.2454950860659
1031.708830259181,646.0307789521278,87.93574531687143,256.45656810490726
1033.8413838851015,643.7935692111232,87.28094826162757,256.22731449547445
1033.488167149073,638.4143650652748,87.89256122834914,256.36729635246513
1032.7051398092692,636.3154477201491,87.44136704301206,252.82106426620058
1035.3040967946213,635.6471779754357,84.90675073704358,252.30693491612334
1035.844221997518,631.5268342718668,83.44256029498638,251.77466608395696
1037.6990281588562,626.3112862070727,81.27444411667514,252.55514705085176
1038.0976124395077,625.3507193753932,80.76833312240731,252.16386957002345
1039.861053587524,615.9029583155611,80.43867351171522,251.30262498914965
1039.5479597402057,617.6148027023003,80.62039649468709,248.8201431447705
1041.0525698240167,610.1433962900925,80.88065692421124,243.69166226312342
1041.442022304802,607.4000362527626,81.01689315543578,242.98544687604732
1041.427637914542,600.7408209371914,80.52889654908665,239.30611265376848
1041.302955195234,596.5638906301702,80.72831081788942,234.39460837991084
1041.5080352703567,594.8394601145654,80.2675063485352,227.62684780602913
1042.063223802177,589.9921437324081,79.8770752658175,222.22669353698478
1044.249968627446,584.0108843280569,79.83736827013837,219.235604086668
1044.1170074401625,585.3776263509984,81.36839654830376,216.2084192979234
1044.485110648516,583.7885215135159,81.51254204900525,213.49614167950608
1044.255846635246,580.04960159242,82.45988138745801,212.35830159800082
1046.5615776524623,581.4239001479305,82.53597945520528,211.63862282045687
1048.2894508802772,580.8305848563426,85.07765028661319,211.58496701367156
1047.969351233304,579.0954360390454,84.72582033966367,211.90718665217767
1047.9723970657553,578.9197341862532,84.57736798042443,210.00906859510627
1050.5639895326046,579.2703605426193,84.97557831554224,212.1695568918168
1050.9690170414947,574.1649975790531,83.11874671690614,211.2372149673273
1053.1835704132118,572.7411162438233,83.85863520661597,212.1392320029832
1054.940987285131,570.7912758985244,82.71261331523131,209.50963828815037
1057.267166894563,565.1482140370318,79.3140829964941,206.89657749031056
1059.3161517977665,564.631716367724,76.1592384627308,203.14344002404664
1060.792517062015,560.1254008052325,75.18075323400205,200.73362186157422
1064.9401967351707,557.4362526801795,71.80474023124397,197.35053478241224
1068.3831716791217,554.5221650488506,70.06340716514299,198.05177804627763
1073.7366345999449,552.0036222964445,66.94792441750933,198.80566270059563
1074.6819829442384,552.4156366789507,67.19568299813956,200.18588069040985
1075.6259120524344,550.9747585610253,67.46343320887638,199.41463382616178
1079.678169416133,548.5197352050207,66.52305937962306,200.71043169318546
1081.9547250829344,548.7761885716222,68.15720364167589,199.42440039360497
1083.4910936671195,548.7740680488396,70.59085920914876,196.48314895969492
1084.1641860515779,549.238965779005,71.0794684852245,195.70958746259595
1084.3771202120083,550.9313960591702,72.48872342080948,193.89474325109018
1086.0719870649637,548.8513443008936,74.85936382143554,192.17279535559305
1086.3867170565052,546.936749445415,74.59653363739787,193.7935988368643
1088.1305980072875,544.7892324757172,76.88485701671935,194.15321128603193
1088.8617646559853,542.6772139640418,76.43035880965235,193.30056046428768
1089.600498625473,544.8569538310292,75.89304477588894,192.13724333517922
1092.9013546457857,543.5540929950924,74.5730029671189,190.50018599308277
1095.5424417851216,539.2268987713585,72.34641288838006,190.5250152489977
1099.2555964820601,534.6798250302802,71.54706712892649,190.04822257040607
1102.5331509114483,534.8934901563725,70.17432734893447,188.21822803080897
1104.8719529599134,529.6896475982701,69.1119685681439,189.2959248507629
1107.7828210146279,532.2664594818459,69.89939101121087,188.27997167990605
1106.8113123995872,530.0674069981719,70.19529921253458,187.45139065992456
1109.3071473980015,526.4579556417118,70.17149834421187,188.78106550144292
1110.1709192051294,524.2682172751839,70.39801925577163,191.57714455717397
1112.2230972567083,521.2882726497485,70.58523711062165,192.461802429798
1114.210854466359,519.4152243293669,71.65958578170967,194.3196307108315
1115.1720332753823,515.9172084257381,70.38938686236284,196.28232406266346
1119.0512492016476,513.8326520599347,72.05811842288676,194.47582073282496
1119.4653941197269,510.29617834478813,71.22295612192246,194.25197930317563
1122.2003191324798,510.3002027671605,69.5616181642653,194.64097468563972
1124.864729983083,505.45651223817293,69.30591290700019,192.2176891737173
1127.4491736366253,499.45272788128193,70.50295283312258,192.2590899217808
1127.955263200244,498.1765661603538,68.4962184131536,192.6533137558713
1131.7050538596,491.26580063893925,68.37763448657707,190.0799623680125
1134.7280149950402,485.93020506846017,67.17420666308061,187.6742255312849
1137.0268166999276,482.08172499848604,66.85932129827239,188.32441955256215
1141.4040948878232,482.9613003964697,66.75329902871651,191.94193370018633
1145.453843474698,485.249304982614,66.28216412238605,194.189270083671
1145.144207196522,478.4380928930251,65.96244553565643,195.99872569611284
1148.716856588697,477.8568562389911,67.34943673885007,197.68955490468807
1151.4618752949461,476.39800921551387,67.70815492966904,197.6830910718188
1153.2644979161262,477.6766386424716,68.3101290972503,198.43496603577236
1154.3481492294811,479.2221280424719,70.5762854711349,197.2659919873217
1153.2044649795582,483.465355236386,72.04971466997804,195.2437751297927
1151.4615513404358,484.0412220726386,73.19279009310478,194.86552766012653
1147.3861831261506,486.76727470141765,73.53073373472279,193.87615812128126
1141.9965219557448,479.7045881794217,74.01815345016718,195.72342658389664
1132.9393534032465,483.84787223157986,73.02271035577306,194.1800501943923
1125.8783720855192,479.85044288481237,72.63842156005097,193.8348086348727
1113.1851893377466,477.34756184325266,73.15423755285812,193.6620561260332
1098.464859870492,476.9031761342296,73.21841093114847,193.73928695094588
1084.3221829252136,477.4626442586458,73.08378229484077,192.0216429304357
1071.1366406507368,475.64008832819246,72.0992982695511,188.7879203041172
1056.7235165006273,470.55106066750614,72.1135937470093,187.43660036513756
1045.9969061002193,472.55260145227277,71.98133860591405,186.8763530831419
1037.182775048735,471.04060781675275,71.03189437514116,185.47762370577243
1030.1732640555142,470.8698208741058,70.81046421823476,187.5097530011405
1023.3201440568091,471.0534195368037,71.70161011240495,187.25040968816927
1019.4189180600113,469.3619426379206,73.04694329406448,189.38966739780247
1016.7860562600317,468.5973473055112,74.47209215687602,192.30234371321376
1012.0742302991487,473.37532144263525,74.0948058184171,193.1601882210325
1012.3099503137137,474.4679883395936,73.22224863376141,193.63765785513652
1011.6796721080107,468.018604537275,72.65857305344709,195.52553946834217
1012.5602391095598,472.029351661625,72.75535909717448,195.5506749712776
1011.6448608447521,472.5640539681469,71.99586600048146,198.30222541285673
1013.3310686179999,470.0563410998087,70.8325476119268,198.16973016031767
1014.7340663874331,469.72399299105257,70.73702543416489,197.80609760456926
1013.5307960667106,469.94871910585175,71.78025367829255,196.9507085646656
1016.6035467873876,469.57259413874436,68.96977614919697,196.47962015236328
1018.7947674261875,469.16994319137825,67.82087732205714,195.96181475791735
1019.5455318511745,469.6575644590867,67.00205810187427,194.3680672962288
1022.1559636837017,468.86669451404845,65.77032993031027,194.44294718634788
1023.0521271929398,474.6712702178954,65.00436352657594,189.71956998241586
1024.9946910284266,472.81117469832856,65.40567516898213,191.94297125277953
1025.7019947105414,472.64242084107445,67.73018101670374,195.25792596455176
1027.0824723654005,473.90643677635467,69.89125334545383,196.66755452309434
1027.8650319850697,469.9866078175767,71.22554565181733,197.32864301117104
1029.8556273500494,474.68239637562056,71.23718361218548,198.39624794815882
1030.2636758478684,472.68956911592,73.11550313677658,200.53978117867536
1032.6672483262355,476.36849735743965,72.71251013910035,201.23486889713078
1031.778255965144,473.27786924838625,72.5474192567412,205.16699326581633
1033.61639013135,471.9092189123777,72.01643870334416,208.02524146453993
1033.8916954511917,479.18679474893804,71.84325260719501,204.4868489812314
1034.6287037814077,476.6780421425291,71.86113333025617,205.15765481297788
1033.9951149857459,477.02368074511116,73.2820007511854,204.3493748194325
1035.2186824742128,475.7008593738823,72.62845509597376,203.79507564188833
1035.3546135542474,479.6311299016992,73.10760482304411,202.89908699826134
1034.4164489139978,479.9368062020982,74.18145487693786,202.77645962111342
1033.9602359211672,482.26200061698864,73.87971001602125,200.38936619866197
1036.0836539931818,477.1459776410914,74.88652638350287,202.1191004728465
1033.652882984303,472.56960232918834,73.50179395183298,207.07819267608104
1037.473881095961,474.3437332396369,71.22572265888645,212.05570220248586
1035.857045365049,481.9019212889137,71.80290224847317,210.6968792935021
1036.1425697564116,475.83178766327194,71.97239981574032,217.81128003785554
1035.4821269484896,474.5329226385382,73.39750056329028,220.9087979245115
1036.0322306257865,477.17102018391995,72.6744217495524,222.72963694092323
1034.6150343769211,481.7104499824369,73.76985134700195,222.00414486167432
1036.494432245039,480.64441085845226,74.19151498373861,223.02090987407476
1036.4093474948668,478.2410552411275,74.5263426272582,227.40117458180873
1036.7286516258446,481.3711822988088,75.97526108608376,227.69695845220616
1033.4473035776366,481.7998779787298,78.77990048872272,228.3725366175338
1034.8196427878524,480.53697620017414,78.26536997583824,229.22173275157243
1032.8729519362053,483.24451591763426,78.89299142698,230.0843625948511
1032.6333989907255,480.1086676136738,78.83787226855156,226.80921721527255
1033.1966463066565,475.53565180066107,79.47728692808056,224.76082225844704
1030.2328498254874,480.5643321599228,78.8039324740457,223.9292906611225
1031.2157716042966,483.94770165391503,76.200411866881,223.5046276639853
1032.7852658865702,482.18188651678344,74.87243296650021,225.05923943663686
1033.2775763398988,484.2767129590221,75.3288923825541,224.0621235304656
1033.6405534682879,482.21082281217116,76.6389167999892,225.24255967480917
1033.6203181672868,485.18470625136024,76.1945695768381,224.66011357692673
1033.432868997711,486.9656767657725,75.75024245747704,225.32674626689703
1034.6198886272764,487.733380127658,75.81052506062011,226.86390814496932
1033.926000323668,486.9316209707847,77.46474098078232,227.8847797441361
1035.2459781787747,490.0966235937346,77.33615201781465,229.271259140418
1036.7256407312896,492.1966608896392,78.39932255674165,229.5882132738351
1036.4052256258947,497.5144996838492,76.07325485451997,226.58341464121025
1037.453547175637,494.5611787777998,75.9698777361518,231.43865837667687
1038.655217575357,496.53050852054,75.86577217470759,231.05693077921572
1037.4604442518582,494.6680334194208,75.16963440708332,232.14294521852543
1038.369350944554,495.1476534839975,75.68947529833255,230.04454003555293
1038.2705726738805,497.2167897023178,77.16913225258745,228.8699082658827
1038.940101547345,493.71793478915436,76.96461817874535,228.5002866865862
1038.6468828700965,492.54930601537137,79.2386244320537,225.01823385962757
1035.994647140497,493.3689037531186,82.21458976382185,227.74645915404432
1034.7953275856748,496.87149136713117,81.27189275292181,224.56256538070056
1034.4986814979584,497.563973089081,80.103412466989,227.22131676292508
1033.409871390916,496.38260156049097,79.93947806464412,230.5613798833573
1035.653062573247,493.5147597322832,80.274359230659,234.55525674033612
1032.1490645538452,496.4095560570539,80.07215778642917,235.89735136633504
1033.084043066131,499.1150628618616,79.49675135382634,236.36127612530748
1032.8541641715947,505.20256946047937,80.25267481832795,236.25611243921145
1031.351000907927,505.54904952060286,80.82706974654191,236.5466092193418
1029.7060682317126,506.2381938787632,81.89983573867475,240.8453058885615
1028.8125100844143,504.68190337579273,83.33322389423407,245.5738130586366
1028.8026239452809,505.15502540678676,82.2993236556841,246.34478515918528
1028.9624051108108,506.3756796470228,82.55123716136099,247.53705872239794
1025.6513444096604,505.270965544936,82.64259698135527,244.54780024432407
1025.1861261287597,509.3594093742563,83.86091993327415,243.51430967667164
1025.542427031362,509.77198444897783,82.96270341964768,240.3811228569345
1025.6131560199747,509.3697332086886,82.81137785421633,239.53368274031834
1023.6965453689135,509.9091982771522,83.54668223353778,240.52842997399392
1025.7871992653468,507.39151970580815,83.52214084457884,240.5910089424949
1022.1295702445692,506.1659250806032,83.50092893986917,244.5308101511803
1025.4272878314016,505.6363812717841,82.1976542496458,244.00316395788008
1026.0028803606733,503.5992102537838,83.0463253799606,244.25423965023174
1025.8599198219274,504.1713408621204,83.62107900154018,244.60582286544434
1025.6130383720497,499.5853984148427,83.11420213357803,247.93429839648692
1026.4321276920382,498.9697027357344,85.0786451845099,253.54291584689065
1026.1035949735758,498.80041561541896,86.0292892930286,253.59229039344547
1025.906197230916,499.88857551333024,87.0493057694468,252.42355475463043
1025.9036866017607,500.9088036413526,86.8198338519737,252.74998524989357
1026.6474632252036,502.0200520661074,85.59485465123797,252.6219684160946
1027.234022331099,502.817267927182,84.65645744473304,251.43361988263933
1028.8505281053244,496.3545919984302,82.4038399381036,252.31955756071997
1026.6876190592586,499.75602657529794,82.78881549316418,246.13411840941814
1027.4968069912647,504.30301465817695,82.97668307698044,242.36191924735638
1026.974628439209,506.4690881316435,83.61059617780315,242.35243806050312
1026.4034048200429,504.4764496597162,83.16557793965866,243.66135651582516
1026.8393256099369,507.48752198493844,82.09471088638423,240.25059090114271
1028.131507286186,513.1076529098266,82.076441941706,238.7875144397084
1027.5567640323543,514.1743097392797,82.86991138551792,238.57274704566524
1025.2541171032965,520.0719632778823,83.96661694798075,238.3779017956328
1025.3552403644958,523.0700827234424,83.99050267141652,241.61463249047208
1023.8494695849791,524.628667673532,85.37503381105338,244.96798327591299
1023.9255726363627,533.9374050583588,84.32101117438957,249.69346950672968
1023.5396626451859,538.1825871651896,85.71864256720289,251.42129758520787
1022.5855697542011,540.8684770716591,87.69309208016364,253.25086039644918
1018.4412900290209,545.6810233198373,88.64733771848003,252.85197816616244
1022.103711831651,545.8750035914187,90.71171022067801,249.6155405391159
1019.8617111960764,553.9283171906374,88.0300585023532,249.07379937025058
1019.4570753027925,554.4575953408223,87.08542237616142,247.01931119178178
1022.6396018304494,553.8493848880664,83.19657314170334,247.63303856075052
1023.7127774789111,557.9034869046537,81.05934428091159,244.91950299948502
1016.7606649749829,555.355376863205,80.69558861703061,244.11634055422576
1022.0491545468868,555.0268648246174,78.36039544450313,239.14951140897858
1023.5994454965286,554.1913383627054,76.0285799639635,235.51232902942235
1022.279436576732,557.8222005702858,75.21725174491169,232.0073171661544
1025.9980871169782,559.7252507222091,72.8066729697042,234.18532638029848
1024.9391361695014,557.6655183675334,71.35985006312305,232.23247097556938
1026.8739415638488,562.2995194986408,70.13483273682549,233.90205864941257
1028.6050928546038,560.4076293928326,69.255396611267,233.0863357702441
1029.7776822912376,564.2903977218216,67.445360065288,234.05389040019332
1027.1216100690347,561.0748719772637,68.90159152526094,232.30609451846988
1026.914737221178,565.0985782616605,69.63528875528651,234.0684709691218
1026.977215554422,564.1887048700704,70.26343026392183,233.0028613833424
1027.111338651217,565.8011233093242,70.5447502121506,232.96671866511855
1027.6308070396801,566.1818224361854,72.04023957272781,231.37828279030435
1030.024051648579,568.1846956307173,71.33271046788357,230.06085309085665
1028.2839548789075,571.4935112820023,71.94209128632079,233.17328433112976
1028.4864764869087,568.5556494688369,72.30222426030983,232.20183124101484
1030.642871975088,569.6359598009244,71.04923707822705,228.3424791521023
1032.4511086109524,569.0770997572927,70.38787379265455,226.27340456251488
1033.2728726726023,567.5935047729282,69.7657080695423,224.43363803705827
1032.4888650818878,570.185661384467,70.8972509481301,223.55975364647594
1032.637504732893,569.2940641649027,70.54125855374474,222.32535183245
1035.2802056440883,572.0802506594576,69.61352966523151,226.5513744067422
1033.9050650048114,569.5955775435538,69.36432703731731,226.4997798568499
1036.2224362525387,567.8932166223176,69.99581088254487,224.7424061776386
1037.3416749816813,571.8173495374411,69.8046265239074,225.4519238714061
1036.2265010059552,572.9451469018036,69.10203552197157,225.96985206016166
1036.8440644937389,578.7504797228422,71.55234383157914,230.27053703618645
1037.4551226646126,580.6745093981085,72.02180688238437,233.98007998472582
1040.4974487081413,579.5655749593476,72.68560700728932,235.18172716132761
1040.0501135983498,579.8072674200928,75.94693832057665,235.8829683544327
1039.6133807294366,583.7548888985523,77.17041434511401,240.0286894460447
1038.0996015934197,583.4990473989516,75.78618903999188,239.17312620271713
1039.7612758511352,588.5611803640957,73.03353421991503,244.0179433829934
1040.9641759995263,585.7947134529735,70.33592339758799,242.9847391702404
