755.5,284.5,201,637
772.3748044828267,291.3589451871288,184.88633507147944,654.810455308804
766.3594887552655,301.9219587555607,177.61115827971486,653.5998466218468
773.8339465153806,294.4694186939075,173.42151423633186,666.1957089655652
776.170174819433,292.32811489797814,167.48994592682936,668.2493921213338
779.419922353509,284.2595225668524,163.2787285991286,687.3865123441367
776.5190311438326,275.2704768205076,161.15759980297236,688.3400843464958
779.5240806704664,281.5711140899864,161.8165977562652,682.8360654810713
776.4673043367188,288.4134455967129,163.6626169735511,676.30063583581
775.1282605147078,280.36590222704194,164.52290890193694,668.3978710694412
775.8788608742381,278.75463667793986,163.52412417100427,661.6370402764212
768.8553278938508,294.8755163521809,166.83274941091238,655.8583260761001
776.3073407923325,280.94886080656966,162.10932946477297,663.1704937414809
772.5128174910392,286.81779649435975,158.6693229559197,664.455062958054
775.1353397329818,290.90533010566674,162.90582361887442,661.6365318557303
773.4332921833353,285.1711855542708,162.41911515958304,666.3775373700919
777.2013155298798,289.0337361945568,162.5076954862858,664.113970517685
775.2645617605663,283.307047422587,160.10004081702039,665.3690106502696
775.2861223525604,276.52200126036246,162.86036706134135,664.8161338195807
776.5133620700748,287.1999515064727,161.90780421360515,673.2426379323844
775.3171047854942,280.47283664521694,160.17398932235776,667.0523422326582
778.0505930371739,290.87274013009426,160.79412476869095,675.3402384362287
775.0447395546091,276.99855359346896,160.68688930862288,667.6047434693767
776.0297675611107,291.6913514720402,162.14807947811585,671.7701657258215
773.6875191103528,288.754544057835,165.34484762147846,656.3337997201415
782.4753191198142,282.1210759867189,158.97129013768722,661.9029750431698
778.985840127457,297.3838009526162,155.4545257626356,665.341116801354
777.7464551951083,275.64036595222825,161.6555337420711,667.0736071127877
778.6026869887303,283.6474152597683,156.73516168461435,676.344484159797
781.3582966862682,284.0794633507247,156.57204034500194,680.0625428343526
774.2079196140578,293.37580752129946,157.97415468960872,671.9679040468246
774.6369655795,300.0615985014968,160.10844282095732,665.4642451433666
770.5257037314697,289.1109442353176,164.54700071109397,666.3801749951039
774.9030484974538,285.0260313797803,161.46964356956232,675.9486722060117
770.8024663439242,268.137132502456,163.3599170825438,671.1349012185569
769.480310510079,288.05812836997677,166.8429010877066,660.925879353515
772.3910387945566,286.44504218741815,166.21041497980514,676.5764349250653
770.1046133330689,292.2708434384739,168.18705811919205,670.5015706781098
775.3384512618113,282.0767691426628,164.51307828603979,668.7060174998126
766.2430203078474,278.14888810948094,164.76492214049472,682.3645262482153
774.5072254439966,267.03922042548334,164.90395428534458,695.8489249879781
768.4369882197985,290.1583172678859,163.18873929166122,680.699436948242
776.1045577027106,281.4652722462923,165.12572572645496,674.2565420943014
773.2532548101034,284.3595624755553,161.65983809400842,666.6004452705195
773.7640139893809,270.8284644805288,160.7747110695994,676.9024239256358
774.2368881976523,276.7725868003227,161.28713571305872,680.6812019374817
779.5296395990437,274.36934662706045,163.2664578556117,686.243340942413
778.8255184092284,286.3188074800669,165.0124653325426,689.0314671786145
775.9073175711997,281.02111374378364,165.70759131136765,680.4692295246205
775.5860608609327,281.11696471851064,165.71403514194398,682.8728454925099
779.4654121265096,275.8283474523588,167.77785560714642,685.0850939518807
780.9788678796984,283.91716178417425,166.0413844105288,672.6830771219959
774.4138262544041,286.0251313600587,170.6896944886579,665.919210727478
783.7065544557278,269.7553634137845,166.10161723651143,678.8661099200394
778.0874315644835,266.4682335171244,166.98428682100126,674.8578470770449
787.8171853134162,287.73653697924505,165.46047395495273,676.9579767598208
778.4183350299332,280.43982047787915,168.8285080985109,658.6519588142185
782.693993766215,271.9092481574688,163.78124677787005,660.0897031358143
786.2508458353493,283.5517976720232,165.7724157442707,659.1128092110814
783.7721664146245,268.6929318712723,167.9859147123385,652.4435739963856
779.5971924737155,295.3597211005802,174.84276015663679,650.7481495605151
780.3150722337523,272.04860464766375,176.45931322346834,654.9608557946187
779.971236942477,275.23532047796357,179.2710557124928,657.8420731157364
779.9804864891858,284.2017608087031,181.20926928187868,650.3832163748556
775.7533056765067,290.55841453908494,193.63492158960798,639.4213473522371
774.0203595556833,300.9616384336312,205.92073626840698,633.9715563544634
761.5449372805394,307.8864870810778,223.60306834603603,628.6394439489181
747.9479910043791,314.5879253472333,251.3201940177468,623.5605554906012
731.776458389862,302.9173883231047,277.2488145365527,613.9328208835294
707.2547331337348,318.43503936442403,312.96062289395405,589.4692999470738
700.9163080146673,329.58299911258405,329.194758286617,595.993222915236
685.862431724709,303.4330459792711,339.8888742019434,593.9315970854204
684.1351148169301,311.0212292205204,341.0390949180161,592.261363905648
695.1303748159627,312.9337752102934,335.8839828169035,598.1718491696907
717.0893468892832,301.72734829524995,314.83299146494653,618.9780054943344
755.2804194334065,294.0775588837578,286.03205845291194,656.1129052219705
767.5957046159008,281.5831968056327,276.5321212237392,677.2315579026151
750.5675236638333,255.53737973372677,262.8926623014087,707.3154932048353
759.0400290712299,231.86387641392912,252.51190763439462,739.568872923041
746.7940018799736,217.3560432471225,261.242666125001,753.0212085135116
742.5065351516872,224.98214503579413,270.2227467207456,755.9621582797558
746.4615399654746,219.90880266302827,270.0144853019185,761.147332641247
755.8188249196287,183.87677561603516,258.36200652007835,785.4935446174022
753.1660153940481,205.41600119323368,254.16235955188955,783.1149740390838
763.2525639798267,182.74522260401363,239.06078889861266,799.4065971512157
769.6792275404354,181.90590889770021,231.06476060932445,812.5101929725333
765.0159542562487,162.85825116250334,231.5915238153325,815.2725284833583
777.4159015258272,168.25770202327556,221.59231525477293,821.0233388081872
785.8957496605178,167.63091154308074,213.99843272284335,820.9819080396062
781.480963054122,184.41189580146295,211.7310780725749,813.718709340842
782.7194109109757,149.87881443750018,212.307219632542,826.894199123338
779.0264412083394,161.76122211537074,202.81210118849063,850.0975218398189
786.2516740078482,116.70476698657001,200.4785825714789,870.6835889875583
781.5694778475834,156.23266985568148,204.8153928886431,854.8789730491474
782.2253476519139,145.6008222966567,200.82106722336044,845.2821053455239
787.594509283334,158.70421341590065,194.166356083104,852.308976784341
778.2668331224393,147.4933065770383,195.52204499787553,855.2287527737335
781.8688223777044,142.98273755255644,196.8591866512705,859.7270139069518
773.9866720892381,141.78069175925998,202.0432664800066,859.5104595245045
785.1993949682515,163.43547285952877,198.3895491641136,854.567076309377
765.0608131472407,168.53617444492266,206.4860507231138,847.2126364965951
777.0912861380742,130.73029761055778,205.58687330231106,863.9726835945061
763.8066864583324,157.1968180276766,211.154996018689,860.730649549783
768.1787019270337,153.9440527809282,208.9097754956458,864.4891338092795
750.7157230213779,179.1451829951514,221.29782580699674,854.2521137405109
753.5467237674167,185.71923433354465,228.01886220630726,839.7905742356942
745.9085301466783,199.28417315526082,232.45398349257385,827.8122458035278
749.9185144381665,214.57467907869932,234.86283902976936,817.5649154541688
753.559287944457,236.24247792233808,236.4355499026508,803.9325118799403
738.7051544656159,215.482265646192,245.1939384366903,804.2509083214495
732.736014280377,245.9712367752786,259.3233627359722,798.0947238924978
728.8499310150819,248.1711030885632,272.79517289947415,799.1513058314802
714.1370090136681,213.70062019251412,282.97185893183456,815.0892623201311
712.724611477161,219.57453915719736,296.17062897861723,821.5890835075236
706.4679741161808,237.0852780449801,307.6397413482092,815.295393106772
704.3631474401892,245.5291226512984,315.95642064416205,810.9892524370596
700.9968683689688,270.4189357725759,326.25774665011755,793.149995374499
712.9646473161495,271.2996291240602,333.4217401217207,791.0995223556795
679.3536117843199,312.11710530976256,370.755766504858,760.0816998784583
700.7772965324592,320.60277823617423,354.02530801460716,746.7001333450357
711.2198938040475,336.77811506806717,340.21379854337744,738.0747834150371
707.4636042913014,344.3028640149441,323.28759319440144,727.784639289439
691.6636411658995,358.15404098654056,317.8496973670092,720.9160854373396
701.8408347435259,355.450099229506,306.8814189487307,715.7031423264816
722.5915826599992,360.02833252034793,300.09310824800434,707.4314814540712
740.6494401821974,373.5354083392459,283.96793646832856,697.0683494212399
753.6790540878887,371.14198728434314,270.679174701459,694.9417776897012
762.8362745213351,375.2170894286975,258.8583086480837,692.4423012241521
758.8169503007664,386.83158964727374,254.40393960371426,686.3249496537503
764.0058988678024,393.98172402886433,249.25891768394342,678.5839640468915
765.5440131363814,391.30694524056514,240.03096712772873,675.7510816992935
759.1422952728917,392.11211214139246,229.16768715025404,673.6705979231931
769.6132089444184,402.5325428008229,220.9699274157137,671.688780348473
760.029344674194,401.17021938224457,220.90714270893704,663.1204662200573
764.6467102578486,409.63676898433874,228.50312774264307,654.5487350270122
771.8051552951115,407.64253784061407,232.81871601045253,651.5740599100523
764.3037027707705,416.8383525054777,237.75664000505367,647.197395672926
756.7137598745766,412.3987649130016,245.1246163123996,644.9241036033993
749.4129009882091,408.5046524204523,263.80493841132056,651.7693206720487
731.4550349871276,401.448058961887,281.8128590833775,662.040474566737
728.858954679838,396.4311545309337,297.6369414017162,662.2189620904641
707.9869033712964,392.3058114986223,309.413751883928,666.5208394224577
721.2538285473279,377.3586971221626,304.5779691003494,675.284294928448
712.5864707028013,383.7531011616903,299.9542232123746,684.1486410475302
732.7810670439358,379.7899444985936,286.501206863407,682.3396206318091
732.2506531134791,382.3792841642377,275.1680806452283,682.5935952819036
736.7856789901482,379.3043377046188,270.349540870141,684.2290211676952
747.329655573008,369.0677338865694,261.8248803189453,681.1998937055523
757.6478235027221,374.87799226706386,242.7463223913204,689.1149326391844
768.8349385497843,367.66656110722374,228.88813503676636,696.885085179242
783.8054472402611,370.2752908010111,211.5283153296562,701.1927881408326
788.3598318641067,358.6518979829193,199.38498307442455,701.8192546930088
802.68316787195,344.64544394534124,189.4422187361746,699.3899845423722
804.5883761885266,348.7277018947045,181.40895534499816,708.4481897292947
810.1032893835119,343.97376609176786,178.67376282271348,724.7721921167467
817.623437157916,333.755914297394,173.43675698401734,715.9771994447273
814.6689468690446,364.8747629794535,175.42062357988485,706.7545493322605
826.1323892351346,358.3487348097866,167.1045916362284,708.511509346898
832.9505199859063,361.77594035789485,161.80143963915282,703.5477863228715
830.7346536923218,382.4809923274018,164.72827342867487,690.2784579730591
836.0040159939783,383.9010754438467,164.22121824186132,690.4369136131572
844.5719789504774,384.376006844893,159.73002884162435,677.9903381267989
846.076879023465,391.11623387117334,155.58815901444797,674.0885854985136
850.9182672208809,397.46930739703845,156.02867369329894,673.8508129505739
844.6019189328499,396.1787938924957,161.29776389582332,670.6656736602329
852.7288006741734,384.03747824061355,158.17802778499004,670.779916538137
861.5219171899781,384.5175440439576,152.6745829860892,678.5847783298987
858.5889675821338,383.59493372961504,159.7859220313077,678.7174999478252
860.628371415648,388.43034445045845,166.02124344575964,674.3304952283553
861.0379341901448,398.72857667724014,175.3769640088318,663.2526589171351
843.0701428899589,414.61113292284824,198.12475942694368,646.2927803563687
842.1319963136452,426.52011321184386,215.3119366089627,638.3968675414578
835.9079244594107,448.32208169310866,230.05158496124625,620.1587012237849
830.4056007477433,459.7741481846076,246.2216848138853,604.5599014948177
826.2897412728486,475.73242475045885,263.8996642852935,586.4461497765129
813.6109953463454,499.52305711285555,276.83002739373563,567.5950372357227
809.3022895161652,509.1314893134403,292.347388327645,544.5113319362338
791.8927264681512,533.837554229722,302.3904531749629,518.337781959569
793.3335407096306,548.053859433848,294.61908688137567,498.275531324054
791.9780490412804,562.3183462951317,287.62178603541497,479.28710003213115
789.0076065423569,578.4357947759755,278.2567076696864,471.39365728280063
801.3123855989004,578.9513339525516,272.91280802010635,467.221425249467
809.3769044891974,583.092497020119,274.04442539821895,456.4735478318904
814.5597634825288,589.605910946719,271.9347962930579,445.8199588276453
810.1318740148316,591.3046704318689,270.2036285049369,437.35107094644445
787.2934856859047,590.6276315071791,280.98515545842565,414.0470450300685
817.701985184851,601.4066327285046,265.00973849452345,425.35839696623935
813.6974854676314,593.2651359935937,268.6997210340159,414.75189098574697
828.224135874491,596.3998889582728,264.88775393796095,400.1608186211113
836.0345210264891,603.367242933339,259.38056460683435,390.6237310635095
836.1882117671191,595.7834367755572,255.9944805707352,378.71733452671515
831.0722958956426,613.2301434233806,256.8485207050093,366.9506123319386
832.0061864626884,612.0222288558948,251.4184749017482,360.93228221205516
841.7562318429832,610.6300799615083,241.47337061631214,362.1115914180266
848.9506929810588,619.3554807047647,238.87954014685258,361.6669851987724
850.5982435807327,608.4251400246403,231.98501395125993,364.1184126711946
860.8804922223491,627.6024961443532,227.23408965540344,367.55575828280314
869.1064931068288,613.5340195292749,217.03490857386316,362.9127491030837
875.5200694990131,613.4934372524738,209.31880314846293,357.88781746472216
895.2398889676448,607.7246134021036,197.75787441786298,347.09686745403303
902.3530168117251,602.1564489186992,187.14936667458196,342.29079487676324
916.9898969986776,598.451522875681,170.74081054229583,346.48643814828387
924.7142263016488,593.8043950125431,159.0498390950453,345.22350955308616
937.940768188744,596.0025999512,146.07043723409822,348.75740055327526
942.9878541609165,581.8829158340745,135.71047189786722,342.9228706401528
949.3960778570914,587.4572115635711,129.80556220021256,339.6433492233118
952.897664554074,585.2077092365246,125.55308217388753,337.3917608784441
955.2687654297055,581.6673925562584,119.4315630330797,334.5134208874949
962.0651952251109,577.6900878783854,120.78335704436026,329.4893560958784
962.1623885555149,585.7598384124055,115.39677330589515,329.5716135418136
952.9998856024148,586.7921546332517,107.16984869851176,330.72213016320603
961.9960519753868,588.5639097764982,100.92991017605168,327.68971269353347
962.5658222361807,584.0220044490039,94.69246100173586,317.66028620380774
961.603059128488,588.5372192443576,92.30543789943813,304.43879784493237
972.7914826725279,582.8086010304435,88.53198566219129,304.96421910678816
972.1694926548168,590.4927221998648,82.97952591657099,297.6172436145446
972.1747511058459,589.2815240905118,78.45252524407191,298.66593049458606
975.593784897574,589.3706601664098,75.16284905427088,290.74582280820266
981.6389823285352,593.4831686640309,73.16569664010254,287.0137389104963
982.3975899483155,589.319333792155,71.45787707469731,276.3171035689271
987.5547335708222,609.0687510133765,68.13295072084905,277.66735778540465
988.5483996038101,589.847029063458,67.27087147703146,273.05699261609874
989.1024079834765,589.2071533463702,65.51065015687533,265.8942521680669
992.1120765195768,594.3688316974242,66.77877717107621,256.41882424572776
995.2093464304457,596.8865463568152,65.05032469512713,255.6954645397122
994.9053134718217,595.6617865656717,62.051031198291234,269.0481533648714
994.1135202536447,596.6519974731912,64.48605237806818,264.98365350412803
997.686690638216,597.0245760410419,66.254109850319,260.47136505920315
997.147674489266,603.1406186098116,65.62241258289822,255.30348032854653
1002.286190794793,597.2835107668768,65.2902109869371,249.07918485154443
1002.3833415376561,607.2268589432998,67.51890164154007,241.36054947579197
1006.6055733423798,615.2332952338962,66.5398639562336,239.91310566741458
1011.6597625859333,615.9582327391603,68.4986387235239,234.73141667303818
1012.5377320718361,629.133965515596,70.53916363522845,223.00820852144818
1012.4302105700226,628.2515626805291,72.0625788090428,212.3886769945032
1015.463715085667,627.8640178001026,65.73667499192707,218.06627587148353
1022.495114475071,637.3317216029957,63.82633815167365,220.48604144360473
1024.5179961173985,638.6396744762399,64.80819854027531,215.02426133284672
1023.4677780713828,652.5251018406311,65.73149263056447,210.24555194055085
1029.0648515898556,657.1563474406205,64.9085417740232,208.73617327835188
1026.329110030395,645.4301679251844,65.93738953337474,205.9308655493108
1031.7056101904332,650.1661549685256,62.51048878771796,215.1029333880693
1034.7835239074807,658.5018966070918,63.42624812910798,210.76211067001108
1035.9084292579157,657.696742912955,64.76488092885367,215.29759617941534
1040.439836729284,660.966355321231,66.1320433974547,215.48143378765698
1045.8769767188492,663.504289193024,66.56581080039095,214.54674992422022
1045.8288885801219,658.6320652102535,64.66553422237925,214.15976732571949
1037.5670149680054,665.3094117545395,65.24423745037893,209.71084756254706
1047.1295433401222,661.3124979632051,66.11609523782923,208.67721869278526
1052.3543766073929,656.9221103923726,64.96079658235463,207.49053381837624
1053.3876127613717,657.2204052623943,65.42055431368004,202.6721904978789
1056.0577244867159,669.6702612601797,64.82143733565418,203.61977270099
1058.6824829282698,672.5691485730026,64.83621283807766,203.48364110517622
1048.647069820993,681.0380599105903,64.79218463119743,203.4677675074769
1056.4772416066776,667.3325443034845,64.70405353875393,203.42598177031337
1054.7525382142778,674.9005840943139,64.7889519701964,202.26241376848333
1055.3942920842821,668.7041635052839,65.42692827612497,200.8338459930441
1054.6125161819075,652.3042490284656,68.6593644762077,195.38311501437093
1052.3512977158175,664.3005773533705,68.84299907305163,194.86829022867747
1049.2915761784045,665.0642750634527,68.52124400977483,195.27964235075578
1054.3169153542017,668.1402551291269,68.8097884477276,193.80928719350976
1053.1869280377075,667.0959070288804,68.97170249744055,192.44314154454503
1052.3738723996448,659.4436521850598,68.19327693676713,192.52309409165863
1054.0690978924524,659.2654443756667,68.46254777950975,191.79048904007482
1055.0086307048043,657.2249669292299,68.95218682524015,191.37371316945578
1067.606291458367,654.8711945964398,67.49579990061513,193.7324077222641
1063.3363787775395,644.7081658908305,68.17191393896744,192.9436201549366
1066.3211469480004,657.8876994243411,67.62040485413753,192.0760761134016
1059.6517647822604,635.477500943583,68.58323018888692,187.84221979768813
1058.2835827066292,650.4842179780205,68.6894757661205,186.64877226093688
1066.5381332574166,648.639208992967,69.2154220557794,185.56685874633138
1060.78276272464,648.5217584530135,70.25682506214237,183.61665662687182
1067.2709884096569,649.9457854982963,69.71888937831324,181.6767433986755
1071.1869568656655,650.3530571766498,68.07359663115903,180.07843447870982
1075.6320910685315,656.4003828856346,64.88156941605777,174.78582780629196
1079.859411773267,651.856625257629,63.96471774147238,173.18602507649268
1079.2604358655171,653.2714211075989,63.444864313219355,172.17671048356175
1082.7567945498688,642.1275319577001,62.95688869636205,171.7397515887788
1088.2764033875733,654.1084032643921,62.09118956555045,171.23212573060323
1087.065144669881,652.6685962155975,61.25281595801168,170.15056544779807
1087.5343841598094,653.2184763695705,61.28506963423301,169.79031703933094
1098.9233517739897,661.2608527310439,60.8748075815641,171.12819619727202
1098.3986376567,663.4606268047995,59.23880098708406,173.7170762276146
1101.0605843925634,656.4140080757251,59.36809348147313,171.5226346305995
1105.2355923677624,670.2600616288839,57.891423242580814,174.06298098325146
1105.352006483965,663.1168224858031,57.96364416542674,174.03476231921147
1106.2324115050392,667.3696447286673,58.18281800176597,172.9416471623805
1105.8180346815461,655.468260827134,58.80348855861643,166.50488884884368
1106.6242782167726,660.4386945497029,58.77024065704638,164.52310923715268
1109.780449235229,673.4951659278943,58.738335425812416,162.2576129698854
1119.299316664065,668.0919750598453,60.73955454734214,158.96645265191648
1115.7347855861774,667.5514167807878,61.437583552142314,153.31037755478553
1114.8870656109966,669.136451743264,61.22516698073062,151.6414452400474
1112.7972249465354,673.7283447445773,59.260125119037035,152.35675360552858
1117.7894811939664,671.6715653729548,56.35014935843718,149.79163921736432
1118.7122633538424,688.7773717636527,55.979946543954405,150.46903874841155
1123.962710099792,672.8849380053151,55.4896548720851,153.11113186641168
1124.7868844973414,678.0987936131437,55.542558365635486,155.0882566932513
1123.54176276531,681.7791795256169,56.113058030375775,154.75944403538048
1126.1980418448281,694.6807136692905,56.25212368071185,154.87363546118488
1125.2541911072271,688.1432783503828,55.82672656795268,156.15733842449976
1125.237462967049,676.6055708741391,55.864436068850964,156.93271286037165
1131.0448650052047,678.7948235779611,55.433828478696846,159.45918650186707
1131.2991528967955,682.527383293873,55.189386931318126,160.95329367557883
1132.5716149123878,689.2893449392574,54.54555931414493,162.44766238374433
1129.787536148592,693.6639508217498,55.031535509013636,163.3597212733891
1132.6090677211164,687.5596885062115,54.99151715573504,166.31005535689292
1133.9622279586445,685.4830838410602,54.30297255485648,175.1641877978088
1129.67931106777,683.782911338684,55.03748686276182,177.6833548095143
1134.6721778039716,680.7325622889965,56.28787290533185,178.70744566445458
1129.7325202906557,680.0053083485583,56.732648311261485,182.07497752613895
1131.3244172817858,684.8175614579574,59.26377176196727,180.8627420021981
1133.327615724451,683.8464757100371,58.56782252587195,180.03722921592424
1126.8990804543541,690.179710431686,60.05106332965768,178.42224322562237
1136.290708311503,675.0482743071453,64.25605913899443,175.98025020718254
1136.5578600088782,675.411822707036,61.18435920580639,187.28738047291043
1136.6931906840277,673.4393015652448,63.0217692103006,187.30089837553334
1134.8877910155336,678.7687434501352,64.28271519196828,187.4450193416368
1131.374308112198,676.2561883611436,66.01114184819866,186.16710411787864
1131.5378739364794,689.6253752392427,67.02182612903094,181.41791230401498
1127.0911873661148,689.7817463695355,67.85599847865826,180.61741625186949
1132.4839345018254,689.5780172981231,67.67593110740486,183.92258524218465
1130.8897576796355,692.6887412142214,69.27410883862817,182.32070406120482
1131.1162576042432,688.9422768105641,68.42669853967509,183.748661372995
1130.4809807261008,694.3946923381362,67.67947509638024,185.11578729396814
1129.9805869675386,690.9880880957005,68.27351172453025,185.8827546710923
1135.6155863838205,699.9207469898988,64.45805343853839,191.15867586988554
1137.4688320497423,703.6576700391589,61.733233348470996,193.3365579261163
1139.606839817263,704.1230480352928,61.39635434373023,190.66086721747746
1139.0562922561494,704.651768069356,61.72997297903044,191.1671687698474
1139.7322084673615,712.3803313889061,60.230784002544645,192.36526325144985
1140.9380582359179,704.4168598316495,58.90814935150581,187.28564201419118
1140.7664983733118,708.5048166692233,58.00743045348109,186.4344068563236
1143.7077367511397,712.3435079245165,56.928371286077336,180.05219949013141
1143.5339565354507,720.6818341060768,56.21601133565219,180.95246217350416
1145.5494379848806,713.8946540433124,54.91985154841633,177.8937791875506
1137.656693234243,718.593936866411,57.444097222549345,172.38474277784624
1144.8446158712688,724.6814755066471,55.47209384053879,168.2516913097023
1144.6544109081497,728.1481550737539,54.836917996317126,176.08145081232487
1144.6365533023609,726.881283648105,54.345156407673464,177.64866542063703
1146.4996608278268,727.0099557508206,53.177344829813784,177.88005010584055
1147.2516030211032,731.4178109204828,53.529531853262604,171.89744430650597
1147.4878971761696,731.0967786823802,53.005813068308754,172.0529109176169
1147.031148564871,735.9076386441486,55.10020233914178,166.36680894176004
1147.5624710532327,736.2956489702335,55.6946807678517,166.2610513942583
1149.1727870390046,729.6477428414473,59.39427237295679,164.62602902864649
1144.5007611857577,735.7619008177802,61.675001849739786,167.01993712777843
1147.8376897038318,735.925183053792,60.25935084954282,170.7194043724854
1147.42704313171,742.0660850746833,62.10071077891453,167.0635427560511
1145.890037872802,737.9621567221963,63.684255994896255,167.47306753146796
1146.6977990310668,744.0782551040724,64.65182805094967,165.04975982418097
1143.5971681124554,738.7616260802084,65.18754661005161,164.45537355955565
