849.5,704.5,128,371
850.1915338218591,693.7749225458991,126.10166629198221,379.4886210839599
850.8674857609196,684.0343582048462,125.81157622749438,380.4144346551511
851.7608015916059,683.9751239940505,122.17170059953358,377.52246424080704
850.1977226310187,677.6768111620701,122.09286314386372,377.3058705726824
851.2589134155612,678.7275996372775,119.80848531439955,381.46332936805845
848.7367423216122,675.7472738556087,121.50790469981612,388.9429888550995
848.283834352568,674.0230026642872,122.56442048943063,397.9630976273061
846.7139073256518,662.74175132325,123.66659613416235,405.7943743560564
846.8366281140491,668.3648441390226,125.48841214265434,404.6902176223124
846.0762508402986,664.7824422493958,127.30332973224034,408.8238554168411
847.0590618579911,667.5768268429799,130.28704861908903,406.98625333646646
846.9318052879472,669.1892949103141,129.24175556797445,409.63552192835164
846.9729720218531,666.723696606969,129.37831605577588,413.6720754990622
845.8050765707712,666.4268913174083,131.37275415792982,411.8287517042356
842.5634066784025,666.8275947076795,129.50305701489026,409.16607030520447
843.0207359335317,673.874077377566,129.17729422369297,407.8163217527496
843.0858601507052,665.9184514734984,128.15530021230506,406.131540871066
846.3531713270012,673.4082572808622,126.02386900575428,406.42090063609453
848.9172652170736,667.6322685024948,124.85572413254178,411.5713426582047
846.2778453886299,666.8354093213688,124.8101747957059,412.0576566131657
845.4145155667021,659.5325762198568,124.38361046465167,415.6014462332142
847.2371450365376,661.380556549119,121.9393561551359,417.1477182490883
846.6249664730891,667.6518893789162,121.77604054716015,419.4729953284576
843.3732588437246,662.2587937969384,125.02514365437372,412.27794776435144
844.8622921580763,664.4401806597018,123.04005172125419,410.42440632047044
843.3477652453392,670.771382962963,124.24901757344836,407.6600810428415
840.5630437352088,670.6777238238884,126.70362271666549,405.2703634068821
841.2185083330547,675.3824023842511,123.92131823388856,404.81033978474153
840.6640988195079,676.9993398510222,124.41718116222208,402.47950667728014
839.1972585066335,685.5670567443606,125.24894986779313,398.9502432523225
839.7483698350231,682.973575986128,123.6311925596764,396.227124211774
834.6072893917005,692.1055927928484,123.00785599151081,390.83560448897447
835.9211110000501,689.9608466726698,122.86508847088948,391.1889202334008
827.4103273403044,692.5948437974973,125.40317125944742,392.45470393214646
828.3623646226746,691.042190197325,125.32244803763852,382.21054737808333
824.7154054547481,697.8034203860963,124.42933058942228,376.2480758688718
822.3152044160671,695.6349252345611,125.80300258173479,377.3435189098657
819.2978610183724,694.5192219104239,127.1473875402954,376.3992216962497
818.0889857163373,697.7314095628587,129.0357529000951,376.1208853203958
813.8709112197275,697.4850856859593,131.18068281226178,376.0514815845456
811.8577419678776,702.3799773905608,130.3146962679841,379.60191221451396
810.7803704396442,700.5406757445369,134.19166086531516,382.6796293351608
806.249818204933,698.6471520117883,135.92290440226367,385.54928755782544
807.1965057238657,704.8310599181815,136.75469794858515,383.48400844978437
804.4346013054734,706.300300739787,137.5316150586019,381.78916029327445
803.5655022989417,706.1699810790533,138.17647510110748,381.33776200112914
804.4173093220254,709.2486924725081,136.3159670497643,379.08807179548853
805.0974692597589,712.6935018112772,133.2253911517426,377.54786309432654
803.8395050430122,709.575967506137,132.2641835374863,373.2044844041534
801.8886729825856,713.5024985647004,133.2786191911905,372.38789477254886
805.3291447521538,711.2704515318173,129.98871422310225,371.4242633263081
805.1404138000868,710.2425412842347,129.70447357445713,370.5560737935306
804.7611251434171,708.8660389026552,131.05035904994307,374.27106831010565
804.9608702286623,705.6729747231537,132.1644440704676,377.20689227339835
801.4743039614659,703.6328337082311,133.03389008716795,377.4682658446323
799.2591788866825,699.0817295760079,134.58894921506698,379.0056731004229
801.0515936603928,699.6769089577958,134.36639753355954,379.2041278613716
798.8245184640969,696.8730633562508,134.00837099486534,380.8008950831739
799.6002759855677,694.1942078926434,135.6948212668954,385.7333757311534
798.1839207220953,689.8107289273862,135.55020690338466,391.21054767868355
798.0258461447557,689.121925533109,134.15979987934875,389.3807848088258
798.8008987736139,687.2790128192371,133.2469238958657,390.97180021063167
797.5281651178669,681.9406303749329,131.57842325464296,396.0650964820351
799.5489304941024,683.1418858970954,128.8864565977396,393.77452777089366
797.0018843746664,673.7020098895815,130.21875253642335,401.21525411434726
791.6660095998509,668.4611377782635,128.77062632758168,407.7514151261638
793.814810384934,664.7208638400708,129.13698394328358,408.3316251554931
793.8434715579085,657.6932229100078,127.2186843644766,412.86764033371094
791.494991094101,653.2427332515789,127.11199893628654,420.37353547021553
792.105842680046,646.9243618914036,129.31592832371973,423.6254238850601
792.1832548354901,638.0545537733759,130.0142265648857,426.6245924594687
792.517176732564,637.7353825120426,132.9642712204229,433.1693601177641
789.6940171981358,629.5421956399175,138.30233057280756,433.72900235689616
793.2123632691644,628.0035368442841,140.3201695053737,440.0138804405117
795.860500218321,623.6449638170798,146.05902167395323,444.84105185008616
796.7056258362384,619.2903494150323,148.83347188569013,443.27544844802867
797.8473450076375,617.8234787053382,151.87070806424182,441.3631784354021
795.0193598309683,619.3774582391732,152.4749591828638,439.337007323905
798.0357571466739,619.0397052819583,155.90148058344755,436.42806411575486
798.4881072571837,615.9079262250117,154.41880470748274,436.2578585650742
800.2506380256729,613.1141898218268,151.77158600915647,431.5545025709565
800.7931261741736,614.7023852454475,144.94147745429095,430.71199289909123
803.9049504240404,608.5910608318194,144.25483326128088,426.29071967461385
803.2378136421324,606.1985846337303,138.30430566671913,418.92103697770995
808.5984066983118,603.56520658066,130.45680610173628,411.5344786689411
805.2885403152067,600.996595534301,126.92628690360063,406.2906003603287
808.9790774153455,598.2937512322451,124.49136398429746,394.5241963199451
807.7734881525189,596.5294621102958,124.28700223748217,383.95630986944616
809.2123817056848,590.4112493339724,125.19401955451264,369.7876692702413
811.004007339122,598.1887719588619,121.24413299345278,360.92147517918875
813.3350830328827,594.5589721025574,119.45201628989633,354.5193740978135
814.9808285056436,601.0847131971658,119.21364776914922,351.1672575670532
812.7858900858088,598.7929437424214,121.42919571387301,357.69476731874636
814.5518098690515,595.4715988415203,121.81669795981338,360.26055445900136
814.5900468224019,596.6609813146192,118.75361564943753,362.80453319260926
816.9393005004846,598.2155369900001,118.13728438380905,367.0587752935595
813.3014050046189,584.5114849919031,117.55809369205232,358.47622486212
812.9145546562856,588.2272903582873,115.91535336593444,363.0604022430142
813.6186259446614,585.2587954029536,115.95957048878248,358.9392833742628
813.9624073339835,584.3575250167098,113.23997872096061,368.2988606209889
811.53323394746,572.7745763914403,113.5897817733262,361.56013445991925
811.3437560985941,567.9504514042771,113.7787199870439,348.37335784191055
812.7060652663828,572.5323268339625,111.86709913496978,341.22787467875025
811.8317382120335,564.5475410638473,111.35213191479393,336.378488078935
811.0344453569683,573.0901437953814,110.27324104856376,337.67202621724397
810.7623635157797,567.8273883524944,109.2940895686746,337.55349449691175
810.7330097577349,570.1856521594844,107.46753643226168,337.44478920481447
815.121463104814,566.0977402237735,106.13148913868565,338.9223627373044
814.5982498046226,575.1793578737983,107.5890376912638,337.138227044934
818.1249090988977,579.5400875390799,108.97455411552261,338.06045367613444
819.0207935125247,577.9749084334493,110.16346397336181,338.1432410192642
819.1115017766595,584.7555187731657,110.82291733751248,336.82127642275543
821.2301990065091,579.3855684653856,112.58623890271008,338.6109331519218
818.130663552087,581.7233006908564,110.38836017053899,337.79056271885827
821.7064784739997,581.1556966187194,110.29110189920803,334.88132456753283
822.4358804726444,575.546014767177,108.80143461665327,332.2725907922944
823.9640666451196,573.8831487419959,107.71191515718014,327.40145344565406
826.8694539871051,568.2068007581007,105.17187935699079,328.1888312383396
825.6968351648784,568.3405746500315,103.73335564691845,325.92657623647636
826.582528298478,557.3663975206211,101.14728555130236,321.0608047171815
828.4839129578601,551.6811589038248,104.39820174622136,313.67656929012946
825.9647196485446,552.2054197246268,103.36358249926172,308.28682288887
830.75740367292,556.9877132592385,102.370114155191,307.2267885273783
831.8620911372623,557.2240052745549,98.88790137397484,313.8917191117464
835.0128225110094,548.9804349045929,101.39992085077353,314.12251588548247
835.543229018172,552.021458043067,101.66028093364737,316.21053816544475
835.5806640671577,543.0965660915338,99.58546940368231,322.95119288103206
835.7371400271406,550.9718655030733,101.37287516939816,323.07306549086263
837.1997990508733,542.4262998691501,100.81779835463828,320.13385603897154
839.7508565521075,544.1107052695463,100.13229502947434,320.8985878910046
840.0381883268857,538.7686059701189,99.02807580658461,326.05090890893166
839.4648601889877,522.9283569846291,98.12596009246687,331.42728683229655
841.1595705560679,531.6302543395558,101.02890706689186,325.41811050751477
838.9375720233494,528.6009784047424,99.80636519478293,320.1146607740588
841.0184522631791,513.6526993658731,100.51989409619375,312.8605962835916
839.708623279544,522.6119463957484,100.30007888580084,304.4263691240225
843.1969411594663,520.7303957284771,98.57919161202767,298.8313264787781
843.5071264945572,523.1022638776325,97.06153835891078,294.52926709546017
845.4309953636517,520.3799823991883,96.365880190857,291.3847807974629
846.9557876134111,527.9351223029308,96.43927001936488,287.2849224771863
845.8774375672359,519.6518788846479,94.7295845897074,289.3840273068655
847.7413167126654,523.6152750657047,94.1811723072967,287.92235923277315
849.7390844279007,523.0563682493363,94.2460686119372,288.5229730979765
851.3038078089747,524.0404650774756,96.3260223195098,288.1405996980013
853.0481594287398,520.2870931191558,94.99492354427755,287.31088568384115
852.4697626554762,524.1306047967279,92.71129687982629,286.5729269397559
855.3082173785066,520.3267936733914,91.9919066430992,287.97202189376446
856.3030696727469,522.4690710904099,90.07747725647994,287.4588688015166
860.7444599183372,518.6085010028092,89.28620182718788,283.4279239360071
861.7242984653438,523.112222649719,89.18529348472538,286.9931656825313
864.7272346450593,514.0496405670821,89.9936625591337,283.629507307291
862.88555772541,515.1036059168672,88.55286518522958,284.55666423259186
864.145652491372,515.2043695674938,88.13295402935012,277.2488306747438
866.9426105292641,510.99368091258333,90.21209711007307,273.0593707134725
863.5813296846219,516.0378237635676,90.2120124109469,265.9765472535364
865.3860609539615,517.3673546204169,88.5582166494632,260.3335343469335
867.6695756932698,523.3470628289869,88.07190050657681,257.9853972685193
870.6393827410684,520.8599356590082,88.00008402171278,256.3349944608191
871.2755702958481,526.9717400045827,85.47717196253636,261.0562434244422
873.4157864366532,535.2699003825427,86.11280428465128,263.4187988313249
872.9907115260421,530.8173376514419,84.68438524451666,265.4257254323634
872.3746105960133,531.9044797828525,84.30013417148214,268.49687800309306
872.6249036151142,537.0900620671503,85.3692991782731,267.05420076101296
874.7888081355326,533.4606411180522,85.44697565823328,269.34652963889016
873.832952364251,534.3240111436684,86.96439517666852,271.5379556080115
873.2213537298247,530.5228600255006,88.68075753898125,269.1213740682487
870.3207624189454,532.4132950382196,88.43789058267089,264.2320065656607
868.0026400305444,528.5249603992326,88.91253970660514,258.72811180788494
871.0325804416143,529.1199803996915,88.00949705449588,257.1736024299613
869.7455485965299,527.8570392870059,86.45425045955398,255.71811976647274
872.9888739311618,524.5631853193743,86.78092687203468,250.86442959846426
873.6007724148988,523.164722024414,84.90598105637383,251.42894844704608
873.1295976546205,525.9551071617003,85.58072569003946,253.41249914733507
874.1167106924493,521.4915455780165,82.30682354140492,255.09180997770602
874.5978524798846,514.4763727295933,84.52840865514271,253.34595005207703
874.2383247630632,520.0071283868206,87.34277618245208,253.66419697065027
874.6366626041702,514.0204508991675,89.55001848648209,254.32773995910497
875.1157067461306,511.2364977210233,91.09637667467723,255.75683140936195
873.3719771358298,515.9538274971808,90.91665942188632,254.067920176935
876.2014563282353,509.4908132402884,92.33937213461971,250.8059054664343
875.4211567640364,515.7576804788024,87.0674726646065,244.95991040387642
879.5888847272935,512.8523240243303,88.53647563045931,244.17167260283244
879.8489302141128,509.4802353779135,84.74489240991105,246.4282925242154
880.1433626663518,508.1717276981786,83.68051208118383,248.23476891328107
879.7217859253358,509.52126524802134,84.47268279287618,247.1593962900178
882.09721462448,505.0375155179749,85.8111284896344,245.88688939607084
879.1155060575304,501.452572513258,89.2545013328511,243.99658014213463
875.0247640308432,503.5068692903265,90.65619694266616,239.60987777008552
878.2646940116766,505.89702177030705,92.23953893329144,236.06578099476576
880.2812934271983,504.479391109672,92.75329074541699,235.48556499441668
875.0454780225296,507.7696292458956,94.8721228903297,231.81578783154362
877.5115153580803,507.8332030720554,94.7319425416298,232.59789768452362
881.5202027115467,510.0648535770727,94.15984557711093,235.77593961610032
877.2322742943535,511.4173969846847,96.59988708029093,237.64959756297014
881.0450294607008,507.9243963511635,95.27694099602994,240.15004414922848
879.6259523803669,513.3384761390188,95.63174189161279,241.59707975340166
881.4821663051885,510.2498448070909,94.62337899853938,246.10765287808002
878.3630717665811,514.4955514418974,95.21172167656258,249.6169893730108
879.9164309158042,512.2850622904059,95.07970115910834,249.03670564342735
878.9917279070905,513.3249269608045,98.66231690088756,251.57045351721058
880.9672835907394,519.1441133578553,96.33050759047984,261.4403062233668
881.6621743807694,516.7450722315491,99.01525752513004,262.0645268551308
884.299057718672,519.9675276780285,99.58250693854885,261.3659898583479
882.8517186112763,521.5529047671422,98.10712620151577,270.59346257915695
886.573088498576,516.2072571413573,96.7066944792889,270.32398594101454
883.7943801529299,517.9474555387754,95.17010848834133,262.5652274725721
886.141687163512,530.3970464677261,94.67917562413399,269.66535715115776
891.0765574759747,525.336755753571,93.08988986314537,270.0168437565553
884.6578109753649,525.7696676655287,95.8887360840985,266.5681161813015
886.0087398228351,535.0991316242927,99.37511612964134,268.58003672477116
882.1668244535038,533.5612032925287,104.89171651338972,261.68303582255305
883.4403043221989,534.0842966027167,108.63431362853878,260.3848670178178
882.5403486247278,541.1927331537017,108.37326415385064,258.8807129295798
881.5107171816425,539.7789439904036,109.32874709203787,261.43146360368667
879.9154800977504,539.443347322509,107.89490261649237,263.18592513995026
883.5908363043598,538.64794876662,106.5044881766723,262.9566828492133
879.983358476711,537.2914747850895,107.3548044091549,262.68970913883055
886.5996131191853,535.7363133223571,105.71416148161634,263.1884877929409
882.0481288066294,532.493322099595,108.00430026343307,261.5792754173567
880.3215254397813,528.2178741190519,110.98829265876961,260.96639689009834
880.6775928793846,525.5463193654186,111.89100891280466,259.8756209102902
878.3765784783129,520.8340008109294,113.35739788629641,255.39799928654742
876.2883661444448,513.4449910818984,115.31729892945921,252.10962086990486
878.9451907173841,515.9385642035253,113.77115808549522,257.7429868853001
885.1515584520047,509.06899305985235,110.72189634589589,256.04816710381965
887.149564291141,511.7622335816319,106.24710961150191,261.55464465702426
890.7471898483288,510.2401743151832,100.8969433289773,269.6095934404717
885.244836990305,503.9348265872634,103.95608058926828,266.344854239515
889.8366200584547,506.1176783565134,104.20080614827765,267.24278759285824
889.9535640662241,504.5330781483764,105.77482318490426,264.3981193331008
883.1414689603102,490.0186332888767,108.8283260558874,262.588367761103
887.1372729205768,498.69495358568577,108.57889831437694,256.3983325650238
890.7980551429669,497.22235790751625,104.59744547102032,258.68117540795913
892.2242197638006,494.69859181475533,101.96415173235548,260.9149270084743
885.1806773406363,492.1160097278953,104.89807306562588,253.1413150242652
891.9701667254408,491.58800968997326,102.75147663197507,249.4932923036064
892.6943146914697,491.03803530327787,99.28023782359882,241.73253903506014
895.5371004929033,489.2833367945607,97.60458277268441,240.57297588965685
901.4728444658286,486.2445563222521,92.27924669881189,237.20207542314247
906.1588928723713,489.20950016735753,87.07018332854915,237.265784628112
912.2293096305193,491.564733826894,83.68030916377066,235.956124634766
909.7993450071153,490.66561592804874,82.46168835853287,233.7386081696157
912.4631619580596,488.9793133878235,81.61828742342695,234.249527192085
913.505045379329,488.54593247778087,82.64346866305513,234.29888688348206
914.74595207861,494.1993270600324,81.27492621884332,232.00095160755384
913.0947123185271,492.5750498516212,81.28081495042171,232.64249641716674
916.9407586110503,494.5792792331231,81.281787552872,230.85505976494005
916.5947057452066,491.4114960887482,81.71637721448187,230.68083680724092
915.0766612338339,490.188904008147,83.19298112689316,230.28933094866142
917.0288424548405,492.9916186765155,80.14489994050601,232.45148046315632
915.5897221007658,489.76145245370367,80.52132992140375,230.00695636210023
915.4472067595146,478.11026107210336,80.18861216589295,230.25722635220893
918.7778262421909,481.6359907769031,78.88776285768067,230.24315095984542
915.460570078182,479.5013216276718,78.57516854705696,225.84698465915056
918.0649501876633,475.6064133459686,76.41341735406166,222.599371999132
920.1417972950766,474.4950628105481,76.27295513645137,217.8766097822313
919.6102208566448,474.2811060006885,75.76442301871634,217.8747913790541
919.8366265338981,474.6148442071628,76.81850195151605,217.63238654131658
923.559447295557,471.2527737186507,73.90298285955205,219.84988643474713
922.8797068402611,470.07865580257106,72.84030659560699,217.14455936998763
923.0737372261318,476.329465277351,71.05757231654232,215.2325539623402
924.7339089431067,470.77835247218184,69.4471372038353,218.9726190503652
925.0008542375805,471.40390218114663,68.41749525618447,217.2818093315049
921.8329143194184,467.7911856663435,68.53014358084579,220.01984675142234
921.7988007653775,465.92592670133484,69.52717612679754,219.82267512906233
921.7748141808405,463.50782136960606,68.42942525865882,219.32755513121998
921.9646098224971,463.14337800880185,68.97836412364276,215.8534409729753
919.2790771255738,468.8186905228643,71.39731290284007,211.7476259452659
917.4799856115703,463.5597584650694,71.75493528295978,203.63429118639104
912.5012400337844,463.9595702531707,74.84925399191499,201.03178272796976
915.5595211625821,463.59595476622565,72.67256212088836,202.00680068995007
909.9984423197457,461.8704203846253,75.66001703722142,202.72111800982026
911.1985169664571,460.18315799307845,75.8666308763996,205.6888497042102
911.8862846332785,460.62892811023056,74.00646212334233,206.03139387046724
915.9890869916775,464.0352441175209,72.91646628709887,206.50222288498173
912.115625551367,460.97032897748807,73.13911376812575,207.0631529420554
914.3587237196239,462.6661717552501,73.16379006483956,209.03526992931066
916.2878579869604,459.05957449366053,71.9930958770114,209.88951657032908
916.5117920437897,466.62747927570456,71.0553909413801,212.04832799349612
913.0486900700587,461.6175232325286,72.59492055525052,207.1991478456375
915.9600631976311,461.968191462647,72.09847844910595,207.47708450292575
916.0303698769187,466.5183730811311,72.47143871351011,204.7991353110639
918.746609638633,468.06626484356696,69.45160852112137,207.41797459576952
918.1972795910802,475.2388817705329,67.68524711762316,209.48340154185303
920.1009847198328,475.4051924300364,66.56073183437624,208.20869090982535
922.2319326290888,476.1215555890799,65.98854654838416,209.7304746042609
919.5811914038383,476.3365991403192,65.8967197019302,211.12355949949415
919.2504423961907,467.9925314206155,67.038012929956,213.78707795493239
921.9440550277111,472.74055119540014,69.26381806890953,207.09488463001702
914.5593899085058,473.4649417226622,70.72106426193476,206.17405590118582
922.7074516753962,476.5157252377843,69.61799078583049,202.75041743317155
920.7423472828075,473.2504276492553,68.27068115839064,206.46019225296996
921.487064582836,473.6411256831168,67.1038571338677,204.0742393124228
919.9389104623981,479.7859880247911,67.34324942815067,199.92878161341446
920.2962427351972,482.8072168897522,68.14878615393903,197.6134279917764
920.1074034547985,478.49560086313363,66.1764739864077,199.04812429215713
922.6778445590554,474.64118889229945,65.55093313840231,201.05659558472317
919.6003245165823,479.54713805060965,65.07739012881719,199.66604235209365
918.7093593713598,476.9126352481361,64.62942399420884,204.6008087371477
920.6977825764179,471.56971236175133,65.00733139308946,201.6202030112789
917.2954523905064,468.89950435359185,67.06263487641066,193.27357072770627
916.6045234023431,467.55403022667235,65.34230721617172,194.05022422003054
915.8571864422468,463.30756137281173,63.68527225104317,192.4080502459797
914.0564995223968,462.5243840841586,63.71792245421742,189.46037469377018
913.9358935777041,461.47346802888,62.93064340664508,189.30532381281503
912.920182437679,461.20832884914114,62.70836420033373,190.7624532079248
911.0859911568588,465.45118604397703,63.98876849625091,188.44960108722825
912.4473042365291,461.96177163522617,63.95916374093716,189.3370983428448
908.7530170669235,469.9649047963495,65.20107742974514,186.43888412479282
910.4405642381859,466.4258487344608,67.4762818987661,190.8974138899123
910.199766744606,466.73809266880505,67.57289979453049,191.61126477080865
909.9236892986746,469.26148126921464,67.53080053681926,188.5463451144383
911.3859790771376,468.40962396627106,65.04081792738273,189.0201416891145
910.6107176669145,471.42512459089687,63.11971444705571,191.86990629836689
911.4984276591441,475.8958219385306,62.33256657125076,192.0959917172343
909.0828991023286,470.37674501689463,62.52323961427893,190.7780723788725
910.7148450593472,475.40451287672744,62.03675432888131,192.9637957126007
910.8832066403204,472.28315246627596,62.1989894504198,193.73882340896756
912.6046205721015,470.8413365583122,61.755819549617385,195.10033515666953
910.8960891202622,467.33538008200344,63.164341615134646,195.75263869830178
909.1847861484304,475.3413087817253,64.28570740724881,191.6405032642112
907.9965931739462,469.1166822379992,65.04700745769688,188.37508469861805
909.4460160534109,468.066967385165,63.88901300469351,185.8919575520955
911.9994409810229,468.7347330769384,63.402769736875634,189.3877926719157
911.2921603042201,469.8137200511499,62.35497504925132,190.60895571747517
909.0436665685565,480.4951252626592,63.74963941896675,189.01994770357703
909.8116095504995,477.06849289770804,62.43700284472381,188.71253464723017
906.5104182474157,483.157348556079,63.78015265548456,189.40651238105346
908.1607113911549,492.92374506742965,64.37954055489296,188.43776865962036
910.0397366032379,493.70432095867295,64.12818034616042,186.56447837247833
908.2718006267694,492.8478103178296,64.54239942852634,188.46036580279315
903.9492711660384,497.016030787368,66.97613432247115,186.85763156493388
901.885841494839,497.55207479735736,65.28509556243309,185.73449710060322
900.4230610140055,495.3275065375276,65.31580739659239,184.4739611194032
901.0470567916359,491.236406332568,62.958481959367944,186.0435996641923
896.4779902711172,495.24230483725984,63.36319201504837,187.7612615737411
891.6854629882134,489.8415965372799,66.22479213688382,188.7489518500766
890.1487421007141,492.51875681995,65.56362523297402,187.72881769446644
886.6023704261745,488.9682915566356,66.9293894637368,187.74214870271035
885.2551645926585,492.09039497554306,68.66587008933178,190.12969156933764
883.1088290605965,493.9836482147592,69.31861056635222,193.39318923978368
883.2047188190038,491.6221633227469,69.11951970699549,197.4385697145285
883.4685080123579,495.05162025175315,70.91229299284305,202.2594915822193
879.5282220111886,494.0731490338005,72.39068772044104,201.94779565193448
879.5455703080534,497.7581224721898,71.60190106325157,204.937097514161
880.8947541297719,505.7811930320719,72.69092308929328,205.71304724551936
877.6168204866553,497.08603430888064,72.92626627681813,210.57937834978398
874.4436905678397,503.53043009815417,73.13728534490423,214.56236929460812
872.5452715088625,508.7918084177348,74.25192153429978,212.50749144018403
870.6467271823096,512.9296747929802,74.50021104456678,210.6733470596081
869.0092361923537,508.4362764788562,72.09488411223576,212.2682001426955
867.6260145069075,512.8944407818005,69.50147779164519,214.8040338227163
864.1879618452641,520.4823151797284,71.35828049933207,210.10091614930076
862.4581837916354,517.608608207901,69.63798953638073,210.13455543707573
862.1546759160473,520.8357124385077,70.29647917058386,207.902376723997
856.6744833611456,518.9570081640958,73.34751293972391,206.06280985461171
847.1252918265378,513.3491211327033,77.11757430121202,210.5322131257547
849.9993966806021,525.0246180916973,82.51520404661632,209.03753194923675
839.4910294466529,517.2958028877268,82.29844865700139,216.9991484721067
835.4290497469849,528.092220029806,82.42520634435412,217.22126791336774
836.253981456162,528.3530127953956,84.59754138972446,220.98969968255489
832.051655483182,535.5349909963942,84.6559044700906,223.1283043185499
834.1264411635107,549.7318342235907,87.62773289206851,217.35744609896184
838.3769780171974,584.7024183774278,100.28052433038327,199.734181122729
824.4365240494802,586.8910643649076,98.86453305775218,204.09105036341728
825.9626617703964,575.624862852228,97.89333280858736,203.79437984322692
819.049271294396,600.6772935358425,95.62696208554365,206.7674489679539
811.6858945367175,584.6091496900794,90.37830315598057,213.41141489009004
807.284720169017,571.1567627694035,89.49438922969793,225.42679696933516
805.4510892147342,572.1057864270131,87.85689175000792,234.8376085570531
800.6952885294182,564.4024061787414,89.62383480441848,243.19066197129
796.8868843925288,565.8712828227094,92.28970599874316,245.21541123649024
792.2883547380219,567.1963007617636,91.7388801068595,247.77586000175785
788.1641430656854,570.512792364155,91.79322058865915,251.7444548838934
785.4468613914519,568.6627599054536,91.92228465244321,258.31258481019
781.8518700553639,576.3078367513656,92.91414694089374,257.6326866701421
773.6013063892401,580.5423491811634,94.82985439867832,259.47187764044236
770.273021640429,584.1687805045145,96.1035410705877,260.5568397978886
766.3875147185676,583.9258770332376,98.2943422854942,265.35786245181373
763.8568956396347,583.8533298921768,99.09909357912055,270.83869182011574
759.4981861846896,594.0511869794648,100.22688712055091,270.55089890090744
758.5354875554254,603.0585576520177,101.18732660665543,266.1757463531858
751.3936638065808,598.9443762245162,105.32631596364503,266.81956448188333
754.1483735568047,597.6569574433879,104.27647430025425,268.0667580010543
753.4651183375732,593.648198779036,102.54628941721761,268.7253921491423
750.661928313543,589.9207283827824,100.39749099008833,264.39851831384385
751.5417161000956,583.4901884432267,102.6827684652238,257.81802329946026
748.0114357143023,586.192488111253,99.51530566767698,256.08747618277386
744.6563543612333,575.1116717681339,96.51861469167955,258.1124040541818
746.4819366926147,584.1481331197986,95.6556342567331,256.7434037472789
746.3892891058067,576.700033241698,94.24641290847434,255.4985848513499
746.640724255958,570.7135995675415,92.96117127028005,260.22842864730205
747.5635694232502,569.8198328440911,91.04230099614031,261.96663263072196
746.8034685599011,571.75412866342,89.27550608587887,263.8341414640027
741.6172317434817,558.1484170911027,91.01574400851291,266.36746674310916
740.099244168229,557.954343289042,93.42587272945154,266.95390294313273
737.5812797247777,553.0110640492561,95.55509234431727,269.83750712397847
743.3825054051483,555.8544998187256,96.33082774393455,269.3845670159868
744.5812108661933,550.9157781615324,95.81126929936013,268.35254048378954
751.6617192014253,535.861728298679,96.23926981956623,268.9979241676942
759.5155825701684,544.11175949997,96.43823373517955,267.6018890157897
778.6431640873608,525.8459315592615,97.75573902345909,266.4848591955614
778.6356009473533,532.3870322327342,103.52695169190551,257.50865776639654
803.6775063808102,531.7239637934749,99.6188583515746,253.21729673738383
818.6130589083085,514.9945647202514,98.35441422004709,248.95687203741977
826.7984443046583,519.1967312355312,96.34679830013677,241.7243857181048
843.1554237147234,522.3289472061535,91.15381194765283,237.3929333945001
849.1839110225882,517.8733572410898,87.98035262790849,237.82732083724744
858.183895142177,513.6167930551675,85.25057679913958,238.57325269046015
860.1790833457377,512.6886030863611,83.40031324478255,237.48921331304396
869.4246218678717,511.1757168157532,81.81540847471408,236.90124507504527
869.3452167006847,500.01210349725704,80.97807064847692,242.61382891122167
867.9879382891453,501.2436210713669,82.09841648079554,247.2717082661543
869.2065655818977,504.4236756476738,83.99769635982537,244.8023132101298
871.0148898756122,498.5096266332,82.63989616266699,246.84677099152174
869.7097369359944,501.47992022688777,84.66297283097202,242.0988913024842
873.7796194272456,493.05736846873214,84.72705580919147,240.8941794875299
872.5865135649872,500.3275314053025,85.37021896110865,238.56231984973158
876.5865500677625,494.27295692941055,82.6623990221973,242.1134492843045
881.4951857240068,486.4425189210043,83.16737365901062,239.16386244548426
886.0713702318503,481.9973915669701,81.68130577833958,235.84375939091166
893.4336482402227,480.38794925787795,79.47594591927634,236.57292225258584
903.0883037547542,482.81321414612466,81.86874829248242,233.72800553345502
919.2664676168142,475.17395965796777,80.40832481920901,231.71193495555414
926.8451508895857,469.2299591273344,79.05593293924892,233.10267990332403
946.5745037776528,468.4342606408393,77.83753144599609,234.19349832346825
957.0133852637076,470.29084958993843,77.61166051704936,238.0327771346066
967.7284521148708,469.9214696608114,76.49416832617888,235.75929187350758
983.7408918211278,481.00313701777844,77.69697287629899,226.81458737144234
987.2123262811489,475.05289921717906,77.17715650632245,231.27560804328783
994.451342217616,475.8724821184445,78.33742731115116,230.76463519340018
999.7970324343429,472.8060577907079,77.84143247000443,230.84090609007814
1003.9300278813892,472.99394031906695,80.85915930417025,226.63652222318092
1005.8713053941588,465.6183780572584,82.16669664547692,227.31846005854254
1009.7445676575735,463.8425244828757,83.34883721897167,226.6180002049854
1009.6742762672598,466.3313300488668,83.97439908998184,229.25162314433243
1011.3954650671675,456.5389515775463,83.5109628460807,227.11708472643227
1008.1391784729855,461.4918932300742,81.31663589034565,225.65135291298702
1012.7327725868699,465.61286396626286,80.20775173606528,222.3069716165054
1015.7630733333569,461.1170209266922,79.2005733364671,217.91100192908598
1016.3869717437165,457.8531344496017,78.10721940870866,217.0273470339669
1018.703973744948,456.55984681942124,76.17050479905154,216.63311673276178
1019.4155512661997,457.12754824259554,77.09178049834165,220.17426329096486
1018.8186185204459,460.93424909718294,78.0245448074178,218.13644539433926
1022.7328245874688,461.55121338040567,75.32734883195894,225.1301555618075
1021.5404123898973,456.60382715446764,75.15274273224404,223.78526263800438
1026.7951121648457,458.6802110847151,77.25274873854792,224.33884944373852
1027.0102153475286,459.59723993742074,76.12475866476998,223.4086204113397
1027.858932626882,461.88800095398835,76.11474955426564,222.45963525638808
1031.6991810242685,454.77809790507297,76.04644523894626,223.89369997595628
1036.7463592276836,458.5478025076007,74.90750153763764,224.63923133560195
1037.0473669004887,460.9160951448392,77.35549981270938,220.80088141470458
1036.739446485045,460.21436466535073,75.83652288509879,220.36160289884143
1044.2353981371025,464.104488135521,76.37856233013085,215.405831155103
1047.299663896765,453.4179387042235,74.43306623182806,211.61285151809128
1050.8978012891732,456.9206798776803,73.80618314870009,208.9269244026055
1053.1886815176772,460.59323310067924,74.60413008581648,206.01249313924163
1054.4822289706592,458.7972820221206,73.84966170808678,209.22946071798566
1055.3047890782898,455.86544728708805,76.36975766302109,214.19178691002818
1057.807765889868,459.66154623199884,78.86216697021439,220.60546450318154
1061.10202278875,459.96357938925667,77.64056565371796,221.75126303845758
1061.9591613878642,463.2930856975955,79.02893299888487,218.92543086394846
1062.6717045020737,462.9051910718221,77.96124976748021,224.28263884128216
1068.3539227696185,463.793254192324,75.81869547632633,224.52302859597228
1068.0872635959047,465.3722613714618,75.90835215694239,223.61825855714267
1069.8521621712082,465.34426068332243,78.8398213120696,223.96958432676917
1068.5300754922775,462.01431834763696,80.02053596574527,221.97481572580568
1070.702503472064,462.3351126691342,78.68617113954551,218.16259387502623
1070.1910446875154,463.5642603031527,78.80574258469247,215.32000848628482
1074.2424555709063,469.7733293160153,78.49179813403231,215.33764067833005
1077.8323269970642,469.97497714248226,78.41679325688975,216.17678603267032
1077.8133215049643,477.0442811172753,80.41012296876181,218.5341365332074
1083.5939914274504,476.9600950819723,79.565585615401,219.42233373044473
1086.9795882862811,474.6141112534259,81.7286131159674,220.19793726039546
1081.5802821140553,469.30693210941035,82.74846626365832,222.35524915201134
1087.5630331396976,468.4751486088908,80.51177831795488,228.58570587305866
1087.8659083182465,482.10283856474985,80.66932292381497,228.9033942442773
1092.38263453877,487.86423674150296,80.21607515251253,226.8281369673021
1095.942412781604,484.6046002617737,81.66824526844015,228.58808659013056
1097.2933116476152,488.89390596282163,81.62114148299597,229.74922613540284
1100.941773416111,491.65061850689807,82.86901238167209,228.4934523520659
1102.2182065051165,497.52340224797155,84.83451220161311,231.8189526607988
1104.3712631930707,491.0540850053775,83.80645881670594,234.16021939738363
1108.3519512354023,495.888633511293,86.52968335472472,226.02080685682236
1112.2326511150538,501.19119885086974,85.81163594310911,225.97756578725685
1112.8942917632107,501.99504563093615,85.40848435993458,225.0365579005625
1118.2687026319595,497.93687136294545,84.65897604878032,226.07124543100684
1123.2108659405903,495.2608429402894,84.31150362741703,226.01923872242702
1127.2901200364138,498.9513996205835,83.74419397751927,232.51211569876617
1132.1887221911797,500.9408757829466,82.87699652489835,230.58581172390285
1134.0722447960284,515.1722959324651,83.26353959216597,228.6740069403117
1132.9509893436095,501.69317159191496,86.76555274813292,232.20307457271653
1141.1840516722314,516.6294843725051,84.93360054490367,231.00678546680473
1143.328822571344,514.8587005739198,85.73362195405349,234.59026093877583
1147.5886697495425,519.9034991046963,85.72009135870607,233.5849747675419
1151.8631522325495,507.4147587383988,84.99306632846887,236.70750737056244
1154.1782628081435,525.948462451291,83.41907740616124,233.133078517663
1156.416770086717,515.5953455831338,82.02062985202096,237.43226453359563
1159.8379092969883,535.6206989894195,82.65631388131433,234.98437453623916
1163.5788386162217,533.2167532345752,81.84103753746709,234.09425630136738
1161.6148762591624,538.509249529482,84.29906108484856,237.90924062189885
1168.7883846937486,531.0456604480261,83.01592964576713,233.28201519933472
1169.4196214459112,528.9256257475167,84.10586361051332,239.02378033072418
1171.6531773741879,537.1200027652662,86.80586639309855,232.00689017004436
1172.7221146660904,532.5175368408767,85.5017251914908,237.2869693800133
1179.2973451424627,535.0229072703086,84.89165869254765,244.3679720085579
1180.2684650276824,534.8972229743181,86.74557533814915,249.51167100010042
1180.3374716268681,513.4076741083679,88.30006897190282,259.35562109379174
1185.462918675123,522.7187575986868,89.45263628083262,265.3711456102803
1187.6249020816267,525.9224655478458,91.99780464580944,271.82395781898396
1189.8844450872077,534.4738286194547,92.83553765599027,279.87263102395957
1194.4535351300567,532.4717437708632,91.3803234829941,282.6008872450686
1196.4489012587053,538.484554370661,92.60509190346627,285.0836139317356
1202.5640883228486,530.4691999886453,93.02555146811008,294.91339927062177
1201.352668652763,538.0370831301249,96.86778212503232,295.53395614905094
1210.3914572830377,530.3760810829924,97.47492069835934,292.61251060139773
1216.4600586772208,530.0142440350485,94.52780866885479,295.4524330967897
1222.6115511157532,541.506730760188,96.27677222660657,295.60549164102525
1226.6386938817197,541.8489172560353,96.65675330302066,295.1323474266742
1230.6990627877574,536.51982193951,95.73609705103598,292.94782301027607
1232.6966675207689,536.5510541391574,99.99650916740396,285.53897769613695
1235.8601949158217,539.181841167784,105.1365015798514,280.3536786847858
1242.222662637994,541.1284992596486,102.68849807957702,283.27764776158097
1248.807637197258,531.2585652445366,101.88007984963932,287.63441286171303
1249.3013672424631,544.5769084942083,103.32154916394526,281.71646197226426
1240.5955393168829,558.2721542703225,103.00664449148353,286.7854417182074
1255.1584686209644,559.8647763378283,103.21077750596433,296.0008648470291
1259.2573664454198,557.0859848685677,103.86123616152815,294.1928118194327
1258.6165586833454,559.9294047545773,104.88525753223283,301.9629910801922
1263.3384503767368,561.0264754699856,102.84250744230586,303.87896743172075
1268.3521610116845,555.6376866082011,98.77806864735788,302.64787009218384
1271.478628516966,558.7799619292749,97.80240817578814,307.86496631499836
1273.5057347959655,547.5910565207732,100.61132289379566,311.5294178597225
1273.6612043770078,555.1800338336584,102.99566617541616,309.5991558091796
1270.904766782779,551.8228529668316,106.44449527138775,303.00384158564316
1274.3459283530499,541.8511135650704,106.75295872047371,300.8969896253108
1271.4863947395284,547.1172317142187,104.07484806578466,298.30232747953033
1270.6260127008204,549.7741326588348,101.89532827808995,298.2575260031601
1269.611950815087,552.0545016736024,99.79430759311347,284.05733735016
1270.7898827041536,531.1040750123618,97.28677136727558,288.89369096868325
1271.3868181990358,545.3280773452454,99.94411415023731,288.73115345547683
1267.6858266529873,528.4814221312675,100.84954861767432,301.442292812168
1266.967286125679,535.6335349000572,99.6967741755875,302.5847655977192
1267.740351540289,541.7953307161708,99.28292950848088,296.50762007267264
1265.71964283009,534.6128682521802,100.64591636763139,301.98584548243315
1264.1957473479806,536.1290700646789,101.35725488109676,298.805911075617
1266.5958999768393,534.6141837252871,102.25166730509872,293.94560562009406
1264.797203226024,531.786096304694,100.28233097374209,296.74595468143184
1263.1914384654842,528.2318493166275,99.79252566317271,285.7570554941455
1266.0086349266267,529.3123303253568,96.7140267238432,280.2646407754671
1269.5293440442615,526.0760247230259,95.58148866743281,281.37679742126943
1268.7471112043609,521.7863305357921,94.88113850910237,285.0319040065682
1270.3202177430612,509.17229158861767,94.67272014781807,281.4267946684076
1266.2766815549905,523.8928431865409,94.55135270799018,277.971330069303
1269.3239682190829,513.2565148617075,93.7230693698733,265.28900999128405
1268.4152365893256,525.5583330563574,93.24121210599785,267.2478929639787
1271.2099537336046,509.73511173104544,91.40233133776157,267.90133326479776
1267.5799814151378,515.634882080577,92.07983238130919,259.1211852240987
1270.4213008889867,516.4065752725654,90.71746992631601,251.5119140155011
1273.3098727858226,530.2025227978389,90.42828440532855,250.9347866484284
1272.5028764393444,508.44885909494565,87.79735733081819,254.78952285511588
1272.2054233652314,501.5368974456927,85.973267338194,258.48579788022874
1270.886396286109,512.229760838163,87.78090301946992,252.60869859988117
1273.2573516589882,512.9164715605225,84.656991565722,252.71127550381163
1269.4444285115605,518.2212823564357,85.30073195609886,250.5861025186826
1270.5586744466184,510.1843500014104,83.30066249817747,247.62912270353485
1269.6015892689134,501.4063469677091,82.07159216249575,252.81737677155465
1266.5035450235678,505.6076236446853,83.89257602081105,254.16621185262426
1269.313312538334,496.13482774269517,84.95433556472886,249.70813582828737
1268.4004297928004,501.4965114928589,86.92974810945111,247.87070212965165
1271.43653790071,497.2872923960387,84.8355487968067,248.78618130043364
1266.8674740130773,491.6049782792686,83.15152307146693,254.03840807736927
1265.5571564892018,487.91366507116066,84.98008537416163,253.02948309596934
1263.782551262008,493.6618746732187,87.59290370140539,247.62353160278462
1266.5593319535378,495.8273666431774,86.6221181092707,245.614002416076
1267.6001820302486,492.0943199960093,87.61694678102076,248.63418056511688
1264.6810658084075,490.2788040714489,84.83907527897466,253.51961157912
1263.5675270734755,488.26889326572143,83.08051668516266,256.01620111772854
1265.4620489650422,490.50870593194236,83.07093098354618,255.94906641768847
1261.5112987643731,496.507386146994,83.78804473699361,252.37174520390863
1266.9075849839583,489.1773001574861,82.95105438875686,251.2353344801299
1269.8696333981782,486.26667098580486,81.63350413934907,246.98898675406107
1266.9236936277632,485.0978351685107,79.34259905329992,241.17976322040442
1269.7088031460846,489.49600144956474,78.0206858055038,235.8903513036022
1271.4484775643175,489.207779628724,78.64266306322543,229.03291966683423
1269.3895881487065,480.8695622381323,78.42418384079633,228.49641320540644
1272.64753835425,483.9369327390145,77.73136706717571,229.83328076017378
1271.4327955353392,478.2929796694149,79.04133210572442,231.598754109813
1273.302696925935,480.57717674311994,77.30287456423193,239.00238701589632
1275.245494843254,480.55740741739965,77.9291934426893,236.67657776750434
1274.9820373534958,474.1321264596378,77.04448650287391,228.18014267149596
1277.5409977542174,479.3900201357099,76.98073267471699,227.53181531833945
1277.2444738470488,471.4147242411481,79.83664905963758,222.81797672252912
1277.3351391436458,477.32807055385194,76.82212996892176,229.4737757087916
1278.1797755623074,481.5229990314941,76.18174470602762,229.66079248043985
1277.4526665108167,488.83023361148685,75.59945696285274,226.41826565896662
1277.5898216761266,488.6261945147563,73.12118663032193,222.58998268021995
1278.687985287322,477.1535278228818,70.43693037274505,222.71907339555457
1279.8001991174249,484.56620352453183,72.82507737813201,221.84830089357575
1276.9086961963437,487.7623494618231,76.2310976529918,212.6248688596504
1272.3714298932134,473.0220377832643,77.57515075857899,210.1407500644073
1277.7443654181452,478.3978876387514,75.79608649463779,211.97160117153132
1277.5402731308807,474.12677829950565,72.20331735444664,218.98552466952214
1278.8544480951546,468.9873448209354,69.77347745856495,220.30561838433056
1280.7872642814818,469.6522152163478,68.98683854958131,218.8384572199945
1277.8241981090962,469.2037944652146,71.02314444612685,213.64145765644952
1280.8700041698014,470.28077291717557,71.30820356337831,215.74676582827266
1280.057718934106,454.3334852472872,70.70750915797257,220.41872423074977
1281.0283237565668,459.3867510664248,70.82954527405536,222.01294023614457
1277.6361319254793,464.9827110139522,71.87210933858589,225.57367645001517
1276.134680536213,462.32413989537,71.46049435894483,224.1607464442967
1275.2054928609664,465.06711196965136,71.9552462632346,220.0877960705779
1278.0787719051268,471.1722100690943,73.0539990320743,208.46554583515388
1280.848365898364,475.9583825537495,72.39431241284262,209.84496599571872
1281.260453316361,462.6484827214896,70.71493923986675,213.090507925826
1282.8110251965766,465.76641585408754,71.38997637695724,209.06024622256933
1284.782655093996,469.9496830011678,72.08610059882949,212.36923433128743
1288.4619125093654,458.7204083171491,70.29736120062384,219.52804262600444
1283.961082636537,447.7697382729486,74.53153756745729,212.1930413936774
1285.6792826690296,461.5076764886759,75.086621483573,211.9455013126754
1287.417073718539,453.4996213796654,71.46480097776976,219.25175400561528
1288.8759969378527,451.473665968954,73.9164442089367,213.96452927442454
1288.3257337185105,452.21342603177266,72.52658146967707,212.6854254187813
1288.0334849249248,449.3682874186961,71.4501904667816,207.6610845073001
1289.0750713798234,453.3285371681664,71.14722928688181,205.50107850213394
1291.103319034126,453.7121352138724,70.29165650661156,205.78204294268573
1294.8179203287816,452.4000494313567,67.14130083016205,206.35128370533454
1295.4285358224602,451.3174500674831,66.763547625515,203.16878749128898
1295.7407205488046,452.5321554174949,67.09467284316608,198.71956326911487
1296.8887262847359,454.4570075150732,65.75615574314847,201.9040678268364
1299.5931260546074,447.55118193162525,63.78444001201154,206.83858845785423
1297.0684918285758,453.711063503204,65.44835950397645,210.14237366339253
1297.2123326492306,449.8114138078463,66.15536830475004,209.21786018390304
1300.023347776722,448.120040658235,65.911231882748,204.42200933404226
1299.0801908980727,457.0625771715486,65.24305493551432,207.16360080782647
1301.237242707284,446.27803939011216,63.96922937663675,213.71381655296645
1302.18262906193,438.81706052425494,66.21051929950532,209.04352626161776
1298.5482455570223,446.4581172390222,66.14928230405528,211.02239882754415
1301.162910677423,434.3246309296375,65.22461818037866,206.172053204103
1300.4786943097881,447.25669154235317,66.50901800260974,202.38193642137173
1301.1327558215737,444.3606963380364,67.95246853712578,200.40634732354917
1301.7299107381975,442.1623040586128,69.6664624849198,200.1543561206243
1301.501230772497,443.5433818772474,67.99273203656185,198.5244263566048
1303.4339698797628,446.7478301902339,65.74474978600637,196.35924602759297
1304.6537383429888,445.28223403742675,64.12602980888337,197.43136094768846
1306.9713583117752,446.36606156437875,63.19670541263877,192.42982611685412
1306.2805961822767,445.4483034106696,65.06745216984378,193.30240896210327
1308.5015242486982,447.24898455464233,65.08169088840062,193.88889387340686
1310.9713699891654,444.97232520882017,64.95425304936643,188.29812782001636
1312.2042112180918,446.2954138855287,65.63477819651698,190.22397055017439
1313.1062690429535,443.10429448576406,63.82968235102797,191.34715718273998
1314.4274961390356,441.7077593003927,61.752338956061784,193.40725245634238
1317.0975486150821,435.8424078939456,61.53206503607136,193.0766761064089
1319.4320860530172,445.0448160482953,62.04686037875632,193.80592604787032
1319.6285707129846,441.95693366353794,61.445607158327235,189.75039234867995
1318.8611403464479,442.34235131986276,61.521376781021104,190.47538193331079
1322.3736007878547,442.6971827290775,61.22468017645677,189.1377002947298
1324.4164932947035,447.68559418414884,60.119123736876865,190.8637748976487
1325.7228315900443,432.67800813964465,57.74444682398661,190.4150755720176
1327.388917358752,435.4305269051016,57.41197331563491,192.04905890482928
1328.3961494048426,438.10406965809904,56.780138588194106,189.727512187848
1329.1440699620841,438.6914265672225,55.326849634132955,190.85393050735166
1331.79595442202,438.4095348276853,53.802215522400644,190.1218578843068
1331.129431848616,438.1419609625249,53.637982821245586,192.9021485486724
1332.4773968859486,437.29459190575665,54.91746813311582,192.5020196066776
1331.9525442984884,432.5244713010293,55.09591807999141,191.2820186217296
1331.5517916618915,432.92665922966745,54.148222405707784,195.4341486268678
1333.9405513941347,432.5706601433317,55.34743827317547,197.05147139908175
1331.844302772208,420.0534577363616,56.14073141477945,194.40140920898637
1333.2377601779356,433.7386560574854,57.17795864823551,189.30024109743886
1333.287563518049,434.23746704884826,58.51910028694574,189.4341766176516
1333.4701980316845,442.5678026417612,58.330994007020536,184.26083645636464
1333.001859443695,434.6499077896117,58.06155628979707,181.7514297617697
1332.6590306856688,425.1105769399859,57.978925338736346,185.39888092976577
1335.3338147596348,433.2602532241992,58.40463712708728,181.29209605105584
1334.970618805153,440.65817114272227,57.070971756174956,178.1185772123681
1335.8001138206691,433.4336765947287,54.432276869046646,180.2361629013446
1337.391235875834,438.92296281637823,54.373510236995855,182.1349084959793
1336.8796202502338,441.0745290900305,56.63510302154394,179.0567995551187
1338.3511095183867,443.8642103752936,58.70892525514684,173.95741816314353
1341.0644325241783,448.5628739211048,57.778374988886,167.42190506917444
1340.9159532338417,446.6620562399993,57.54527621262113,164.790512253619
1341.46748711273,449.54390924978713,57.52624384042561,164.6823432043355
1343.6249669241558,446.9660774860636,57.14984627886804,163.88074232778615
1346.8850564405266,450.8837793321633,57.53264452712996,162.40820820813923
1345.1111785586047,449.42063043731105,56.93452715849051,160.52603105117598
1347.4520570864277,446.46721432558934,56.10732910138912,162.64215852247096
1350.4894120597837,442.44748136311614,55.145298690264305,166.4851150882769
1353.1991792017843,445.8596223241735,54.84045902656417,166.99783196331637
1354.2296526894077,440.18626989573215,55.1278014371811,168.12527555754423
1353.890388792775,440.396676940068,55.08613222274241,168.79993787076472
1356.0843481075383,440.3969085909773,54.16368088781161,169.2096287608301
1356.7816511388482,443.83888906154345,55.09248962790304,169.990793169965
1357.040037066148,435.29240933114556,54.66291346141477,169.07834310845783
1357.0451930551717,436.137049987856,54.62042774131962,173.24159021827765
1358.1661238879187,434.743106813022,53.67335478453047,171.68981550384018
1359.8036730869835,431.29797582015925,54.43695318032464,174.7128606597422
1361.2936327262396,432.627262146891,53.6478338667276,173.48378349315198
1362.2505545850436,438.32437065214276,54.725629140338796,171.51333508939658
1360.1455928616813,433.0562622092339,56.01702014972416,164.38723775770413
1364.4119382135616,434.89290867987097,54.18668458210181,164.72375899159672
1366.6574921123524,426.15173545781875,53.94592298790918,169.7102323104349
1367.5751595545446,421.2283091366163,54.24336954887532,167.75762230322158
1368.7397323968476,416.25822215733075,54.872827664146115,167.28624271045172
1369.5658710858431,420.60550451535096,56.684854117504344,171.42812701869667
1368.9150056389208,426.02889715391086,56.840366015793165,168.19197591410392
1368.1957676732327,426.1662542979415,55.750729761606166,167.55642973202677
1369.635527147197,413.4917902315789,54.912283768981254,169.64408178368063
1370.6327830967525,423.570852562611,54.78447042525303,166.52860248578398
1372.5734977377294,424.5177216250361,54.3798475057857,164.65695913942108
1373.3918105101673,430.62283300627547,54.68180817373313,161.88688422416487
1372.5583502177449,437.76139627320464,56.33020836075811,163.34562299448305
1373.4742871486992,428.8152618162637,57.22763632482941,160.26164724852214
1373.9072599039357,420.3127215755883,56.877105560966136,158.61920961875194
1375.6543323821975,423.1179131977523,55.543886135295914,157.02970162924663
1374.9404394148792,421.8879716199518,56.16215815436381,155.69318764536314
1375.7004265837027,424.09642140723946,55.88556810305994,154.38314675831964
1378.4942638441023,421.54282162757175,54.48329802168451,157.98281490213367
1380.7059787503617,431.70447167121836,55.10028920951728,156.9022096254076
1380.5468945128055,418.8316309166649,55.49630628302158,156.0682958095954
1381.4005225315439,408.5833713358498,55.88705311312975,162.9800261943907
1383.339370311617,400.4712954811932,57.52897158559807,167.53690672355503
1380.477613047921,404.23132689094405,58.810560669878114,168.9855532442648
1384.751170670078,406.8105356243765,58.70903000460467,163.12258143591566
1385.9053899731596,397.9458579995152,56.77233964976493,167.67697634851876
1385.8342581597378,419.75315679367935,57.15548023795782,162.35994723739148
1384.4394294915944,402.9122554111733,56.290948376666194,163.11737637450534
1383.8012147908964,420.0764878996366,55.789957827663116,163.1945057997611
1384.2140251716487,409.1433363186056,53.97430699007545,164.12382071138936
1385.8701512562575,409.2973071731939,55.52628003497358,160.78880190455197
1380.1961209955,405.95793064824795,57.04860385629522,156.9183117232478
1384.1253253182222,417.55958102178874,54.30070735066559,151.15446071925095
1386.7608325162403,419.65286167197837,52.64239402530305,153.26429296871896
1383.2225478639646,404.90043166197785,55.562493845855954,152.9475479968714
1381.4745175838639,405.84817230675236,55.1520973666705,150.52503330547253
1381.433998766732,404.1895805329441,53.75350409913257,150.73453643308218
1384.9274744603729,407.503998272777,51.35031897780843,151.10079580336276
1386.53712163024,406.0747751071376,49.61901110043908,151.9882516420294
1386.4160799403373,401.55978904320546,49.651591993051355,155.45978915510346
1384.4236537244278,401.2909646907514,49.782091460182855,155.05586481591402
1386.6065190610257,402.6311515253541,51.99503528477173,151.77811565794184
1383.290435754941,403.1264890431877,51.13731278313002,155.68846894622243
1384.7758934584106,405.7395776794869,51.87155265960591,154.58541240646596
1385.2357185737167,393.90346989657326,55.34655433789868,158.419081991947
1381.3775998655265,399.8248149953288,54.55306248189072,155.0674764754001
1379.416186520338,398.6851458430734,56.98540119919498,151.8452369182771
1383.4888443793402,403.8955013970086,53.92117692715253,153.2873417895574
1381.5349408897303,406.8672635837945,52.42003168865171,152.17477552498679
1383.5463393647099,407.2886637880449,52.06321930067103,149.21987089724328
1383.750855838085,406.5080445163745,52.15659919283294,146.69238580204518
1383.961103892466,406.3601326435917,51.40264894893133,146.78348184351182
1385.6457081365045,400.9677852417294,50.99032091793887,150.6525031605822
1384.383532027922,402.9343918142242,52.25607637010461,152.63616936810013
1383.579436043399,407.24066889143614,54.37496463591654,149.68728481990382
1383.177262123133,396.5769848531728,56.40223511133756,152.37361583464494
1383.7774804204603,386.84645449439404,58.274872240554956,158.01008645506715
1384.6335461178344,394.02280831664854,57.551188316359486,156.09130047127792
1380.348941671934,397.9786577066126,56.367747237068365,154.21135108038564
1381.2279666624788,402.4329869646781,56.45180543739626,150.9948377591417
1380.1455285546358,403.4276832839091,57.44114946135306,153.17934461366775
1381.8149929128742,399.83054688924733,58.90103808529909,152.29102680392782
1378.881622047822,400.3123123971635,62.46399862163048,148.685055343849
1377.236221388287,402.6525428526072,62.916184083642634,147.1059927777
1377.7222377037244,407.6273560580338,60.217567212041175,144.39367109281358
1374.8731548654398,393.4883100122099,58.672779202818624,146.49915285918502
1376.3293808552282,398.3707100284418,56.81720828675931,145.7711980658661
1377.4358513069112,389.15879688047073,55.34728197090767,151.80262401196393
1374.6898376158094,395.7056282855323,56.30806778788389,148.6249935240345
1371.93344465361,399.1718694858014,54.53311362044475,151.65276838233416
1374.3829670019836,389.6053796583551,53.35222777872477,155.1095530487068
1374.6600378841126,389.51047053182475,50.446889302323996,155.94420896551017
1374.5256504515771,401.8247922297396,49.65477795477087,152.9964359003821
1371.5351061930196,398.20317025532097,47.459514777861415,152.8470501312069
1373.7917728176233,394.81551745473746,47.00192308796775,153.2831484533491
1374.97041710739,402.00638818985095,45.67933002771285,152.39773055633748
1373.3565808960866,402.86213597658826,47.92552603591173,154.58904424665909
1371.425998156845,401.97930495066623,47.37995053699747,152.6707522451513
1368.0490479796138,407.1214413523901,49.152640539890555,147.46759008807618
1372.373943244225,405.97688515956406,48.83645690650489,149.68280457031267
1371.6275650171785,408.92609518597885,49.45477376942253,144.62287322409216
1372.2081615784425,413.793219049472,51.253571085643784,140.81747369769266
1366.0171647454172,402.57592575299844,49.09816540004042,145.51662472726719
1368.671975911678,399.05123342783645,49.08780787313764,146.94660539587431
1367.1874046317382,407.23563231529187,48.31017511288853,147.01313936833776
1368.3384761888994,404.1044504129818,46.22114154770388,148.2132289393532
1367.1002419586175,402.9839952341654,47.148303407395346,145.15201947607392
1366.4470897912104,411.19583577542295,46.41960405914773,141.5782960521437
1366.0351097939238,397.9525843236849,44.743934022146746,148.3607421422689
1366.8978954962959,407.29155587454244,44.50626207943566,146.11391455701016
1365.6555051720325,405.1686224209855,44.96320191776738,144.57573182659382
1365.261526285686,403.51062365505277,45.149848998069885,145.95421876400343
1365.4538562699552,404.6230910458107,44.620800633537016,145.39884012986755
1365.922880581857,410.61765467093795,45.09092623541973,144.2890459684946
1366.5082433095702,408.96075343235276,44.25990286629876,144.64729083374198
1364.8910872841254,405.4996608993086,45.29167644584457,147.7482457902753
1362.23848650574,405.2530881858874,45.8871052554376,149.01832221288544
1363.6106117924458,407.33987313199253,45.86821462806826,146.7015368651621
1362.0148624666435,411.40791149952827,45.61211529622037,143.15020491342267
1363.8513838675065,406.96960546729105,46.29188079499144,144.7766525514552
1362.7750444894727,409.680576874003,46.42804125280502,143.4986485956028
1361.7616372163934,415.1696563850799,46.16889962515711,142.18585097733126
1361.1694933963568,405.6234494583925,47.767839918943466,138.00142769058198
1355.687825927717,407.138640120709,47.76000813209732,141.2832566248458
1358.4868943130248,415.9981856188512,47.43979643577218,139.49778531701034
1359.8063452899694,412.4689516336824,46.92654928423116,136.08653546212432
1362.3733916049578,415.9279489225422,46.238056433376,134.05076365321713
1361.2122261754516,429.09564802908153,47.95177285272987,126.4686274433667
1360.2815495009065,416.89884338395666,46.50301028042136,126.94000061088838
1357.5973712322457,411.36344392496903,44.16345277487939,132.83224058091955
1359.189248881535,419.76332927095575,43.178234047213785,130.53330641156757
1360.6759047946878,416.8164572202431,42.870800597496924,131.87996226881683
1361.7959974440519,421.27475656946297,42.67390401404126,128.39051179124266
1355.807661513489,426.97528015983045,44.13644244025032,127.95661008607082
1360.6732643189598,424.77897686529457,45.26913505049947,126.64678894063212
1359.998432383376,427.7089695571715,46.27543215755235,123.28152196531963
1359.0726163832148,422.2796089267798,45.43740264338247,124.53546561828092
1359.7818846142072,424.4257432753704,45.461033674236575,124.90408320714735
1359.642888500305,418.945905533195,44.528435812679916,128.11988845283065
1362.003059694444,411.13311637088236,44.87502957882117,133.750279956263
1360.5864279085367,418.8433828275306,46.52790512930474,126.44609596107568
1359.9780529091586,414.03272103484136,45.0470049673225,127.15507459656604
1359.0106698722186,424.2689626515729,46.522622493699274,122.76728270942698
1358.7993323629184,429.5034816350832,46.60159683034158,122.49028150307345
1358.892824049069,426.02444327102296,47.448114416756425,121.59116731629291
1359.3234487399332,424.28717609232626,46.91577919553564,123.81971562556849
1357.3007180895377,432.05967811880396,48.69078996795008,119.81752313611403
1358.278960014487,429.85717062413704,48.809917998917186,124.57212178974348
1355.2986815081163,433.8391015489083,50.1317376858423,121.14083821574499
1353.6054125485139,431.98033151441507,49.91100600448065,122.38808753049258
1353.652966268704,430.32702981024624,49.52024438228145,120.44912815940961
1353.2083095081857,436.8066860739647,49.27379307380534,116.91756020978403
1355.1541345708722,434.31847502336126,51.08051028020573,115.64870048910358
1354.114752002635,434.6704728656762,49.67802289180603,118.05348293275497
1355.3966392012521,432.3098521114536,48.556512599132645,122.64411486793826
1354.1599936063449,430.0843025951222,48.64017528718222,122.51621071909638
1356.6759571780863,432.84180850427884,48.61249705241178,120.66838013681816
1354.36450705988,434.6343394260257,49.62901253944147,120.31835786114128
1355.7033940571487,431.1307080030936,47.21200510867617,125.63148561932658
1357.762139743307,434.6870222299452,46.15171647607245,124.63592986816701
1358.8908445098837,431.23774457924407,45.24435350162906,126.90236977876324
1360.8247270877105,422.8608951047524,45.15137625550892,127.42164196382605
1356.43459976429,423.1400399867337,44.53098539610143,128.2238898409818
1355.6639459335572,422.36164499193933,44.286209746568176,125.4089263493081
1356.3100354446028,429.86168252454553,44.58384406342387,128.88117816993534
1345.4404640706987,428.0908598504297,48.08576766310259,128.22601353240285
1351.3071009055784,424.1446166853327,46.1615823361524,132.19690990778784
1351.499073554559,426.8430822327749,47.08746789773456,130.45429614215712
1349.0598349447612,429.64678224352247,48.89303136180354,127.56029291369373
1346.4528334433733,435.98749698900906,48.921571534014966,125.70674311388913
1344.3028546338692,425.2516640217388,50.421908828895724,127.29605915764526
1344.010068325022,429.3236972501901,51.8538433972078,129.4701249250981
1343.6307985812095,428.5207429662783,52.03295238784406,128.85278265420928
1344.5725094057786,429.16670984760293,52.28080761455483,128.12835015938444
1346.2158778450735,428.7112062296479,50.950584014184116,129.60898946928108
1349.3953694963352,427.1801021567908,49.951522678054985,129.4110725762095
1348.6469769079222,428.4151151009522,48.42471434261047,133.446922135172
1350.8455772387151,424.9180563984387,48.25943515930989,135.16676426184992
1352.4513754198533,423.78454863582704,47.34925526243658,137.984281823662
1349.8561805166862,425.3725686771574,46.91050867389839,136.55718072304884
1348.2070710994924,422.30726471257174,47.34184791369994,133.14274179764655
1346.2565904105495,426.59247166704677,47.72832243160297,131.84025485681417
1345.5560747023856,423.6714447225267,46.755191818798394,131.0840914724462
1344.7895355054688,430.06947188092596,46.8135826339588,132.20917860983954
1343.6094775692193,429.8996845355196,47.71247036923755,134.9599376962639
1342.7628622759041,428.9264847741154,50.65910848247337,138.7188646242524
1337.9197261983652,427.835474264115,56.54248240685277,140.34896682879048
1335.3597713747258,426.30172182803597,59.552078427726585,139.6561686110063
1332.5957927201139,425.74916563470435,62.2339283871951,137.98759452493283
1333.1728417482614,429.8292898984886,63.49901013795998,135.98953808012746
1336.4136804956847,425.15664329061366,61.688940747766665,138.86171388615267
1337.227429698461,428.7405345194089,60.361634394792546,139.4549499880115
1337.216822826692,428.75298542872736,57.43517898404599,138.409583604247
1339.554580863689,428.034782407405,55.483253530124536,139.24628856366405
1339.904523435082,429.6462369411955,52.6561574896406,141.5172755389122
1342.938827442933,428.2961537157606,50.92702948006739,141.77736585212455
1343.3660852742184,428.1924628577608,51.78548594927775,142.51604818932668
1344.4238735556974,423.419299713281,50.37725254401526,143.24700606319357
1344.5757735285865,421.7234419853738,49.763472385784986,141.73606440610632
1345.2895309455716,425.2850479552943,49.73653118213596,143.4759602466595
1342.5859754406683,425.18271162806724,50.85944966809039,142.1324639303076
1338.6823885737315,420.88822373204823,52.050621052178755,144.4562288890454
1338.3646290894224,424.83580405815144,51.670687290928285,142.50978579390429
1336.60044453945,419.8943176964847,53.48056626488757,146.74465453000036
1333.2492498534684,429.14763452600164,56.7816328061716,145.46912874145025
1331.842001701314,427.57263786434976,59.91457622490624,143.6993063359719
1332.6708539801264,428.9413829547666,60.4688036621399,141.75783468278001
1333.905224384326,430.4872879231374,59.58770881468325,144.22760091308908
1332.5414894845799,428.0580380387035,58.7777169628758,144.2413396800254
1333.5813723423764,429.9128302819176,58.520208715623845,142.31565358259704
1335.5141994565606,422.08798987252874,56.145946485954184,147.68171022261924
1336.2205332944252,428.98802537463746,55.95201945457979,147.2979643537848
1338.7565886232574,429.19338575082554,54.62861681015457,149.33720089694427
1339.2070785658896,425.5145751915738,52.45969645185741,150.71555231066702
1338.6189824321052,423.276046882773,51.82400180086637,151.6507170942404
1340.352230544622,426.2341838383111,52.25932476014985,149.94563327077475
1337.2064097459279,425.25015661638156,53.461869760934164,150.0421847739536
1338.358290540545,431.313611626003,53.43945711071676,148.78505856183241
1340.5168494713519,424.60122662495144,54.04046480627204,152.57673569836902
1334.6443891582462,431.01734705471483,56.87805288090988,150.86519138153005
1331.9519632967847,437.35837914867534,59.3489272964984,149.5861272721932
1329.549716954578,434.8139537372669,62.834578568004375,148.99891569284122
1327.261792186528,439.9539994954146,66.2520761648399,146.934338532708
1326.0966464100013,441.5018865195673,68.37701808358698,147.55602258703883
1324.9064237088617,441.0877428821192,70.61947013230562,149.354493836573
1326.9480171275757,442.3167256298875,70.25616577603667,150.39453926712304
1326.4006949912073,442.9870858424631,70.43367271173568,152.9272844598213
1331.5835598731294,443.1145685004244,69.50751700557468,152.68186023463437
1332.2097644633411,441.1532860133183,66.57525905068597,154.18862785662174
1334.353608581182,438.73947115135144,64.382669163873,154.8456690299398
1334.9962547757034,434.98387203812206,63.36700220440231,157.8805026531225
1335.9104395955521,439.9688521881084,62.576908399990536,155.96137650271493
1333.5073022613553,434.9705762924643,62.91559206521933,157.47812816467794
1332.9194537353978,438.03417133720944,64.28036297262463,157.7211855508857
1328.1255678331029,439.1161886443036,64.55438042356656,157.64405871893118
1325.939471119229,443.96858810196863,66.45320172501954,155.38576120270108
1321.1878273158222,443.60727443614275,70.29749775255243,153.95275692394725
1316.9760023048802,443.86830955275127,70.73970114520097,157.96628612359297
1314.0738504247915,445.3746678377983,71.20705536533468,159.61481625155068
1309.165185386119,449.18793404486587,74.18640698076646,157.4808681737527
1305.573504483255,447.06946501367133,75.30514009330292,162.4150603376711
1302.6884329173465,451.53069109347103,75.39876448748626,161.17112733281567
1299.3886570260152,458.52353824868925,75.68261344130705,157.8819989638731
1295.1035758370485,454.19989249697903,74.19217767686642,160.63488728785552
1289.5469769526874,453.5663159095212,71.72752874672486,162.61705395412517
1281.7395544997323,456.57562031501396,69.52125353070613,162.60102450095164
1279.695447504848,453.2804920373007,64.59374585862992,167.1974132954482
1277.9110748879832,454.64154647414495,62.10258899480827,167.45034087104648
1273.849520178863,450.2274629183926,60.6244451728752,167.57167487701304
1268.553571563993,452.00358532689893,61.26975263327415,165.53083314738134
1267.1583514903507,453.64450389572755,60.85061245348444,164.41888497496876
1269.3603258750948,463.0820917350768,60.80490783044191,163.31506695292256
1264.35314686239,461.865141532582,61.52169952296518,163.1485984410624
1253.9194610704694,457.3595349882925,62.43891908777189,166.45234279659743
1253.5207177028665,457.2099835735296,63.231424455896956,166.67857974179282
1245.4218401897201,461.7793982215403,66.34855891066343,162.64933852327835
1246.245535670923,464.40029312049313,65.94470763744472,162.728006013802
1249.903706411,458.38512679971944,66.7667591942899,163.778299341618
1248.1155944146294,460.7537208536024,67.81278343233785,164.03724433021
1244.393622099192,458.70003741150674,67.76028332910593,163.25585166302034
1242.0554221987577,457.7964952214812,65.15361509826647,164.84248404597747
1240.5092498263643,453.94621906467955,64.24856459793116,163.24575091366313
1238.9077233784624,450.8130450738038,65.09548803077236,167.3013552607502
1237.2333483694827,440.8271925303993,64.34311711311618,166.14650478055677
1234.387217616554,439.5450490309478,63.17782145657708,169.0443407756072
1231.9450691145357,440.0758170155145,64.5097337609747,167.78053654687017
1231.215339872452,429.46328463793924,63.772670897556196,166.86538748032342
1227.7967469425423,427.8079249969817,66.49971194465344,165.72336013063574
1222.6760400961073,417.0103014050441,67.53356619870144,167.98215532675462
1221.3717108333478,412.8586770382247,69.37499435213834,171.1996367509081
1219.846285837853,404.6008764761536,67.51294860873465,172.47850902680875
1215.4663857666276,405.5694908372086,68.0597883239139,171.88444181967674
1213.0500356248156,406.8490805607048,70.26611399326552,170.86074687155252
1210.9238469328586,395.47625956290176,71.19968684320523,168.80016267607516
1211.8065455938927,401.7205197424976,72.1121246056781,168.5943026951532
1208.3223698239913,399.0748475010172,72.96808867290846,167.18192639021862
1206.1646034716687,405.78581485386877,74.94335663889717,164.9907712328711
1204.6448059009952,401.0616241609046,76.07520937044956,164.00827591038126
1205.2836676695358,385.7071531392814,72.73674441987413,170.6617885101058
1204.0240085213181,384.9190207961967,71.90871310413607,173.81333425650772
1205.0489506034405,380.1747911780262,72.48595716870692,179.78258977105213
1205.3557279157258,366.4927908523921,74.10390415308154,182.95160998935438
1204.278196535725,367.41290638739355,73.061823614093,186.8174578771983
1199.189269922951,378.9197297607203,71.94840275363276,187.47516845103365
1200.3767907786273,377.72756390133964,71.45303151960442,193.40497166099982
1202.113252510859,389.53156387523165,75.29717745152661,181.35982316779828
1200.4160508183916,381.0577565895551,73.39670523094476,180.74701381528115
1197.4579297454006,397.4924814552845,70.84599121537703,184.7616024254781
1196.4800373891046,387.9006015280918,67.40695102593682,189.4475491089542
1199.021445082719,374.42019397337776,68.51198386452059,186.6976231826862
1200.9540307530751,380.31733325581035,66.784965535321,191.45522941206693
1197.9786829708287,375.2440777407837,66.63294138591426,197.78956313567818
1197.0655216111904,370.78066470037004,67.88768374931803,203.66897630226873
1196.6986994784208,382.06188222826484,67.60599692222777,203.58474433135132
1196.5470459726987,369.0927057454907,70.87973929227823,194.25967807840837
1200.534247425669,361.3873196404255,73.75531527997484,191.53195437245444
1192.9319393252472,376.3767162701329,70.93764884920301,189.8055038026643
1193.5299560747324,368.5524162273894,69.26460861006757,186.69159983441224
1191.831252986485,370.0434218136536,68.86135783837877,184.79803491723402
1188.47173281428,391.3209573369372,71.42159123887248,179.91239889109164
1187.093292241526,372.3057822769339,70.99861882906758,176.84074352838684
1179.8721540152187,385.42957964730886,67.60778063440996,174.99929301279204
1180.2324542646616,375.57316976028574,68.98082108136889,172.2603575772597
1170.0996995117691,384.407400711394,67.6061385537053,176.51059002085458
1172.8607217711253,382.74251645453137,71.0389188428935,168.60450636094146
1161.838314325142,390.9681416611418,74.01297194610446,162.3679826763209
1153.4564147468327,402.96921308104083,73.02106883070599,160.55815805617218
1142.0106758755269,402.7160073734981,71.60268410159796,160.9753420851673
1140.5738332239514,400.0413705955974,71.25078096540553,163.11241312130295
1132.9543436222664,409.2852705619844,68.01215177036195,170.79128066725033
1131.1976247725092,392.81190242604583,65.28099136882469,166.77342072650424
1118.9390764155316,388.09706467438383,64.7701716526729,168.86342490355744
1117.4694182315873,382.67870077135467,66.7872941425293,165.09689336738978
1106.4934564081955,389.1669098933823,64.79666701107905,165.75951167763526
1096.610322562032,404.6863097798491,61.377009021221696,171.42609726495328
1096.727291468664,367.04200613061676,62.609231817521206,169.39103938937137
1090.2980562451542,358.1779687381169,60.83628515085708,176.6614608787182
1084.6539504118434,356.8915030054337,62.291501748758456,179.59277135235567
1077.2809540378958,397.49557665410214,69.3672438547714,166.9009180873806
1053.3011440030798,406.99062505413815,67.30839977325041,164.6560022748201
1046.6024358579846,414.92314574663374,65.57569014445224,162.2883804288906
1047.4654660450567,381.45944016330543,64.563980185189,160.33879658184068
1036.4522869529656,404.0977374351281,62.101838552267054,161.94751281537202
1030.4130735949886,368.3733124646385,58.23583210146236,170.01021782060457
1023.0541553194112,362.9006091832849,57.58659049723238,171.39518335021745
1014.2155172726608,376.34474312693897,58.61235786054642,164.9667996682768
1011.4433278575785,379.51951385625904,59.8210163889896,159.99008622353014
1000.6014928780453,400.29287693924834,63.88226222231329,150.59066646445075
991.7418881235728,413.7869285811893,67.69244076949272,143.29586391135246
979.8670802730215,397.4412858514959,64.73904488351818,141.9036447985868
971.054514169702,398.8129907989976,63.229029540466044,141.59179589877652
960.9933859486175,388.2459444929091,58.463295032789496,146.91977398840862
954.534169643545,391.31632638332593,56.98961730240766,148.40527621322818
946.3858270223134,387.6300817112734,55.63174733072461,150.61404418315357
936.8755045433285,385.67090293346564,55.378895629913345,151.65610569222696
927.6914825036323,383.56858045426213,54.234866003773575,155.14224627289224
920.1017119229166,378.09954407513965,52.871013255787076,160.86772983956183
916.7408000392627,365.0746085242475,53.80849647450245,166.42414558751992
902.2984036050756,381.0386712806413,54.32407276064495,165.4875353814491
899.8577009814603,397.4779988646467,55.50254078166193,162.9750753968504
885.6273877017899,392.4940489298507,56.12881736564051,160.0594423454773
879.1515302555583,399.3526158280432,58.87761270600202,152.16915984183817
867.5058205029738,399.10318434876945,57.85843614600301,150.126399320535
863.9810235094374,397.2867197298732,56.209190773435715,150.16539294143882
852.0889626633564,412.6441294613117,56.057440115724475,146.3581194314139
840.9194473556821,423.1055295173473,57.17630305996802,140.3173156249503
832.7241724236352,420.79098459001216,57.20205742510984,138.26506065686317
830.8948824876333,418.5758438504931,58.20771615797783,134.2569738329905
813.9616983798869,410.2919013120004,57.72006136727863,134.00166499994754
804.1312882094079,429.43681050340047,55.233714367269116,133.31828500759985
796.322995405598,420.05519657340017,54.23187594693184,133.8758545676596
790.913993833803,419.04581054384613,54.04061247136726,136.4164015322673
779.1036716492887,435.1256840530832,54.853003122509996,130.81063996897336
769.2046909956329,434.3401345705269,54.726682055837514,128.59272701036684
761.6763733450832,439.26278952434154,55.01148283767592,127.39831933943535
751.0899316161863,442.8197600553169,55.31867080552187,127.3255559286145
744.8061607225123,426.6502480361405,55.27064646704095,133.83151175365694
731.2172306888298,432.4899774699399,54.57039107855243,135.07704633048886
725.3468798768802,435.6955575092074,56.84487023259713,134.52506656645676
711.2213020074779,438.82997501557696,56.6646914869212,131.77710389953083
707.4801318072632,444.69216771155016,57.203873426933995,131.5009399852764
691.4454560596722,446.42353690941,57.390165616673904,130.89262773204925
682.1553288718314,416.94976816084255,57.01549104331643,130.75953808002225
670.7285486848791,451.81628083980803,57.93491555245396,129.4499927855562
662.2793169402358,449.20152674347685,58.00622993231792,129.9226369087232
652.3218895798112,448.5543443557412,58.994656129159424,127.39934879947181
642.5666702429008,457.77726579647765,57.49779646973765,124.75065400683232
632.6093533842381,460.0121610272889,57.08378035678693,122.91284471800368
619.6378374154598,455.1950465596942,55.752148615652885,123.28872025580196
611.2113397089839,466.23014161948396,56.92378472624039,119.52812635961699
610.0284374289837,467.7224222710776,56.50747882090569,119.02409566116928
592.3187558611814,468.20968996529336,56.01373379039947,120.02148909655486
590.5745076631805,469.34218931942576,54.52089256737615,122.87498948033698
588.8990389972005,474.35655983260926,53.74050692625744,122.74513646077577
578.6509946035274,468.25010060532026,56.07176184724382,125.1710784800852
571.1775937112353,473.40029364901153,56.64038168375035,125.0185210514777
570.1503451054235,476.4238199805532,57.26160963028353,124.116215456837
567.5477799775979,470.02205295898375,57.03770502713654,123.64310177521926
563.3042808335723,456.5006545921068,57.01297717755826,130.9770195406814
561.1549271479922,465.52946827974904,55.70837216880588,134.0467557302636
557.4348642780114,471.06331235123514,57.701251009016616,127.77833198051854
553.5636010061289,462.8299567009793,59.46674941543199,130.37592947732583
551.6524144442027,462.20044992596866,61.733700389866,132.01480179181752
550.3481729817606,469.9013346048695,62.433832737613685,129.842951367607
546.176438784576,479.2267468370572,63.17222488918584,129.7752493776787
546.7734084899287,458.9565063333722,61.9748260745733,135.27236269587746
548.2419764329132,461.05496986096006,62.23624269999294,135.98376172107365
552.1591836523371,465.89463497279166,62.076653511830585,142.43330870424262
552.2749349128826,463.14765899091117,62.84402383827069,143.84372289985453
552.4270841569654,447.65896498015,62.142095483811545,151.19847727529856
555.321341105715,447.9713559643607,61.788746168872876,156.82928822267687
549.9684112420028,445.3103329672581,62.16607048105378,155.84367299845488
558.7477898014133,442.1694599708992,60.82785363123271,154.9302526412373
565.2807402800611,447.7486076825936,63.069753658774566,156.8296756957825
571.7732154328212,448.0399430987692,66.46438582357557,154.43764932108405
572.4811762093666,466.406847510939,68.11512905708855,150.09574597717227
572.1400235593353,455.6499509041514,68.00048357080627,150.35217706202474
583.5600993367767,458.07571491809665,66.92135680988405,152.04632008159092
586.4130101009097,459.6442593594666,66.7077744717065,153.1872445425839
587.107614557476,446.08199923211663,63.453456278423516,161.5876806738587
587.5191181654918,449.94709090452807,63.72724098969867,164.31288813179555
602.9515202236485,464.9299414033211,66.84505550425831,160.7295561143642
597.7161273798087,448.3727257028409,67.2712873533325,160.61290789644235
594.64970811978,452.89171082797793,66.92356904550063,162.78686344574402
593.5867093207248,455.06123672345456,64.90428258068278,171.6316820597889
595.9144962101014,462.61089889935073,68.30562477809434,168.13454291342293
596.6247576603081,479.15666062221464,78.5848162163816,158.98526239305306
587.2535179980074,475.21777635063853,79.23575817093119,159.90305562901437
588.2671019601605,471.45508354017096,80.74919854454544,161.0610337620548
593.0463097176533,475.43461793018577,86.42286685349168,158.27143472749466
581.2119799626743,463.7650715939279,79.03343253817407,168.83080101290759
585.1836380039147,461.02484938237535,74.26461961827275,175.5068653024839
586.0383454705442,468.9603428214024,72.33937004577668,173.70393884805225
584.6447311735828,455.8499837109647,69.68862596000946,176.99586029601278
588.0865049373004,463.5403050511868,67.02112616088637,180.85919599058326
592.849165638366,468.8880437465043,67.04007755260892,180.73207236843206
595.5656153967212,454.8980690420384,66.1678634967302,183.14373241489176
598.8646101651541,463.817318324528,66.1620196047217,183.58759844372398
604.2364369694831,458.6315503580249,67.44684560219741,183.0894030964934
612.0241652421888,473.74322294273713,71.40799694738718,177.99532996712654
606.3384840671348,468.33404897063383,70.40603639544184,177.8420463227132
614.899451101203,471.8726122149836,72.43591149451186,172.26352813435997
612.001951150569,466.7481717994333,69.81579443355264,172.3760943269067
618.4444309193974,469.2070357821562,69.64696428951676,171.38501852468985
625.1959612018744,473.0830009020881,68.41965200276474,170.10667888859444
626.5103520706638,470.7238553084271,66.99792150964053,167.81410212214342
630.7618947892144,475.69226111049466,67.80396078043941,171.0272176122475
637.8628172015779,479.6742630928311,67.57600369100868,174.70591900490282
646.5448832905133,478.3788914235364,68.89042575605076,174.55363449771522
644.8162731301816,478.50305007581443,64.79078187227556,176.2338630437663
653.0258016456669,487.824889648772,68.79599943298827,168.7181912064584
646.9770979914883,480.4537810492767,65.88277264298871,173.35615133247074
646.1198341913123,474.05339127978675,63.233720427515635,179.24928431413244
643.5680695945093,474.8114274084699,63.556047309768175,179.23643190199263
644.1331381506285,473.39428681875484,63.59143269056075,180.6261853680399
641.6485017264779,468.6136863830513,62.47289203899401,178.9223861762283
638.4877603487379,463.30008822407103,63.447612551712325,182.34108654486027
634.2011293421876,472.0026401700231,63.984327849142446,180.68519343237915
630.9323969368028,462.39781618158725,66.90796363869508,182.42956832414694
627.5307764186008,460.2264356832258,67.31111610438263,187.00686797255764
629.9893171435509,467.904152159613,72.40293027155658,184.21731795925916
623.6489149324506,464.50345169148665,73.97093271198868,184.41930773647334
620.4171862752743,463.03230869710353,74.16462420909771,184.43216982971848
617.8731821553446,453.47210109625337,74.19463069426928,189.2956803852844
622.1044844668048,461.50646930822415,79.4922030520689,189.97588214487155
616.8508681425475,458.9265939640802,78.93463859606388,193.141100840121
614.6488516241218,458.61780303485216,77.31498146203865,196.16770651514088
616.2330937834188,453.6558879123659,76.96939756247082,195.5433532920232
617.9676731958345,443.3020638289016,76.02108250144252,197.60374753373645
617.0624062337276,455.0288019315741,75.78132906333775,193.88085592806232
615.9676859519889,449.90455219101193,72.90376250356357,196.2059216034508
619.2054669238387,452.75055601225597,72.88626935253923,193.60789742640168
615.7054894066714,452.54604106669706,68.42659891548611,192.194093913882
625.7519998262143,443.71260919706504,69.85983301552231,195.90067157536916
626.7545049285401,453.47784750915775,71.75895195080072,190.8292374324264
621.8720438277643,448.85790611529535,67.87340255244985,188.06025335724627
619.7847505496674,444.2191391203298,65.16129006220503,188.06817269673797
618.954799894503,447.6748055973664,62.39780370769486,186.4031968944613
616.113206568572,450.5437632345561,59.65054520072438,184.8313564481957
615.3185765162352,441.4097650973729,59.95075984935485,185.4593656177248
613.2040812469403,448.0877179725771,59.503658272327755,183.87498881879802
613.0543311210345,441.76773319808933,58.08825787081466,184.84785395675857
610.0741463894144,439.79682071342415,57.69304118884255,184.17341191557148
603.2740568447039,444.32479912749153,59.25707919474003,179.81212896785826
605.132710145965,445.48077647979414,58.103835256296804,174.75139716061042
606.1065406053272,444.9801087171144,58.02385972173666,172.2370844318291
599.4981037218533,438.87902955906475,56.92275876307637,171.0779182941232
601.1008112552008,441.83279217656377,57.35617552290064,167.5702611005358
599.4714591413261,452.5086753176205,58.84990373682621,162.1757274996408
594.6047746543549,454.6456073776922,60.505317208118875,160.87489833708435
616.5150397473999,456.258357912383,61.5953380356983,159.57316577732544
587.9427008121355,429.0745900135714,60.97260795924778,163.16296824959224
610.4173077152989,445.79296188935575,61.791513540803216,162.40474569199552
576.5057624841902,399.32092730744034,64.13397202279158,152.02573804453826
569.3725550183167,430.76622647705676,64.13634746540708,152.14389729328835
566.2518051890979,406.8710007779158,65.021587021742,150.87121618090762
565.3426898259731,431.2419708803665,66.3018414960231,148.54308972918386
559.3412000414152,393.85152382237163,67.55614351990171,148.58308473008287
555.4980805495634,408.5869224100959,67.34740556935589,150.97997478469432
552.966095251204,410.34946459284765,66.36134098171496,154.43156752664146
548.191601996536,408.42360366505307,66.23833598571137,156.42856859875508
545.8911506861424,428.3082887818357,66.51615456595326,155.14753177216818
544.7086899777225,401.6394061906534,66.22602120237018,157.25378071575767
551.9846008610333,413.24492522384736,66.21765535789253,156.66762984667398
547.8722032717333,403.48694137160857,66.59550872659159,162.4347221115646
548.2683227278678,396.1436262954559,65.23438120953612,168.71730825946193
543.9855876544573,395.57781259463263,67.01077149254641,167.94770368351595
553.9598347184062,400.70841617364295,67.14654341832926,166.90393698839102
545.1977386146241,385.2872696314148,69.03841106082528,161.37966369810084
542.0740325680264,401.3316813916614,68.98659326087741,160.49447378023152
546.2787548497986,413.00905281433495,71.33975531550249,149.76584354523078
545.2185212110542,413.1510651391146,70.13380598925474,148.0375116270047
