17.5,920.5,268,129
19.68649380400535,898.6208349614326,275.35747249088666,129.05602546746218
14.40051124638137,880.8073993455563,274.2650399446918,129.4188982648807
14.59466008042395,866.1234081019022,271.5387019421172,132.56435337703354
11.477335138345126,849.4611809146934,267.1889930186822,134.37167161678443
13.278772608490073,836.9850717534893,262.14957103079564,135.87109926983288
20.429296343942298,823.3896601223983,266.7720155785979,127.95821379770715
15.960324130086292,807.6962762521227,264.50283294937185,125.58329681026284
16.176789186658738,785.3747362952001,254.32862430998307,130.66729529763055
21.8550626349723,768.6557963508351,246.8670621416866,132.2777262473628
26.824370842088896,747.2838902002461,234.5443596075871,137.0144994522833
35.776390845226246,740.2273751617943,235.69228925191493,141.67841164110166
41.134554307304086,723.6300584691522,233.2745567236126,141.4086262554596
48.93236377664424,716.5274507764269,225.71169274874362,144.01355971141015
35.015940792560215,709.7333913687056,231.1659139677644,142.03705212976047
26.211300172172145,705.6579445431224,234.13578632121562,141.72306909512918
37.752221560509184,705.3820536932241,237.23703692966745,145.10607594630628
27.17759268257049,695.981740630639,238.37480799678553,142.27717726953807
34.748517027901414,692.5917053483643,236.58919784861587,134.68101800793056
31.15920550241688,697.5024942199982,238.51327724232976,130.81124933761123
20.600674877497738,685.1129913808834,239.51147546107637,128.22538742223082
18.60088612767217,682.0404555959217,238.9162637308006,123.46116881633677
18.744155872705775,650.511637919389,232.79192566125303,130.8978118036896
22.369262914575927,639.5700997464694,231.57367638655472,132.55262152468617
30.649563996721227,625.4878110362131,221.62671862910392,136.1132526441537
47.181090583749096,619.8952031975746,215.03092561701834,142.9234401948175
37.27425260595089,623.2939119838469,218.61678811122943,141.66721156441417
37.15580144698551,604.6150335260668,217.17162865331326,150.3080294442122
56.59972158107533,602.3686518701651,224.47434342044653,150.55371686837356
2.9081783981302465,579.501749244775,226.46111295448395,151.25715249924178
19.361063511890023,580.588323197169,224.82799753969778,154.99214687920193
3.384517279488776,553.0239837964771,212.9808815247087,156.60757254595399
1.0067202874135575,540.7776720851309,198.7517821981604,147.32142444729084
33.53217950360812,555.6218691379572,203.53433120489615,137.63108928828981
32.541816870365466,544.981097553482,205.58391444696719,139.2723305250355
8.298024850464856,534.5784777895076,192.06655850984544,135.11667178101163
37.80653968298023,536.0702070351545,177.48074525340786,145.91784078780842
31.45794881894109,522.0026669378917,177.0893166307452,138.34153955275335
45.991571685227115,522.0365315141286,175.10158437178956,133.98411227655856
37.98983537211164,513.590673395277,167.06016050994106,130.03502261538816
55.822165982306785,507.83893147133557,164.06318766272284,126.69027134230022
81.15485557430978,505.1728023711926,162.83199712954115,125.44545687816976
108.59072290683105,503.9767708255861,175.4488818906583,124.96934864894865
117.47253382502082,498.85209007081323,184.89102786782954,130.56876357360323
117.66839300162539,485.8359343860148,190.94888597194483,132.21304223733557
122.84156872000851,500.0489997711244,196.19448496600026,141.07857565655883
122.26009490862862,490.8541996373241,198.60420470840336,142.87643501545955
131.29769090887152,477.00224364024143,196.10675921262396,150.03413378927513
141.12641777522813,479.5740386167222,200.29693518439217,152.43123337110075
146.45406678050983,461.15318162132706,195.71524190344064,159.1554968263123
150.58484323926552,466.0679960437587,199.11466823753366,159.0583922123479
149.24978262894473,452.26115981172745,205.81499728748287,162.95465101509177
152.3751486666899,448.7471578133625,211.435160141494,160.4811763834914
155.6083818394447,453.2126376300136,219.73024107642775,159.44617379471094
146.20596103015106,433.3422805532359,215.50195766932893,165.81355854703313
150.70080751643644,427.9258973724902,214.20400115979817,164.1436472331646
155.5524983152299,427.0885076481926,213.1375060712047,162.23798816718914
157.50780967229326,422.07071226506446,207.48672131485628,157.88032781843452
171.4117773467362,409.4981977234477,207.88456985397067,154.20669109640787
173.0746622156273,418.9670051965987,204.98189999895325,146.98633655795493
176.53336988974263,420.24830882279105,197.72074360453772,146.4121066308125
183.65724072185515,403.58499048877525,195.20528530706517,148.8494726491196
194.11162964656526,415.7606901972091,197.59671905177964,148.43780753997356
191.84309828436335,405.94373881336134,192.18255336555373,153.36208922910365
205.3584282772936,390.5335133402551,179.4071002462419,164.59055239812125
215.0179525235748,395.44231061789674,170.22029265030193,171.02768862638396
229.08910886123783,384.0316503892557,169.151780153141,177.3397650865316
235.34739110439503,376.8224118962247,167.50222041036074,180.74339262336662
239.81205806726675,376.8032174079673,165.34893522576857,180.09579696622694
245.085591303926,372.1908450214362,165.91663119201206,177.86108536333685
244.63610885589623,365.52942821111384,166.27889821450194,173.5180846035686
248.9812013271032,364.9413784987984,166.80266965555694,167.92411673138017
251.2148459250905,356.82067836736593,167.3500082454638,163.6200321362367
248.24082600475492,358.40126025434773,166.69231970112915,158.45952213796954
249.62271736125575,337.0094738460692,164.83014482502733,154.0309269029903
250.29604681645608,345.2988903428612,167.46110680241412,149.8336135696937
255.7435624746027,336.7120502667589,169.90996544738766,143.04032009543664
256.08034970426615,332.1929052529052,167.70439722159637,139.85275009317562
256.60914987473603,327.2455459839356,167.08436243900852,144.0714088879087
264.18849112707557,321.2496750746757,164.7076014596505,148.22319640005446
265.9560330306795,316.7988545786671,160.71819549028046,153.6925375907351
271.15549833016956,312.55766169445775,158.08031037156502,161.10353623115762
280.17460630687907,297.95465312441047,147.99289985716408,174.16239478549863
282.3745251566778,291.2249738761661,148.47193865149876,173.3617830319043
278.39090176206753,286.71099580312847,149.7696220906338,171.5175221646615
284.040016867601,284.57523841771217,152.72283146015903,167.1515141074279
282.3109121983546,271.7703269209384,148.9307928414578,175.58705995482768
289.15171199156975,266.38707568919176,152.37365341780236,171.8260951523817
284.52584635080063,262.85784471290157,160.5975067914319,157.16611625982648
285.1711239207457,250.06410271997558,158.02596220033524,153.1012981959786
292.00803724763523,247.34297399176918,159.0314949746092,152.02309653949754
288.76607510625524,251.6257931048603,153.88715882019022,159.45167903791696
288.22437535297695,242.8867403657855,154.1353498163731,157.87019916154884
289.3380138258732,236.28919862992188,152.84269641027987,161.01955559883064
303.97832372350314,229.52010814067972,148.5469919836897,163.97723037524915
299.962921665501,221.398679624995,148.47613757600539,167.11204462665526
303.1674460132226,210.3927748258746,148.46653891493668,169.23757251691472
307.9858458154841,210.75746416572545,152.92160485640693,165.80713916320207
305.2642737973671,205.87458044647207,152.5607411634009,171.04855789586964
317.9264811163915,195.85234135260637,151.65739391739373,174.50917974122802
307.53938240635716,189.8883256070589,151.13294884127828,178.04435443998193
318.31315876453215,181.79090729041727,155.97898450656285,165.2697514965908
306.73211775205283,175.2640832884196,159.49777046864835,159.00749074059402
321.3239336039401,184.51855942623698,162.21507511478308,158.47766092998683
326.59455872196617,176.49601051206628,160.60075442457753,159.03052845122886
328.1836255316415,176.72557854310975,157.5795831647785,164.92531971873157
332.395237441532,166.217400445503,158.7698481643287,159.11638276201109
332.10511848307294,162.9020540066415,150.38064483356396,158.89621117939754
348.30270084481793,157.4870198250253,153.04543465041874,158.57614973645883
334.18546828719514,149.42719025699867,151.10752097494318,164.79756267370936
341.81124413444684,152.47074481985592,142.16171348210847,168.15233310072182
345.18617813623473,151.79891203696565,135.9379118247221,172.70032001042568
356.83744767814994,149.91405423084882,141.1677646599407,169.65843919739694
348.5851914660325,149.3235317580311,143.77391234676205,167.60051228751252
385.0730775795298,157.96174220484755,150.63146450741615,157.5665340495727
473.6127444353226,189.5210430605216,189.98001774766135,135.18838859590142
470.3062515917468,198.39452542847323,222.42736803020762,121.22733822852209
456.39064159009035,199.68149490971996,248.20354022880093,114.26733665206481
465.50686598006496,199.37308492810632,257.32480777368164,116.51988637702513
448.39460859589826,190.79282820119138,271.1147427910205,115.04335354018754
442.0988156376617,188.19615496654913,284.89324913642207,115.15393492913792
433.69951444163223,196.0478484552968,292.74697450503595,115.63014940349007
433.14433789523423,194.02313033292884,291.9770636294961,117.03235331130543
442.2504807563048,192.59687905057618,283.38631865361884,120.87597237039746
442.43570737917855,190.18921507311592,289.95445106635424,120.12827747675254
438.24801873833053,192.00765481143975,293.9609932590622,120.86419174260442
438.4116000946816,183.93466786642293,291.92497915901095,126.230572128522
441.9544001331774,178.15187814136058,292.80890306909305,134.27176501184965
447.80545816004235,182.91949820543834,294.168656230396,133.41983001359625
443.6382681480211,184.71299925729232,288.4393636184577,134.1521685264809
447.17220250854206,179.82624226065172,287.6897633559039,133.47288618747498
456.6749344131314,179.59425805456942,280.87947030098235,134.05059999827242
455.95579203180785,182.43289765219907,280.26223805297604,133.84224479296154
460.9932050356823,180.61631284080312,279.07033116965323,133.66967245475834
462.58781325744957,182.82322056333663,277.1937617257166,131.2407837571311
459.80230631396523,183.80474006707144,275.79625941105445,131.638568055122
468.37870151538357,183.47051712395083,272.69166415380863,129.43471276447536
465.48669445595635,190.74531651717228,271.6363204015601,122.92884764025696
468.86239872164856,201.30398960130714,271.5254324932225,120.80341606017097
468.6731593178382,202.16105321974862,269.50027979685865,117.07759272894978
476.40735041313485,195.85128082499034,266.3600225092517,121.99999108305158
474.9382353485685,184.7239576480561,262.02516221061103,127.44342138792148
474.0140853082507,183.93128941350253,260.6816060396676,129.93258517147166
473.970139038903,173.53611616905147,253.00374675173555,139.52592351872084
477.0110430205379,150.51216264915954,245.56287496323387,154.35165149095565
483.98564801102845,152.9865235706197,248.27619064755018,157.48343814043193
480.4690671498221,171.13803894368093,249.38097861980893,147.8472012309715
480.54158312139714,171.5560290988945,250.22874626530938,137.76215364088347
485.0609222497068,184.8177616084211,249.57090905579594,132.71470334977423
480.2308478744509,173.83946512522408,251.06430802610834,134.9118338921992
486.9652497196948,178.82246612612886,246.51145947088423,137.7981313600435
488.35251404600945,152.96014307133643,242.92753571375948,148.39054991011295
488.9647810835835,162.3029824597246,245.36279409096136,147.92676658703294
485.3351559973589,168.95401686353816,246.9970530456617,145.4542324712001
486.52726601719576,156.8620431278697,247.7771833431741,143.3343073628254
485.8441985318999,162.73939526002437,248.63728343167833,145.17717159758286
478.33280022967665,170.35539314574575,252.88174636506045,144.04096081023323
478.83326159593616,174.21040032320232,254.85629570765536,142.28535086876684
481.12314122108245,159.25786810537048,252.73964144232707,145.99960679436685
484.6126685572999,166.80643034212753,253.7664757454258,148.60257073710306
480.6681106329904,154.14863284956343,250.7310917010184,154.61949282607708
481.7795055813031,153.22049950723644,254.02125198940726,155.13425634765923
478.4707657670237,165.04219358790965,258.61702820748735,150.326861840666
478.87311372803333,158.92623575073094,264.3893194857181,150.51763157445055
473.9253149615022,178.77256556057503,266.15796057418635,145.39097292609625
471.772686864254,173.65764544437542,264.7819107637771,146.3490449668874
472.22748832714376,186.02997857139377,265.9835110101367,140.55579419997298
469.72998636526245,182.94193776012753,266.2408248703048,132.6581207139245
472.7155690836216,177.5730998388746,265.26533657415064,134.65213895956174
477.3647752231202,169.05076407422098,262.251474320233,141.54204547693257
473.26690206862133,184.02953239958288,261.13380437213465,137.93548274708294
474.2387603390732,173.64911005842256,265.05707979755084,139.67788892425227
467.1974752717783,194.19792454674163,265.9178070374934,131.35775345096732
472.76860702390013,206.51067832902436,265.44140201404065,127.66950666810496
469.1866608627337,200.60432067498922,264.83580193823485,124.56307930251394
468.2397407612707,194.2383246872464,261.5956026170793,124.39749986976972
472.77595644902027,203.65373351189612,259.83593227635913,125.99933311748453
470.4014966958094,189.88431059596437,255.56437215292007,130.1923016436619
464.8570693650287,200.56258592692188,254.02038051847506,134.23211084405867
463.6592856191211,199.05535937914044,256.2732439039225,138.62204831989706
468.3505339033591,189.02841671666363,257.2114461152431,138.8511232668327
469.0201954354734,202.1215652185199,259.3244257025369,137.96646560312772
467.0722160884171,214.9031493263233,262.0084931560023,137.8923326839717
468.4016732874265,203.51462086527255,262.8140162753374,140.76876773343747
463.9249222538332,206.41309545682083,260.859215625811,137.6100160413267
462.9958623982349,213.26274872985414,262.4237015154928,140.15003623356768
466.2554145953356,208.12145703197626,264.3697090747529,141.6597057411515
460.95641863333395,216.11223488857692,265.79296675552393,141.3823832259672
459.55672642685244,204.92072173000122,266.5722558879178,143.5901108705598
459.9456583936766,214.83682106710643,267.72965374001706,141.63708518240037
456.97466698514074,209.4354492351692,270.82010159387664,142.4280866138239
458.915311282361,207.82781803080485,271.2170521541631,145.2154834161328
455.5186429899411,220.39627835161536,268.92575296159356,141.61073010894714
455.48880855197854,210.43555126973126,269.99801298849343,141.33655743684918
456.8093785943831,216.37223564245684,276.732309479558,139.31741837554836
453.8328005252514,212.0145403513987,277.3763449992232,139.01596242545483
459.3904492622452,215.54732643495186,275.44164322915174,137.57201464241314
454.58123614073327,215.35056743169446,269.44535589590055,139.50885098969354
454.125799052398,211.03032680519613,271.65266265456205,139.32186799872443
455.4042593294228,212.85218732117198,271.5059360264712,140.87060376971215
452.2928513332259,212.11003767572268,276.48000151449116,139.33010386941334
451.3198768672909,211.6418389163174,276.86671569594364,139.67103570398092
451.78786948940984,211.38264076696748,277.24952013210543,138.427493695244
453.88129526868323,209.17027338947582,276.7457012306696,140.15082572308532
455.6519958844701,224.46754727318378,277.5910340066884,135.51442632687957
448.19469751318235,221.45052102065895,279.8888072253152,137.13577668052739
449.50415688894526,212.74445030536876,277.08022701241373,138.07093055822537
450.35352672391326,227.0089478592077,279.0403688779908,134.81060889876426
448.81490329008204,234.01150971333936,279.7092178749071,135.4224677320782
448.16967480616375,222.97757307225103,276.5733078772697,135.09786620412393
450.0350682132549,224.32044049375764,274.21596683886,138.09444060233776
456.99480106292896,223.13578813430632,270.65636960255586,139.01334541441614
452.03614407290877,217.74838758625737,270.66846085555613,138.79106048725282
453.5271086688143,219.95266803433708,272.9854557759843,137.08423569344305
450.8992618398411,233.62080394796038,274.66166637394696,136.64087696795858
448.43425537540975,228.64407129858682,273.96088084447825,137.60623331346315
447.3069878672174,234.0489556199367,276.4944413577397,134.1989000388816
445.0959251035587,234.28527694841964,280.18892300216623,137.16871239295295
443.72391587598116,231.03822067388438,284.2564263421083,132.9570144407595
443.39256734818565,243.24697016906302,282.09913390598047,135.10530176358606
445.5137226639647,241.34381126736213,278.913266839068,138.6851321884974
444.68022856340565,239.16735269336624,277.7091107305546,136.83167731641393
443.9031431493652,238.4677223057323,276.6397907276244,136.22787974301858
444.2922756132996,244.76366751532794,280.99629412465805,138.97626398071543
443.82547157774786,242.68582888678438,280.0839251927793,142.89828632534676
449.60195999488604,239.7701744554106,276.41760016187834,146.31486103081488
446.0637294174662,247.83669573190747,277.3354378269703,143.39093662740913
446.6375326937377,248.8126507143126,278.239794488219,141.38093116369316
439.1158621006721,260.17728978982046,280.91573746936365,137.9003649440515
439.4900111927549,260.0427043373918,280.1981423337568,138.49091384305802
438.0121100773517,258.44703251507167,279.5411659454809,140.0316022933483
439.59692684375113,264.9648367750955,279.7535139719892,138.57891494022402
435.6973180114416,265.7842951656118,276.82650108361884,142.54818707149016
436.93360272360485,269.9438040210937,279.2474413989451,135.4211378115688
437.4266172083943,271.9837449095059,282.6182489204489,133.2366210363208
435.0959069027611,267.46440358513604,279.4360071010691,135.6143087651631
437.622858391528,267.41884041396014,277.8642472250222,137.2129055299923
440.7174276758782,260.8739773894023,278.3748101770162,140.93836079974864
443.7634240376893,255.87001725336148,275.9938149415417,139.62878923447647
448.517127745636,267.4064596353522,276.68052486302184,139.60717259417933
449.66834761752887,266.7456484738093,274.9790793260417,135.2315846845611
450.46322354563046,267.20731943241583,271.0252825981778,140.32986787155104
453.81872014530154,260.7742911926109,271.0147656482891,142.98048126441796
451.51343538135916,278.62887429951496,270.4645723302763,139.20174914050222
459.7064372759706,278.905159937746,265.6082653899788,141.50951724520536
461.3680892338898,283.4694462048109,269.3723819279501,134.89939859503448
461.776699958872,285.0060051822891,267.2102903994468,132.46845741971867
465.0751286765479,286.15545142897173,266.6377032644883,133.16291461321157
465.9412684392139,279.36864650438247,267.5310962211458,135.91292650772033
467.7390782095785,295.3982863125881,266.09037893724474,132.18641443683694
469.66886619281036,291.6782630752297,262.4921430238401,132.88445123806477
472.5220507254602,286.70953788887164,262.54826780320315,137.7154653888595
477.0911524271836,281.0376262710948,259.4461079095711,137.48958274912866
473.69551013601085,286.2155484255214,256.52591734789576,138.39525746690424
482.4060469957815,282.66623595421845,253.05819734725125,141.12397075778927
481.2086913243336,288.0902038621959,253.0491173532327,134.30717308967928
485.769845994004,302.75418317303263,253.54763591428184,130.049643999702
487.6017386117934,310.8218586052119,253.43819992038908,123.13769960792646
491.26335240958946,310.1271013405687,252.43132471091633,120.6173010468876
494.090158470831,305.8658189537663,248.6709170613768,118.30859153657178
493.7242188190161,320.7230255989209,248.13832412560265,113.55162937507072
497.8225798733869,322.47165590564225,245.09457701519787,112.29074893763635
505.14941483926407,316.7157548869022,241.2599433685543,114.10494748359403
505.734760861828,309.2301610287967,239.7711915909749,118.054650292796
503.604188637672,321.52491528937855,239.8082772735807,121.29943084138885
505.25543787835625,329.6913181733454,239.87924449761408,119.8697649897644
508.33650852064386,312.25793918833017,237.5158344848769,128.49555566328874
512.2642343557445,317.77959830249875,239.5553713368837,130.45704035613065
514.800722789256,306.73944182140764,230.98808345688258,139.40268234422874
517.119021154853,322.43333455804986,237.14660833173815,136.16964154989705
513.1180410638605,321.8276923659899,236.02911265844818,135.58260061032124
523.0728549378937,325.54844008254713,235.4894736964304,137.38613421447502
518.644973423505,321.6440213562798,236.3489644219756,134.2297692861027
521.2980885996678,323.7802022310524,235.40904827765246,138.01705924376742
533.1755420197296,312.66777407935876,226.74048576757247,145.30651962345163
531.2866545138562,317.651613404622,219.2335528687517,145.16036935299593
538.2464873107957,321.9059312739397,222.11544258483403,143.98558502974242
539.6996710872907,325.64758818786703,222.4405016183697,142.28498804776405
539.4827263406954,338.0121851088803,223.04406215775265,136.0040469158701
536.2525866475017,341.36466270351156,225.52993711882382,130.96935022983882
547.1892282456467,330.61033267945265,220.74294639756528,139.3844219422121
544.7536962533335,346.08789025608144,223.9462789000117,133.37217712128637
545.3173674510422,334.10239654510036,218.1372620194312,137.8110748672004
548.0077100409131,343.24378993929855,215.12598468641204,139.5198095758201
553.9031926837484,354.63961385227884,213.4226601001128,136.52963205497417
557.1784246084159,367.846512840688,212.65572707186885,126.41504027467744
559.3440313209244,378.12873693322524,213.44618279992062,116.60721660946962
551.1340937638571,372.1446250366346,205.13142016957903,123.99081483884518
559.2677094157393,372.0597074733798,208.06074704321458,126.286769534316
561.4636689965007,381.0318453778078,206.26920713001917,122.1624307565499
565.7596046297626,392.5554524498174,202.87089052526437,121.14921423661174
564.8742121366855,400.0650306199511,206.67942697335502,114.28896627168504
565.3182959399323,399.1582680756493,205.90247353907728,111.25354581922858
563.990793953408,399.6408296931406,207.5748175079778,110.0386764719367
559.3393416925253,404.51025978626075,207.67298991104883,111.04222755353638
562.833097688904,410.6777115953303,209.50176794343054,107.12817643463674
563.7254221537481,408.5098166009761,206.51019877984896,108.6149667984872
569.6839203170933,412.40937131919026,202.64938434403834,108.4521210282379
569.9866679344302,397.43485109116233,197.2579852147079,118.18838133793795
576.3739810181526,395.1243067339131,188.46460415304364,124.05291998492453
570.4769746573063,400.74897344845283,186.86746931712298,122.18850380415306
570.1737124497355,412.01109862005245,189.48523558080427,119.94192277474744
572.6336364630331,412.1438574285509,189.4890043273707,118.83088682186971
573.8079382358952,414.4097804581851,189.27739553450965,118.36686743428626
568.0504839483144,417.578318470216,196.70082454221824,115.33385275241318
563.7919479945454,418.0900303797973,198.1963049964026,114.96193610370736
570.860579287882,419.91908592726145,197.82390787586192,114.46897641867261
566.1436440466354,422.6690201193348,197.3585430275823,116.2683279282109
565.2483234400768,421.37224522042567,197.61182165413436,115.93925314056514
568.5047704608951,422.0742312724102,194.1396975252324,114.59124314804843
563.1594692191355,422.41894835805186,201.5786256228389,115.03030443276052
553.3260138390362,422.084174298869,206.20896928355535,113.74254533955872
556.0003298337707,421.46478128439543,208.385930099007,111.58084275068784
558.7933032122294,424.89009739141926,210.30732580047598,112.35677144809156
553.3641036588767,424.2057482274479,207.98297068045215,113.78876674555177
557.0414887298627,418.8906244618846,205.66970568744495,118.37309654141694
558.0612948994758,415.8764360208704,203.38375185813527,117.94154832410364
561.4960183122987,424.7519688239939,203.83976408514152,113.5717396606384
556.5025641380504,421.0639512774627,212.084384652849,110.44381853293036
558.1462621350017,423.65165419255015,213.54671087786082,109.08162124682343
558.0906936180675,419.27498939458116,213.74207827661098,116.08160514108941
552.9134159085838,422.6822723873132,211.81854350201135,116.45251172587854
563.3845435907206,422.50792594370444,210.78433050891982,119.04724424004657
554.1536544222903,422.2847571764786,213.88187970840244,119.04913423403511
549.7340558986168,420.96212505142023,217.62611308093204,115.04081329128005
552.1340002112393,419.84787961624494,214.5866572092998,115.30217894421466
548.0630641885607,411.8757835299945,211.76590723729947,115.3316148489563
549.4534095447096,419.54956392835345,209.19880166450253,113.41103686192663
548.2358958644193,420.31786209333376,207.83096215608975,113.34491893056943
549.4284845668872,416.9468144243592,204.00268636090402,115.41978618668796
