860.5,349.5,39,101
857.0738113528274,349.8390224383203,42.16797679338809,94.48142625074192
857.156311155165,350.56249134243217,43.567924628355456,91.16179922165972
856.889213763095,351.2712599620748,44.363508189696894,89.23061801832478
855.4457622310049,351.6866504037452,47.97779488152824,81.98211163105282
854.7336597487308,353.8197702605326,49.485848429834626,77.93550520583076
852.6262792029021,355.22493635608305,52.17195235521537,72.58609873723312
853.136046234719,357.10465318463304,52.81179802943689,68.51074267437524
852.8383865330965,356.23931940530866,51.50834600708889,68.81320374965614
856.2211087224505,358.0896978479273,49.478722620469085,69.11355694462767
858.7645168501222,353.8200542390123,46.85988194909427,70.77907607523764
853.4494195545931,357.46712898611224,47.70966870908944,68.36393542505033
856.0138004571975,352.7161254938333,46.027392419567406,69.46657024167048
858.9421606809444,355.38709086703716,43.99009550993624,68.15405894775292
862.4950316965901,354.42237045025604,44.231350900899045,65.31083617028848
860.6612587909716,355.58849770903635,44.99282717482253,65.00766606375281
861.1541913786173,353.94783690093305,45.954844827535666,64.53796590707715
862.2357697835807,354.5505641218412,44.42736193383484,66.13422042325968
864.0609965335199,352.89590790433186,44.09569558770333,66.5252925715093
862.4656581538252,356.1420313946252,43.536762370324226,65.39876748254105
862.3166071738881,356.6862808985979,43.70805297062918,64.95898840561729
863.0622559855746,354.7795989577132,43.70952669447553,62.56775155616507
863.9982691958809,355.31306521120376,43.24800396158618,61.6966320721212
863.848306202882,356.86906483043776,44.46649574448844,60.06036694740348
865.0192515206662,357.30548861277975,43.30835153124482,62.25067247455499
864.008517052335,360.0896451420243,44.187429718264966,61.586285766250825
863.9166274999287,359.2831261260857,44.190070876245116,62.2573475803071
863.2807612416143,359.0966486205643,44.019182140463,61.74706125388035
864.6221778725769,358.81086447948053,44.00376010562911,61.40268459101013
861.3367535075928,358.56193209939704,44.15004158197484,61.639982314238004
864.6905799682637,359.3760217100072,42.91547492481641,62.785314726627696
864.6466905066087,359.3405841831655,41.761306989155315,64.7742073315103
864.4273563020872,357.06658479150065,42.03290854123088,65.11373932163087
864.9404303045445,358.2879439810531,42.08320270682198,66.1174654424388
864.9926747204711,358.4705702124867,42.99393919458639,65.7374974860812
864.3568238648297,358.70609721740726,41.4737260476592,68.76919000329534
865.971479997224,357.4375071052304,41.66927986348643,68.82802520895787
865.2470625288806,356.29177951078486,42.65334137083256,66.01392763437548
864.959843691988,360.16427600658915,42.96432988916476,65.98745004070263
863.0480639836857,357.2103272010613,43.34471244041404,65.63573284560621
863.7416620737755,357.27332297379314,42.659967532282124,66.45450866145976
864.7725619439462,358.6825164474801,41.24841795093293,72.1703300723866
863.7097730932148,356.79406239342256,39.90536268116526,74.99860217169373
864.8136191581767,352.78743693995534,39.96124942391934,75.85781920246012
864.5846976515675,355.65116811165785,39.95660691516312,78.88734970795583
863.7044580342487,354.36220283581156,40.19548015553175,81.76933417615695
862.346908903426,354.3628203718722,41.751063818145056,81.5912089444451
863.1070004079711,354.47800393335496,41.637524800516346,83.67781239160331
862.2786297064189,354.133043588603,45.35352865804582,78.1211518657741
862.5174979917207,355.3867020177013,45.4511138017353,75.29319480279946
861.0726284815975,356.5218795753132,46.10551436872612,72.8785703185488
861.3874221918983,353.82220595513746,47.46444302251961,71.32541085649817
861.4575597360418,357.03060870151523,47.156335858302555,70.97277984854082
862.4427236151458,357.5412495879854,46.80418766478375,70.5775521800457
863.1635794718235,358.2235986685079,46.48504060863277,70.56916098702274
861.2529372328714,358.1154353504136,48.280802309470616,69.48806958219967
860.0804829127503,360.1072814744716,49.535810073997624,68.61233830135217
860.8723891754405,356.4007498526861,49.23297024315892,68.66310171301112
860.3366831214456,361.8434436603516,47.207446644742944,71.2012521449168
861.2042723339846,359.9625563878524,45.74043358042776,73.66014325806609
858.0078251125593,357.58009175189943,47.991716587272066,71.35274956786617
857.8867349191489,361.1889831120374,48.266291999823636,71.75547345159741
859.203390406521,357.67518786971783,46.954793029266426,74.35528908706769
859.7666660070042,358.8722325272968,49.67845297271648,71.92637077957994
856.8497265915734,356.7902840074753,50.89424762998612,70.61409254427798
858.8589191815059,357.1809403351228,48.24674555680015,73.87866816735541
860.0641522188565,356.31797745316874,48.164742575366624,74.71025511540398
858.5857755089247,355.3463438019497,48.1071569460849,74.77178817482078
859.8657411662148,356.9772837428256,45.55936676237756,78.64887490065209
860.2444588991563,357.59221238670864,45.237729905126145,80.78115987709245
861.0709254218634,359.2395706934294,44.55976131699789,82.33432550110064
860.7392941534688,359.3031989276079,45.85394547389598,80.32112616908677
859.9855160894529,358.18807678631043,46.98088978807852,78.00792544951696
857.4989178722448,362.15069718943056,47.69331840778421,77.21978826447545
858.7837826368482,361.10031254607804,49.6471058383419,75.2215691969925
856.261688210456,359.15408207195657,50.0548842924502,74.9592736767232
859.3421282208146,360.008683194839,47.52460568123339,78.53950726125164
858.9059700510263,356.81388802883737,47.804344578537126,77.34382148884453
861.3250746658347,359.6151935124809,47.054984620369794,79.0372433230484
859.6046113215594,362.79446097055364,46.64123916267734,80.16473429916425
860.4796964576026,360.14967105631945,45.77986577110726,82.06308294705013
860.8683897114329,357.49638735555857,48.78976561899271,82.41408225888736
858.7017658113671,362.26035187393904,49.48158192322356,83.17288271194414
858.7711371196363,360.46485444432585,49.69497973117231,82.50021499927976
857.7215230598695,361.7316902188382,49.40865272139304,84.09447424187218
859.251477159694,362.029236811725,48.91596377323518,84.29678218888338
860.2821392545746,362.5076259448174,48.21594437105792,84.72633731733694
861.380664106064,363.4055110753302,48.07388552536465,87.09582095513518
860.5433443768512,364.18674745431804,50.04236011716925,83.86346470355771
856.8885416343896,363.36283869826696,50.26151521975095,81.73733156371128
858.9254718922957,363.94170646195676,49.17125293937738,79.6030205935059
857.031870621446,362.6250939078779,48.392000702500525,79.26139997093351
857.292853473831,362.36814079291423,49.37347527583767,76.59901202211825
855.4156255847641,364.3179429989026,50.583000743155914,75.26757191630628
855.9357358604672,362.89737977854287,50.40223701676039,75.33979831522912
851.8316754899172,362.0139827634815,52.187203205758934,73.59996998714331
853.8979590604478,364.00117881354856,51.451973484956596,74.35628178234168
853.5203439625434,363.8061675923314,50.99235609244717,74.64046012719578
852.8167014585214,367.43306778191436,51.67689046457819,75.01478862119598
848.773951746597,364.56104712878135,51.88378990717881,75.2359411623702
852.4181269944313,366.84606469264384,49.61541603343096,77.01944782412775
853.0887099131103,365.41560147290284,48.605572519054334,78.07019250774232
850.2736860530684,365.0367545345125,48.470336509208934,78.30275996468995
849.3286879843396,366.61525255741384,48.21658231236553,78.1091471301813
844.3421393747747,365.68349256699776,49.040869517506195,79.6530339893698
844.0277408535462,364.3096264746594,49.623622316118194,79.66087171222716
843.4049591743832,364.74633257703283,50.561711337120045,79.01886559320877
844.125890279197,365.94150562695495,49.37086226713413,82.9284779003921
835.6042268514257,364.68719673844623,54.32785812002349,79.58610303907064
833.2645730503151,362.50419228681244,55.978746514240825,78.93485134191388
836.9410341394323,363.2795878464611,56.30728433017585,77.90797672686145
837.3008957514722,363.2532021983893,53.208855758028804,81.8863566481323
836.6119331369696,362.61991130673096,53.15549382103373,82.848115469815
829.1725836196088,364.4358510305552,55.463208356849194,81.63428061447443
829.2553052308972,364.91570680465793,58.30847407465751,80.30084137959174
831.4165713225228,362.54725841338717,55.002390028409906,83.91366278451372
830.9175080832248,364.1114232771497,54.13509830215419,82.84851376152692
832.6419390968031,364.26254727412646,53.30235073726341,84.00796723177211
836.6075531203813,363.48386960508964,49.04637557083542,86.70815559206085
838.5025285483127,366.35192639453504,47.167344649894616,84.3966122545584
838.9092349112877,364.72185587758935,43.85470021004346,87.14959770866493
839.4814066047378,363.3786625972658,45.581121549914585,86.67956735290963
834.9484533383347,362.79909687472673,46.80171069981439,86.49879845822771
837.040183193022,366.324789401223,45.440494799269885,89.16030603675426
834.3181050399452,362.1566255273189,45.02671994532264,89.55901609622882
826.1045159341967,365.1655196233866,51.033450479050174,84.74823621547809
827.0178444519021,364.1291433288459,53.827537282561465,81.93507059511182
825.9197842493782,366.7558444535217,54.52139338093464,82.38328545414419
828.4768210030012,368.469176799521,52.01920849942833,86.59623836367481
830.7071467059404,368.5146551456823,49.164474958829246,91.065039031961
830.0174026434016,367.8886071735766,50.660421283594175,90.5300904094717
827.5185275656237,366.8132524649462,52.856969677710055,86.99894477311105
824.4325912425186,369.46599193982934,52.63194364993723,88.15644593014878
823.071461400531,366.42653876675234,54.91266398682322,87.93047898910488
821.2964180971865,366.56188468828,56.55845380321574,88.37619157115707
821.5363080965276,365.67170859637645,58.568743574343685,87.80438713933205
819.4992655300003,366.6298956296729,61.88591084056638,86.00756291374316
821.0713118677106,367.46165183502904,60.154219027470404,89.38067849532779
821.3008780991263,367.72354708840027,59.25495367128504,90.01616715037574
820.9851371899402,367.1433416899425,58.30262358409098,89.95365001707648
820.1970155763381,367.6797064528062,57.761620030211304,92.15997223381532
823.7600114981789,368.8174578063023,54.50053344502212,98.81884008763296
817.94955566259,368.8465888499917,58.87294287815719,95.79221390493618
819.60242579824,368.04565247720427,58.641949739274686,93.41349005073661
819.9134884300018,367.5146940716981,58.03321188054805,91.9085461120709
815.282859256709,370.03571787321823,62.41673585069947,86.9455846767674
816.0550069430211,370.7117877112147,62.45544639294921,87.95300985799398
818.5396576742776,372.4892817482419,63.13463976849856,87.51207391242201
817.8244951162746,372.2992962857114,58.907438731634045,92.22119552911288
818.6683110746268,371.0702208617312,58.10225704388407,92.47014714600063
818.9609055383129,373.1387208065323,58.91327133721249,92.12745910915652
818.6968152691911,371.9156440002463,57.60800814118629,93.99513695563223
819.5132911531069,371.25187058969493,57.811411023038616,95.68503427693304
818.0773585335951,373.10498094337754,57.36657798494753,98.4624131824109
819.866563209292,370.70289568426756,57.725821307406946,96.66503696408432
819.2546474063312,369.7377717743559,61.16933906762013,93.80887561346836
815.2343856368444,369.65867658108164,61.754307345300944,92.79099540061151
812.4794430801195,370.9920088841435,61.158196167950194,93.31150658736061
813.3792234268932,369.1304887597961,62.95402574449983,92.94287173676304
810.7679528139589,374.49526259347937,61.40180342186708,94.52396715950147
814.145335433007,374.85062992312453,59.931865763442474,96.43099653407246
811.3823629918825,371.6366856772841,60.63364167484208,95.73262914308438
811.3491479530985,370.2537289371804,60.602900463002115,94.4209934707786
810.0665407052137,379.1904709546947,60.87401257545287,92.48607976845678
810.3553023121435,374.41947268700363,57.68582604495423,95.29895107698334
811.9171792926024,376.2329194408778,55.28269373080857,99.6627405571611
811.3799078929584,374.091380323996,55.552890565635394,100.75784040156502
810.8157695637119,371.42070969948907,56.45308136774143,101.4752624568439
810.644182114837,376.22942067097057,57.159251042935225,100.69190915635816
807.8175318101627,373.9923441103755,57.39851095721825,98.69493857210544
805.4942178986286,371.59434093124867,58.62791948989684,96.80492955650776
808.5955420166656,378.8486789424124,57.65749869943658,99.25085593712758
808.2524774588396,372.61987697138096,59.263964200568694,100.04645267757847
804.8885105206705,378.25294379173164,61.18041862796126,98.15411161099769
805.6571481625101,379.5610191855253,58.86096122103713,100.22457915130948
807.5757087925449,374.7582225721608,55.28215250343881,106.1196215941694
806.8261581186658,378.81597179573095,59.64009295421612,101.57149432394817
807.4401688278384,378.87879111820905,64.17671884437942,99.45548077330955
806.8685387677684,379.7618087826752,63.94684596854488,100.90173497653183
805.1024184435946,381.66860567599014,59.308235063118154,106.64430544570442
808.4352647246365,377.7610509339092,60.339985366072426,105.57435224403329
809.1940917983593,376.7486940908663,60.297712944685294,108.9165560055528
802.4673473222999,372.8792300480859,60.82801449665929,107.94215781345605
806.5462224346797,378.1108232186483,56.95293541854696,109.30792614179246
805.7563169231236,374.5083565658337,55.792237840795494,107.60948853198306
800.9407850779319,380.24979670650896,58.066431268208795,105.44059396560635
804.0722879609243,378.4140618079144,62.44464876804392,100.68247037473304
807.7509490513975,379.3634760479552,61.418210162806226,102.20770110186012
809.3567921377681,377.7854624027357,62.2616938441732,100.18692649938902
810.5866917827657,379.4024750682476,61.43837968123121,101.43345890081316
806.4876919509742,383.2646031589237,63.10803110765028,101.17091497346001
804.8997550574064,384.3244418338024,63.63976509275757,101.40989603965465
800.8674869404325,383.1221707079178,63.69717949314378,101.80507327919923
800.3099663728731,384.7485257788785,63.717663520387916,99.40278878666714
807.249325156796,386.67363413054505,60.34837018814075,102.2412530817893
805.4503568022822,382.08861689387095,60.68313141041246,104.53116960804246
802.0118675908587,381.34772667791975,64.08168838832859,104.57816944020621
800.5106201366605,383.3144252709038,66.28522897410687,102.75290278532776
799.058183861905,384.6536506215042,69.19187581494427,101.01879908260435
802.7431794241093,387.97746204703606,65.62390404633321,105.09374470424711
798.3996109118269,384.7434527120491,61.96840151455791,109.25269150878896
799.2712641340908,383.9037961708349,60.801365933663774,111.99361864699131
800.7264266549674,382.0646309296554,61.47072559066365,111.8669419502868
798.526315507563,385.7786859195866,64.18695801227175,110.32243224402679
795.1964285487794,387.25296065391365,66.66989000484969,110.53457575821844
794.0476453666959,382.1171436230192,66.0389831165889,111.97859406161665
797.6131457063715,380.06225623046555,64.3404420113477,115.05207063008083
794.6980322779692,382.3912131303678,67.04915589264132,114.69050462341404
794.1386406386184,379.9222078476315,67.70636520761502,113.85989594681224
796.8339252023776,381.7945550130805,70.87322222787904,110.68866541201211
796.3714249646684,384.42177995784397,72.13616478652594,111.45719850527792
799.9765437663442,383.64233501664444,67.91139940313779,116.84498112791266
803.1795885928324,380.17514741326306,64.51596877783551,120.66787041713407
801.7271665366723,381.92514951056705,62.65328984429095,122.4071479557683
800.4531044811818,379.82398003668175,63.26608654929757,121.73828824336357
799.7301837199591,380.06430274943574,64.25317786107186,119.56491821882399
802.019589381865,380.3265841752445,63.384100728723084,119.10790422587199
799.4671380481522,379.56242101869987,64.00410489026117,118.42475846105077
799.0925004742146,380.34072155835884,66.5419203254739,116.2072094372671
798.8248293994269,380.89225213091765,68.18756333623813,114.75287093452135
792.5821953124694,383.25861573100553,70.79246782147982,112.38309751791087
792.3147915531246,380.59244288462895,71.40541307612398,112.6733617202548
797.6366616601101,381.8496029169119,71.14584574944121,114.07952835466993
800.5506665027949,381.1191215614176,66.40494010455438,118.12858902782644
795.914657608199,383.3068333753182,66.40731338310489,120.23652063075465
797.971688103992,381.1574358335077,65.76355673690726,120.80617593214967
792.0830289525704,379.82217311537414,69.18171723783064,119.81867260775341
795.849076628291,381.207345238509,70.7148233899945,119.46467464984204
791.3261627348145,382.8900752829406,71.79858246783164,118.8676284829562
793.7564588475807,384.099872005949,70.49759579052085,118.61906800428649
791.9494059336662,385.4767788355654,69.51612844822282,119.75078607068349
793.097243490353,382.431397317491,68.93675378036431,118.78148728341603
793.5909473273008,384.99481392267404,69.06039971232704,118.63907142417983
791.1716982625902,382.87635738238237,70.11787824428755,118.33304279270001
791.0024558409169,385.8840034473295,72.1795661574973,117.85823690825848
790.0857123495929,382.558605541899,71.96740477203322,118.40207626032134
790.9155506374209,384.9441972380352,72.16384687862535,120.54742136979783
791.5445334720591,384.3858316635699,73.16937096908438,119.0217179837583
794.0622997431701,385.00625656278186,68.87145792386593,120.76207912496939
797.7922257579298,386.8362484154016,67.68836662460099,119.7492647579412
792.9670333101081,385.8997528120441,67.93391895418841,120.30632512928443
794.0627084439641,387.02424799446294,68.76253001355715,118.48151285492244
795.4472140966476,391.8358929505914,67.77466123654787,117.72207976491968
796.6357985769133,384.4026835748382,66.27967381431075,119.18828652570448
799.572517374086,388.2108959347519,65.53734129820263,120.91498124379625
798.6978613848254,387.41573331358853,64.79046684966819,123.17197082888481
795.9977059493569,390.6922941263392,67.3805474516603,121.56804515309987
796.4250638359613,388.73286451370535,67.33552089562625,121.54487972496399
799.6537756319301,385.8910611180839,65.35375417252007,123.51805420112501
799.5090754050932,384.84514394746077,66.0428143824283,122.94364596343183
801.9245424447518,387.5006644612929,64.1250691010826,123.49897847970425
803.4743076955299,389.1754725419636,61.80756369888449,126.16444046973848
802.0019046982655,386.5288475637337,61.82726914044694,127.71985565589648
804.6993794887127,388.3258714758269,61.65510348414692,128.97831291010561
802.6842714017724,389.319553985469,61.747921622060176,129.91269645760065
805.5797235681854,390.5443140633006,59.86923576185775,129.76867249907906
805.1224012170569,391.8235379888659,60.0451283055728,129.78315262633964
805.9711380247509,394.52217880605554,59.12879433941873,132.90024468664978
805.2240031409609,393.76136924663945,59.19879799594506,132.7913380225744
807.8968384032728,397.869814087122,58.130449571622684,138.18152659739627
805.9059742998247,395.5209821815117,58.72269438892762,136.9513301727107
806.2486254807071,398.4144459973703,59.18298263974653,138.99781728572523
805.1070926480678,400.02432398903545,59.29178992701568,140.1818017058019
806.0459870087311,400.2317006807822,60.520829862077804,139.76905488169865
806.9170509695815,403.5145554713253,59.83442747294038,140.0942467158194
807.6536120504928,403.539131966117,59.30810975058836,139.54080555472297
807.0829062579631,406.80885792062736,59.9586965447359,139.6668106419025
807.3480527984372,406.8861687471168,60.52510372445363,139.5193687729598
806.5580530328936,410.4863680654568,61.0657335494203,140.80953384746542
807.5356657398639,406.8933234100809,61.524568388815666,139.42250083509782
807.7696130049568,411.68999907760303,60.79324059029504,135.69455367527445
811.0823119383685,410.4783350899453,59.38090041993884,135.96356167804223
812.0096710876667,417.79129226857583,57.53370224415596,138.81333103775242
815.131591388585,418.5323452741175,55.85770582327447,140.25017889132315
812.9096404581403,419.23304157072096,56.96683068628851,140.88731134654864
813.1793214010477,421.0011784740494,57.593353045501296,140.66917827409037
813.6569930685637,424.2268401858178,57.85994897420312,140.56178596507607
813.2413812962752,427.2671111874304,59.27939028633685,140.07691394251066
817.2093393791878,426.8427891161658,58.07233076618438,141.29864966199852
817.7695682655436,430.9545101921066,57.62927151498067,142.04096324403068
819.3259624829116,434.2951264821405,56.843455781427195,141.6988533175782
819.7876796186424,432.6634974438882,55.08887598973992,143.58798459059932
822.9891985460927,440.1069454628943,54.40572270956511,143.9266658951393
821.418876399974,439.474047160963,54.66343150201591,144.3307944384265
821.9424183050107,439.6107511548381,55.57817108577491,144.67571488902325
825.2957545760291,444.42608006685344,54.20036937351977,145.9078966019032
826.4686223181475,448.3511831147416,54.16713975173492,144.45869999336384
827.3775272414204,449.81121733337204,53.8613688518798,145.64156863453334
827.4766913834635,452.2958466128228,53.36569553323943,146.3823179774048
828.709920878948,455.00543315549817,52.89907152143313,146.77941550024775
829.1767850889157,457.40371683533095,53.102141622536166,148.0239453911214
830.4256542880063,459.41984000830774,52.969977623181855,148.70259423525556
830.9184426245755,461.76022556481394,53.41022780179335,150.33781700801757
831.2757102919128,464.4986337253981,54.267485846013784,150.87598934798933
831.5429683620307,466.6389972009961,55.445093719748115,151.21639916706133
832.1513605728733,470.6033434721242,55.30718385395582,150.656730615539
834.4317602190222,473.58762774577986,54.588061187950586,152.68508319260582
834.8551848584817,476.72135401675735,54.594709494045716,152.54138879264457
834.835591232281,478.4449178612958,55.10164038953411,154.25507746862206
834.5474397242161,478.87866297491814,55.792889116882776,153.1608055971372
833.2469685433296,480.42160213888826,56.43351059678126,155.933556805333
836.9624226667427,486.66490203779887,55.804764300278364,156.76804611831142
834.1437330645467,484.162239879463,56.60371720655306,158.34944191503507
837.0162878185427,488.55286482723056,57.55018445994098,157.4351499817403
836.3795206897964,491.36452932841706,57.25877557837707,157.53998229912384
836.64201619461,491.928786846841,57.88102118296366,158.68710067918903
837.728755652385,491.9055959750953,56.55770317694165,159.51051301364976
837.8055715177345,492.94453947352883,57.344783950251056,160.52783863822498
841.0976713898581,494.14941686882713,56.79262366601738,161.02351928976455
841.0136338641308,493.9368283372343,56.86772972892446,161.35621015518709
836.5051937200025,497.42818000470743,60.208719707597346,162.26030106463668
837.5108390222301,497.2825348206207,59.294121176116676,165.77797893799436
840.3737683709168,493.1982585932742,57.914386334344755,169.72073958478308
839.5107283911797,498.19324497138825,58.9090310983741,171.3339508318316
839.3078697016158,499.3511990026688,60.30133879826204,173.2886645802793
841.2571151408597,493.0007151193521,60.07647554197179,175.21008466953052
837.5317276570742,501.24258225505,63.1175680247732,173.29477464783307
838.9014103149466,503.0568139814269,62.298963893215884,175.90637497676954
836.0059438013784,509.26741897183155,65.48772141890487,175.01593386928758
836.433936456693,515.5856161186857,67.24992224795011,174.24707347001288
841.018778794657,504.43554874779727,64.48926560692547,180.3173936857749
839.523065069977,508.0596023822036,65.35534988646165,182.18598862711286
846.3656065678765,502.47333199724704,63.692593468808624,183.59433208905727
845.3087554395854,511.68929905031405,63.955470824744744,183.51509465385362
848.0297830670331,505.8473460296439,62.62177333176987,184.89733235523283
845.5385896020282,516.3356539795051,65.218781519891,182.46785711076956
847.6379768759535,510.5943627364783,65.04381317000664,182.59147747902824
852.0815043512335,507.2783414835198,63.06408976048448,184.23553021943906
854.9888575953676,506.74079455395486,61.53952568029452,184.4878291715438
852.8766590821441,514.9074505991141,64.12302404488034,183.5663185646068
856.805923450605,513.1668422395815,62.838136703841286,183.78196314436886
860.1556924029592,512.8142681592205,61.32027957017442,184.93947186853302
862.8320623733614,512.7193595076526,60.06581513159833,187.77529605927583
864.68062739211,516.7503071439784,59.031936149131575,189.48827419638368
865.1782995552321,517.8049658132843,59.08158746537505,190.68709889186763
868.2892773445035,517.0610658521038,58.84121451408144,193.08421654473722
866.9558297637087,522.1894565886698,59.33203933751432,192.89714280103033
869.2388440061801,522.1230966263006,58.803044381195384,194.3253020752928
869.0379843901459,527.0569389440087,60.011986984959776,199.12851546800425
868.111722845591,522.8672009957397,62.03014424315308,200.08875779940848
867.7744094405241,522.5988906585691,62.096156769030074,200.95803900565872
868.5670785293058,523.304595469247,61.17765317970422,201.07929855050094
868.1168994754006,522.300396972435,62.11159842053192,203.2763422623003
869.1401107554548,519.60106237572,62.33904988599916,204.69205590703598
868.4469151997421,517.35535140689,64.10128494252203,202.14303772171303
864.6617287357193,524.2339342504936,67.9521675851631,202.82640464837266
864.8295359005625,519.773251625383,68.49472747911506,203.00824102518447
864.2062631560734,523.4575595585516,70.96001802531339,206.62859660753486
863.8527161490919,520.2014210077232,73.06168498580561,207.0181449654477
862.8743000936091,513.7675621081188,73.66677553423365,208.02924992420145
861.338048541006,512.1126876292444,74.73117930587651,209.1691613500044
861.1729348281546,525.858319128778,77.32600996352237,206.62628467700227
861.7673002986164,515.4121308141973,75.98238126259449,210.25062148200195
863.0123060712338,510.4028513781294,75.97086959355151,211.76822607284933
864.679821463365,507.1922186442325,75.41572052698803,210.813240505134
861.4086168704192,517.2532486711243,78.76798826071472,209.48256811904406
861.4231733465044,509.1635759993167,79.010331809077,208.93308933762148
863.5484241404491,506.8624330372452,78.129983657721,207.3938096332019
865.9264226479461,503.0482018585366,77.67352814736103,204.94289522512378
864.3984368902522,511.39441259087084,77.64381558947969,205.33048480644567
867.5703367927165,503.1335234264211,75.97678369725199,204.46560688028086
867.4021297104833,508.82047931355623,75.76135835320109,205.01816202991432
870.064276575179,501.395871475803,75.64789476937008,205.77594659776304
867.2617295898938,494.5303631464599,75.61536029080025,202.6280311286871
868.7939904820028,505.23385539161785,76.54329480814405,202.07336871476207
869.8771455323421,501.5546810231604,76.74062497590815,199.45614380912673
869.3953359171269,509.1324464090627,77.66553922709097,199.30355276331284
870.128148758376,503.5479118554474,77.81443756165129,199.45065242783738
871.1399858272646,499.50558491270044,76.88667465124807,198.0757174886324
871.7092125765108,496.94384212972966,76.37654058846526,194.8755938148318
870.6732647114313,507.6185551931238,77.55425146773669,192.6136399120316
873.2061736216765,501.6176601004547,77.15859475486151,192.69722817342432
869.8579991583738,511.1788115137206,78.28901471875089,192.48167586697764
866.97951390153,494.4377617146155,77.03539666948012,191.44075735114046
872.3528046660625,502.2197757153215,76.36566528898798,190.83281239684032
870.8599225381112,511.03986357380177,76.3640639876081,191.61308973524226
871.6433890144947,502.2800795677834,76.11041253426549,193.2792159260074
869.279967627673,517.2806649666716,77.3139998917745,193.882880562604
869.3750705696938,512.8344873739093,77.0708296817378,195.37476496778743
869.491218693312,504.9386994708144,76.04404731046398,197.72073933992442
870.6436786298135,499.36878490717305,75.5623151719706,196.01780324299273
867.6059981583679,492.2709848947077,74.8955993244717,191.10365767605683
870.6381299889606,498.56864772653773,74.8234920242918,193.61936923029407
870.957279075182,507.155375129822,74.8060290138996,193.5782772029065
870.9107685544777,497.4559015977579,74.48552055401626,193.26015085297365
870.4855022126212,505.40806492435877,74.22665669975362,194.62671991603128
870.7040909054767,496.5285172885724,74.41248434810541,194.30128326903787
869.3526464467769,508.3534704256396,74.75209872220638,195.20468122709178
869.2221555428221,507.01742072703325,75.03343020331056,195.86810307493784
869.4272056041557,501.48659802321663,74.83711257057625,196.14240849550532
870.7865417395903,494.81696830359385,74.3838310669642,195.5160327151243
874.4599172954511,486.2231561230045,73.6507202756269,194.02108265333575
876.5066277409102,485.52128670622926,71.26132590384827,188.46260792610246
877.0074034006999,486.0411006928605,69.54671635165981,184.97455102209238
878.1473377790709,488.0689720894215,67.97449595971244,181.10905874185582
878.9605981872064,489.80440743777893,66.41949313367245,178.08834590489857
879.4923665748044,493.39598936021156,65.50285065780977,176.20428808509595
879.4073926881415,492.634997152187,64.6135694726578,174.12370392124632
878.334665545431,493.5632474528293,66.0896195592319,173.95089733767344
873.3809668568049,493.99152410943685,66.5031961809403,173.95150103094025
879.6105736601587,492.27577752885634,64.51114314615526,171.42077348701486
874.7065057660503,494.05226921659033,64.96313335918157,170.60714388475174
882.0495532565371,490.1780915770432,62.64832484878403,167.81527330398865
877.7664062360767,495.1783512524556,63.251878741148126,169.35129274454425
880.1444758353359,493.71805017933445,61.41513926002886,166.61023078769333
881.1705399294459,492.4306387465481,60.39270533947132,164.16704311147785
882.7511124271938,492.64883436285425,59.16581702509215,163.6697184202781
882.3821146923132,494.24222365205463,57.86805659075405,161.69187060078377
882.1044119048125,494.67372050075494,57.56911489048791,161.18073009489166
881.7233649951713,495.52358068739227,56.69589555448339,161.38557631032788
881.4205847218553,496.3581394557052,56.285075107914906,161.11793556418573
880.9888961640742,496.12879137364587,56.20731911537471,160.82446039066187
881.3920491841748,494.9560911671805,56.30353183972498,161.22867675297334
881.5369815055716,494.27225861584236,56.73559696811225,158.77048851296308
881.6984546296915,494.77256280340765,56.80952136754941,157.34118638104624
881.6810626866348,493.1905985106175,56.87965197118534,156.00003106754838
880.8675357435885,493.80928074308014,56.79810498077064,155.0245864022928
880.3035530305467,492.4765985719682,56.57630753639347,153.48391619594784
880.2350171066452,493.22942480371523,56.01039063141734,153.71112879786125
880.6829931182576,491.22908683007927,56.09087608623754,153.28620382998514
880.0686453310408,494.4226781917877,55.85877438156373,152.52714411074214
882.0658723084625,491.7820527282788,56.867902632858524,151.38664097385123
881.8222682468711,489.9816703633229,57.56092465672391,150.36973825917
880.6460561741249,490.7074855183075,58.34983299409045,147.56020215149056
880.316265925441,489.6963112508198,58.28216890684628,146.5381930969038
880.4786528191536,488.9941355554011,58.664384857422846,145.63193305123798
879.3165477295065,487.68231352476073,57.554023045201816,144.52380667227703
879.5437310881796,487.9889463870571,57.190994844318276,144.54471797804166
881.5493398140297,485.3430044353849,56.9658599155468,143.70895325969232
881.6811218782134,483.3608727175713,55.558612657195944,142.8604512838631
882.1257780770192,483.2757671759755,54.29293157915117,141.62016352834803
882.0852533464838,482.239252254034,54.39204280831534,140.3873878563008
882.4676744804334,482.93606571994104,53.69358425598972,139.7029114498315
882.8159460329159,479.34164316244704,54.16397403461731,138.79408096330948
882.7870888935336,481.5124242432397,53.21422410956006,138.20803316356526
882.1652732680616,478.68992643800715,54.078827037424,137.37086966362074
882.9104644964038,474.68455273415,53.240668127079815,138.7441326130654
883.0989462101895,473.36446425083756,52.19617469289494,139.35530529879622
884.0825146191353,471.53878438752497,51.70839272528818,138.90489974450406
884.4139828852549,468.0444325902208,51.668364175458315,139.08124433883495
884.7170468609489,467.769568244505,51.063828490051,138.25667180962967
883.9234347117391,467.48409072446043,50.92710066590683,137.6174814328158
884.6433139842289,468.83929804017333,54.06392981893195,134.5903193034413
882.53960787191,469.4354342064927,54.72983400286911,132.41278585728156
880.690903758515,468.2553341510867,55.34951706338766,131.65405832933902
881.8767458918198,466.7898654749956,53.88476868154722,131.08016312277076
878.1523942684701,468.8237829661582,55.286744685078844,132.83771723300418
881.7305761193597,463.3950586288761,54.64828268832375,133.06811655765478
881.0060080433122,461.9737222907715,54.91609212196536,131.88299993262638
880.9337343947176,463.72379119927217,55.132532308620256,130.63853309310267
880.4956525316902,463.1549647238623,54.498542957733136,130.13860904610746
876.7236027953619,458.96386762668305,54.94130617409949,129.73210206283053
881.7620126190756,456.65017476322487,55.97739676346128,128.56194175264403
877.6534578536111,455.3299131618612,57.68845963973374,126.90642096692224
874.8507575447475,452.0666840435347,58.22200252748726,126.52852840230116
876.7437704532036,452.70893660394535,58.9379983007642,125.48027773065714
875.1498384319971,449.45819438416027,59.30890261048813,124.63891212402359
872.7097398522731,448.75200389538355,61.18884321110974,121.75430327649975
875.2489984812041,447.2003351377565,62.06463138376613,119.83070254752697
873.6304638293639,447.0228438990154,60.78766096450465,118.8113926745207
876.497251542533,444.66724493598304,61.25388686605013,118.00792057837897
875.968129107837,444.02949317083426,61.22917109543499,117.4234833571187
873.1546552877423,444.30687924042246,59.30400353762728,118.3397151528212
873.3785268205797,439.73717541846435,58.50567577147295,118.04535072120791
874.3605308191042,438.3078678931226,58.3690272783497,117.80919239240659
872.8972221610006,435.43189520693386,59.065865203873656,117.5722462733353
873.4013442886612,434.47374245075014,60.3002952650864,119.53285461305737
871.8728612585668,433.93501351724603,59.522682523921986,120.35084953340152
872.3491202028437,424.7234420095043,59.327117264911976,122.48916707541136
873.084399369897,426.44807485570243,58.90662782892393,122.0164111155051
872.8219428617784,422.9314084591472,58.3076326506909,122.30644457231828
872.651520023899,417.76951749485966,57.286038530988804,123.70948224448406
870.4175783779632,413.6486311807816,56.92815938328182,124.03026793648402
867.4645260208255,410.66999562953526,56.87128996987109,124.07643868949756
869.5991787696577,409.8732822842719,57.09018294519938,124.68717633122091
868.3605646129049,407.3492610893294,59.00490845181214,123.47764457731336
869.4631682025966,406.71123185047617,58.83228130824416,122.6435911541405
865.3248226978769,405.26028617373044,59.23157422810415,121.48028880469852
870.0593938755321,404.53850145019817,58.19684848678053,120.11441253183685
867.1577940284575,403.31372239100716,58.32548198585933,119.92829552493131
872.3749600644836,401.20393184527217,57.80496631157915,119.43139358015021
869.1978849601891,400.5655921566105,57.13044885212622,119.3870489481999
868.4989316294448,400.6734043449976,57.11785318456187,119.06587631655435
868.7645309514683,399.04248076322216,56.63449694644966,119.44445205942847
869.1164383527247,396.43061971854786,55.723848670291545,119.52280866687283
871.6720035737152,396.58543645088275,54.63052978943704,119.33009971811572
868.7869721949776,395.649025318658,54.326991478945196,120.06327786295131
868.099468971529,393.5508562337694,53.910456059019424,120.58848279973705
864.2643815564159,387.0653429284676,53.910605669825976,121.03093549866081
869.0889865440497,384.97199688374116,53.83478123529472,120.75621824954744
867.9181138919902,375.6287950934552,53.663350976737036,120.68762932910649
866.6791650546135,376.846445086214,53.29200031221902,120.4353101184955
864.9986448024989,375.5475051281842,53.203830359594264,120.07471547078984
864.9962044345685,372.6929726425899,52.756850493534166,119.21602506117792
864.7590505006078,371.8724221819868,52.31918922152562,118.91624408572673
863.074560054472,375.56027875667303,51.51086679954601,117.59630747366393
864.8188603712885,372.68686209982457,52.664722404932036,115.955809531288
865.0254285549954,371.8901228562078,52.47952408025581,115.80739622171488
864.6789165778059,371.2852812939224,52.120140419080656,115.77453195413526
861.7609302088658,369.32365705375406,51.962467908667236,116.33141428867076
862.9146686945604,368.2395157773125,51.78472192977598,116.56882998688829
862.104804978619,364.81250770796623,51.7398118428877,116.63572653646884
860.4668240648747,364.31410969309877,52.084978379858036,117.64046287505147
863.0221050983358,362.071131338312,51.888656215247046,118.99244345328847
860.9646537070058,361.2661069598968,51.41173226460898,119.69779354619503
859.0261824173015,361.6200047168791,51.49139809606088,119.8586515034892
862.349364018738,358.44946463129986,51.18704839489289,119.81835206428815
863.4664646975101,359.01095856043725,50.85617527992214,119.22613506903556
863.9344951306564,357.77319209139597,50.65146294425122,119.16349755374458
864.324137875248,357.7553020510071,50.65823752068182,119.12170677207753
864.6201342258917,356.90034324937045,50.51626944048972,119.03381357606612
863.772219969926,356.0174020257499,50.18691545104656,118.4233075838643
864.2162741224394,354.24154266771984,49.63963293957004,117.53041353433925
864.2372597968458,356.63560709286617,49.44256758525281,116.72950034813158
864.4476728722169,356.58692492381834,48.932094186870955,116.55116536745903
864.1252662671569,355.75331991109397,48.01788742825535,116.89011707316774
864.8391698653544,356.38905222737577,47.16495351877205,115.34239606870051
864.7184138893211,359.1647287840729,46.63007307619802,114.72244427100904
863.914143329623,355.33904877707346,46.487752531308615,116.149123704978
863.7019259429201,357.67025971986084,46.97812849787786,116.76233129688667
863.7420322725964,356.61641449835207,47.06971993390493,116.1432942572779
863.611231383467,356.27057861593977,47.217712534916096,115.92725691731304
863.2630194097873,352.69793763823435,47.11156691288725,115.92297809242714
861.6232684541981,353.66984084587085,46.46705645625606,114.35975890395967
862.7788313306334,355.2352684406306,46.16576486273688,113.69109038739673
862.247898961029,352.5872209370708,45.806223308989246,115.1222280323122
862.8009659808364,352.25349590937316,45.873676263467345,115.1918613323027
862.9413658641205,351.0914265308091,46.019934136401325,115.10682058754199
859.9840479913482,352.7391394237236,46.56255041818182,114.47632935110019
860.0897934361395,350.36371266212143,46.31155877089554,114.30074710174429
860.1659020525001,348.55742373161945,46.10075988476003,113.57182304509553
860.1085077837378,353.42031544786624,45.85651101647289,113.37743629940438
859.7463258970513,351.787825033128,45.334904095384815,113.06282392979287
861.277024180182,353.36635110589356,45.51785168934792,112.81371603101312
860.9765234769317,352.1428878990631,45.42252121722625,112.30095777752811
860.3310400330148,352.47987212130346,44.98462939351356,112.12296096117414
860.0927663972066,352.62425504729015,45.33767555201662,111.63762229286753
860.2938473825914,355.0791740020427,45.60459940276088,111.48208301175136
860.1749532207737,353.8353261736369,45.5141753222871,111.13542858930383
861.1479501761427,352.9788341130117,44.96907904936164,111.03846395868368
861.0551828582367,352.30785392111835,45.06147560365485,111.52219106320321
860.7115103945407,353.17551306664717,44.97367677489608,111.6518691090606
861.5771141604116,351.1858322270028,44.79305017860754,111.50185979112265
861.2883888450713,351.8393698837227,44.76855055066639,111.42182837240159
861.3217741487967,351.1525854707017,44.65920429267591,111.16386838569326
862.3559894725033,351.6853474964236,45.12858128068778,111.2588033541757
861.7656008005921,352.05834049681056,45.373408055590794,111.36650718884972
860.60629775756,351.04310624326325,45.442027757414124,112.07364516135928
859.7189815574043,350.0251200560698,45.631150532569016,112.58121285581984
859.0428111114983,351.5160949633635,46.09461093903977,112.0990228502629
858.6922131367621,349.5700356627404,46.552674785267826,112.19983463419429
859.2901289636271,348.60139109473147,46.81311103535617,112.82794922823636
858.8458965200033,349.2689108147491,47.268792461108134,113.15093565698636
858.8896793968769,350.74882323941154,46.989218812880644,112.75104472511393
858.6275264020494,350.4781471729492,47.24525026961338,113.47353945124804
857.8822665581208,349.7155619707591,47.27949122106381,113.24505977313754
853.9442664435113,351.7260271109761,47.66687634321695,114.70458270882595
855.8157384669757,351.3256954839561,47.852345618125824,113.47883618528894
856.7405889962224,351.34545430051804,48.66236011762486,112.73483857790514
857.2264489103648,349.5705042499482,48.663365974025204,110.95735231084403
856.72258004515,349.45992678709655,47.68290087680968,111.0025778111426
856.0997309906454,349.4872822155444,46.53122408003266,111.0993066548941
855.4299040549018,347.9520428658306,46.45405083306129,110.30762792144394
856.1794910398065,347.12908596725464,46.5187730561297,109.93089010338633
854.312888948872,350.6612865885594,45.61602117263278,109.00174752184014
854.2183586316347,348.3533678028623,45.75873899876929,109.1023318647534
849.8191337485304,350.02902661451924,46.14893549869634,109.14707064181495
853.001527305421,348.58416082579777,45.926686272608784,109.74517390608062
854.1565209578259,349.11739861153876,45.96643833462741,110.39695224025223
853.4895211437556,350.58484277555846,46.02659296963988,111.7359043234055
854.8973411988623,349.6157974556871,46.29746241785153,111.08451577797939
855.9786927064538,350.27816444707645,45.79526095813344,111.96363737481194
856.3512376122677,351.3097640344705,45.442160844343505,112.98591845292407
856.9241262346532,350.5575829164557,45.52618131398211,113.95633356118333
856.870891948789,349.64197820660195,45.287185894720096,115.3797078035214
856.9571102774896,349.66796923277826,45.49324035926894,114.90921362081608
858.3548654542388,347.34001581738437,45.764752367739575,114.4539025808634
858.5085946965696,347.57249890813495,46.068989913930366,114.48652494507323
857.9508504987892,348.4905212176752,46.42913300407125,114.62508254013372
857.9478467869106,348.1007909861829,46.978643174196705,113.80807105851792
858.4132479547584,347.9963557952758,47.60639397374247,113.32334832902748
858.894397706855,348.3073813140547,48.41104927160514,112.59522922885103
859.3288294204464,347.0781897595888,48.48254444761564,113.6510515257497
860.5174021899549,345.8039210548347,48.322972303723034,113.51801095284625
859.6436128166516,346.26814709955204,48.80586622074901,113.01917311163261
859.6608844853455,348.0175286445064,49.15346144482588,113.54096866333704
859.2482195782648,347.9514968226315,48.85325713115124,114.5263525822959
859.2937901197979,347.5803202292995,48.68433884654648,115.99840004204796
860.3309793004925,347.92519729766923,48.758934770219014,117.06836102718218
861.3021080949625,346.7592285966422,48.29980023937432,116.7069758497368
862.2143485871792,346.02965770945855,48.343385682839866,116.42681213854308
861.7993049411033,346.23512650944645,48.41296569356096,115.98943491222548
862.6998160697183,346.3813587733458,48.529512633749356,116.39742712631976
862.7852569265503,346.01104355212334,48.216509420133654,115.58069370157827
864.1814301523243,346.76724291617825,48.180073285548616,115.35923290268005
864.2635336050487,346.7895186892092,47.99389370728406,114.73545949055216
864.2466947541869,345.542417026641,47.55259006911177,114.39531327046639
864.9234825838292,346.84517050438865,47.594510299467466,114.3095562527671
865.9884904431266,348.07027743939216,47.30818116155793,114.39220395547726
866.0833846828111,347.8573292060441,47.13011188406867,114.96629499206254
863.6547051675941,346.39936990152535,47.48121145918343,115.81178531597801
865.9480300911315,347.5808287284378,47.561765460284676,116.07936838554005
867.8020082501113,347.54163682672726,47.679449102366085,116.51162074911238
868.5891654355597,347.80508957019833,47.318703385140395,117.03561270530727
864.5228491929774,345.774254600585,47.63257824593933,117.24041013906282
861.9509973621618,347.7937463452562,48.684656984363485,117.2774427671215
866.6546587297609,348.9210351824635,48.637457876777106,117.23213601657662
871.9660282270883,350.6069205983319,48.20226145169672,115.80187476451957
872.8232128553474,349.2377477758981,47.485158963296335,115.80326222463866
872.9992932241635,349.59247064866054,47.65656264460461,116.11768388746441
870.5689946074,350.40032042362344,48.15711598859292,115.42631405583526
869.5968910267243,353.39613624188866,49.04063938159989,113.46966326880514
877.8982600607442,355.0312323083598,49.818336937558485,111.30955968274995
877.9875596695703,354.87133274394205,49.62924304777279,110.17804874941167
874.8417745089932,357.94145496056666,49.09666909829609,108.70889427575746
879.1884524599525,360.0179570085967,49.18664187860398,108.05813139893831
879.1784922183958,362.4437924686849,49.775556956429355,106.20648641644267
876.0966554468541,363.77817629050594,50.23771048848688,104.7705502207628
877.7023773362849,366.42166945817485,50.810073662028586,103.16239304191566
875.7353832173588,365.7980800631428,50.74500738444367,103.27900893402068
878.3964124082096,364.7099693798858,50.69370458406259,102.54427557709637
881.8435212902465,384.76802496558474,53.70532603474946,94.88237848397402
881.2412191811114,379.5140135841873,52.5568039742714,93.78793912481234
880.6065281799692,367.74180709121,50.59923648110859,97.04684673471866
883.3166004717561,374.409181429576,50.54073651194503,96.80308957656032
885.497030608523,373.74992189034316,50.519339185797,96.8476173503406
882.490930789451,356.40263056922083,48.8276173816534,103.64337068475783
883.4380594764216,352.1698535787592,48.969022655285784,106.59763938804464
885.2400766256405,351.64756035469344,48.707085677554346,108.11422723705707
883.6948661602958,349.70514211806517,48.46282509618858,111.39923910738622
886.1811551151957,350.73680694202767,48.436318879025094,112.6920238450532
887.9139725947647,349.67981061757496,48.86947704062851,113.84056040346888
884.7291574556881,346.6988975043618,49.98387692463108,115.15089313290152
888.6297662062211,349.76513276018386,49.332026806150594,115.64262538919583
886.5564276789962,347.79363817513087,49.84313975492165,115.33828305057287
890.2916667697268,349.21150509672987,49.77886758014129,114.81772093249384
890.4581680449877,348.4783889555063,50.212940351376375,114.71648750340071
893.2749740915061,350.2573135108579,51.01967397633269,114.3989089942702
892.456715789385,351.6174722890529,50.93802542754634,114.49469496849525
889.7205935676913,350.5593478793369,51.86978754324294,115.61086856928603
886.2719808374409,348.7127534261277,53.7774365548345,114.60179182469275
894.267212439856,352.3692873563152,52.14653035571431,114.91254198954962
891.4803083118652,351.81092518250483,53.36188090216325,114.10375517097063
896.9382930550986,353.59384217070885,51.46061172036864,113.38515187858246
899.675461986273,358.25148424976317,49.82377691103626,111.21768230532305
896.7514451465088,357.3161658688141,50.291956197326414,112.11053928690745
901.080479013395,359.7325046163147,49.49821684721528,110.43873761190784
895.7388283998251,355.808619583587,48.87865183796174,109.63069098652075
898.5287483920102,359.2271900216065,47.59308611854122,110.19921457118357
893.4185064228062,360.44150025105307,46.57855815313545,110.29820078933352
888.1563136243612,362.1230570384477,47.15550121788233,110.26281219256346
887.1016244409449,366.8970625184588,49.69311805585277,107.67411183502654
880.4462546758394,367.592450715383,49.24392401916653,106.6626528823861
873.4766025861626,378.5682640049843,49.80606826985553,104.99274718456215
854.3315000982396,392.181205083303,52.10421416052155,98.37860489135791
855.5876008942705,393.43883513719845,51.56620595368716,95.30279685523732
846.3359581883152,386.9108100299696,52.311979477462884,90.32236442079588
838.3004008836293,394.51374239927986,50.181338222022916,85.72498646580202
825.1097431760373,401.9399333991833,52.745448239600506,78.82960793866641
822.993233667954,401.46583416998436,50.71070423379882,77.04154381816342
817.0295424627311,407.56489490393756,47.63954518386893,77.14136617980091
807.7557466122369,404.557523189425,47.19385801468988,76.04502164686289
803.8491267794683,408.1863361538418,45.65596247625567,73.58255537807216
795.8065035511133,408.310894418149,45.02848694398658,70.50251910805382
790.8191283496091,411.0223847120691,41.89173114071998,70.70349643055617
787.6078642111593,411.59828092901904,40.281787521652866,68.31857654314501
785.3146712942212,414.37380564184764,39.37755807621525,68.87158602963896
781.3503761949834,419.4220337854366,42.49851379068734,64.67230534799101
776.8447841913957,422.8340847322027,44.09021445681879,61.11193686433036
771.0462549302807,426.5373460121443,45.30933203314957,58.47728824717785
771.5936888225806,433.6766772467016,47.53056684956869,54.96201346488679
771.307230857759,431.65902542234716,46.95129534516526,54.802397986810554
771.6189310508331,432.78315773972537,49.83729903139816,52.489542212423395
773.8295393929757,434.92153257616326,50.29649023947337,52.42163133079554
768.5843297304607,435.76879533407737,48.76970112466258,52.88876644346266
767.4395939660477,439.06512417846335,49.38216671050213,51.05715518084249
772.0368599295525,448.10339714743077,53.346358425003444,47.94784398321429
771.003234252375,446.4676867296787,51.55492043519705,47.04957226031587
768.9780550314084,448.31484961370467,55.16994840320565,43.805525619086126
769.2882679782796,453.57526859705285,56.67083879626688,41.39367592224752
767.5051556367365,453.1141477426934,57.63222317776245,40.582624411824725
766.4035350847391,458.55234422599466,58.45000181748369,39.964931266037595
765.7685172052496,454.1821040887585,59.03951941770019,39.2578175937578
764.4776673629958,456.3496579187727,60.14361216904635,38.31370508667915
766.8871630482255,457.9866872878997,60.484907931104075,37.97438297646604
770.1951459987038,477.12658521429444,56.80909830946469,41.043116873995174
773.7378760676482,461.02285901770387,58.24365123496013,39.638865651890406
772.7534936635627,462.88763241981815,58.35694050002375,39.48565669242315
769.7848279257003,462.6785662491789,58.644417157809805,39.37368742560236
772.2210240712707,462.1956201575998,58.70306137979601,39.302046163748415
770.5861412924946,457.35932639048866,59.32948536800457,38.794827762632536
780.6666152045243,462.6436247148067,59.343080357006365,38.22066327520349
769.9322554495147,466.8582406330814,58.59434432587669,38.59910487714244
777.7696234039548,461.58132638145815,58.393979842053795,37.60844406122336
771.9565944320005,467.2910111140874,57.361360572282756,37.80474298389838
768.0883866542717,472.92828735427406,54.83371802721169,40.219347922749435
764.7370701773787,498.32521744533057,49.75065884207298,46.597142994920524
765.7578819702973,506.8459694399903,49.191378873283014,47.44555961150992
766.5650628010203,504.2765281934589,48.43728057551903,48.55898932066898
765.4961967619614,509.9917750257912,48.342413801035306,48.69958037078481
