786.5,376.5,92,233
774.4758007915543,377.0750211004224,102.81226318640898,222.6032167900441
780.4261256869256,380.0869884241328,100.40221514173508,220.4701683029521
778.0648337883455,379.52838474635837,100.67301720224997,219.79392870940677
778.9690580894251,380.24945948485265,100.60260320182016,221.31052539541852
779.2647073064924,378.4305014331636,100.29665308178213,220.673179408018
780.3902242784545,383.3374821490787,99.36965452486258,223.63407678350444
779.2911222664845,383.8776646269861,100.81580012569367,223.9381227528951
779.5805419538235,381.56097426948907,102.23785635061625,225.24205219081136
784.501991816243,378.3703668380617,102.04848872669146,224.72585668983723
780.1549665273952,377.34604673529174,103.08866758613776,224.44583753731192
786.1329612667436,375.87039185450806,97.7552321227673,228.41250348874217
780.4491539700053,372.79970808330967,101.07166628767067,229.19062158611462
788.1653894606944,375.0597440974211,94.46821313710697,228.76286914001633
790.425344988024,373.77232268334507,91.39693025143453,227.14195736074146
790.9275908993235,372.4549847456751,90.41820682325489,227.53708726015458
790.8415591848159,375.6797235333453,90.67420204669972,225.5174924917901
792.8967056474696,364.3781038578676,90.32356512378885,227.22261819298734
795.5366177996066,356.77126378468216,91.13064887323264,231.38823463122037
795.4395844517919,354.7036899599444,92.75066460508735,232.97624165629014
796.7059730796951,357.840178544413,92.2795453162723,232.4282221433919
798.2303329630461,356.73775945838304,91.69225264037743,233.734725923741
796.5397564572633,355.31528874518347,91.74167905665716,235.14332732017624
800.0655484714827,353.7213851268159,92.20271617986734,236.19174790571205
795.6677802952375,356.93748644020934,92.92427970940835,235.4102676131194
795.0758669554548,363.072782441515,93.78034775955228,231.95436583982294
796.075783093362,361.4793350608635,91.1587843863806,232.67365998270247
799.8658228492402,362.88464602818914,88.8709567376717,229.01825738429204
803.1583139251121,364.01240838092565,87.16779357063885,229.28189237536654
805.1305551309972,362.3333263578491,87.48526009340924,227.5794048205091
807.5291851592511,363.47678147945527,88.0559062166455,224.7675575545472
805.2168471529368,369.184447458265,89.08074308638805,223.2398655653659
810.4104960767321,371.8410391630856,87.38306095209082,222.73315699875863
810.7880231799329,363.4938682968518,88.66228183000408,226.70462875244755
813.5149646445003,367.607893007682,88.34125526182211,225.65686142893423
812.4658748855143,370.68891801414134,90.54597253736367,221.51241161497683
814.0475222945608,364.05039663987174,93.58126829751771,226.50916653536046
814.1379815651608,365.35252626396004,93.24211527524557,230.28727431968895
810.1912075325411,362.05040795794565,97.15505739930926,231.96859814530876
816.8494705612736,361.7432694303254,96.24673078269117,234.60779153886494
819.3559915554714,364.92904734251533,97.02278909012139,234.95618371096305
822.4871424725053,367.4920269338326,96.04639409552692,234.8868369007962
825.5601099882562,368.9135627604582,95.63147018080939,230.24783626361284
826.1163122242804,375.41555972156027,95.15057825616412,227.9909814483056
831.5510913370476,366.40790221008547,94.02471810479679,228.24908623834318
833.3931929505338,365.62248921462424,92.73182530135404,230.3098198451944
837.2630412225128,364.98291851361114,91.25651829590214,233.03682776588727
837.3548482922859,361.85487542636594,92.3803840624465,233.29386109152915
840.5334837111227,362.12497525927085,91.74145824231334,234.4055535877356
843.9463408109655,364.0457042392808,94.33311879130017,231.71129728330908
847.8909034859885,361.8463753473326,93.27263586084078,235.84669084956232
850.4968992298251,354.7722027585575,96.05896923667797,238.88265807912603
854.411775369274,360.8207058483115,97.36371123326524,239.6613451599482
857.0042259758019,356.13698341849454,96.68715079473102,242.84280007136
861.4043012936673,348.1153045660933,94.54421447814732,246.86717263171147
863.0410700258434,363.240667572913,93.15552139130634,243.05909897629164
867.1018959579307,370.80150131187327,90.00766048561098,234.30172714090395
872.5914891593651,372.3201154403782,87.02383044440155,227.16338346353123
876.2973732727442,378.9473514428669,83.94910329430455,221.59282750361172
880.3894483740467,378.9941881019431,82.56163325033037,220.0601282498465
884.7709131066518,381.59080155118477,81.12544028073509,218.56203783905522
887.7648409934166,379.55966502280967,79.49785465159346,214.86545107369665
892.1013812916449,379.05080188701663,79.7824648791237,214.82546498908653
894.4589069879746,376.9146481329115,79.57793792368955,214.08243608947953
899.6793186785005,375.27489456084766,77.3696364399071,215.0812384446755
903.8915469761655,373.03310136828173,77.11295002721232,215.5743345905214
906.0919378235768,365.3653969915249,78.3914035849348,219.28764203167378
909.566987363276,369.6315568885639,77.6664166142247,218.33337926848503
913.6505105756579,372.73390305472157,75.43625689267616,217.7760091685533
916.1757386186787,370.27402064657304,74.55200110130323,217.4991231259912
918.4114835517321,369.3782025355173,73.2164529822501,216.8132367422837
918.7569600005694,360.69561198283134,73.08783715378848,220.96482187304207
922.5120225656838,372.83691377255536,72.25937285596754,216.5626429820191
926.4847697759585,376.8260266211,71.2291420318877,209.90994823112945
927.511591302353,378.19990021532954,70.91652224322101,204.6657984224787
928.5287625041093,380.66016337562405,71.67473625656604,200.75171825172964
929.6307079750267,380.89864536332675,71.68458723908184,200.39568863560746
930.199139579535,377.73659818186087,71.2776528077462,199.01155596701312
931.4923811368556,377.01995212853774,71.28439019328593,198.61892100512028
933.5103837307065,379.1640424856147,71.66690195753412,197.88230154255655
933.038274362182,366.7572393069555,71.90588074134976,203.27614441820373
937.7677680666569,370.5675813100281,69.4851626997723,204.56759199472475
933.0305052715827,367.11233294545383,71.6693572977089,206.74404907343714
939.6883181205802,370.47971782482915,70.53116613278135,207.45722285044232
937.1116308619676,373.79509080927505,73.08558814033425,204.6714935326781
937.9297329107623,377.9360843271613,73.61175455891218,201.46437574300248
938.8477098294074,378.8416194380415,73.90610459695134,198.97040155870255
939.039524797008,378.1097429207642,73.69026573279092,198.25224038611748
941.7143152920614,379.39938815669075,73.0286214413554,196.53001278247763
942.8113974271728,381.5267122522414,72.77034182507396,193.8343796305167
944.3729759072869,381.1091024100915,71.679658063028,194.1139069804795
945.1908961433031,382.50966480391446,71.81861464408004,191.97466217732693
945.2064572029417,382.0996151967217,72.65499622940013,188.7793192136634
945.6995664699507,377.8968787039036,71.55829316624353,190.1921934267982
946.5758315323241,380.804259004512,71.45481577810958,190.53796922631415
946.3863999656198,379.4225184811852,69.59308553742079,189.19465114356018
946.6713543875326,375.4687179183238,68.9093222314862,190.18392893056665
948.0486553312865,371.40627630499966,67.04598635295687,192.2337290665667
947.1451205795764,372.4048128228575,66.10130606952141,192.87011947409957
947.494679399896,365.6532997041128,66.74119594157247,195.38646149480172
944.8976683867971,362.7548691667671,67.82042065679752,197.8398305500226
943.9936831848628,364.62993596903425,67.45294129905368,197.62714132337123
941.6548003134727,368.77288089572585,67.74129572263597,194.59603342850528
940.7651145051092,369.0940492292813,66.81304741679513,191.7572567443481
939.919936501182,371.13136453723104,67.0171708384045,189.03070941931378
939.5404963213934,371.96227093512863,65.6870000327045,186.7597734233084
936.6540218104687,373.51804689229397,65.26224296208781,183.15511169644606
935.6168035418711,375.1482580191054,65.02870428235931,181.15477839843857
931.1005308868491,372.5227118785111,64.71968594116595,181.28720438555217
928.3761689174391,370.47851748557196,64.24031553999052,180.86256770227322
925.4937955777169,373.03579162801856,64.01651818983349,180.46730114053605
921.5540748556746,372.55790689108085,64.7140951814076,178.87229642794694
918.27186705405,371.5222281316783,64.7768870731056,178.60342797134953
916.4370031388796,374.546716306932,64.04069978293485,175.61573323841088
912.452786495589,366.6840529176657,64.7486685474322,178.47523711058568
909.4906799486395,370.7750759475725,65.20609892604904,179.18746284556903
905.8082056307134,361.03980485308006,65.21460545513119,182.7461765706437
902.796594483917,367.93224447253846,65.83314059654101,180.7722807613048
899.1764950648978,368.0529231304789,65.84762145125981,178.49460535239584
896.1734148404322,369.8079328585828,66.55921585447871,177.4367231914407
893.718894898101,366.44077726134,67.17916602650696,178.66402839143518
889.5175069641317,366.33661020792397,69.40712612739739,178.3785265441736
886.8799518201943,371.9036356795328,68.47917194118928,176.2163839122711
885.4719911751555,375.85346534676864,67.72588251682637,172.31046535232866
881.3311607411376,374.9143750441251,67.24189098768751,171.38328535057616
879.4592094875229,375.1835321979513,66.15609887981603,172.07685569983465
876.9781146045711,375.386591199586,64.62464798794078,172.34778861272255
873.2502680227333,371.2095099552133,64.17782947968385,173.39012434431083
871.6250473521125,367.15588448667285,66.48007453681055,175.2596862981054
867.0162642261496,369.8295429570122,67.0352161777931,174.7732777889509
861.8835717438449,368.7080151348039,69.3062457902881,175.892899779723
860.9527947833617,366.8580528274298,68.59107250307775,174.89733659638728
861.1346207374212,362.9283392209613,66.93116074274452,175.94897380634347
858.5256354838489,367.9847946594175,66.0717099989898,174.88290946004577
856.9906085847146,368.4369422188082,65.45890172738109,172.86469705170856
856.8370154868869,369.1935093265398,65.47284522577634,172.1375931716339
853.286814500455,368.2120548080236,64.55440081162031,173.1142070215193
851.6841283644949,368.39770498046244,64.24694232679268,172.75857237256957
847.9034887739399,371.68584907033903,67.36952194104195,172.38911998594477
847.1441936870348,372.9030968791716,66.55041899310405,172.36706144068359
846.42691102561,374.55101650102665,66.42192589243268,171.3675993417302
845.0201270645125,376.4584327841295,65.95861332438466,170.5293532279037
842.8043879337463,372.2314998794324,64.78284400289351,170.64222982339842
842.5383146379359,374.0850914054914,65.1774301963741,171.4254869909364
840.6788414314029,377.05037663538644,65.7565772304703,170.96602519886457
839.8320994356104,373.709160740608,64.5386789311444,172.76184234654073
840.380188835413,372.1103617232168,63.711654339614576,173.24717544608887
837.4828821203153,370.83038525526837,65.19199296585994,172.98009517761366
837.857549615104,371.5841883346152,64.54845935881463,173.44195705173735
840.8254365087216,372.50204192190165,63.93504419275516,174.255437215092
837.8720072496214,371.1623249091506,63.827949309540486,172.8266413647343
841.0950102130406,373.25556457043774,63.62982161577294,173.33256090236858
840.7939830223506,377.17544269968806,63.81775645348395,172.0627826586524
840.4008915305199,374.44560550148634,64.62139350199914,174.50746216683334
839.2587306315033,372.98932336978265,65.94807316342269,173.35691031997453
841.7971516712541,379.5610550481627,65.66957421698211,172.25178803159005
843.6819568324455,380.5087792277442,66.34593397495108,171.62656410425512
843.0452154363979,379.0824738188012,66.1768123994071,172.57305069057747
846.8898705466761,380.66075313106177,65.11750479058563,174.24485194489387
848.6951091016047,377.9067139279368,63.658655842012706,175.5491711631937
846.9068105031063,377.9373307066325,64.64324426879693,174.9501627973866
849.0972131355909,376.792225802855,64.45924981753856,177.02269316732122
849.3523033351292,376.4857301447892,63.38193956249618,174.89445868320317
851.8644148008098,374.25706422163614,63.146925767497294,175.16900441826627
852.755701727849,373.02544716951786,65.21837976283109,174.75370153774128
852.2770104997431,369.4730892420764,64.0844594322173,175.7719862201919
853.1469720543463,368.38202556997584,62.58410879075306,177.41219668364303
854.8823899703543,375.0853915903009,61.94063455190576,175.54586474620436
855.005866187726,378.7213960662741,60.66142694879353,172.83920061184375
858.2101532360728,377.50155532558705,60.04114542557515,173.99363765992746
860.3191269096318,376.2526265016409,59.321962461142974,175.63361618031482
859.8934558283843,379.7676959902576,59.72900781108491,174.6050910883574
862.5043254598024,376.4557373884325,59.71276116943406,176.693952321108
862.6022106627793,379.0274979818921,59.55732234227106,177.19253141576348
864.4115000599826,380.7926868639166,60.76722771672051,177.853139510575
864.2347529384678,374.23422856985604,61.032856216785284,180.64940450490312
863.9377637347378,377.29881703820615,60.855876746895675,179.18261995791278
867.0067090137468,378.85146807073977,60.77066479050951,179.13352568255218
868.4308000997362,372.9257181649175,59.87045602170997,181.03828876228195
868.560747240924,375.5945353023893,62.07444880426746,179.7780212205086
869.6946020534534,366.06726766909924,62.63141437142342,183.03247276804342
871.2157485026817,368.6824856948399,63.27006648267297,181.43131184727673
873.5214836117864,364.6618350773638,64.72250762807917,183.98850734510722
873.6014518944612,365.07014446156444,66.37504674315355,184.34922010731657
876.142092520965,365.78717857292247,66.63767913981579,184.86392550794
880.2962229312877,364.3531755925452,66.24436833417491,187.28536198040143
879.7485606690688,366.69790434459145,67.01660026641011,188.28052229580373
882.3350242202823,366.71088651729644,67.86019683826825,189.42153339288092
885.3400844713336,374.10509602405824,67.30987056810419,188.06525865506197
886.9733239136655,373.8825773031148,67.87512246995443,186.05123010423162
888.8906417938351,372.04724840887485,67.09307115488464,187.58852583716748
891.6368984685445,368.91227072825313,66.52038606084362,190.67572300830267
893.7401352046945,369.90608039048027,66.33287655748795,191.69877636552053
895.7694299740774,366.6876337271991,64.83760292147468,193.40499789547766
898.6781454155692,364.5059843797767,63.98993429131606,194.18818314218976
900.3520479297483,363.9819860167569,64.85661253771406,195.9233806114574
903.5236503460617,365.1864622058487,62.892190897807595,194.33241586920963
905.3600012643411,363.3504098553046,63.72879134954293,195.97513575007255
906.7854923343206,363.96792370632886,62.78335382673102,193.70244996921434
907.9741570607574,362.28690081403164,61.88775647507312,195.870163906356
912.7953946772296,363.06365578558484,60.434048133162285,195.9125188688248
916.7034279307601,367.0912505493249,59.98285588616854,194.43403866769802
918.5594899239263,366.85180334384506,59.20722097656005,194.03817281160576
918.3368357970415,366.6661362514143,59.59289238959077,197.43139777308943
925.8572004123972,363.9261695931792,61.322662556832114,201.86650176989926
922.8884610794303,365.51007349006727,61.159006361726156,203.5712932247174
930.0976960126554,368.4896014886427,63.93588279816923,202.4998453541408
924.0181443244142,371.7449042086473,64.09493224722095,199.49520124491517
927.0599618480578,366.49658069885766,64.24556901479919,200.93935745473874
932.5398472375997,369.85650260026546,63.85383896091779,198.12704132364965
932.7648298107541,366.429844472829,63.65054737975257,202.90858867218708
934.0473584401173,357.8268870377625,64.13757064342695,205.36410487069213
934.220843516428,356.568894113254,65.81224047729044,207.80322637834124
940.0721385355944,357.3001204357898,67.11044293285408,205.48933686132477
940.3976635105719,356.54420699906814,67.73354546674138,207.54219878986362
945.6225290947289,360.87908902355287,69.1680535049582,204.05789764736573
944.2588450040544,358.7504556397709,70.76797620966052,206.23857789211232
946.7408821522134,362.7267046089968,73.05189858078931,204.0553232822591
948.4549998324735,359.90317683291175,75.12756010334589,204.92486085659294
951.4511176465032,369.0691995819937,76.86019150062123,202.77671497504335
952.4921206530515,366.45977134849943,78.72090728756227,205.53639670492356
955.0506062285393,364.90326347265807,79.47453107823907,209.93003800126024
957.5858337255148,361.53210699366446,80.02409889223819,214.91884313615455
958.2655313888396,358.50806272713334,80.2664914128705,219.30536348653106
963.0742666214328,355.49409766607215,79.83671467681316,221.02194210404267
957.0013173118609,353.7596168472522,81.1706622156436,221.1533249027484
950.9717810252181,348.26420048990656,82.22239958959366,220.98069570543
962.4340888587868,354.77112079450006,81.96947999505643,220.12169003622384
965.5864757282235,359.00358376353705,80.8788940257976,220.69013883671775
966.9091201282316,358.1977149955008,79.8234635429135,222.09480620456654
978.3816378345223,353.46446701483444,77.3372968601459,223.10016944868414
977.7707707162134,348.73840212476136,75.34891793936326,227.00516451117215
969.89492610671,351.90121087867544,75.93813955742992,226.90261682308565
970.913297846509,369.9130376279927,76.11358416771988,226.33560290092524
971.4887872560084,369.7526202551292,76.13606258400375,225.0560762881311
970.9487862529685,365.54053994914193,75.95388378124224,226.9257364173485
972.0202406611221,361.0965272631372,75.31126271304083,230.18988591368287
968.8786485032567,375.4994850750313,76.49323433043753,231.77195368526225
967.305035657236,379.12991988709723,77.66056429999485,229.94242991705468
956.4469052959676,367.9188319274801,80.09244121717819,227.29493866870646
950.6489461277697,375.57822085137076,81.96785480927844,224.8538950873298
959.624465062686,387.98030941395973,83.42543420225937,220.67110688406453
936.3866045170731,401.10518410667055,89.05468698474783,212.70886297696418
933.8417726119393,402.5492059202811,92.14873674049484,207.72176476090686
934.6778268682455,398.26006899654175,93.6613314446424,204.92650827066055
932.7985967344052,389.46413554739627,93.96248659215036,204.73515554959502
929.7746867016386,397.54097756995805,94.71153029385499,203.03635219534655
928.5216636012339,397.7659254315294,95.14850861841316,201.898492315752
926.276166095482,398.1605615571301,95.31211838256544,201.7461622454652
925.5057537484616,399.100527707821,95.91408583402246,201.61746543278394
919.8988784612546,405.9737675147952,95.73432713342815,201.11905075033226
913.9274574107761,412.0929535451396,95.72478894920992,199.8292222982888
907.8691885683115,418.86412942245397,96.6065744587477,198.62180993985723
897.7556861919145,431.13249757383034,97.08862882308534,197.93614620799406
907.4435919360825,418.23553354626506,97.26329807390931,197.94204775909998
912.4629502838743,419.8369323981148,97.22502873306291,197.95376521812918
910.7962360472524,417.6617289993644,97.13536850070828,198.01671682874033
909.6481524458743,423.834471233883,97.10767838435031,198.0315313824268
905.6793002431633,414.75418050770065,97.10749383421022,198.03134924274696
907.4116342788946,399.58607649675287,97.10583201754233,198.0323395786529
910.1026373498263,380.9689324295089,97.10540138783162,198.03191877351276
911.4337173998576,362.2377842673503,97.1039634758134,198.03238042697035
915.1451496156769,344.1190250401611,97.10359112993615,198.03215484712217
918.1982583806409,331.5240320836668,97.10376678413382,198.0310383188199
920.638774902531,319.8945648543243,97.10341801041893,198.0286019192499
920.6030417775512,306.4478592884783,97.10354660442766,198.02828885620437
920.4306972542065,294.18256641099657,97.10418175866508,198.02710975046577
918.6044841181855,285.69148846559654,97.10707033795937,198.02295646525457
914.3442137223554,276.10987131797003,97.1090790398898,198.02073164498717
914.9225835710853,259.4595969409746,97.11064288190005,198.01796723334456
906.7151729789139,201.39573531589693,100.93664940163912,193.3925635711193
827.5054679415751,208.68848678735847,111.1104469683203,185.3778953742961
822.7054864397968,213.39051801288088,115.68167207574447,181.1710106373092
819.4397719259563,217.716533202628,120.06445557310624,177.2929352470518
815.557742681982,217.4578519588778,121.24670917940445,176.1660689262962
807.0756442248422,220.4180467129311,121.51587542336118,175.8752852866931
820.0163358791992,217.863308058955,122.51276827234433,174.64816057753004
814.9312153652987,219.69459189789785,124.32051437354757,172.67877063557341
817.6865672272887,210.72549127375726,126.07897917044767,171.10466190272643
806.451143026905,215.5627355239456,127.14962272458794,169.93284485192189
790.9302350479218,221.07608488211102,131.41157905592803,165.1892185676822
797.2397426793028,221.909937621104,132.0483540113394,164.51333874653662
817.4661113667154,208.5963539050556,133.4660023222935,163.02116894230326
817.7068477286269,212.5949163390838,135.58132696557715,161.42422833504338
721.8372587897193,222.79865319629147,149.09114547701293,151.95304033453712
732.3574904355569,225.2450057081237,156.12260104820405,146.52324185476115
732.1463936672128,224.124581677807,157.69878808373517,145.16928109501984
742.4459976934334,229.37478323494133,158.71592835601075,144.18694328674107
790.1656759012977,228.47658582010223,161.89890195732121,141.28390885852653
788.2439751581185,229.48697830815718,163.37097045521853,139.73423683340482
709.5841147325741,230.54793322291908,171.8307397492582,135.11446008932435
711.425737863028,232.7165040666708,178.19215554455226,132.05258796242873
791.6902708720178,212.15458970813256,170.06781722731336,140.15838066905891
787.3051758240872,216.39466506258282,170.57856879959775,139.12639127463353
739.5459906507851,231.56979993045542,172.042217554353,137.94101104590183
752.6609985297025,233.66010241305736,172.16437295768432,136.88862949211125
788.1178681262679,219.83926508323052,172.34398447638665,136.20801453642258
786.8810757730364,224.00748205556144,172.32396085944217,136.07538534601298
735.8371240039241,240.02224649896687,174.10672087175544,133.28118679931967
725.8490736933182,241.05544148879767,174.7009775142325,132.74834428011297
721.8745135560704,237.66803233818993,175.15167066648843,132.40343105677886
722.2906770703524,238.0088641705735,177.7366421831871,130.46293145749138
754.0637331162952,240.85013011997194,177.83292418557565,128.87266133103446
792.1196385575793,231.00049996426375,177.97348775020754,129.38488575944513
734.1762688783281,250.47010002223044,185.28096437603418,123.54134491507885
745.7816595039432,247.98678733376093,184.18335687085914,122.5012704186201
729.1864676441562,249.28148275343085,185.9301927233947,120.68567318114819
705.3275141530228,250.07338202869425,188.9724745490397,118.90987761407624
713.8442595559111,251.49584099405195,189.70327464445057,118.16859391650725
705.3387830205832,249.62019778054525,192.6269138571627,116.4031023228533
707.3672119561332,249.3078789248367,194.25602883655895,115.5063415287632
716.7826858420185,260.42438048926016,197.19684180813192,113.65645200601645
730.0800113653809,257.39910597319397,197.0548225030339,112.61739221511368
727.8739006383362,249.92835699620662,197.39857522621375,112.42100297109972
734.140172397513,249.85318868899338,196.94536312129551,112.4926859821828
710.142868902158,248.40845864854944,198.0358506000795,111.25118014473794
702.9650655798099,249.94865200268708,198.77644304817287,110.7958808842085
694.883700510463,249.82320162149568,200.1655813014029,110.28288790275369
702.1380233904252,250.18300491591987,201.1816524324188,109.87119051173794
710.1591802408659,262.2148077681281,202.39860813688153,108.8984247010782
703.893012231723,261.68421804953243,204.3813400466607,107.01716859074503
704.1438625433361,260.2723903832983,205.31783749138364,106.66493060365781
715.5649444319431,262.53835198520215,204.8899039317093,106.2816915069301
678.279038235891,246.01742748792822,208.25152234800387,105.83352460100207
743.1133648573452,263.74420318032674,205.14580616823486,107.18592513986168
755.8805463331162,259.3095031199906,205.4121766983708,107.12201642241888
744.8926071069192,254.5563727242535,205.20624531491973,107.33438189302731
760.1398806091324,247.45766437125667,203.92834438411293,109.04487463312287
750.0135375512265,260.427249699254,203.6318055158099,109.3304754786606
709.4450235794786,261.01045086248797,203.4680725036219,109.30265066175467
690.0638195037544,258.46241440077563,203.7639828860059,109.10185039119621
700.2237049942972,256.9235591668233,203.8327341533631,108.98336624999611
691.159487439913,256.9944795389581,204.19556025048527,108.8697964868849
690.3767861565218,255.04668265611167,205.66838608398535,108.58078900516422
681.1466577016124,253.46387258802017,205.9083016447861,108.52902779621142
692.1224951984858,250.94205033865956,205.99946635372854,108.51539880407691
680.9024239408986,249.96027440316806,206.67634454137846,108.33179528698659
742.3576391754715,250.49956294920554,204.71273069627622,109.43498738079901
775.889747932473,252.6234368002374,203.41762978467509,110.89533071457865
745.2982391105229,250.7374222666084,202.116301221576,111.38079559389402
775.9074850235871,253.3766881873582,201.84129888126645,111.54067166823772
749.6056053982488,253.55468397453546,200.67063181816854,112.18403692356944
735.5036554339542,256.49411449615735,199.84505001056314,112.44006837849291
741.0421369206151,258.14876426121907,198.76589994553402,111.73503951874815
736.2582505677987,259.4593626147133,197.45905247690646,111.92828699051334
742.1294544619325,262.04727294812295,196.87089959510052,112.20946044026373
748.868742900574,260.005850727171,196.52650089816086,112.25820164603367
758.5731588697126,245.867451799516,196.45952347915062,112.14861940111317
734.4521114227947,264.42550091949323,194.3116499329737,111.97986591991837
702.1920155131378,258.7214651502636,194.80680270467536,111.65643415190017
694.1633839574085,254.52737824742493,196.07772303987113,111.13096003695357
700.5773414544158,250.57446651083015,196.00535639009456,110.95345147480832
699.1080767994978,251.17372121568752,196.0357789108222,110.93114196339744
749.7475362132324,253.90353842975512,193.2297017445855,112.73236733195476
770.9087779471321,247.55253710922045,189.85175231246467,116.02605289795716
763.6400627398734,252.67065121078687,190.0691389102877,116.01746781404194
752.5296879689913,255.11387890932306,188.24568753300036,116.17012551215606
761.5042450498296,253.2891396517772,190.4747267984974,116.27280918820975
762.2124241893349,243.4274048901845,187.2876228470471,118.20473246646418
737.1176053003761,245.14701224807135,187.47983507559707,118.15284519613284
741.9430219343659,249.03403529133107,187.96079201411496,117.72512093042972
747.9367313700874,254.3629770716891,185.68403384260796,118.35312882808627
730.042946148108,253.4782038009662,186.3944310573856,117.45957677595828
758.5274912031724,251.86272776000715,187.01528070343457,116.85110009561832
746.4220123112723,253.59875559226427,186.45074808385215,116.9882520107463
749.8633250301887,256.398937391651,186.31639125093062,117.04207542457867
738.7295418031085,254.19330909957569,185.9823963163032,116.99865856446853
743.8937432369081,258.18526471190256,185.77417824907025,117.10086728162943
745.7288673656128,257.912861806823,185.92183854103772,116.65537744244003
751.4557925344631,254.9545059881002,185.27945076001694,116.27963269170424
741.5522564418344,257.49510200009973,185.02124079662522,116.1959161939767
746.433702787422,263.0948589790761,184.61120014934045,116.25465929757164
759.1554280874685,259.6548229650506,184.08531209240363,116.12309337638887
747.9555017098185,263.40742903977497,183.83163764222934,116.00245836200041
716.3327836174087,259.69757223413063,184.19670444731196,115.18713214280903
740.5372719805528,262.118030198423,183.19689225083715,115.3085117593662
745.4473386643303,266.7288429903901,181.88704970099147,115.37185612157641
748.2115290516368,263.45877110235045,182.28567926382468,114.13843355105803
752.6422561252531,259.60011880463423,182.9657027170686,113.28143827112513
733.8205687108698,272.63246845331577,183.79323570659827,111.69642080778893
734.3710512072457,267.79587948903435,184.19893815696545,110.619096502562
756.4363398782517,262.68153351562063,185.02652738723245,110.1319322001501
737.995477003819,266.3117355144977,184.77653323661156,110.22454054013176
740.3421666479024,278.9222766163197,184.7829918933784,109.86438234289032
729.304224587358,274.57866604237364,184.51197956767612,109.77613125393303
684.2084810829043,254.51630514350293,191.15068270955163,107.22893059035476
697.9287954487753,265.20293845065237,193.05319575453572,106.34250150166709
706.6572030717614,279.1457337157256,193.62782384295159,105.57877598262316
730.7541930923646,274.35499519378055,192.02358946896783,106.43676702933207
725.7707563366225,269.0249882550989,192.314648886323,106.25763669289606
715.4367156337206,269.7330429890741,192.52793809374785,105.97624156916588
743.0911709306143,268.4718245311814,190.01760895467785,106.35262382879257
749.5246182578995,269.29335618142153,188.1583278686967,106.95167918635045
745.0930573267162,267.81223203947076,185.45331642463785,107.53533910564629
725.3623580758962,268.4251751983263,184.38651166888408,107.82018949605123
679.0587317607694,248.06435348476708,185.59189865069445,107.44816339653859
695.5014316454495,264.1734689917998,186.34547302409902,106.97147334469778
691.6678478272889,263.1440626840731,186.97734414025973,106.66325174846716
704.9297078869014,260.71895547590776,187.29619193780238,106.5548318026226
697.691990767473,257.8744500426874,187.35395265482342,106.54002760537107
699.4036438874384,255.280948387879,187.35599971355273,106.52437075209434
739.647612500642,272.2659824394786,186.66827088388658,106.78825080467253
743.9628660056372,260.60720038162674,185.25853466126713,107.80825912505088
750.930330569003,261.2919134026377,184.90746893217306,108.05058799884705
752.5909341494473,267.4729086780914,184.43858128987688,108.66689202733214
758.7913349058977,275.07786063241053,183.6193361475663,109.16497200135083
723.3036679964752,271.4803652932453,183.54938967336037,108.67939608080127
734.1565728988153,268.67398045323847,183.37806421346235,108.54639327779743
744.695092225472,268.9155228966556,182.09041770423156,109.13454237756932
738.5001750977901,268.46296548769254,181.90435636940106,109.13889375203236
739.5208772278477,271.4759451859501,181.80027953011606,109.15147243724181
730.7276027941248,268.95372666248403,181.71208447459514,109.12647180062538
733.9892929887078,266.69803030710125,181.77945740125938,108.91385870916953
734.4725131777337,265.7529103858861,181.73950177840877,108.92185343619894
737.7619020001847,269.20064491545946,181.68195335681978,108.94382286243248
735.499831923617,270.49714793141897,181.63865534549961,108.9504205850699
745.45733644945,283.04454733851475,179.57674049916727,109.87227106952226
737.1521936353083,278.42321247122965,179.24181043643415,110.03953220868327
728.5803819958647,274.94016830359953,179.2420960963656,109.99139235042693
730.7101274917218,269.92688943352397,179.22504220236945,109.80807425371698
738.3170112582465,271.2155300876886,178.96424686734434,109.75195600569648
740.2389876680159,268.1521426217179,178.97279075787372,109.62814729940162
732.8729178731912,268.5742878334913,178.9508543549745,109.56244694915694
729.5851335306785,270.24823773142145,178.94139096906466,109.5567121649856
725.5272853611059,268.60487577289837,178.93950715862186,109.52609820167574
722.9840994669207,264.5192456436368,178.94073713192606,109.49908236456683
726.9187318762979,265.7761859887017,178.9045543811402,109.4992127180393
737.4138189373521,262.19151225934985,178.94747156986523,109.35968577289552
731.5053966983078,263.45697309088007,178.9449593637321,109.35616395625158
743.9127070150939,267.8877539162382,178.83975946086716,109.39486259709815
737.845625018929,268.18934511313404,178.82896190698037,109.3311104806331
768.5832216856027,255.11868224411853,178.61988888946817,109.86536294494123
760.175638895103,255.69657978635155,178.63961793363382,109.87873824813826
751.2068333838613,263.70587433360663,178.62578468862938,109.89588483230973
742.4608717223139,276.12166456116734,178.17476219689388,110.24726296501962
757.4103410742073,277.9957220599805,177.6015739387714,110.69274900996885
773.3242278500069,268.11450597848113,177.0374658927577,111.38399696042684
817.8537486495158,235.59919412547774,167.28368406522628,122.86443864363906
818.4871865064752,238.32081102879107,163.23930631424216,128.3118091373412
800.3704597028327,239.83631633410442,161.19056454914582,131.73750474836027
823.956333080961,226.21792839659201,155.92586780957961,138.91183738832925
826.7761189082474,228.57589561685427,155.02451152943397,140.2263975073258
863.8733820647893,212.145938335414,145.6526450481616,147.76597160522493
829.9256725592531,216.53609188885866,141.80829808446387,153.20581701204648
822.4129654556544,219.02513811882434,141.6442401687122,153.92131028437774
820.8215879047863,221.56958212710862,141.62730529598483,153.93585537124378
843.0366172189929,212.252254586116,139.6924286256909,156.68620536223474
843.1748216996419,209.61555657012224,139.61257775470648,156.78191504842627
872.5915472635993,205.53510071515177,136.35507440202093,159.98772208105973
837.9593575838765,205.96353612351265,131.42914965668905,168.83911759790092
831.600191202544,207.01837513608226,130.72532138374567,169.99025560454135
820.8723167070525,207.57359459149316,130.8296068750709,169.98559778111513
835.8192578679041,209.86114800898946,130.80305283468832,170.69869655338596
831.0839208664137,207.71928762311097,131.04626928880424,171.85280016636455
851.6013921474841,203.09609445370845,129.27168839361937,174.85890611167753
852.6113879270521,195.87325620597005,129.24714081748064,174.89634592650694
885.163813756366,193.43780847806676,127.93037716853044,176.1118551532829
830.2576318058865,199.75116664598332,127.63398787918909,177.27236074000376
820.4611017717751,174.12351989333706,127.02558418149678,178.49132037587887
823.3545270092477,169.78295633712264,126.9636736999604,178.59977108708551
818.3804047252873,158.9782554766449,126.92972223476562,178.6557610863545
827.3367095024566,165.65384571952882,126.91225739035256,178.68146931571502
830.9202979036156,162.75000376420496,126.89709150767823,178.7039167119298
834.7121440942614,157.7751736091189,126.87206052490902,178.7316903633679
837.7277335668108,150.42879623122127,126.833811751773,178.79232747892866
841.2039770020443,163.37805590815833,126.78917022824787,178.83605674028456
847.6116737663644,169.89133318591504,126.75520867531621,178.86936493643378
848.0510334745161,172.38063604834244,126.74882483754844,178.87630487508153
847.417437789846,172.14926347154034,126.7232473551832,178.90218940051184
844.0585919530529,165.24827695936352,126.69645457229456,178.93955283627892
843.9174174762038,158.18430108266503,126.68604208411028,178.95189738012851
850.5701214929425,154.4925794291031,126.5881321271063,179.06928733719022
853.2105373178728,157.39296862401346,126.53707735059974,179.14566953887348
858.2125426460485,177.57287495828598,126.48405518144185,179.18703872101375
859.8016448077024,176.58028849882987,126.47988955823031,179.19042183541777
860.2511920564999,174.58359890860262,126.46694606137926,179.20472218945207
861.8436331319263,171.7501634260312,126.45562641599349,179.217279269897
863.7267405122388,175.24037290753776,126.43453675210895,179.23841945582382
866.2873398620865,165.61608643532156,126.41833907168008,179.25955215480508
860.3115915194707,157.58477762741236,126.41221143954482,179.26781172114607
858.8511934589728,167.93950813054687,126.39707674311433,179.28745722717431
856.0573661001968,164.31942285498218,126.39304278766855,179.29353846491875
854.8827675420432,158.95960304099873,126.35991483549131,179.35529996512525
852.0766684091325,151.6917326687477,126.2976912370602,179.4683448264881
850.3227753987787,153.47150340143733,126.27271456137362,179.50865940754795
849.475076554467,150.74585087781537,126.25792995115845,179.52955292262067
850.1893049979578,149.13147016871397,126.2033490560587,179.61555585310046
851.6022839577153,145.63430167825842,126.11006743521402,179.75481039103073
851.8041856984461,158.61640195965313,125.90280483602848,179.99919988818175
852.9256405888817,152.61242702104852,125.77969728442817,180.21805397803175
850.1633525126078,145.65037688100415,125.74154223794136,180.27695778260963
851.527096880674,140.6250054493661,125.73139089050119,180.2944689881155
853.7830794826982,137.14950564229264,125.72594362648677,180.30567634188665
853.7147986424736,130.95840261888623,125.72301445155863,180.31194753480813
857.2826145137194,121.34647902952779,125.70633299356,180.34712264933148
858.1768649153097,118.15153345922914,125.70136830375125,180.35815702112666
858.1382001324577,110.91946590713982,125.7007312547894,180.3593248680378
861.5317187223649,105.26917264263724,125.69993567546622,180.36114498554457
859.6381995936167,105.76472472135026,125.69899273908635,180.36334818236026
863.0479783093317,108.9834200206533,125.6987449963752,180.36385496037585
864.5666356425389,108.86460063939407,125.69833254844599,180.3646983532176
864.4981566156051,109.46280251295686,125.69321869897718,180.3752739875093
864.6056160560344,104.7391078360484,125.69081125620589,180.38026421730714
867.9562562031091,108.89387274661519,125.69041879704204,180.38104307882247
873.0653343743609,112.61984699888852,125.68979935292703,180.38217139851875
872.8004339603106,117.60301454077147,125.6888634198658,180.38370477719937
871.8832705430328,118.39397279187841,125.68546268270876,180.39053529191932
870.7647057826306,113.01535053447957,125.66889825856242,180.42606358409998
870.5680075570391,108.69531123434831,125.66579199789584,180.4333462071445
869.2929120982535,104.88461316287355,125.66437495411829,180.43683206610322
867.405412171675,106.01032877246791,125.66231030300098,180.44118261654802
870.7459281868831,109.93168697333805,125.65718195646383,180.45171208850317
873.379650682554,119.56598757837642,125.65598206624418,180.4539628873855
874.6185940822231,124.53011341774132,125.65383767075237,180.4578939342095
877.6895316693077,121.70964195956263,125.65284759179703,180.45992752706886
879.5194297119064,120.16129941887523,125.65186477836446,180.46176567569452
881.4953147869761,120.54837517899743,125.6443999591483,180.47380297272244
884.2127939312659,121.85075808143094,125.63313362510223,180.49495207905625
887.2318695871088,124.17396696497943,125.63229898559953,180.4964916278255
891.5901178053236,132.50534550473253,125.63187302007555,180.4972145538777
894.4295209984746,139.8737699791551,125.62632266904485,180.50725822456891
901.3761551397774,145.03927792084005,125.61590453879653,180.52573421505966
900.8443850317423,144.03364144156336,125.60586936024805,180.54401258475056
900.8744133909711,134.6785615905576,125.58862054493895,180.5803922762758
901.6338381875269,129.5921502496319,125.58189640111769,180.59417708805407
901.6191666755326,131.893106847219,125.57826093574326,180.60252023049674
901.7138993244932,129.28483765346814,125.54112803234204,180.67851123962777
904.663976810823,133.3004747537608,125.5154569938347,180.72524187351578
906.9072197626512,137.79607002620122,125.51384733435889,180.72812653853745
906.9805530731728,153.82209275557736,125.51017912448552,180.7331839697494
908.2144614809508,164.01441377012776,125.50365526638255,180.74236212841438
906.7917082390031,164.02956447710693,125.4989637508088,180.74834831271426
905.728231345769,173.07004505357307,125.49032116023075,180.75946465735268
906.9375148247894,171.7963827424732,125.47406528766014,180.78397053643712
908.4905509229269,180.35096913036156,125.43332130409978,180.83405230726174
909.4336126794483,178.74375412445744,125.41291638788654,180.85644613111901
908.4269405652036,176.30344124807016,125.39388218439596,180.8793470304859
909.3427655599081,183.3318741096112,125.37907176060486,180.89620827860492
906.5280139072266,184.82482880939529,125.37840222340448,180.8969019435292
904.2995201024398,187.04986280834575,125.37508500806115,180.89978877802542
903.7231155095874,182.79026462057044,125.3690351086554,180.9078007894076
904.1751673483305,184.68506340969526,125.35174680924038,180.92585058704432
902.3691795945921,187.12419526699838,125.34592082840982,180.93369515563933
903.8076610140051,192.53688481887696,125.33468736883198,180.94549461773934
903.2479876488584,189.0377106411908,125.31765716331913,180.96461867527958
902.3018795304823,186.55689600982268,125.31507301041825,180.96762060727013
902.4902649202622,182.4105092035048,125.31125010664535,180.97336910259725
900.018548690626,180.78487779317064,125.30128480850802,180.98623524012038
902.0430973327768,183.03109818747802,125.27276155594183,181.0206988918747
901.5377856050419,178.4899972573379,125.26345308883252,181.03294844051482
903.2814185430742,188.72271606066093,125.24720086408023,181.04905055667513
901.9515332872475,185.43263245805997,125.24511537462602,181.05150277790426
902.9183684731634,176.8418932351241,125.24148304839233,181.056629820399
905.1413174200165,170.575871531331,125.19770394971152,181.1284384396419
905.2419685530117,187.69665376519993,125.18755603761997,181.1391942925802
903.1060478622935,178.0486254541516,125.18154107788943,181.14651605521348
903.1828281778152,179.28756405165993,125.17210287363879,181.15658727140652
905.7247145355055,181.54349748888575,125.16408695267187,181.16583183668317
900.0969999692725,186.50315729653317,125.16288512787644,181.16726856602443
899.1502230841041,191.23947251849165,125.13735953773867,181.19663483299607
900.6337592693554,189.1792900264863,125.12690986137241,181.20783592817241
896.5937088771655,190.10675784718197,125.12568152191312,181.20944623496706
897.5195152898046,183.1946511526881,125.1217397700147,181.21428828707397
899.1632377385315,185.87057985915527,125.10136393263258,181.23967354686624
898.3444537340006,191.67864019480925,125.08779478939847,181.25408274638028
900.1868684285591,191.6017708266439,125.02698576336968,181.31851127342185
900.3523843395017,191.4201725526741,124.96907340597417,181.37901549528863
899.861140096691,191.10533548799134,124.95208644335958,181.39788634699542
899.5114048079544,190.73252461997583,124.94110206715534,181.40976842414366
900.5247640165965,179.24006480998264,124.91271886112972,181.44538599289845
902.8542763000474,185.07070409414916,124.88799772716821,181.47687631534063
901.8006475317582,177.11307527200069,124.86626261741597,181.50147461655698
901.3141737592766,170.54028217282126,124.8387054875451,181.54149415315018
901.0525871619161,179.72245027300303,124.76151847962889,181.6347504301985
899.0445210525249,183.9273040492011,124.74045172669707,181.66080336520633
899.1650518649434,179.50234551383647,124.4988265415403,181.9241596202995
900.2979597122438,189.52834342470408,124.40728222578115,182.03875087652327
898.3502963437744,175.56823780003322,124.39870569988564,182.049028637646
901.2986903105416,186.87781836518099,124.22575409686809,182.21955242356645
901.3472446852816,168.16961099651772,124.12671416224805,182.36228876691376
901.0722386508113,171.03959452135302,124.03375431821772,182.50235301468254
898.9988519492726,179.13680184561628,123.96467386414099,182.58633212042557
886.8244923790879,154.86290293521824,123.18899473200484,184.26321704955336
887.3579893117395,165.90120296733278,123.15063433385716,184.32415524326186
886.425413211887,157.6029400735797,123.07630098336267,184.45412040375882
890.2342167148801,164.46481927615923,123.03576783700804,184.52023559585726
895.4371468660552,173.2972229580709,122.91620935049109,184.68430108656506
898.3924358861105,190.8191694299303,122.87330453427893,184.74247340521876
898.2486655205681,189.71766959728177,122.83633194791334,184.78381907678764
896.7097426173203,189.0768162452942,122.763261579064,184.8609361505315
896.3126673931716,185.50861396036248,122.73653266703174,184.897254457819
897.3268366344851,184.92527161649696,122.70485995229458,184.93752552803744
896.3116593396793,176.50533332026924,122.68604109805862,184.9603522959711
896.4901561013895,176.2047980917438,122.65539661384649,185.0027539426879
897.0710332734127,173.4129451011067,122.62065580664387,185.05027130214236
897.0086850303486,184.65367392515793,122.6130026240251,185.05925658901492
897.2318386957845,181.34326077811892,122.59943541097735,185.07707832843118
880.016209612477,361.2596815095498,114.08513321811151,173.44734526373455
885.1209129978745,369.75555940776746,105.05075682437021,161.94145557460868
890.56248033432,370.9788110249969,96.39776570679113,152.27699392954685
891.3660129017305,375.8664075429235,87.6026345523149,151.23385876201084
891.7382522832778,378.47444819330707,85.36634073215163,146.80243622603018
891.9794151615465,374.83050680029703,81.4511491586801,139.84231719708555
891.4031661889433,378.77002987338733,81.00732465495896,136.6820140465963
892.7361806970061,377.15320703247994,77.18959302210908,135.97667316141974
894.1361372841479,379.9394232388291,75.90557024011369,135.3811314688779
893.6945886947523,381.38399974485503,73.95786906910874,134.43991536068785
895.332571512446,382.3287153871255,72.31250700953386,136.78832603830728
895.9731211493588,377.6981970012544,71.18108835907154,136.75021206269903
896.8625158003239,378.55152517669006,71.77395268030799,136.28086888229745
894.891048280529,375.8947879484973,72.47606168234785,132.81294218962668
895.9459204756889,380.0026141475728,74.64387137636737,132.61299883963866
893.8886154331557,382.10900765643447,74.04145798420149,135.71143347352697
895.3072016690994,377.9866518292481,72.83874020195492,136.15371907007653
894.7597212052946,376.1620834496146,73.86952522983464,134.2556877573061
892.7834376962302,383.8454589709238,73.58340005118167,139.17210710857802
892.361122451865,385.7535313634612,70.98133261150411,150.55522533035418
892.4383507888023,373.06335136706247,70.63735337957804,148.86416794416505
891.5329082244943,378.24431511280704,69.47186893963965,148.91195961648344
893.0279632448915,376.6229611975273,69.51335672891972,146.94852019706673
890.5657380845139,375.5955879349365,70.15252343170262,144.5614322703077
890.1053548318488,376.72710436945914,72.3382200143897,143.3854471977868
887.4019586905458,378.92626617276545,73.28027742433045,144.21009491060252
887.1094881108365,381.1325131618808,76.81905918339778,140.4738307376466
885.686357307565,380.16937902584,75.59644290238748,141.0144715894604
884.4102479497762,379.76338445181284,74.7170108296483,142.76564158853586
882.0060102256763,379.7583600159984,73.26544416212302,145.23888367294063
883.4997978296892,377.91482826294265,75.16969331387483,144.2989961093491
880.4274962270032,376.8176168265424,75.80130200172788,146.32019681476376
877.9786507889044,375.21352334151106,76.84730068564193,149.23464448102828
877.2309395194341,374.2499991036701,76.90031460184976,152.00932361533336
875.5402605807162,370.8185681281621,78.6209001443636,153.84461509623398
875.2966171073283,374.0393005273662,78.18686018302188,158.15148533169858
872.8327992894434,372.53122834093915,79.0448571495304,158.99532078062492
874.2136511218816,371.0258566697458,78.22159437555388,160.5081664461902
873.3430542447593,372.24247548364747,79.83475997182492,159.02507991634997
872.4248687906282,373.37715706557634,79.49446114506345,160.70007872869954
870.8603104315187,374.97841955019396,78.85663573915872,160.87384832179742
870.7667708155776,371.6101011156323,78.58233249855665,156.8654047837213
867.9679381813136,374.84558481287854,78.84513938165364,156.20298292154598
869.7985816895304,375.9790850052523,78.83013467635786,156.0658604102688
869.7737048533855,375.71200547270655,80.15022089940958,158.32956836455986
868.7074378220201,377.29683635703793,78.10306576552063,164.30679937806326
866.6835922577885,374.5420071970193,77.83299443116249,164.45612067149997
866.1352878712539,375.0965090141404,76.80414228709935,167.19107685146034
864.7052531689264,375.3323732417751,77.48767526077293,170.85844066882547
862.7014914697771,370.27009179177685,76.76644524671116,173.88767364501814
864.0475701935899,367.389192459058,74.83497556085564,178.92587091154581
865.0825651375651,369.70564769429285,76.43834666529582,182.31738722571683
862.817751055801,370.292123813369,76.32119499812953,184.13666606007257
862.2408387958974,365.72561053540386,78.93130540700722,182.46828403948007
859.6155417355222,367.043466038757,78.44498129960628,182.9577753763647
859.1656363557579,366.9004038183033,79.30301380251728,182.65181102511582
857.4196625407288,369.14032229865614,81.56140983856866,184.9029379532153
853.1128717072781,365.6907138844756,83.37061653655599,188.19836870629155
854.9552792696925,365.66106633978757,81.34180000341787,187.19320589654646
852.0379486051884,366.6860125898763,80.06078061847722,188.39401594911527
851.2072866642368,365.65607652570975,77.87713611258994,184.53200731149315
851.2339586924522,371.16437229903175,78.96114367579926,184.52894901798516
849.5059458469631,369.21524296585767,78.51800765948775,184.0963178206519
843.0519374037847,369.0636062056107,80.87445437185079,186.05991269204017
844.4382178064993,369.68141309437027,79.281743595721,188.80246261745313
841.5223186921769,365.9458865360761,78.60697739944953,192.99660721857958
842.6692414646817,363.4543231377892,79.27804217301266,194.43388101956822
839.8019686848467,366.2238865817119,80.26472127324863,196.91205792440843
838.7331244398885,371.8571050640161,81.64812179612431,196.75988005763747
837.0762042659223,369.5114297982905,81.50514790386387,199.7486864116314
837.6173510824302,368.1919389352031,82.48061614006247,198.32084926215958
835.6353373843901,371.8301871970092,82.9538784241814,198.22189298077922
835.5146882386493,369.6953263161201,83.99365216042642,201.32587787443046
832.2488622581199,369.85764385029415,83.67765917651636,200.8215341400026
836.1340400471444,362.7238484426358,79.95808386225688,201.4166272705586
837.5269267422959,365.4504777109473,78.68837218151799,203.72776055693362
839.3421978270952,364.88844073161374,78.04911798594449,207.50063442722313
836.1791526483177,365.1026706088527,79.14090159022837,205.19895067551184
838.2277421300794,364.10418283925475,76.93410362078248,205.430722805582
837.3666945577196,366.08624365724904,77.08107861316151,205.27183972583435
838.0631089852602,359.5448982581612,75.64819884850391,204.449381682965
841.3917648692423,362.55644126396413,76.21908853723454,202.83732347627733
839.0615190878456,372.7700627552699,76.14006126808246,197.73421790707067
839.1840493718132,369.7024575049765,76.99472206620806,196.59169670118305
840.9839034097294,369.6750470907487,75.67893714334917,202.42142576418556
840.2324615723121,364.63229431304774,75.19693830950322,206.2520182290089
842.0848693418874,366.74959530405545,75.0332351166681,205.05642557362853
840.583137838145,368.398653238506,78.0925244958506,205.25352993346831
842.5560171451568,366.124026312974,76.83979203767441,207.69646705278132
846.0486026011858,366.7307600677592,77.97494595433744,212.28248832774426
844.3496743305923,369.03760306390546,77.98128432287332,209.21501258092565
847.6106390502156,366.7293154972046,77.45902422367752,211.1975994454134
849.1238493826801,370.1733417151927,77.89096329401406,212.31706917864338
850.3208897211401,378.7853715170771,79.93094954791559,210.28706903119956
849.1546286586508,367.0421047336007,82.25546552051958,211.03626576738208
850.4412275718315,364.69129387155726,86.87098607835796,213.06850373018852
854.1267638152905,363.8628537135844,88.439723515294,213.29788188145332
856.3189600063678,363.53013509107285,86.95174244226126,217.97218916748932
856.1816608643073,360.4013455280998,89.23749536440968,220.12906394884027
860.0380171705311,362.2500479932379,88.46270783861675,231.92370140174336
865.3763803266135,361.7720331902928,88.95697028864514,235.48870135153774
865.1570463196244,363.92702877648844,88.34988050098693,240.3370644153328
872.3237335857791,369.5198352679022,92.79082084871567,242.31760171909838
873.060122575733,364.5481656987539,96.75575317539496,245.13557629907055
879.3170933673691,362.7833287597841,98.01277733627566,249.41695122670762
882.1849418060382,360.1973569563387,100.76012257553666,251.7522190740288
887.183811944603,366.7835049483615,100.91766507631499,251.89022956302375
889.1180898947763,361.8798762170714,101.54609598466143,246.56204220059828
893.988468667044,364.32404559636745,100.53175531772193,249.72233515526335
897.6525246375014,367.532956997703,96.22633275786957,257.60073628180294
899.7551667098863,360.7195692872157,92.09954237418283,258.51987313769456
911.3879812585807,368.49706390658747,96.36027479962023,252.01638888880132
912.3587531684323,375.8904676747181,96.06973372355537,250.80782244128807
915.37148147097,374.19691863845424,93.75525897462074,245.76932443050913
917.5763297238302,369.57069877734455,91.14278239375784,245.61356014549597
922.8746654975354,378.41103126241575,90.1402198850083,240.4005849201318
925.3777077482529,371.4079001914281,87.08833478411995,246.63902083049624
928.3519113417353,372.2326066969149,84.24239758064225,250.52010509025098
932.8338425065062,378.33987069641313,85.38376268745925,250.45395545482188
935.1463204001116,377.1714972585707,82.22274678275092,256.85843405452135
939.5325725582752,378.2182934459321,81.92121832959495,257.04001621477767
946.7355992748235,377.30836342705607,81.08690074563089,256.11686258335294
948.5921188722359,377.20897792569997,78.28593988671254,258.1724409896632
949.6860788884673,378.060418729351,79.04014365007917,259.9653428258426
957.0071779225838,386.43170317880265,81.55591465469865,256.8772223588137
956.7341341438507,383.4532080187051,83.6274666562918,261.08728023371225
957.1158593690029,377.24098362558436,82.55912706672876,263.3593166425637
965.5520166520191,387.5444319520226,85.45122014451827,260.3548484200346
965.2355059569402,379.3705720265235,83.06769944200431,264.5241387587644
970.0748453843997,381.15084135572863,80.95007083390489,265.64913456975154
973.7961260493653,385.83402845578166,84.54882089011554,267.0283590993017
974.0575494011299,382.1034829490037,88.1196666706482,268.7724300492293
976.3625953507826,381.47758840340845,88.38327897867848,272.0565719414416
980.3739177898932,387.26904737590354,90.19272315036892,270.8649952232116
980.8560277696398,388.52456737051705,92.72141051165984,270.63417891057475
984.5102253220111,387.99086903364406,91.92577796761049,273.77851084318456
988.4309106198474,389.06595262488486,93.49791241925519,276.201642296935
991.5099682679443,389.70110329230727,92.98635673758238,277.8856598444779
991.8618550694645,385.0370092885167,94.11457901424441,278.30134478496996
991.8686731409734,385.87887703569874,94.88866599368288,278.7780165845021
996.0016684465152,392.7880216591874,94.92624222035371,275.3154267204047
987.0053263531365,388.0593567213947,99.08578062202338,274.7967641123725
994.4660331622372,392.8297852786356,100.40663182877233,272.5267830351428
991.156505823117,387.04363765051085,101.26422459742793,270.896210836879
992.9153020063532,388.7684296084551,100.20827083237963,270.5333786190312
992.6999384247711,384.0763069854278,100.91333942849491,270.2731067595769
989.5629761835689,382.98308894404454,102.1116228924634,265.22812324620526
987.305196248391,377.44062055001723,100.4432231140149,265.1221407678936
992.1224834822171,375.61443673212125,97.94379365576509,264.18079820763757
993.657660241442,376.5916799484887,96.13219691681712,259.40825156756773
996.1592411737321,379.4834320701969,93.16387815540044,257.438054556207
995.369275312856,381.7576017244978,92.86391709395548,255.21188756589703
1001.4619387664424,382.50075122203106,89.16697915253111,251.47939200118893
997.7077677128921,383.07714598772594,90.0316384667698,246.67518574155793
998.8784309317728,380.0123885296181,88.2751698650087,245.99564309576255
1001.3798128839659,383.3104792138382,85.85010363064902,243.77382260098256
1002.252862586588,381.5715310450147,84.03474040942464,240.1324406650935
1002.2264969124135,383.05922466713685,84.07137271093913,235.31851108548318
998.3669242358321,378.29817139172803,83.92449554024424,234.41374080397856
1002.1433979938714,381.0825616830695,81.51582299289092,231.51907891458495
999.8057249710118,383.1080946377167,81.14946781668502,229.10360270890726
1003.8113534238464,381.1193287103504,79.52442810552576,226.7149162190296
999.7055600921361,384.54813294310225,78.59409846521588,224.20622562843425
1001.1031040550341,373.7866623358662,77.10249974415667,228.49447888276458
1000.1455921580875,385.12674540409563,78.19497280600442,222.95667286233893
999.0287726855387,383.0623384943805,78.19996339288741,221.03023845927567
998.6206723997798,381.63321239848136,79.47705449240209,224.5690230598159
996.7761303295847,383.0340567626414,80.68275742174222,224.01895907498482
997.0961992034298,382.6079244184204,80.84097792361473,223.8294208664538
996.8853537563485,381.168465189741,81.35980704467576,223.12970815435258
994.7568260329431,384.84789214385904,82.94477301548665,219.91394269866862
992.5505172182732,385.571953865295,83.717563224946,215.7812433876067
991.4919039184894,384.9720461214238,85.63162980470298,214.27197489675638
987.7669516161754,385.30034413951716,87.29466489571908,212.14146615309735
985.2350734023108,386.04019052474905,89.40323912381588,212.2262831583002
982.465326863204,384.0340815181528,90.75677046047562,214.54902459209904
983.990100799455,386.3980939779886,89.30297824168676,211.45994477589736
986.1881837837537,389.040865335949,87.97989745643677,211.14243149328763
985.2154603495712,387.72025577208007,84.48362913727476,211.03512595650534
983.4991830475902,386.87712128865735,80.6693181035326,209.91501600480944
977.7844300385968,384.4092470707552,79.53584009319954,207.73597990501065
975.4658968636148,385.500917658203,78.08305024148856,205.87991125202566
971.8068596786015,385.9928601962978,76.12262480861881,204.21512708663778
970.8553049565874,387.18436958037864,75.7290413797785,201.2870444801119
969.8348326380113,388.3669375288697,74.17032626878105,198.52511694720403
963.9142880054758,389.67570815763327,73.4036305922176,195.80365897654468
961.8944217744535,388.8989647143427,74.3480373198577,194.276612290183
956.725013531105,388.016337118457,74.52022537587929,192.6715024450997
952.8623609704895,390.03709324159496,73.89363507574649,190.08755986900897
943.7174768976536,393.57086812082275,73.37558409244585,185.23919102774192
941.449623510825,388.398648642901,71.16292259734969,184.86891112836645
939.404200045896,387.03133669611435,70.1498334938857,186.2414156373693
934.7586635067628,385.8115139968199,70.22260377528383,184.4156634094492
933.6605472352426,386.9868000359651,69.17601815279357,181.37135014371748
928.8442922505569,388.51050496314406,70.36316116830109,178.30024211314156
925.1698816945437,382.2772521026354,70.3817493931849,177.99659280977752
927.3689200132285,374.86596528847804,70.71831065144477,182.45114473985808
921.5339468165337,380.9958215087779,71.69529202350088,180.55275217737864
921.6965621497063,379.8882178329643,71.31840282157273,181.98592365306354
918.7138485657595,379.01551167102207,72.02380418494982,181.1875596090639
916.352477940273,377.2795277927536,72.85692775671596,178.81570581439922
917.5796384539758,379.48981659019313,71.93456205360323,179.1384745959194
915.2772661907167,378.85410307548796,72.43559310825023,179.0061365305126
915.6727443229487,376.86971387289304,70.82437016154446,179.1620536364155
912.0085708062024,377.26710594315864,71.23135518478186,178.13652932886717
911.4108857460038,378.9836137398261,70.96449943851212,178.1286102424284
909.8342596960664,380.14479164787673,69.89508427012304,176.52215802803107
909.2350743195793,374.78816244615047,69.58071114948295,178.3311925836384
909.4463171614403,377.6873960836236,67.26909076498094,176.4437227242838
907.5235728965143,368.0067239317234,68.09150465395888,180.25591093814342
907.3426182796184,373.29051235972486,67.61290780105969,175.7829297424958
906.7399924034269,374.17765448548096,67.53556545597168,175.03342345534298
900.8953799498458,370.02142398771446,70.07628538646134,173.42816497895737
910.3159280213049,375.42834662192536,67.2138506300763,169.9647155870447
904.540633991985,374.75181957880204,68.32783147155979,166.72924376047564
907.1108727947831,374.86094552753343,69.62765036682214,166.0317156536857
903.2408381644303,375.37430664986255,67.50562490971816,164.61082536770724
905.8869727480675,375.30587294930007,65.23215485668432,165.75357052301334
906.4830583449303,376.7222027136367,64.3711961253279,165.02840688580125
905.4594701924049,376.54645510206467,62.523043927351104,164.9333199509644
903.5284717680195,376.7970543756169,62.313036061809484,162.80035061672692
903.8581547069491,379.09804330376295,62.53661521807882,162.28750787146404
903.3842320714587,378.439425932982,61.33595176863711,161.9432797736073
903.3367701790239,378.1805261917225,61.21297919137352,161.23260822547314
904.1373997599711,375.2049985007504,63.80131175307909,163.18793656421556
899.1218495491429,369.70923859902314,64.09696493624293,166.7627691782364
899.5758077456006,374.45751563454473,63.666701194197955,165.4653431579176
895.4005746104084,366.82100815569464,65.83100986773756,166.02205303723133
896.8949230259216,370.9160196697751,68.32858898643771,161.50731710087462
894.7171947164952,368.87821948930383,65.92984541327756,161.86678462768077
893.5819636377508,366.8814100847701,65.68203615222704,161.38860462896008
893.0727572558374,368.90869046338605,65.62123645409622,160.86656107548282
891.3671726793543,366.121452225182,66.38913538903975,162.35872678256754
892.9186693843453,370.63473956109954,68.02358352398932,163.04813828802563
892.3059510797274,368.7552738045508,67.79675216089294,161.7495286555581
893.4259398871105,373.21850937163185,69.46062117928406,160.18717595038726
890.8021291988072,368.4180807059397,70.26374512375953,160.35822629772173
894.8938309826908,374.81230230485323,68.40417632872636,159.24699864959152
892.3478309460945,364.93069887758014,67.59811053126072,163.90495438707023
896.1419537657795,371.9861830715728,67.8300456426378,162.7304874367149
894.3788981140145,357.9226159627011,65.62410716406276,169.3846409695929
891.8521942767748,364.8409683099778,66.36921763085707,165.64644924423536
897.492255614837,365.6086497874329,66.19998689819573,166.11931334637615
895.6817514200669,364.20051996121686,65.03674953736451,165.25617029555661
898.6338125477021,359.750158602369,63.36888088338884,165.4462715588569
898.0111681124736,354.30682860148045,63.33515913539382,167.9667493404139
897.4477771614612,354.9979564165367,63.98248922604219,167.49032605675808
899.491751759718,360.7394765147413,62.8876839082214,166.42196508804125
901.655808368769,363.81705260151494,63.83956554556302,164.59286597051153
897.6858960147881,364.56261785702895,63.93528445313531,165.2680281654808
902.1939311490497,364.4553411679092,61.86687306964599,164.3949582684866
899.97433588768,365.39347490477303,62.34143067846152,164.58121723859966
900.3769355835659,368.26059173209427,60.522077837195525,164.19210499318706
901.2581953016195,369.12830001165764,60.32810131495026,163.226154633352
903.6557575962332,370.848462275785,60.30661694118639,163.22434984754713
900.6755734704815,375.1697419373576,61.86274456281737,162.4963023580689
902.4745618410476,373.18283857417885,62.94925339334763,162.6070748031924
901.7466713523871,371.34473789843753,62.585035603365846,162.13501886269768
900.6973074225176,365.6840994949547,62.404543766477985,162.59437649838918
900.6299877371872,370.56909699019207,63.3010192487982,161.42422796946715
901.4752902392837,363.89550313880943,63.56179235148822,163.41761308944558
903.2302556846361,364.5702512501718,62.49388599666987,163.77757660691063
903.9671128826884,361.6144786305793,62.46985015696937,166.5543573220699
904.5083915811292,361.1148575971483,61.62825427742497,166.78560552246472
906.7912046434443,366.61778033812277,63.99379730740119,166.0374381151154
905.4714015067905,368.02271507301907,62.99633829275817,164.48455412570482
904.6764851453441,363.1528470760335,63.52071694493701,167.02893499633268
906.0708711208154,362.91136010269685,64.87381935919626,168.61029258347574
905.0875194610605,366.66086005376906,64.93844594936849,170.2343150234726
905.8982728114833,373.14603385233113,66.65705169508581,167.64246544553507
904.5672131853661,373.7030917881607,69.47707202474953,166.21734427458915
905.1375812572968,366.52852172178507,70.30362689547286,168.58742425230287
909.0402063603016,371.3086862490327,67.91975481318619,169.94314116297983
913.3602573880283,372.6689504895066,65.93169630721745,170.5000836349238
916.2899297320042,374.1931464851987,64.57957389738255,171.15560221820525
919.3511965631046,375.3308426930662,65.60274280514112,170.3126673207696
918.2250747102227,371.509011352789,63.64874021018015,169.47861528052894
923.1987670543164,368.825576696856,63.31494582039262,169.51443355279739
919.3485939251877,360.1468275057839,62.35253095878696,173.144232049403
920.1139826438057,363.45008763154857,62.342998896456024,173.08012292931537
923.7615363030695,364.33048936065694,64.08602255938146,174.1661155522896
921.0511452413324,369.1101881768568,63.57787425810572,173.8448998984557
921.5510246419825,368.5978112852906,63.98108897331123,173.63078434563062
922.6422814961903,373.838539725773,64.02048855881316,172.89547460285416
923.6976640772967,374.2492729588015,63.77320292434237,172.45974262289178
923.614463835608,373.4716167165341,63.503087324316496,173.67597802352287
927.0439564859014,376.74244359393447,65.61464083946814,175.39972742184676
924.6405136841172,376.8268450705756,65.94885924039912,176.74570170017108
926.0364456299244,376.126119904648,66.25798318114177,177.62282059470618
924.4044546915278,374.7313605967388,65.97813620394456,177.77708923750092
927.0249380829956,376.3352040448624,65.02657923563423,177.86992715631771
925.3548677787808,372.46643748427573,66.34024229065686,177.39495628365358
923.7246265525825,370.44383153952344,65.16085320553285,180.58779279180868
928.0732375405157,369.85547560943064,64.03808267659805,183.60290240437254
927.9019769051094,365.7871119086981,64.74875626029157,184.79740845094005
928.5340772999812,369.7019333224456,65.12185955147731,185.41288813904015
928.158854180656,370.3928535207808,65.82158917396994,186.14154566691604
930.4999046371806,378.0518708149766,68.19598259781928,184.66375911295
932.3924201850982,378.9053329993693,70.19299111946077,185.28172006578194
929.5559758480794,375.5597272179154,69.97192830414988,185.5004266534322
935.5572285458579,372.77810056214446,71.26934274329247,190.75076608937428
931.644652272835,380.92008705218956,70.8442558870247,190.79935645068133
933.4578235494639,388.7761639115145,69.86840078506812,189.5484015522842
931.3965362130781,384.93247217446736,69.36314444180208,190.76067020662447
930.3255143454992,386.5952014126831,71.35473212444695,192.09854400831858
933.097420072278,383.5897545707652,71.82836774195268,195.45960913615687
932.2356073884703,381.1675099069011,71.92447741590007,198.35142018538602
933.6911933083117,382.40479867117233,71.27597132307059,197.70846187085073
936.2279908356196,380.4090274031788,70.47815182894598,198.82860575227033
937.4491388266056,376.98883124629776,69.63599275420879,201.09203144250023
937.2906457765107,376.6941165537107,69.41848586393779,202.2709173253195
936.605014399594,371.8916738522862,70.43093087143137,203.42776352392326
939.5950995210304,377.96651085416386,72.50515443131493,203.95414591690928
932.5437494567835,378.4483757397938,73.88494986645469,204.9912093191422
937.374729567938,377.7436610306685,78.47877662916139,206.58844772929243
931.9654276423269,374.5104440787538,79.6826241208538,209.36225596982635
929.3293440579821,381.4732366325564,78.9035968784234,208.26393626711433
928.4778423114452,381.4992620673986,77.3328153455765,210.43232482509978
930.6492599328496,384.6799594424614,80.80603429101457,212.49737172992621
926.8258777595635,380.29176294786896,80.69589583249626,214.82906057029408
924.929398063547,383.2006025369143,78.57094525122635,215.5936545197514
925.6657190176625,385.53591266984233,78.70542148627595,217.67234614281756
922.3860553828749,391.91251519687717,78.27942531874638,214.18449702586122
926.7652306426198,383.66338982593624,81.58956044273816,215.7414202156026
919.632634738782,388.06277039656095,79.82562055068551,215.6195375068907
917.8289230681742,383.44273418331716,78.42970098758454,221.7815458456593
923.0784917165093,380.85266320551136,80.57437032056488,221.63224274995423
916.8068648208449,382.19369938031855,80.30091235749951,222.2424626267927
915.6605033222875,382.51990781629115,78.70766452452096,223.76345514471558
920.133280927349,379.70924142437,79.93690023927273,225.74597798182464
917.5773534710298,375.2874358435022,78.6897209999436,229.24548029084787
916.4626226295015,378.2498690901023,78.81490226205253,230.2449396391731
921.2897822215218,388.8127158953671,80.39300856835771,224.78715026035292
924.551811458807,396.2634838224551,83.90359868856518,222.1350344829927
918.8505801816867,406.0660460719051,86.13753967914653,218.5609010762288
915.9814324877838,389.6288897996624,84.35433892425232,221.5813577523233
920.9040107190884,397.1514703419075,86.59228639406638,219.2956672778458
925.8999810178017,397.3379562218897,88.3555432843563,218.29620644968162
903.0927419885872,392.17585749602114,90.15613100770099,216.51796907702098
916.2874301752116,382.2825891764156,86.93082320834456,220.280951925448
917.1441575334584,378.1030308445537,85.68433111851584,219.46751378675657
914.1040985202469,380.3456552236334,85.57906584465567,218.98402161781277
920.5377125114778,375.0800854027077,83.23883063156268,218.5329169533573
914.89760198608,371.7517882138918,84.72317281477125,221.6818778943235
921.3309299921234,374.49061977024314,82.91583579971496,221.70173903547146
922.3639060545553,372.2484224154432,81.79013152222313,217.75635495087494
923.904987062467,369.99645930371565,80.18052205009613,218.05539918392742
920.6140402922985,371.08021935328964,82.33514414087928,217.2466610915677
926.4753795382577,372.2892878903174,83.57131666590517,217.57447342616726
925.0807116900102,378.47574508025434,84.18962099620768,214.17566391001859
929.0502834962325,377.76914106679715,85.22344696599481,215.80103398862485
922.9789757773177,376.9396024765781,83.92357042614813,215.71275445470297
925.5560459488318,380.3894455287298,84.51941678473295,213.7669958433165
921.5838448690596,386.7989304165511,85.22612956828827,212.78428573769548
927.0604424610283,382.392064577032,85.00279406750447,212.2048559181132
922.1698041282029,389.61478868642934,85.02536665175309,212.689273066384
926.4805644510958,389.0230014989795,84.75338915230941,211.68758296456878
926.5157505373314,387.2688363388015,83.29519899857861,214.68450434626124
922.1886840284404,382.86297186170583,85.12112010692584,214.84408109034135
923.8003766799669,386.1585100173031,85.06175798740946,212.94496943977154
920.096071037043,383.2285571219587,85.83502948366745,212.1334584880115
917.0153427660209,383.37746088028973,87.30862937859536,212.79416556250615
912.1678560334756,380.3551212871172,89.02044025617688,211.8684830556004
920.56137446556,390.0616285325803,89.28263312010384,211.38676801227908
921.8728563052274,421.63955878205036,93.48683964148164,208.18256262327964
918.7924506997291,409.0023940953767,94.0478885244842,209.14674112748943
924.3068175793535,405.5240795582971,94.21023486446106,209.29368926063063
915.0096671041243,403.2724411592254,94.11464241844834,209.17401580013552
913.536478379335,398.28888461541817,93.60353356420481,209.5105747781618
918.4711380318644,408.2437496144453,92.96184945590407,209.58461724435284
922.8302669923474,412.0448646431064,93.06602302865018,209.12020373367932
910.3692047511868,406.1055061809923,93.45007661247602,208.38045711009545
905.8011059753712,404.90147503079453,94.1070819880165,208.57131592192073
911.9348437434667,407.49981000717185,92.97869127715234,208.66907951081453
905.3593065863347,406.358038523977,93.85571092701932,206.0703733049436
914.6299607924126,412.8815537872089,93.12727553850723,203.74122152854403
912.3215099978203,412.32885186836245,90.64749779593994,200.71254801057052
904.7897867114386,415.04847673888884,90.31355950163697,198.05318070273336
906.9876442409552,418.2687456613906,89.36118533009972,196.73839917620572
897.1570919765927,419.03473072391216,89.54393964370483,195.95860619770542
898.8344797326736,427.02820584684105,89.57791392099855,195.76992571865372
899.7881748063201,427.02987505021974,89.74042086275153,195.2514815308298
904.8712182762115,432.6247352757473,90.10162436694316,193.96065293726062
901.19116586582,432.948030585873,90.53291414270454,191.91769780935792
902.2161458412917,439.39381924773824,90.87559543916987,191.03408744394173
895.5950271533833,437.5253905354786,90.96797319007545,190.3501596539064
887.383429130203,433.1828251344134,91.03295576093025,189.75513084573078
888.9786598729713,441.0737374191019,91.35019119365445,188.94246737650295
872.5406557166251,443.204270799836,91.61337880498925,188.53137800814883
881.8528627512023,438.28998522749475,91.76043206687605,188.10984994128376
871.2745537624614,440.65226875314306,91.92489711083492,187.69859059513985
869.06081406698,443.6432820202747,92.61526120676544,186.72794549921122
860.5177480171211,451.41198204453156,92.83411459904441,186.3287468790905
884.4018467145801,443.924420362269,93.09056368772357,185.60237678659982
881.1095068587052,456.9743209832669,93.9728122948259,184.14869252166025
862.2504687048432,456.6281817238842,94.25569253193568,183.78193016508627
856.6379053810608,460.022251562884,94.35536288887374,183.6358141465905
848.028972154007,460.78219287476065,94.6337383538602,183.23528846349973
843.7092564466207,451.00151403957113,95.04381603233948,182.4209110524373
838.0120970430187,457.2047155605312,95.61460799153464,181.41294614433494
838.7784968189529,466.8500758666624,95.87082122238455,181.02794650974863
802.9713888716694,261.74370864688365,115.34588042149286,158.35068516781274
797.2667964811968,255.20202038436244,122.87793514071629,147.505174914444
812.4085226895381,268.83140544622466,126.4954376714759,139.953090014629
788.7524694286192,267.9613885582712,127.76754049929252,132.49511999924715
777.552084845593,278.68347647264886,129.7599416816071,128.54685626372753
782.2630235549494,277.11436924359,134.52190332968547,122.43807293561267
799.3001255425304,270.74350602904184,132.7078231132906,122.07055994083011
777.8227708930024,283.6840957242456,129.72557206441763,114.72571016573362
772.0125881655288,287.3241437914801,128.4459679876935,110.3778506240126
780.4899747840502,285.4034286189391,123.40843865333449,108.5261053737782
778.0204603920167,288.79388262820754,117.50115467318204,109.19288034555954
787.6193522129057,286.85155967429023,115.19667889098301,106.96793032363553
798.026373597764,294.25643832139923,114.72227464612271,103.69349938345124
782.930775674374,294.16751355482245,107.07625007765913,104.58471265112604
792.834836527581,291.3570873530109,104.35762247045024,104.01992898581048
790.9483090990491,300.08454702706166,101.89496686667705,101.56363975361259
770.3327315813008,290.73854153374134,98.35752387960827,102.84852441367431
792.0741763558289,301.0629738267851,95.73724511938903,99.34972688178333
790.5034372447981,297.3463407963473,93.06868076764354,99.42801520691815
795.5090719203699,303.2087129231643,92.30331805091191,96.49492886342198
787.6311477266316,309.28709150057773,93.47606536870013,92.15741800054326
794.2767212571273,305.4805781120735,89.9812649315663,91.89407289481309
786.0160080665313,307.9946078471361,89.2538459636448,90.59336887053513
788.5465403576849,310.438113672729,87.28011765550585,86.62961561538154
793.4230620087005,311.81417334365545,85.83448959300316,84.24886324265906
796.9794572667362,311.65664118438985,83.5087224989862,83.31630785442604
793.8867840744466,312.8706055247809,80.73600151988951,81.507423259701
795.3338033261773,316.3248792296575,82.11945899274346,78.792965471972
807.57129518965,315.81567860558584,82.31280708374378,79.1174109251711
795.0593622013931,315.2255302357553,81.1135758206158,77.90129655242112
800.6240290981427,314.72305229234814,77.88067765729892,77.64015080602915
787.4575394443295,311.3619629132214,75.55837393649043,78.11187251507818
786.7889391119106,308.53552630651643,73.93949322810657,79.26871419959636
800.2499895627194,313.2262139085665,73.91395683941488,78.47657759295915
791.2883677578752,310.9906177303813,74.10709187947225,77.58064074552642
798.9520798243118,312.0473656518781,71.37913914257422,77.08303106590373
801.6944943371486,317.0903717233256,71.02471318159981,76.30953514516563
802.8854353705349,313.7725217068202,70.80995933293946,75.98830769234334
812.8945125197617,312.26016040477623,70.84572209906702,77.1235223723485
813.7406184596244,312.0945243622271,70.17092321072664,78.15097877288174
806.9414461935047,309.21123050452434,69.64510691376144,78.19396018766616
808.0624286829674,311.53210757450915,69.13772978526985,76.90535416497089
818.7937615266642,313.1526781369849,68.04162240876019,78.0910145605533
818.3581384844173,313.7008333321634,68.77776198811776,77.7246701607849
823.6278614633542,312.1041543659947,67.1722483974793,78.68451366243137
823.4610366582028,313.0458923827403,68.57617185320024,77.2556645538946
821.5228304232285,314.21358385111154,70.54959427752466,76.57281134976377
823.2076721619118,313.848097759263,72.22826906795004,75.85454505686842
830.2523114040802,310.6227754042172,70.9222941562052,76.38063566071038
834.3305631081676,311.6832427383081,70.34566212907653,76.61345539279712
833.579433580287,311.851285921436,67.66510294632013,76.81663180990307
833.4335213193941,314.57606538132967,69.66087865300614,75.7923247431746
833.902508734344,311.92895670205974,70.17313182663328,76.51344799544873
837.2725460443428,312.10473604769527,70.82008189910535,74.85852654841398
831.4031576541167,311.9944109733202,72.3352640870437,74.57432751736496
829.8153950386202,312.4534508913302,70.13371568591684,72.94397349532987
829.646574674774,310.40927164533895,66.69062791063064,73.35687726803296
836.1552979026728,309.784604460025,63.17838307729569,73.88001664020123
834.5205051080061,309.24516435871215,60.49146094436676,74.37468807348415
840.9667224891743,311.23778529789405,59.426039661823445,73.40216239408889
840.1969377041954,313.4220129001526,58.587501835810784,72.24769286298144
843.9199195576208,312.79494933499876,57.82135802315098,72.03131584406472
848.7439881497659,311.8900232099783,55.87665819113065,72.72237965976092
849.8633348332968,312.43964097632147,55.90439861237246,71.98276275822823
850.2622811434028,312.0965827783883,55.7359556142576,72.09536582828974
853.9910938520248,313.12055600304296,53.6349090807283,71.8711257171575
853.6171813550003,312.59623556727564,52.99689251975992,72.25683164324718
859.5774298104765,312.87422495747853,52.573602915495776,72.27409349956264
858.7548407061818,310.7707834994026,52.624113287560746,72.58432836567229
863.2786909959455,310.9166821649278,51.843133257670836,72.89573195632212
862.9032633759508,309.83378628009234,50.95233679407748,73.40623572362523
866.9730664135666,311.1545154033164,49.34493302359612,73.48402062270736
865.4162760931682,310.67304818357127,48.94257964463307,74.20850581760298
872.6873912091047,310.8800893310529,49.54702673178139,75.44225060413297
871.7804097045147,311.97934805264913,49.74476520103859,74.6642122624739
874.6234181207539,310.59193739180455,49.05696678367172,74.88854791148782
874.1113468150135,312.7776098132252,51.44488280258673,74.4097911318365
879.6504039435831,313.01715669789047,51.15804606248146,74.10096323124442
880.5839401576168,313.45193397691486,52.08012204863333,73.49626648940277
885.5543399373092,314.55981219030235,52.40699560029815,74.7831280315294
885.0474159811296,314.16399917792944,53.2933920989418,74.14548142968943
882.6304324115891,314.67495452304706,53.356189919483306,73.62094996226749
888.9036552379357,316.0819219291855,53.640936613502376,73.45989546068655
886.1385834091393,315.1900715799467,54.59804128277834,72.89853686673692
882.6778225393524,314.3385814450695,56.33117524867941,72.56681167451592
893.5752845963228,318.60400002659776,55.72891620069425,73.24460563540534
893.6811550423184,316.2910635834807,56.23407151086934,73.00207760432977
892.4587698958403,316.1873217374689,58.749559838791114,72.34802612969243
887.9277332462314,316.599524589682,60.09599570208558,72.02934873786705
896.9249151317143,316.57533261212023,61.63127319726597,72.2382870328602
895.9272438672276,316.5801236244698,62.17075448348577,72.28614865845515
892.2243481383514,317.3111406195271,63.1643231428513,72.29946586458115
896.6586023803304,317.28593496897395,62.66640540188891,72.05922432540726
899.8048954738799,320.3456337577261,62.68294575129899,73.57622333195664
896.3304672351613,318.06870098588274,63.66029956408228,72.95055497907211
891.126760929245,317.7539430069274,65.51539314585666,72.91667997340744
885.7073884761069,312.7762823671357,62.674879453624115,75.1165657217932
898.532900167302,316.0625676052488,64.01417969356996,76.4422557860834
906.0015298454194,317.529801614499,63.41015870565455,76.64722548102877
904.3957829757264,316.8882846061982,64.78516416677212,76.08998503548703
910.6012267663793,316.8146348067652,62.65403298555693,77.8928439479609
907.3087631318276,315.3019791366098,61.891699255215904,77.90074924735411
902.4337646466983,313.2251446886658,62.52977917781776,77.11391406278578
907.9047146836805,312.1736403948272,61.67349570609525,78.00535098251962
904.7615775486178,313.75239953581894,63.01726316309338,77.34475025651743
910.2939809081114,315.79158954759635,61.8626955253292,78.34230223958093
907.7305346716647,312.82180634548536,61.27778223630503,79.35843490144472
913.4552922378152,315.99110351878346,61.4395145617907,79.31612074780315
910.7833381215313,310.20916350928866,60.51353550989352,80.12813015524524
898.19026045701,311.78703409289096,59.8883376515098,79.82360255783972
903.8506489987683,311.43873860392017,59.27275443387692,79.83423196529995
901.6844016029107,313.5366179523149,59.30365656687023,79.71952084740543
908.2929361504804,315.7421810804172,59.90976037263736,79.47398018410831
899.022202281284,314.3060591726206,60.1793877170371,79.02372494388484
895.9912670063508,311.1980754601196,59.594019295934096,78.9883578591922
902.389919740093,318.23973690933934,59.63095500403353,78.96611953020636
927.555327697886,325.5628141543813,60.41257631735793,82.71744637547187
929.8012682182725,326.2822877708273,60.573792852902606,84.12367535562795
931.7587322050248,323.39744181186603,60.71592800357608,86.5794674340043
928.1223024835044,323.79641717797693,61.68401974813669,89.33892789539891
934.8760606635814,322.94470807549624,63.05246017570266,91.17186836221231
934.3154477390921,322.83297630963136,63.42871630294276,94.63640238695523
932.1668706475918,319.88266635521757,64.38158669562243,95.55830017149508
929.6864108042171,320.6196120289425,66.59232510283017,94.99538806970841
930.0346338782159,320.37651467136226,66.4149652637978,97.95020650107908
929.4128146663738,319.44715803896435,67.41444825833153,98.17715772196325
935.0521505360061,321.14437002016905,64.0813596852799,105.26760694506203
931.0645112993901,321.4300176386861,60.56419921495065,107.06588060587461
934.9460486049588,316.9693804424037,60.11857298180746,111.81413384516046
931.9452404363761,321.2198631742294,59.468710734281366,112.58030564343952
932.6719398526509,318.75108436663356,62.37702247039331,111.96660222474868
935.8997215257862,321.1581556143515,63.24075010103408,115.63934024762142
930.3250507677253,323.13595123670285,60.94167363339466,120.17573801651238
931.2199041605076,323.1762973878096,62.46518299851877,119.76601687838215
927.9789142980616,318.12072033303497,57.77571221454059,121.09926613563903
931.0413350380513,322.2667156156237,59.483539254028564,113.76509597713707
930.2136540301063,323.9851433118189,62.69990749761858,111.64681377530408
926.494439711272,324.35577368182237,58.86759377926461,112.7945362905877
927.061907102059,320.5954919635277,61.51043902376554,113.25537316023104
927.6040463521668,322.35011491866686,63.9142407941486,111.68256663898963
930.279198449856,322.85590325211587,64.68947859907722,112.61556334999463
930.4750723447025,318.86405768260795,61.20497960602486,119.88495958142829
931.6468417636286,316.8681700614647,64.81492397516658,114.80409739544434
934.5854643326702,317.78239208347503,65.16787379948698,113.68064170874564
929.9501487281021,317.41115063249026,64.6573464189415,110.99818650957985
933.0456746778026,319.51466339977367,65.59744643200574,111.1635481125328
930.1443415883223,314.0488906772446,63.24552724817828,114.41715854901821
934.069367555716,316.0533447717178,66.66881003410427,110.33617768696078
932.0589865654802,315.5745082221855,65.2074707422335,112.7828962913348
932.7282759010633,316.1161409829385,62.91005534447122,120.12231172832708
938.5770144364336,309.785974129718,64.05004541154912,123.33336091326908
933.8055286124355,314.7101215176227,63.083884833959054,121.19394926410183
932.1785167350738,314.21936221098383,62.27533601558061,126.17780878254325
935.59899074155,312.73784253302216,62.498681343245465,128.19648925732838
936.4119961115391,309.33490662808094,64.11880468631279,128.750646122133
929.1814895139462,312.9263090244557,58.02953470779619,138.92535472380393
929.1228850155526,324.2707909118995,56.181068927844414,138.680364916616
936.6608816069876,322.58895009839216,60.400329390646746,129.40438167163592
939.0854506956637,313.58685700028536,61.13980654210208,129.58976364359532
938.9990183139879,321.4678093887924,63.44115340602964,127.95876869226342
932.5314106985236,323.28231433535245,60.980533016522514,126.58808843599587
936.5118467504129,324.26799403291125,60.78585331060396,123.72470047067361
940.2151535417685,321.509192542921,62.326218122959745,123.21358711228008
938.8796953046191,337.08306637851206,65.46497385494263,116.05887406723949
942.8588825588256,316.56668205078546,66.55833942461972,119.0973772040049
948.8783645335343,310.5754564366564,66.96312986409265,120.91439489334067
941.0886412653305,335.5712638075136,71.76293343781948,118.55224707310289
932.1425076364583,336.21451069775793,71.95189857809267,116.2878798640936
950.7841774058114,327.4542175601361,76.09734392480235,114.69104397125966
927.4066118695845,350.666462443698,74.21414297544558,112.12306310165651
927.9648404674775,361.7719921128371,71.8737499812352,111.73157963454521
929.9630206981644,358.34209799121675,69.72308066063081,108.01656604046534
928.6794368343017,357.000845998157,68.68277958747804,104.62940063393002
930.5038615407539,357.2746153824886,68.49729557146864,103.10114726884191
931.9188862849517,359.718091704543,68.83944480513031,99.93583431108124
932.1085776705096,360.8940109238646,68.58413542703049,99.95804350396884
931.3794053291169,358.6032442080114,69.48387415916463,97.53323900386172
930.2970140045059,356.7035523039327,66.74120792879765,98.16305424856495
928.9204509748038,355.41464180393723,66.53139262868432,94.80207410667236
922.4153980942428,357.9060419602089,64.88140986323003,96.8739946125821
923.4453177025551,355.3458792785766,65.14384765662228,96.33659375715854
