1113.5,376.5,30,69
1110.2890094706595,374.25542558843745,29.97366236802884,69.83056061105196
1110.999589534173,375.32290491642243,29.585281162908846,71.06616233725376
1110.606472620193,375.78385833297244,28.86380885409148,73.07333031322055
1114.016291014392,376.8095173981242,27.21438929307548,74.14990824629373
1113.2306971342143,376.09855232133987,27.547808518245095,72.86451055612935
1113.4259255258664,376.17336818614734,28.05122710803345,72.14790310575248
1111.8478671950131,374.15196029255014,27.087883890354433,72.45805363334631
1113.5323412481384,378.11396645790205,27.90144931111538,72.14330768084358
1112.8687356791506,377.5582337650782,26.788719534649744,72.91352648283703
1114.7194815931673,377.8192618284579,26.19461389855384,73.33404572637363
1113.8086502601966,376.946619612948,24.899689331078697,73.00723668425496
1112.8556027245613,378.16968489711013,25.569111361474018,72.1468197385781
1112.5449848898259,376.94107970382095,27.30043535339582,69.61944823519678
1110.5711353728054,378.5951387451793,28.275635268201313,68.56264838935395
1112.5665399854881,378.45072135403336,27.68310333633379,67.88743907028055
1112.2020780662126,382.3600096566408,26.181025682225936,69.35752761178875
1112.922564262024,381.4112547509363,25.963252121495604,71.2635104858432
1112.0366676220622,383.5647501607218,24.51141347532333,72.45956455269646
1114.696827672574,381.50543766970276,23.340276969562183,73.1192959042039
1112.0762599959426,382.92308669559344,24.431005533901768,72.0587335062801
1111.1463735295501,382.9352317001697,26.111850608444303,72.99703420030849
1111.9236794136548,383.5772496642079,26.479386203780454,74.30432126885
1110.4750250973434,381.5536236085269,26.974213195907843,72.36989478056336
1111.008886961004,382.4974504267841,27.48754268256267,71.34419249985109
1107.4483767297675,383.5717008878392,27.367910084429923,72.54296943157603
1108.3057593587685,381.01417958973536,28.72610180341228,70.9944329846295
1109.2190740086785,380.98873850096214,28.76705604708568,70.8856417477498
1109.262112445837,385.4893762171184,28.154517435677224,71.93194003028057
1108.7726018395745,384.2930272519184,27.646960790329572,73.9732578920009
1108.2941456368055,388.1083786375291,29.268072105043764,74.37332145335648
1109.7261862168298,385.1673696447712,28.303815261920867,76.89803091195459
1110.1505134214383,387.1563287318178,28.388211268039175,79.04692725029739
1109.126066882489,386.1920169230647,29.03567492219507,78.15526807748424
1111.256020070504,390.1261356436687,28.968245922476818,76.17070823828375
1107.2952460413214,385.52639840831915,30.156948579011654,74.57915421465086
1110.2168768854524,393.3322857775178,30.451490509859475,71.11425380418461
1110.2091852232718,394.9092503388148,30.047153819322993,72.75088215405786
1110.6017278826832,392.27065112655026,29.87579927319611,70.38167987613213
1111.5421292454548,390.0234742371108,27.759327447996032,74.67269677910565
1114.047262982683,399.9061849176962,27.439546567880004,74.79850105963581
1112.0885460242232,396.1690720507985,29.227048865501118,73.64049110513315
1111.1005204701855,397.4946857896848,29.161107528303898,73.58405480666816
1111.7929452522585,398.537100575616,29.320965269985585,75.2021199128205
1112.0687169325215,398.62090409011716,29.297407850650387,76.00895669196262
1112.7819217392507,400.1185995441892,28.37925369199942,79.3739276724906
1113.2857695078524,398.7708875675154,28.175194232353824,80.90387011463395
1112.3643936557526,397.06003040340266,26.171231835044026,80.86213150911252
1111.5268170738966,395.98101860106397,27.467722215170564,79.75289964687828
1112.7066467268244,396.85694167217105,27.706719640603986,79.19581200096434
1112.3263930298374,392.75982283553833,27.93384909978237,78.5171770685264
1109.5887545663281,394.1118807615366,26.94767451044628,78.71013648311279
1107.305720752945,396.3454052002908,25.066150663923338,81.14131402053984
1107.3933837221964,394.1557193800911,26.891156568508286,77.03728722227254
1108.3946592335583,393.4959421152656,27.183263382261828,77.13467611862933
1107.074069506314,394.5202803786235,27.46202151244677,76.50439518467314
1105.5965103220647,387.5241095048073,29.638758984328227,72.4534210052683
1105.6375933539196,393.28627257842334,29.1232762361811,76.2465139551513
1106.102145385337,390.27973502477386,28.477018993206457,77.12231417192712
1106.4890265416116,387.32103416554224,28.352375303584722,78.32709468675492
1105.7165650506208,388.84746998392166,26.767742126710505,81.84106322672599
1108.1541082583378,384.9615106711819,25.82112184602781,82.24929592330935
1103.9709275601776,383.6718889554826,27.283883879491732,80.91299245671843
1105.259872285168,384.09787683445575,27.64092969033738,80.9855485563861
1105.116853919109,379.22339488910166,28.488720803355754,78.8300203105079
1104.7032970745133,385.31078397614795,28.59365529566228,79.59846997898423
1104.0499484807533,383.9824253696561,28.05193913898657,79.25283967958049
1105.728445700948,377.835282378505,26.861820708666205,79.09656106002416
1103.3024862467735,378.5671957652771,27.197331438286533,79.76639354067989
1101.0536760297728,378.559183431358,27.538067828577763,79.85987840748433
1102.7765938799166,376.0106597442887,27.047788809914366,81.31394695221948
1100.832521317608,374.4327111414834,28.27033569621037,80.99139596035553
1099.9609817126452,374.4630920820564,27.508852709336153,81.66844306366596
1098.9092989011644,374.977347056217,26.4590786439744,83.25917897159997
1099.8955097845578,371.7552293805152,26.45108754002305,83.8989949498208
1097.885040841987,372.79501164188525,25.477745766761153,86.69846240771288
1098.0128230293305,368.88602980585733,26.556595960947604,83.07202646136113
1095.5010838107169,370.44813014878326,26.953139497257624,79.98444013215837
1097.2970593063249,369.9835499257281,27.193201353864893,77.51066645420045
1095.6977410011984,372.6582687848765,25.4980977988203,77.68763506654514
1097.6303122476686,371.1131762224932,26.0741299260139,77.59035677331227
1095.6130366607056,371.1770580614253,25.162545651035373,80.35490572016522
1096.4737006297014,370.711080031948,25.688375433109,78.01368033910683
1097.0371232793798,367.9590745279319,26.328126310026512,78.39362029170508
1095.7089623496663,371.50064619687066,24.92040379286687,80.0647072608038
1096.2528999528627,369.7088462090675,25.328764418748953,79.59153048635935
1098.0445167117114,370.43472804049384,25.373196352449643,80.03795971151789
1096.6173296403103,369.28863766298394,24.566994271343678,83.37344678295233
1098.4075045112397,370.20959913967096,24.254618400027866,84.72594385379458
1097.2313614907828,365.98325865073167,25.757460598353,80.54171416975461
1096.3887785462362,368.8617744815572,26.425626641584465,80.01624905828686
1098.7153341195824,367.0456610513873,26.447413720271875,81.92930929162516
1099.0947982095333,369.79954226064893,27.844243915509992,80.1042768347144
1096.6248201009448,372.2206142650201,27.63811193307999,78.83789829642637
1099.2813593269257,371.3199036795534,27.47957189397789,80.217980381375
1101.0619119388787,369.65210780245536,27.154439673589952,82.22718772978175
1102.8229177429741,370.40568419986016,26.629691180727235,81.41262641939221
1103.7419890191934,370.6753395270856,27.087743991539867,81.22554776494258
1107.2270394376885,372.6453887562395,25.893304329605204,82.24954510291727
1108.3123173017525,369.6353080449667,27.31716419489735,79.50895205336008
1110.521869898972,370.8233345611083,28.58700254319086,75.54978461090556
1112.7694868974102,376.2982603698221,27.270793242550884,78.40382223564723
1114.427546529423,377.7627451862195,26.104905087829454,78.95285321616436
1113.8249654602562,373.6861400432122,25.561905857549622,78.25810862974768
1116.533905883698,375.6967543588366,25.558524593430114,77.55693618135095
1116.3459567368582,375.10866433478657,25.26657266063529,77.7108729455466
1117.2814421271983,377.05978001789316,24.874717538796965,76.97303630379295
1117.911356041251,375.4566664666128,24.17909887293984,77.2271694234188
1116.3832410547693,375.6889342939239,24.710049360776814,77.96217445110466
1116.8072145095668,376.2703983311538,22.885604030536534,79.93094538691311
1118.0923093569259,376.2518546102976,22.764446127833196,79.72088942554615
1115.903360309271,376.6392560713284,22.795849834910364,78.61839668016142
1116.4145365810136,378.47897305093227,23.092189590782688,78.71180755901008
1117.2360207083852,376.11651082446633,23.44469052616544,77.90279473543382
1116.6050619281236,377.6014974644678,24.347732020718297,76.24255584344996
1117.0806435615148,377.14398642229327,24.54589565304635,76.16278644859844
1117.427248277918,378.7185231042702,24.224319627597005,77.48861509740979
1115.6319896536877,379.8472307295217,24.530210157947273,76.77878251750178
1117.5325789697586,380.47969657609354,23.922712492763765,79.5056550826561
1116.492147990648,379.63612119746216,23.725784848056676,79.57294453057766
1118.2058330928019,378.3491999258772,23.818480640567422,76.87054762968052
1118.4749137656725,379.44402511151,24.51028665489783,74.52512308969989
1118.1443870084024,380.9317359616825,24.66722993429157,73.80752748838324
1119.1242397939848,380.1483010565484,24.859946002548057,73.93009605034104
1117.8325664916292,379.78706575332853,24.451704237988768,75.91552814210803
1119.3854474678599,379.2469790529405,24.44109755786286,75.95358244209183
1119.1314856664392,379.77186101252414,25.31672455387983,74.838015010601
1119.466955444519,381.5407988319696,24.446271840272345,74.84784706930884
1120.7707039509542,380.3462248935193,24.769055238737515,74.35019916844867
1121.3289281018062,379.95020792876215,24.152194590934396,74.00113053580867
1121.0195236262593,381.21871625189476,24.548911603192163,73.85873798370594
1123.3551193391243,380.5312812950317,24.22983437823548,74.67958849711829
1122.6396116959572,383.17070055932584,23.79735494109569,75.15523018930259
1124.7432483726063,382.1939406650542,23.489005767745564,75.15794058831322
1125.022872278299,381.630115144082,23.32841693964789,75.43816274386135
1124.8037712027824,382.4348086720763,23.689482828465287,73.39994488510501
1126.8778247875948,381.77488779892093,24.64421811645507,72.39253920630424
1127.2202767046645,383.26461236625596,24.227567320517014,72.88860596815411
1127.2372146992464,382.6212693905733,24.088474357364973,72.7802431974254
1127.3346305341252,381.66655797979865,23.652078138090943,73.61608334890036
1129.3118701590404,382.46674443832035,24.432804812973615,72.69653698882851
1126.8357905139387,382.2578032434869,24.11708041057506,73.24800128511814
1129.890352104673,382.38100880465987,23.912387116035823,72.9255921342809
1131.5775407626238,383.56249071935315,23.72102768447373,75.16407527801367
1129.6579012769557,383.28825030682947,24.276883361027995,76.1238342779867
1132.161903226919,382.12935845735126,24.562841277009014,75.99858984463407
1132.7778728692936,381.98588783758515,24.866922314869907,74.72354803682232
1132.1903685947455,382.7726744622949,25.009224682208064,75.3088204930755
1133.105027885907,385.4962293507425,24.020284979394845,77.90544412656803
1135.3184755126408,381.75217355186703,24.272274548014664,76.06314676668666
1136.811497595538,382.4167666684501,23.81923397548838,74.55835767115555
1135.3591489815667,382.45219511599623,25.49259498203603,71.92748068821706
1136.1170696814534,383.0299091156145,25.414650285225477,70.09958486387002
1137.1147337025402,381.3317840397396,25.153260270895665,70.79185572445797
1138.4219440301433,381.781880628597,24.68600222099519,70.61742393454377
1140.3364368147043,383.09059014101115,25.497869587606857,71.35302407991225
1141.492070976503,380.5514321300101,25.331039571647104,69.39654001320648
1141.1015880620632,383.85990835771355,25.624586157454146,69.6723322161743
1142.9627092758267,383.7736251751031,25.493854925692244,70.49649118376009
1142.3900417148884,381.4072793105286,25.98252914028894,69.54431804979447
1145.5820335642686,383.3102539393583,24.36581345326156,70.79669400810604
1146.4788881751304,382.0275079415756,23.04454310592257,71.265257117832
1148.1821786421106,379.83609527692784,22.076090311686414,72.02980709162969
1148.7818860239715,384.1367011105307,22.389247251006758,71.849938114421
1150.0813020603748,385.78850136062977,22.269412503795884,72.61489908656509
1150.5887035633134,382.3410871976073,23.29512972109994,71.59825598221248
1149.5855350759257,384.5185194481588,22.15758015229568,71.71616554608349
1153.2195297461199,385.2800349250141,23.13804577964395,70.73652068270428
1153.4895531433724,386.08117215061475,23.995748905364607,70.7773863648481
1154.4754943561493,386.2490547560644,24.33002985628589,72.62794392490568
1153.7501404290178,386.67592812359044,25.22332839387638,72.54791571515295
1155.0225949393407,387.2587551584714,25.77429886733111,70.61541486212789
1155.2974755234775,388.46019032144926,25.12909887029617,71.7721635059321
1157.1645657082422,387.3907387333034,23.914560375198995,74.78434313874781
1159.631653626083,385.26609749970777,23.373987777161204,75.84310367463365
1159.2306820451004,386.1415260613241,23.864859098097696,76.33780918016441
1159.4071567103404,384.9130159892851,24.189265330157333,76.27601606006891
1157.6338736853886,385.519270819004,25.505322389948038,74.28821523220847
1161.553122460786,386.02655164414944,24.533826342977015,74.62441495065394
1163.1459973471997,379.9667482391675,23.714972020302582,74.73140912363777
1162.4033878758487,384.77993925790156,23.52666909103708,74.6407111308154
1161.864792777675,385.4125301484412,24.441008168208185,73.90470189282595
1164.2959774944093,385.2072412725456,23.930151359913786,76.21040627901024
1163.1964609229242,389.0244079800899,24.379728762508577,76.36032489717715
1165.711221819997,388.2943014893092,24.780716959027558,73.4936679008213
1165.0378955752253,384.45740237696356,26.596534709911644,67.4176197901379
1165.9721021017792,385.8926745677269,26.493188584433852,66.76603992283509
1168.4310979788233,387.9576010792462,24.787993012753255,68.89817906705704
1169.3350843400208,389.0274094066631,24.349868147014483,69.1715533001544
1171.629641463536,387.890952847519,23.804078055239547,70.32132313035098
1171.6826587209962,387.87131838911984,23.19556074900316,71.42333376433578
1174.4861686312117,384.06844381405784,21.985388167134552,73.5501854760731
1176.0545966917857,386.7421232210152,21.824753276214864,72.23951548770393
1177.838314318077,385.7805450665301,21.538175961038554,72.92332599574718
1177.037053020046,387.72332225004817,21.18440446625949,74.20546652236048
1177.8737364273586,384.1879770795512,21.660616970985068,72.29705768320949
1180.527080926725,383.63624536414426,20.729395980352226,76.97377694393789
1178.9619730055156,385.99664481278137,21.522791802001173,77.78848745929969
1179.8882377180398,388.35561361672586,21.954980163110413,79.13307007542782
1181.9913323613312,383.76298717176974,22.415084175333902,79.35380947464509
1183.1264408806705,391.6638224692187,22.89772083445758,79.28098230695605
1182.1656852265958,391.62037850482085,23.90005215968496,77.08780656521355
1181.796533320995,393.65110964700875,24.26832842754225,76.70384867598595
1184.2310227113041,391.4963229653108,24.025431369054207,77.22268172175902
1186.7119184191945,387.17050916603296,24.45129025817971,75.98925052370299
1186.5407434165602,390.4382019723019,25.18256963636795,76.8573271025897
1185.6958211424635,391.64116216794287,25.897335834738012,74.91325487424128
1189.3654149212214,392.2801618845729,25.820504718392435,75.62472800310562
1189.4903482885993,393.49730460082714,25.36340869865844,76.7312793140577
1191.087256582491,395.3390874976789,25.539511599278235,77.65365394057903
1191.6848057234088,398.7682825739253,26.438953058679665,77.34977240155551
1193.6822520626881,388.09288895388426,25.818375909144017,78.57879613694982
1192.8299353434988,400.2435982650112,27.00440124483459,76.03832599288774
1193.9839391652413,401.3466057710515,28.20268247005857,73.33908828150243
1198.4272543916102,400.08316889956694,26.43856128884702,74.78479944066217
1196.8216819777754,402.727278667639,24.6654441548591,76.10827856405278
1197.5484656086753,407.0329844524436,25.693720145550486,79.41625281036609
1199.0984971889068,403.38203476465395,25.718068717504167,80.06060355187802
1201.9152355578926,400.0265012148854,27.37752565978248,76.70476294778872
1200.9069776547076,403.7902609696473,26.734680078999848,76.19895670368214
1202.8333240396637,402.1061149478852,27.51914460292789,74.3091973348175
1201.8473616172685,405.98621703373783,25.496736681102444,77.3827123482921
1203.0504633006394,400.6694916659985,25.82536757424447,77.859964930948
1204.589532965798,404.87155140715663,25.49793894653547,80.02483197042281
1204.206099871068,397.47456989684997,25.620618741813054,78.86178332062553
1204.0471104905482,400.75912206179294,25.688487429349777,80.79654288040842
1205.9971354345005,398.8463466127573,24.392408243647118,81.63188088485123
1205.5789155535356,391.0880042263406,25.3534140865181,80.06135283547724
1204.5924149609596,387.7188148649939,27.054291271119347,75.12492054735485
1204.7999673961112,396.39137619521784,25.412465605798587,75.78334169441959
1205.7350196685932,393.54552196583916,23.85448421694127,77.09457162760306
1206.643957818213,388.75800122825535,24.186636426385764,79.22948369059378
1206.9016891580052,391.3873498841151,24.87962737450827,78.59329070107196
1206.9493983090263,390.1810908706825,25.175804817168576,78.06002711772948
1207.2010942222746,393.0790563650744,25.482582361082017,77.36983933781137
1208.4751639904837,394.48458424287145,25.11086859488894,76.820677833458
1205.9795820138734,393.66128098629895,25.07077900639123,74.23164400107203
1208.2178452986375,392.6966602911091,24.490847477401893,75.47285267323201
1207.3954763182744,394.41305555196647,24.602141189745353,75.8955276882285
1209.0358265424295,388.894897319258,25.030894487319948,76.20764948361824
1209.9484731692373,384.93017011165455,24.013028404272944,77.65202791321101
1209.9593649313042,390.6750659666051,24.053294139807022,75.65054312729242
1212.0684767708367,386.54132291731673,24.169130076609274,77.54133717101905
1208.9452948384742,384.9664549941865,26.023052328716986,74.74313113914141
1210.4540345894864,384.3070014486233,26.302490463820625,74.93277117693128
1210.326206599929,387.5960811356003,24.89248480689806,74.94984832914781
1210.9550866700654,385.7319141275562,25.393873430307593,70.96749517926199
1212.3197702835635,388.06863616213695,24.439443686933473,73.97863029072931
1210.6909623953072,381.89466563722317,24.088078478612346,75.44212533123078
1211.627188651117,387.93763700041666,25.304978785657248,73.77653923446596
1212.0040177422063,384.8259842759682,26.41737456697159,72.19771280294198
1210.9302299727387,383.62322965016494,26.387800685153977,70.56114725376285
1212.5159317003413,384.2873832558375,25.234394422519713,71.89467087667299
1214.499683380485,383.2760884879371,24.2044203229368,75.28119412345605
1211.1982360763975,385.6020702289263,25.376732593710212,73.43033808140362
1213.9072053809725,376.85765456452066,25.153645826217037,74.3675226997215
1214.632286219362,385.18582731554505,25.702002762797086,75.01761030314586
1213.1640464665952,386.9982727870859,27.12456063007061,72.8650944202069
1213.591921092298,382.19130157270433,28.499047345006822,72.02220131690757
1213.0540330242875,387.46444968382036,28.279754884159786,71.95700810972988
1213.5182167190512,383.3296501961387,27.27546001428031,73.92229599826592
1214.9908427230196,381.37021080554587,27.53717700468196,73.51059954072298
1218.5965192645406,380.7939995987429,27.4513266072387,72.24707187058709
1219.3663662785207,383.6071403113096,27.16283544573328,72.37840218712917
1219.0043448513236,385.42835108713814,29.949091651721368,69.59751600320357
1219.2336266766886,387.92688193551214,29.390705256554725,68.02772042332731
1220.246555243751,386.77735101814824,28.65917479939587,67.92596856771456
1220.8585081982624,385.0110572426205,28.87612087195876,66.41112161220013
1222.928756154398,387.0874948328712,29.927343988163123,63.54258284415354
1221.4834501376629,386.14280879617155,28.22374322381744,65.11971784729052
1221.5064918696482,385.0450417166355,26.605497485670384,65.90635613086464
1224.3366219055,379.6211392322947,24.990325715023157,67.10286273540964
1223.4114528690911,381.05529490765645,26.698525690451483,64.99996754354996
1225.795966422051,386.33364899621074,25.108290308696585,65.27030535425078
1224.8475426763798,377.53818448648894,24.289301393372043,67.52526801408601
1225.2593230166417,379.4295703037521,23.323221856895856,71.75087259817727
1224.1910719386992,373.85260560698447,24.354454120336342,73.08793858813814
1223.7625903440585,376.9444918118462,25.2126047085512,75.1185013151424
1222.9799015359154,374.0139205003131,26.186312128464728,76.95241782333291
1221.9663279483188,380.20394482738,25.829192018667463,76.95441988211641
1223.5716316152555,379.0473176866087,28.499696985116735,71.99470007420922
1220.5951231270856,377.60250874057635,26.452397548994742,77.38393634272482
1221.939998877676,376.09212923755126,27.10184863360564,74.30291477455052
1222.2577453110212,370.084792932225,26.355628225343295,76.87371402716843
1221.8804391115152,373.75640970832666,25.885327284512854,79.09824001635387
1219.2417470333603,373.1725271373336,25.678372163135442,78.00963446088875
1219.5188947275747,373.51572489827964,26.530465708770645,77.00492515012365
1220.2839693200106,375.46311739467734,25.12019468302643,76.10702702756922
1217.6595038299602,376.32026080735017,26.190008740691393,72.38790237830405
1218.8927544312023,377.82972772229164,25.89308636085693,71.39749497262883
1220.4232713470917,376.62367617334195,26.36638513432134,69.87739149829902
1217.559578955011,376.4885335967509,26.79351075256703,67.80439558177298
1217.3628374648738,375.26078998071995,27.520949226198972,67.17984635763958
1216.1912625194113,380.14703533781085,27.616271376538258,66.46590862656385
1216.6323615973026,383.8386980788848,27.645657017271066,66.16785216550106
1216.0806159125857,380.3061472749518,28.461974056529087,65.54173133762218
1216.424466811452,385.2466923289739,27.79147755726043,66.91883021846199
1217.6632254019853,377.33211455720965,27.906821852833023,69.87709125676886
1215.3588086396435,375.04632299666207,27.992874972100516,70.52891409982445
1216.8652037595737,370.98399263175884,28.857021102866053,69.52154994650775
1215.4135173665409,370.160552878286,28.539137608108454,70.76646341448318
1215.0551753574975,373.0711300045355,28.078033437066097,73.3442952649037
1214.3818339491213,380.31069053224917,28.722312824251752,71.6004608088877
1218.1058885231594,379.7747202987604,30.393793704241133,72.30001582940122
1215.0009891398074,383.56506589450726,31.331010257255997,71.57057603203486
1217.0036145193483,382.40593297308243,31.034564700555606,72.03074576087722
1216.681515233787,378.1762247103677,31.79567109447023,72.60103302656488
1218.8282205962473,382.5652924856633,31.01628148241993,71.55894332541929
1217.3294440046957,383.2354511453798,31.36144534894961,72.70959161758412
1217.493756864701,377.7524421710882,31.599094714305267,74.26799840940413
1218.0335827662295,377.59073280254415,31.68570571953044,76.67829654009935
1217.0078803607748,376.53022938636684,31.409773139056426,73.63630043522662
1214.692244394859,375.66606109016993,33.8603159053264,70.07261717004462
1216.9655265739773,376.19453052434653,31.42874253326678,72.16581380692595
1218.4097503232167,373.4772049195373,31.659635168238196,70.92312825843882
1217.556810643776,379.44209585673207,31.40497857937975,70.0937991788035
1218.603734558258,383.10380505787873,30.202658882718907,70.4639898505319
1220.5078328757186,383.32520780641516,29.108974671119107,71.16998054101686
1221.1693716437871,380.8193057815124,29.658156374875894,68.34978855129543
1223.5625680130772,382.31780659918934,28.573561677633833,68.31006439675772
1226.8211207510603,383.38224514670446,26.965082260206916,72.00084518539
1225.5015539004235,383.11227202652145,28.83548623220937,69.98765956295664
1223.7250507831288,381.3800992363214,30.93154945622283,69.08849241452997
1225.6341089883435,377.5339956138445,31.026364824996406,70.01247131358733
1226.8270184613846,369.7760272198142,28.841437057728577,73.8793075135313
1226.2420168458007,379.95133981461885,31.144665774064812,69.16827233263054
1226.7517602055104,386.20965375989124,31.234594558535846,66.24242570755703
1230.1161447762559,383.5506847160154,29.08019520572997,68.95167216089308
1231.1574137770065,381.99416669542893,29.74467394962469,69.9296927865575
1233.7292720294986,382.042537891891,30.214455615871543,70.51311635811258
1231.879581038784,388.23995445000736,28.688736705128136,72.7855184772203
1233.1345183130823,380.0182454202208,30.319634675633814,72.6436606770118
1236.443752557443,382.5533631172577,28.455699183335636,74.9295937403714
1237.8002198870356,380.8304966286262,30.97521488943035,73.60695389965039
1240.2140174127155,375.44258687405517,30.309367055832105,75.85333381507226
1242.9700825072077,382.49106761275107,29.159631118670454,74.53031979078906
1248.233571811845,387.64758003432826,30.49839109084003,72.58124459240906
1248.3503825625992,380.1899210376761,32.436352450199095,70.41611621750152
1249.7229508305866,392.9569534557014,32.259552682466264,69.49138296324196
1253.1172769689829,386.2628112937356,31.092002232017734,69.46176139859492
1256.9982096244855,391.48706727859513,28.294537833402885,71.2221868159494
1258.4561939704981,393.5669531816849,29.28197026540139,69.6467549779628
1258.4746489703145,381.74989982137686,29.117452909736798,69.65527869067604
1259.737528269667,388.33794400139277,29.043023856176106,68.49331262122789
1262.3385000167011,396.65224641199666,30.37326431617596,66.60300797326346
1268.9864241559528,415.9629084014766,30.840899159326383,64.35570574246479
1263.5500698655312,401.3880664982146,30.46162627575382,64.2163358189709
1267.405423061985,395.1875870128451,30.040548870643445,64.40176362579051
1271.8534709415944,390.8065277113751,29.331052557782137,64.97510563364438
1276.3234669884923,382.5310554611116,30.27925998991883,63.26695535764318
1275.1639124111819,387.20785176375955,29.280858336804137,61.55774470278059
1273.863731228862,388.57248160735804,27.569011871867886,63.04311485712215
1274.798667742182,379.0011826590979,26.349510538028603,66.197112706702
1278.213187779207,386.8152389491594,28.56119697611075,61.872224871804676
1276.9404680265757,392.89686127081836,28.877024600117956,61.65631909571059
1280.730838955741,390.74384632710496,29.599572694773155,62.6924390289461
1279.590495539985,397.0117026584086,30.830645793237018,61.95286558875314
1279.3561387396064,394.6491609592107,31.242241033767307,62.367211408327975
1279.3199212199054,387.1858751964768,29.94230135823971,67.56323365339597
1280.8937473763779,384.5567267237501,30.833965598538605,67.17620991465563
1281.1942635266175,393.58752329778974,32.50761395054742,66.57455399183957
1282.7530351283453,396.56715788895224,31.93155266775921,68.45132014610233
1278.8067343585005,407.2070566172979,30.616134067066184,69.19674767408374
1286.6423930535916,394.43195809677735,29.86528491080503,71.52212289471977
1286.3814055436258,393.4203217259058,28.452045130561338,72.35255511557914
1290.9248237386316,384.41327704153935,28.705892268156987,72.89413904247499
1287.8668895267801,391.94950376329996,29.993134630998895,70.33603399480067
1286.2285348259836,393.2334335086671,29.7206256351975,70.81088758840707
1285.701103064709,387.31082744925374,29.571577590944386,72.95925344879848
1288.4178050059777,387.1292835302082,31.048412748954675,72.21622938804404
1287.56251012441,386.1261185501137,32.568295877754075,69.22991634823285
1290.5123686317102,384.21840504907334,29.959459034504782,72.74691342082409
1288.804534617426,383.15505286840516,31.39787984899214,72.37687243464345
1286.614467452171,390.3119737211218,32.04070393878846,72.11540572793767
1285.1653040513058,390.6321330493166,34.55534071687396,68.58866134919154
1284.321902993748,379.13187631529615,33.13892291909502,70.88432850725161
1285.4635292651662,384.69827952166736,31.18729361518318,73.46413349869643
1283.2148136564567,391.127576110667,31.504845838524588,73.39880178886098
1277.0246269211395,385.90529105609346,32.92415968185644,71.58775433431842
1271.346543611425,394.14548933206254,33.864343247562694,69.83048954309788
1265.3328914340977,395.4011834879445,33.89577877986685,67.58819633960374
1271.2708730206516,386.3263020246304,38.42920557933294,61.530638388658886
1257.9828129399937,395.1239521456822,35.20472746832603,66.99192037665811
1251.5318110464716,399.4157998422093,34.498671879053845,66.59521238552193
1250.9691521876794,394.9928674810976,34.89320583118645,66.51007101269494
1245.905087690526,386.95255340140204,34.66347391783713,67.07465291749492
1244.9088305817083,387.2431016628676,37.71185278477061,64.13416156605165
1238.8957792589424,402.518138650022,35.28151376939439,65.44729880590045
1235.3598376384357,405.83167663071697,33.13540647585387,65.58940381825423
1234.6129828709907,402.72030979525994,33.913465294387095,64.16779681063593
1236.9823352402052,392.33131059161826,31.58523439256642,67.42764689458454
1234.0203859946953,387.7171484548781,33.563289119716416,65.77588553979058
1233.3551520996602,385.3756322090326,32.027588707688146,71.52649329576657
1238.5409113278986,393.40819406441983,32.39952632085984,69.9712210063239
1238.1127708673118,392.1646924258613,31.407275827604337,70.50295105887267
1237.5867788206951,391.91945804402286,32.64539185035708,68.75025315641157
1230.563595062213,384.505094127887,31.7178014890402,71.72603708366316
1229.7545153246933,387.6775182203712,32.489573713926994,72.74185261192264
1223.9323820273682,388.06229234288065,31.736736999179477,71.42646219725204
1223.1523361899108,378.8775571451025,32.941844158903436,68.45006620850054
1223.3981823589556,386.42862010277304,31.688940235127973,69.66632895495945
1224.3967153731026,396.58703528571925,32.089668727781714,69.44568620552914
1230.1931500066564,388.45596015770224,33.103165290641385,68.85672340329077
1226.7559810796345,395.92397620269315,32.21060850118069,70.20183107043215
1222.24114451342,403.69925529042024,30.737409820290058,69.92599270317389
1228.446937765635,394.6267095009046,30.103867907311123,70.1507032800924
1222.5710459607403,399.98417854544863,29.8818712398992,71.70329963172563
1221.937691250315,406.24169388135056,30.641903715118044,70.66308374233402
1212.9639703943856,421.35610683576425,32.36959303073888,66.06610509588049
1214.5747079469022,402.682887857822,30.89867669304693,68.72234836466266
1207.4110514126965,397.38763787201094,31.29169916631733,68.57898131804978
1213.1226134845288,399.9175605247481,32.1158129776378,66.1689686143951
1218.9830232597787,391.72630282662993,32.83961235115413,64.4418609376106
1217.175728661119,399.34905218785326,32.215805214409684,64.86322417720672
1216.0243154112848,394.6865992813515,33.010208827781085,62.447953368979846
1222.740220333541,378.2864385589356,32.21558969523747,61.534777895614184
1213.5636792634416,398.3195058209508,32.48324005706167,62.02787238614229
1213.1180763776892,405.9844691458279,31.66568557328473,62.5915699552035
1213.7507308730374,408.3918479424373,30.769793387180794,64.06724134751275
1219.6010067103953,431.8214211307639,30.91670131992801,64.18738328415887
1219.9205408830028,432.13356721943745,33.25398783917415,61.41537873651349
1207.3308259278936,412.69810638690075,32.927943600173144,61.66007759545904
1206.1682039372217,399.4691205551144,33.18797433636577,62.32614103063983
1211.9410323408483,408.0898116782197,32.06077097111955,62.943686736665725
1200.1531281330165,398.8159617020741,30.454344355395783,66.06740218202529
1183.4246768618452,382.48503179141596,31.224136169107148,64.20996287372952
1181.7474422948324,380.18264709956895,32.288709256020034,62.498598383965074
1175.677114863786,383.70605581110163,32.64984618431505,61.82478730146865
1175.3886718469244,376.45146905127206,32.54024026971837,61.93283998766941
1188.754068161511,383.2550598355799,33.00477590569728,62.19484605661598
1208.1511652287709,405.19799477346453,31.696233307628027,64.73269187702908
1208.074988691038,410.5122645576213,29.051217731020728,69.29885390454756
1209.590646401789,405.93090789238465,28.399267968815487,72.36191390514404
1183.7305293374698,426.312589305745,30.99925547342898,68.98565907548098
1209.2294873032763,406.59006509752203,29.95680641485607,73.9239574224753
1210.4297843257148,406.63825844234725,29.473883255565568,74.72331614896356
1207.9174402049973,421.50879783941207,30.712651007638858,72.65829167115132
1208.224952917923,419.89395253709705,29.468666441338733,72.56890321156564
1212.7788311601357,407.34038336279247,30.3834959791971,70.88353021229808
1212.0785073926586,430.8302982250734,29.21621391734098,69.39485679082105
1210.5136148795073,420.94155278405765,29.241909197863926,69.32207788613684
1215.9218804875982,415.3197832441034,28.23630727318287,70.12755565486286
1216.9640371481053,413.8094041455534,28.089275304033293,69.14380798088025
1218.438772357813,405.9278651942333,26.660776188958636,71.79486834935763
1217.7813904665811,414.1627309867348,29.47544470819509,69.87613919947964
1219.4105632798721,412.046776104014,29.252564849215325,69.01536248074319
1218.825112376801,410.0543266823856,30.80793217754448,67.35467633287841
1223.967603494365,411.22404851924506,30.9316017962814,67.15819427060714
1224.3769709214218,421.23988678847707,29.852815657610634,67.70760894722119
1224.545588464539,418.79472835162966,27.16176637183628,70.42648823107572
1227.7959434100608,414.9916810652921,29.266582966303417,67.78714939279813
1227.9636352997413,420.80587468144387,28.875541942526795,68.26031199929828
1227.8220540826321,425.612227206968,28.533710595194282,69.53957981064246
1230.8332655781996,422.8932010105121,30.18325231261533,69.03800080978405
1228.8472393489053,426.2796566234017,30.511323881244838,68.54309875068748
1232.6050614947155,416.1627263318386,31.512297101499755,67.37497114659813
1245.0027741995455,412.3737876633677,33.05049522292583,65.58873011757765
1232.6246331118464,422.15174688033767,32.25291767704337,65.47870714140171
1237.5553171462852,419.3790961951763,30.290552518784764,66.88109530466802
1255.4947214537965,408.4878622961623,30.64682157007192,65.85607726195099
1248.2896638010236,417.83889957753274,31.658990465952932,65.00898599628374
1243.515269274679,425.63942644781247,31.317600713808083,65.45029042862795
1250.1955519113105,423.3990741940552,32.23653143502555,64.23511258631235
1244.9531762197278,435.7098775822528,32.66413044016614,63.692630442788705
1251.2852782767582,431.3946890227163,32.00505972782433,64.47681877214862
1257.229387455522,400.7887721359376,30.199531584468467,66.30605757579974
1249.3012753957794,381.3082323869985,32.51399531793432,62.615564488715336
1248.7817650598408,414.71364046247703,31.134084823430634,61.78720768747899
1255.3837488261713,422.1018364435294,31.642568571086265,61.30881001281711
1256.4377879834794,429.31859310021173,31.03227017193666,61.815865099566096
1261.8495855514109,438.435824481019,30.90258207108964,61.60194754621855
1257.3609332763979,447.469762248688,30.90805552163433,60.70633416916135
1263.0512691450772,448.00897299702564,29.571101437569137,60.381523427980575
1266.5314136231602,441.135450419639,29.6625660326507,61.15824308752583
1265.0348006281147,436.7012836060403,31.701562545025357,59.450151159157926
1265.4851263414441,432.51273043007376,31.591554852117106,60.11066104586213
1265.3233299453557,448.25866104346875,31.433715763473728,59.486554412480515
1269.5468383503826,445.7704290678704,31.180621531683578,61.99513372914379
1272.6890526064108,440.01943648151536,31.833698823911654,61.99675769166678
1270.8343044880335,434.0926562841692,33.45758279586518,61.72286126397924
1265.6026242555936,431.35060154499195,34.113186796666255,60.753249780412276
1269.9863358700322,440.14587710473637,34.986492091666236,60.84879589628381
1276.2471413935818,433.38693288603537,34.77570537602502,62.42741490012851
1273.5741509387553,427.30849599977705,34.356649802036614,62.60835465845763
1263.6949531052364,414.2360490854101,32.76028414001031,62.47075567596294
1271.23691070028,420.3512891775096,32.20840462276808,65.0481529177188
1272.4485896561137,421.2885557168435,32.813526277185325,64.40231143024641
1270.2862252570944,415.60988749415526,33.47527203662749,64.60428354615247
1268.7909432119236,409.57063181669383,32.977793559554385,65.29370035680452
1268.3436589942364,411.4221376705923,32.906339075157405,64.89642741639257
1273.4255504240539,421.45779637887506,32.81881605337304,66.36127477174307
1255.2866224775005,432.2037323543417,31.496428336277738,65.5552150651396
1262.074995958463,413.837770476647,31.67114236014116,65.15257659462843
1263.0637774093027,415.3344709927893,30.242364678145684,67.57873252681941
1263.3631771681312,421.7717039334427,31.60446240759211,66.57569820536814
1262.7917240812237,411.8265531644718,31.75795627261909,67.90671540973302
1262.1897595204214,402.43185450603966,32.798174700998615,66.47762057825312
1255.858709577064,374.54099648397636,33.68718841615356,65.28160533903336
1247.874401174154,375.705638936163,35.76389447334259,63.24542640117919
1260.0219345368944,390.774320923079,35.59522135320726,60.7375411920751
1261.2040449448114,370.060951104978,34.55263476680651,59.5686526843539
1232.1460092913603,351.95148818790096,32.69868662749375,61.289777923044625
1235.2470706932413,366.92105776294665,34.155660077192096,58.64051077042127
1229.1292025385687,371.6560614134964,33.415553755024106,59.10503397102117
1248.7058610439228,397.32447401445563,33.14815936804912,59.11362948378893
1261.3122344381086,386.372775753937,32.25622185786113,59.52493837556075
1243.0584258318333,359.66616780289644,34.101795520819245,57.83073216461098
1238.0362415445832,367.0263545627337,33.26745549182079,58.66168096400189
1231.720101594833,361.5768436919688,32.995181842349766,58.718269263216364
1237.402831986432,363.5135093596829,33.45090247695339,58.87655814065805
1235.4976535709347,358.317728616223,33.740203744576434,58.68012302621823
1241.8665416243177,361.3707371940435,33.34707125177498,58.12581385638822
1259.699191964324,385.2344045124354,30.811721236599027,58.936698865048506
1260.0246719562979,401.609311171214,30.797786198188163,60.278684868721236
1258.8273481405097,408.1885421467952,32.270366777950876,59.2313394194838
1252.9425903811061,400.12768360428856,32.24550786082094,59.92240717553619
1256.6898924283248,420.19213382065425,28.33359017260121,62.00815202418261
1256.6270197496049,393.1762770381583,30.57298972739703,60.330860516722176
1257.2507070366385,400.13225586286035,31.463394681777153,59.44895900446437
1257.4096910247,391.0974568704934,31.989718567480587,60.54466959024145
1257.6751278330362,383.3015321228175,31.679038374113482,62.22456887204585
1258.5177675145535,391.15316938375867,32.07970324635434,60.165852218729626
1259.1194929654716,390.837451048903,31.406530796570546,61.2444995706154
1255.261625978368,389.7817222793865,31.99304568195698,59.28218747349867
1255.7062081935399,372.0163172646241,32.38803776228298,59.00424953158691
1257.4661106343108,377.29618340464043,31.102171227219607,61.68510435551284
1255.2886801788472,371.49560370672566,31.760697266282083,61.23004107870888
1254.1263782765761,363.28308094503984,31.267247359451186,62.41880826730094
1257.8753225149972,374.9631355189023,32.204100208384446,63.09981713245272
1254.2895127148197,361.66053376914397,32.712206433434744,64.12759216733562
1256.8905577103617,368.2006887287448,31.15901268203759,69.21102027365356
1256.3439786321446,362.2901414534814,32.64861820388347,67.43879050363307
1257.724658325174,371.3630747275641,31.01855530353611,69.47621947263255
1256.3422434413885,361.81336838160746,30.775671077831433,70.36599786447186
1253.8778450470538,365.1305565137829,31.71460172081207,70.41310355336067
1252.1665281902108,353.67695484517486,33.35061475515611,69.80078923152556
1252.3336080364782,365.96142369592076,34.17403037660644,70.1470346433677
1251.905831307701,355.57473977655127,33.76614029185034,71.32837516413552
1252.4374545518388,349.32562045033586,33.15425659081548,72.27675616853442
1253.6024375775787,356.415786132742,31.020929624778688,76.42036014401415
1257.846430660197,344.21809185662937,32.49226333591956,73.65300656822961
1252.2791175648451,349.2502175645335,31.78050728444133,76.00831276281795
1258.9579641338942,342.77668817385995,32.975748634218746,73.06706805490703
1256.9588970768857,344.2878227840366,33.9028397908766,72.5184875520317
1250.8448280631544,343.1305031891019,32.909894317945046,74.12501916597819
1250.0119737477116,341.69601700014476,33.641194485800796,73.1639046309459
1250.445513946087,353.7138884946977,33.35885250876687,73.37391224249092
1254.6227124079576,343.9737308892009,36.72908718323605,70.02215007314446
1253.431273841574,341.76533284757363,36.01877363763272,69.89528015218283
1253.5873369238216,338.67796783509635,34.271853837677675,70.75869844685216
1248.7777793929306,341.06292034223884,34.53049099031327,69.45270918798411
1253.97084518272,352.5238052250975,34.035463094779026,70.15565696905317
1252.8858632474405,338.20819326506955,33.41314009644528,70.19250878034205
1254.045024422127,346.80931963161476,32.81084501573477,69.6747466412146
1248.9932804208618,333.2473058370588,31.947456908726423,71.82152418778331
1256.3127497848357,342.94166285545094,31.842962321496017,70.10959292826418
1249.0992393107363,334.5261257444087,32.84449487547754,67.58608256603391
1248.4837797206837,330.6200828227937,32.81534995083528,66.30070746372185
1249.865260629728,332.1556065523095,32.91500387814742,64.76870823747502
1251.8416763528346,336.01525891638875,32.12403443916541,65.93433033924167
1251.576292865584,333.5702631236067,30.798159471404595,65.8002467604346
1248.7014049876498,331.78492862331916,30.87296360961873,65.20142656503208
1250.6070190793007,331.4613918249842,30.11841468788274,67.22561134419844
1251.3270058492374,331.72339094745575,30.23316302124632,67.59725921529277
1249.734877787904,333.96360791383916,31.356102048152593,65.77348783807773
1248.382881557118,337.99262487341235,31.823704108108792,63.5809508534976
1250.2238108549718,342.28039570892906,30.318832191946207,65.76245989979921
1244.9763066871135,336.4895034766656,31.259785115537426,64.50061375211891
1245.3457799619712,336.6808731378637,30.712836068506853,65.34972172755842
1246.8946690635973,342.12011329571277,31.16468694198887,65.34546225023186
1245.0087620848562,330.9465672557397,30.04198021665001,68.8202643264276
1241.379019196395,327.7503550238566,29.831588508314425,69.8329603257106
1241.270883356615,341.6034656278971,29.40871721367389,69.17822245124466
1241.340612949406,335.14406603693226,29.0354775405579,67.84823100067213
1241.9156978158405,338.65304606082543,29.833029808788275,66.76383589524634
1237.539643738849,333.69407074714303,29.34096078327753,68.99857456042366
1233.074345405549,328.6782203019465,31.542365177665417,67.1874565875528
1235.0169384293033,333.13756992878274,31.08846315102302,68.3640857640279
1235.1767200148117,335.0559791793706,31.655850923507998,67.6369639207375
1233.2926120524153,329.5882356421104,33.84331139484052,66.50386011705669
1232.9893985802246,322.4163096625623,30.556374138649232,70.40086001786767
1229.8562367279026,323.65313678715734,31.800183080944777,68.03449492252417
1227.6190876222493,325.9263822687392,33.947251091002855,66.03970913608589
1223.6073162884754,328.1500916477332,34.2715360808741,65.47454295776927
1228.36029369579,324.7701768285863,33.93117907191746,66.97946270121494
1223.5467059636842,324.11937214133076,32.114576444275826,67.16475790694564
1223.6997555449184,323.62040857494327,29.8567782808053,67.4303996412229
1185.891706446992,306.2100698377184,31.91409636495561,63.207797459027596
1190.444280555352,310.3351557117814,31.984493288249446,62.90953082309993
1184.5429538262424,293.70892735828915,31.952611331721485,62.64699928899628
1148.7667956731045,258.0550506376869,29.857769207825292,63.87403960869954
1143.161916394053,249.56781018371953,30.024182385680625,62.090730593068216
1135.5924838250032,251.85522243506384,31.14673411392225,59.847346906342686
1138.5769130019557,249.31642089468127,31.16480383266691,59.80873342803505
1144.978449686891,236.86848777466994,30.57152420003774,59.86984856238613
1137.0137610754168,251.31501963054654,31.76525104153034,57.83320212984382
1143.2457446707049,247.87606126997483,31.657243769459065,57.684312811627436
1149.3844785397691,260.042284005778,29.391358017200496,60.55016566222912
1142.256683019761,252.08221139303214,30.23250760962319,58.50865558512146
1147.3803932929823,258.5743000635534,28.67708134816966,59.25621101742747
1148.7925499296116,257.0394331309683,27.928121627518074,59.57722288681124
1144.4283897288785,258.78553329736644,27.81461525272398,59.304227149727716
1137.7036350373085,255.85210622943583,28.20578734627108,58.56103291979345
1118.9881831510115,250.3937494173005,30.731355041597816,55.591026221869555
1080.356157186984,224.346989522278,29.292131113895707,58.42322170679944
1080.3783568721685,225.06585428734564,29.192520265898555,59.43638502165166
1073.9909990674084,221.6936420424613,29.249811782610152,59.41230282791887
1069.5724191526988,226.38502125534546,28.907656487644818,59.34288290907112
1075.4443143843341,222.76472407217113,28.67683213729678,59.98839712895324
1076.4291900280634,224.7809959762984,27.820922933870797,59.927061250261474
1077.5074312547679,222.14324806280032,27.929984853034,59.5077643094707
1077.729838231124,226.3539223464368,27.940226216896622,59.47232370130843
1078.071334740201,223.9933522208611,27.6348380987733,59.668299969026236
1073.9772492409274,225.53083801881016,27.416364541040366,59.57457587175053
1073.6137830610771,225.84595641852562,27.147696562526445,59.76377862653461
1073.8384904769362,223.10930297789963,26.97271927965455,59.67490895403628
1069.9630982842677,223.4150616308865,26.863672209065996,59.72559016919636
1076.8303380849504,216.47993706901738,28.48367547124721,57.19129302718541
1075.622162277306,217.33871206813254,27.91635146450626,57.14328810172675
1029.6303433230917,191.7385816447579,29.774966794750107,58.325471236752946
1023.4263338788676,186.03033449094758,28.9811477544923,59.64713533901058
1026.688786568167,187.457428383766,30.161230889939432,60.318906362139316
1025.1028326443268,189.99287370360108,30.615334036134037,60.63991581627339
1028.2398067916438,192.8740447197293,30.978668955733475,60.72741332984113
1026.4733787921905,191.72490779351463,31.462656926386774,61.14294102746469
1026.3890297525409,191.06573362377367,31.069736150871414,63.13285755928478
1029.1234267749994,191.3922036632005,31.85988790569086,64.10342786946052
1028.1542065318533,185.3942473371969,32.643368703442135,63.546314440430386
1027.9328330110257,190.04757490766949,32.814257676412694,64.0594587116679
1023.0806110177539,189.07655595881346,31.56884285953905,64.87734380282207
1026.5683257703224,187.5099871913397,32.584786523454255,64.55411538969287
1025.4165286746522,187.8754097871759,32.44613573017509,66.05519924546653
1025.3410573005426,188.55297805163394,33.25122279640446,67.42629642069929
1024.8275671186732,186.31583485136804,34.41704800039015,68.27640452258092
1023.9222746203545,185.28121201925615,35.41162409587645,68.87077218874245
1015.238310791928,183.4116684231472,35.4548151385105,68.93354489887388
1021.2956163467019,180.55409015607685,35.135267983166806,69.08883852917103
994.9065670241063,186.85474787677344,34.100748433378094,70.52417374596612
1009.9585579133587,182.23298758397038,35.71268537843315,70.7436509108434
1021.8849734894,183.3161719037985,35.247810183639935,72.37977898870811
1021.5232803603732,180.75837344193343,35.23782566293697,72.31216835227494
1021.601986061127,179.67215579608188,35.489793851600545,71.42663600366647
1021.5075322744799,182.68942917192456,35.085437719517856,72.12782832347933
1020.4883627888197,178.46653504423438,35.40758844173407,71.77242802390437
1023.8177992156665,185.06618899506893,37.07144282275261,71.632774711862
1021.5809943535821,182.52066150023035,37.673294234378325,72.40992210016955
984.8248539813749,192.67909587705995,38.283765384959196,71.66132967520947
1009.5284324532611,181.30012530136662,38.614613977006215,71.55974883327625
