803.5,650.5,30,89
804.0352849652942,650.5360458126473,28.80689979625513,91.63901576388248
805.4514570409646,652.7361726212304,28.686188495725368,93.57663123657875
804.8354218082807,648.7990909447467,29.192228433593627,94.02709675081967
807.3945599388717,652.7538484457326,28.775087749847714,96.21738356818673
808.0292078532237,654.0385926537788,28.812474636751944,98.73652591503344
808.9204772706532,653.6088311034588,28.149669770405346,101.63375644584852
810.7199045836944,651.5281449058705,28.0976101434698,101.51662678236846
810.7969788244365,656.9252161477128,28.502010932431325,104.33502774746967
810.6072201870383,653.6194529080225,29.630766600592235,103.79458927669316
812.2715495940662,657.3502050357263,28.60592432421052,109.94785216459888
812.2841350524975,654.1488064566026,28.94756993775438,110.03663250999462
812.7530781185789,655.4004220447052,29.930290200745088,110.64223664557755
812.8240362563015,655.9462624171892,30.54747852777716,113.66638688412412
812.2538127479582,652.985097774105,30.849245116008653,114.42165827367106
811.8410110795047,657.0170628798264,31.01004119781464,119.01996399746918
813.2796921965623,654.1280110054314,30.330691618444064,120.38816772752443
813.7386924741891,655.8865467680563,30.94109185018445,119.38809675120653
813.4045227658872,655.5383833209942,30.88388845649427,121.26643614448176
814.5004297355126,658.6978796514853,30.56508946889553,123.59923498481754
813.4135511724708,656.1926644116701,30.38636441348425,123.7655001364358
813.2028147103881,657.3792093313573,30.804670073592284,123.02415031984545
814.6144114922705,656.6877647973378,31.03331976992262,122.23846818455081
812.6566771710901,659.7416062661198,30.74516253620814,120.8790958510701
813.8928284973844,662.1839824453485,30.634209328065346,122.46493452623719
813.6988767086461,664.0596001651891,31.42646520424065,123.32941272162357
815.4350414270219,663.6462861607693,31.17247883080539,127.14733589554373
814.1536568876785,661.8192066217704,30.551662326520727,128.8896213355137
815.7011217020508,665.8794220161318,30.50968060660091,129.71000415021678
815.8939941346905,661.767560445805,30.302661056785738,129.0710658021604
815.7825852050804,665.6840709249366,31.022985124236268,130.1866957532286
816.1044783975592,665.2373787223162,30.994990785725232,130.69348446148695
816.4550289355484,661.7939966153959,31.531734697776372,128.228291987147
815.8487328839994,666.0119143638644,31.554595005445144,128.10634688384835
817.5362369358884,667.5429249651587,31.50625898029481,129.1471741609644
817.0797725424798,668.2296858768892,31.55938938857878,129.3016781028979
818.622206369037,669.7916591440113,30.457925111162496,134.05181394575902
818.6443480295983,668.9150914060937,31.525887159884704,132.7851918514945
818.2159726860866,665.2992232370802,31.36865812492205,132.91379852238722
817.6218643933116,672.1555129569294,31.753711199602563,134.43395050790488
817.5160400066408,668.6591231577218,32.72856476872178,134.51458285259696
817.6256757755981,668.0421166179685,32.860712812402674,134.65915491351797
815.9510051779514,667.530728869158,32.77160086028767,134.98656498029996
817.9486122806913,670.1475677485513,32.88132261327824,134.6911021675319
818.4321472842244,668.8574880957219,33.13479429541279,136.93219514035167
817.6912630020234,666.8863720281842,32.61275027952984,139.11597078923393
818.1099773348603,664.9134952758368,33.09871697163794,141.40631816751113
816.8874349810012,660.6410483162156,32.69122536214021,142.8776486734564
819.1926209422626,657.9623801156044,33.19849893907188,140.05037147293842
818.1684947446284,656.2841131096327,32.389362590141836,140.97928836327782
819.3673420828491,653.6351731944006,32.560522756898514,138.40912905796262
818.3629561392484,653.8455721297984,32.85848282014361,136.17447223580749
816.8209633617087,651.4690596067721,33.270312672623206,136.76131949950133
820.0639911758946,648.8068973767007,32.604075143623,136.07129450477015
819.600889746992,652.0293178360276,33.28323308089896,135.95155004642902
819.7703912659925,646.3201930021195,33.144778072942124,141.23088322082722
821.2902325184799,645.8056589455324,31.699931035228378,144.64258725267024
822.8057883775367,644.3718710693202,32.16351370686248,148.1026814429193
822.0307528439878,642.5929526799976,33.596854795092256,143.22882742514713
823.3118220604861,648.0831510702753,34.33362566071612,145.00218751189382
824.0663741001003,649.0443862023353,35.38788359719892,146.7826207010383
825.1769240653892,648.0561216906729,34.94533171915689,147.63290992260093
824.9273640324576,645.1486610103764,36.70344375088432,147.0440423732869
828.0397221065459,648.06277014793,35.75855668217195,146.9835612895197
830.66798170726,650.1376218731175,35.82612105271486,148.75872905128026
831.021062553348,651.2030394754228,35.64758492994747,152.21592348760856
834.1213356976056,657.6323266595695,35.17466671324662,155.6752299793124
836.7495787595872,648.9358801893761,35.95602086318854,155.69113462709916
837.5505137344279,658.0556921929625,36.836034584621935,157.9941248809225
840.6381938927559,656.9529051939188,37.033323779551054,158.52910882706828
844.0546163591503,652.4838487265939,36.36398829823142,156.56162089404688
845.8086762097664,657.8485321810837,36.688273717856774,157.92385713686102
849.9106008336582,647.5843323310412,35.76849643113571,165.24264081056987
852.3254234345278,645.5508825526533,36.50102941372272,160.00345121923863
855.542511688064,643.4480126045377,37.69865666413841,163.98540847078203
858.7870838982824,651.277919607631,36.962023309375994,168.1999525922721
862.3541158755436,650.2330912674906,37.50472270747275,167.78652795825528
865.6558016316988,651.0531114378371,38.72226330635186,164.54300478179186
867.3760858926045,643.7860998697792,39.30987538850823,165.26539313108626
871.6420524755999,663.3700397593143,40.51256186717332,159.44931671633998
876.2101975789432,668.7454068770105,39.402594794465514,159.30054168707386
879.3330260107805,662.8942546582779,39.49017743032783,158.17145569920265
882.0043649033745,666.7658203625876,40.09985791716909,159.51323437010916
883.875025075045,666.5966477663221,40.23221400313808,161.47755505074986
887.108299108975,670.428911356375,40.80581501285302,154.19189894443758
889.1525705048642,674.4100869907339,40.8721033968488,151.76917686930034
892.1166814921052,674.1965952304869,39.20822406720363,154.38850049621414
893.9972326954195,664.5427031954763,39.52449765552061,149.87575570083385
896.9654837065422,674.9301639108136,40.09238590529374,143.2219419682021
899.4310854283812,672.5685290425375,40.003572446281865,142.44324792567156
901.2408465935748,670.1105955987089,40.0713699083928,144.44040835684706
902.8806997405503,673.8929288740479,40.869244129231305,144.54106131824514
903.0622889794406,667.5663738187104,41.1235905510576,143.84785785699603
905.1375430509547,668.9739271570991,40.03825474096145,151.69009451311257
906.7606269249751,666.1910872651437,40.44460064649722,154.3641268404513
908.5978111107243,668.9075201387334,41.253952388689456,155.47075298622502
909.2700532899901,664.3254819917283,41.09196587928403,161.85337548512956
912.2058610491923,657.4648042186602,40.542249539565745,166.84859951130665
912.3765671712574,660.8765463790896,41.430082171211865,171.12971449150473
911.8901864860097,657.0436954889915,43.08182142798671,170.1699861415192
911.4258790260731,649.9789288960214,45.035498460317314,173.87572439775246
913.2331935511191,666.2074606595643,45.92004660065979,175.2762407345682
913.9566659576209,657.8428834307342,47.46982537594246,180.117967939775
913.2113144050456,652.9678319370623,47.56817760198396,189.35426268844952
915.6396971639793,655.3371492715247,48.44101935702989,189.50946852212246
916.4167442688018,643.4143003941753,49.47364289756246,192.49270381177053
914.7068791389809,629.1327843645837,50.36782604128985,199.3983009193857
911.6305863178519,627.6506229993415,52.47853603464209,197.99093940321225
909.9680950250868,618.1233553154458,55.18105952194744,196.47031128582893
911.7672102479978,630.0701937596931,55.0725936655962,196.45269305492843
913.2340526142533,633.5421649814054,56.07108919152408,195.94106937051015
914.2116514733116,631.6564619706602,58.41175011252595,192.6488518195099
913.8162719066346,621.7017880812593,59.31063298794086,195.3011431549821
914.5065057588862,625.2331564396518,57.81186181788121,194.32692981653008
914.3265990671073,627.0412143726625,60.043633717520215,191.69338074133387
917.6220928944542,619.1369369377127,59.359558371507205,190.7672380093742
913.6023354113933,613.2999824326548,63.198504887201636,191.70363889931224
917.6535630364788,610.9189903081773,62.82535209505165,196.51480582457606
919.6074734885801,623.5574343593017,63.71299702526857,195.8326289334063
923.8011604918502,620.6031593281427,62.82568431824818,202.19862905382354
925.8424804273315,613.5873945904441,62.65476172680552,206.6004835567382
923.5710398675345,598.6511497452104,65.47193913265846,210.42959876906946
924.3836496358346,594.0621501521023,68.39903647219668,208.69149214335417
924.7811836471207,593.5147888506003,69.65728806070133,210.6493816390024
925.993921411033,602.9717230208001,73.41210945307995,210.5165168981373
925.2154462252867,593.2987227790501,74.75945640461396,212.26057228265154
929.3540718449722,608.1681558697444,76.39962670860689,206.8582773282075
935.2107498210502,592.8439934280827,76.20813403058895,210.96170835218066
931.4215213118326,579.4446270821278,79.03477360758008,211.8573201834381
938.1835070593077,605.7095621836654,81.48173803606775,211.62868612012142
949.2812702884988,626.4269030900416,79.55830789339858,203.88386452102202
950.7176136909659,616.8276691738729,77.93737796864283,203.71149711374972
951.5806092967308,618.9920244305482,80.41027730375023,198.3967182206756
960.9477078657011,626.3770868804355,78.40226381087244,191.54581045272352
971.8647339765987,635.4617655949205,73.25119560249334,186.86338179960228
981.7222688050085,636.3147572591544,68.7231058318487,184.20341775003837
986.5763627615185,635.011759031084,65.34546418399087,180.5870404459647
996.0084582291408,638.346105262691,60.50985609986357,178.85099564992913
1002.4703949938886,634.1210283025135,58.52168778862763,176.75070962572212
1005.5452595306367,631.5013586895781,56.08556869227651,177.92649768592582
1010.9702942334452,631.9502655216446,56.222964510926786,172.95073307021295
1018.1942736673512,631.207723316984,54.97817385064143,170.90462897401076
1023.1066514042362,629.1024091135275,54.59789615641858,167.18490397596548
1023.3711313356417,603.3182422935811,55.055758437094354,158.9667885321799
1031.0728455704646,611.1274208940183,56.53169315355623,154.93600254293125
1035.475578420594,597.2553359681474,55.41751412429211,159.92557797681792
1040.3944048596852,616.3042593414424,56.68299362283037,155.99528741887028
1045.5650096612005,604.2959062885998,56.94098160097947,151.27681165334695
1052.0701315010044,612.6133044851639,55.92601055984042,154.4368339134839
1055.0861824188453,619.0230638295939,55.84863516133147,152.9718416750806
1057.6028161859422,625.8235004243902,54.76912150843975,155.97818484616286
1058.7740563900331,621.9658027755447,53.96242427426914,155.58876878044265
1061.6002354540246,633.8872783558447,51.52645579532058,156.46147161136264
1062.2194312852284,619.1890604698393,51.90979948686413,159.1689535092455
1062.9881419695184,632.3454167371096,52.038840412137084,157.63525684544078
1062.2064054842642,623.60084490963,53.22058743891935,155.9829737229795
1032.0494115280126,604.9808097071702,63.64419951903836,145.9479471703204
1025.462999084155,613.7128288550454,73.96564326437033,140.19142162342146
1027.90675962381,618.6224178840991,77.21168504446956,140.2931383898851
1037.3096226012922,618.1128011684566,74.75041991047911,144.21689436668208
1036.2900302890343,600.3898561780076,72.21271852355672,150.04160181804977
1021.7963834158901,617.2322152023173,68.84354020952047,157.0656523145342
1004.7136883562945,601.9867835189344,66.85943801462808,160.6748281091099
987.8206921131477,610.8753648332658,67.0418334593199,159.4807750579146
957.1376883288511,606.5120346986585,65.81542311568255,162.50095379447257
905.3892903236057,608.5562603021706,70.96995867397683,153.78526831851195
883.9763749733223,616.161071305276,69.83795787268414,157.25425570887478
829.369373281407,606.8111106832653,73.73928904752388,153.90375626875493
780.6260833893039,600.9062794685293,77.17230706985623,150.67170381771322
744.1112997226489,604.1836457384113,80.64094941006226,147.72776101185394
695.7848772309253,592.0241507125122,81.60125695452362,145.98436001763952
672.1555724708878,605.4709253559076,84.14194803534531,145.44788779224177
649.3363272112856,609.9114657464906,85.07523276965662,145.91350059935135
626.8206747494406,612.2923711237255,86.42050310202812,146.50010553023793
636.8946977493449,622.5581749393316,80.36009470023245,155.6110423149032
597.4020885955129,610.4031999420258,82.80223345367276,154.13296806955356
580.0285562004149,624.2819971758688,88.73157290990848,148.21154541395325
567.3084844846038,620.7752693674739,91.47190219102663,146.52308516495623
557.3596496265413,616.8983367042172,93.24059559959419,147.71039094913237
556.5279443999084,613.1480296390956,95.94202120861215,146.9701723540567
554.1245585749068,619.3794449608126,101.62155437895251,142.44535268221753
587.0440070446934,622.4257834306286,91.7849841827232,152.5528110579739
553.2123702945971,606.7823860490386,97.26077856035704,148.43581281611395
583.6180322653191,632.4043732347031,94.47261579730899,152.09794283531102
580.687220732392,616.1544453109881,87.13336064804741,160.38091186640196
576.8570692253436,608.6774878847712,82.69248502461974,164.14507975941513
578.2896499928627,610.9237345298103,81.41511037364822,164.80179142216392
571.3189801191722,608.9638819240104,85.97169997397205,162.77094187648981
584.7003234762499,616.5652487696948,81.10227845497445,163.90425055823977
585.1940976466464,616.0157027223029,81.9155606754369,162.04057080427992
595.1418471866583,623.0453799231216,78.9613669473289,164.62175174078132
591.7941074155185,615.0000836194421,76.56772122926706,165.91810694225506
589.610052189936,621.1214888080713,76.83545095625172,162.78917787255068
608.0652155108552,625.4916932302696,74.77223568091304,161.21991605696525
610.1995239979893,623.5703458992599,72.06550059772937,161.72477214297004
611.7508411409551,611.4101887144377,69.51159025533259,165.9870853626587
608.6182468694777,606.1838645559774,71.43547411658605,169.60228716161657
609.8546201329393,602.2158177683032,69.62035973694033,171.71186474875637
609.5831130978889,590.1114763536492,70.3821372616631,170.3745306259761
610.9584023739776,585.9322268859021,71.67250485545236,166.86728356024307
613.4077288844333,597.6041446844763,73.39730662791052,168.33260182507826
616.0435868254543,593.5128707885542,72.48913393224508,169.24682203249006
619.7330207004984,593.286728037336,69.95869757345156,171.54838825955443
620.3107501734894,592.5006450053446,70.6240367070833,170.66392649668185
621.6599484468134,590.3659992748296,69.46135691790754,169.79346130825917
620.0908810570222,586.2886582905405,71.11361988324381,168.11283753312398
623.0004787886983,580.4469806645344,71.00934303811277,170.9694657936656
621.9265045048528,574.7640829432902,72.11888288620479,171.6797390721324
620.8552946669377,575.1676302552535,72.3816204960068,174.51862132805948
621.074565565159,580.5015348386771,74.42525802701462,172.7356859855621
622.0733888771601,585.6350676233781,74.33582280807033,167.154354650247
620.529566374203,570.7617888430833,74.44834888636134,168.96739954337727
618.6577411397656,573.0778290249579,75.18475870174431,166.99280379310602
616.46108273274,579.8398915369887,76.54370688929005,160.03289238243082
614.1341069067009,572.2790775440295,76.10484080758866,157.76420682681467
612.1441138635488,568.0992546698478,74.49601808728578,157.27199417372947
610.0866486589092,549.19777200094,74.61948333929828,162.86482479105806
612.5556439856952,549.2279005144694,73.64097361592263,163.63167143849074
612.7419061044646,561.6639352127179,72.096566230304,158.43264326624615
607.2074232434074,562.7680918422991,70.5640578821389,149.34004115411147
609.8700027101771,559.1067463909881,64.93553237303925,145.06127885926037
612.9441931450958,561.7698061318087,63.7862992874974,138.0802285522228
611.4960347848004,560.7349087615668,62.76451044592393,132.87874070991276
609.5923011610932,554.4096372945389,62.05804727789997,129.49105209985873
605.7843278615574,553.3811723392787,59.77649873851416,125.43674924800678
610.3236494885583,548.8460760489453,58.62817071527451,122.41456332760455
612.2391849437662,542.2576839738731,54.65221732690952,120.68847757041101
609.63049844231,541.7851464330893,53.20935720121688,116.32642850548223
613.2204388981794,537.0283344111717,50.14726751306425,117.31771368541604
611.9849183751411,530.3532333690043,49.56674357211726,115.1362423258461
614.2062947029625,530.3431979142119,46.417342630980016,115.38757147718522
618.3246596164385,523.9801508162288,45.33821732807979,117.14678609220648
615.7168241770219,520.5399559651402,44.15993294932319,117.12993919844027
616.1356802526774,516.0157932579125,42.44768020493588,116.26906657215869
614.0203650601768,511.86597544783405,42.522550433109316,113.27634209237355
612.6446295043614,504.9533794751465,40.928686227206384,111.27465230432642
615.3981840690784,502.6680343064136,38.065624109401064,111.42109110849947
614.1821483244486,495.0652331479506,37.72844527836555,110.37849829555535
612.317928194887,494.36576543035744,37.221799713486476,109.23327313225032
614.1682248333217,492.07736239321787,36.498666458517604,110.37564369993693
614.1081162427039,489.5990342248381,36.10306615727004,109.74102669939788
611.9710898305163,483.9698812962707,35.20420888577435,109.89567487144149
612.176805357943,483.0260587588171,34.81729526295723,109.39437910405573
612.0088515438057,478.8932885826727,34.080980441414056,108.51523214398603
610.9003429112868,477.7172855333624,34.774195609965204,107.68655443597524
610.2065496636349,477.0046077222694,35.58757747605536,108.75090000200049
610.1156091351593,476.3280763221905,36.612736098719466,109.65298845912375
608.0517716730533,475.70245199878184,37.707738992021405,108.30428431250247
606.6331055748195,473.6861043966691,38.1082785258846,108.64660780030304
608.0951228447561,472.41038934832767,38.39302082689688,110.01027143740053
605.3090445532428,475.0354668389899,37.435924177346024,109.63545727851916
605.1664318348976,473.082328931618,37.12828922531486,109.33163208274779
604.8492646414525,471.97295130994695,37.433933330540995,108.83321234138077
602.2063621245508,471.0203576688205,38.28296042484051,107.64420990415272
604.5879333086767,470.4655682871476,37.93244871965821,107.4953100154154
601.7330882492889,469.638198319805,36.52045465307547,106.87978526453601
602.5690264004473,467.9090776940299,35.516563477202844,105.91569796494551
603.5289393268989,468.8115482129923,34.60194233503278,107.79078594009292
601.126448307508,468.2404752785928,34.525904567490045,106.97908133239791
601.1780504686416,462.3599723506115,33.812640194476444,106.57368717108224
599.5321835606896,466.77973912752236,33.911830659719485,104.7002599694085
601.3016328127662,465.5421230874679,34.20374099047844,102.33863539455515
603.5885133730629,464.11149380404675,34.26558384875702,102.86814266572586
606.8040482482824,465.1855804920398,34.597870614411406,102.08618095143669
620.4839519917787,459.7578383824626,33.76860597535198,104.89569749485727
639.8843259617722,458.91569399787454,32.88059299038049,106.91675578980792
660.009984458516,459.63564328858865,33.647705487181696,105.39999125031244
688.4309285672258,459.346044221913,32.900399044238306,104.92253411178326
714.7556585725753,456.7508021548065,33.98859425955399,102.96743717531588
752.2906508263414,457.03345641944634,34.636049687293664,102.15489013829593
707.2132174051673,477.88790650479393,36.99870340094712,98.07738896341263
734.5269997484407,469.3344270904446,36.97119106700244,101.05086836059108
763.2468996092681,468.5122682361994,37.08501258418485,101.85957160380318
785.1580467639951,483.2758824103701,40.28968500141421,97.75552381761312
804.5315859029913,464.75033002036673,39.64011954164328,100.04431958548452
819.2267602951763,468.76048579440857,39.459638834301515,100.84462786648821
831.454715635369,473.5670024144282,38.661335518891946,98.8695660150074
840.2232213120009,469.1088492776229,39.37250872632869,98.87089468915197
846.4855358790231,470.70166219510793,38.95974799560841,99.1768974154318
850.7808513824635,476.439454872702,39.2046998866725,95.47114958719422
854.6004220227617,463.19212021103357,39.586477218649364,101.25754771694878
856.3977366029,471.39901848860706,39.74088376244585,101.2676836936979
855.7793532228254,469.0266577468382,40.57407944213004,100.98841633497216
856.2444533691906,470.02928658970427,40.465224507898114,102.27703122283921
857.0898834095761,473.35688235645245,40.44247941260906,100.25370111849189
856.6992246116073,468.47233676576633,40.7390326841262,103.91251948293493
855.6635318466232,472.5631373604968,41.55044501949314,104.75497563027025
855.9995471925091,469.9555353553118,42.29642450933971,105.15917136031615
856.01007801423,468.4619645972929,41.8775232656963,106.52592241670487
854.0683907593784,467.9655565925626,42.56237772811239,107.70158844040299
854.1468662469042,466.123787485525,42.1365330581745,110.33830219420727
853.841388769433,467.06778358250784,43.92432830351471,110.48734563240752
854.4100365944747,465.1317580978056,43.942675431946924,112.81747825727304
855.039164957877,465.649041321143,43.5128407369625,113.44422083258121
855.0855093099825,463.9809396056301,43.36135944235316,116.7499019377129
852.9362137207813,467.73427192337465,44.23273683653531,116.88990207960472
856.0231915850178,465.4439011628283,43.26190676393349,117.19037516499404
857.2950318459008,467.960778479839,42.782283771476855,116.64018063775288
857.507833059201,467.91112331711315,43.19168869508343,118.81206892112803
857.3670303196383,467.2873711305042,43.777574366074035,119.19406645483177
859.717661875208,470.6423001859222,42.955645301700514,120.42715279059752
861.9737024092582,473.9928449641761,43.733035754588045,116.71339326599659
864.0594905863942,472.4694627310096,44.08157723656704,117.87364680606164
864.845032896213,475.98250800681683,45.51772202457278,115.87544961822917
865.7692479124829,482.0154887472057,46.461808457499814,113.06808202840688
866.3063352239164,479.32753915943107,47.030233989032396,112.74388213428313
870.4158346678956,478.9082040667221,46.55701968638938,115.75152187078557
875.5245968515172,476.8277082106328,44.582537812322194,117.74798451914587
879.8208929712337,471.2352969778294,43.49745721062585,124.44438729885564
878.8698855718154,482.9373307025854,45.979779278423145,119.22314549337398
883.844266429749,487.5658332245371,47.00799039453102,117.8116384694506
883.9563281874932,484.7863739898994,48.464107996622445,117.24304253063161
890.4204285321202,497.28549113137234,48.16941481701846,114.43453891850035
892.8216538292844,496.0697541604996,49.45902841721934,113.75086298359417
894.9759557975985,501.76714577797264,49.970678236987865,109.86790910286514
897.023021265643,500.2559492211743,49.86217312730946,112.84873502545136
900.8203112864928,499.52665682605476,49.504689622175796,113.31061331171043
901.4049567557317,498.62457810884246,50.661758006164554,113.42941130979307
905.1688222042858,505.6359037491052,52.722836888890896,111.02897204093034
903.5815077007394,495.0981060058395,53.03131361019949,114.76450495159966
904.2025172609654,496.73959779533385,53.86769103046252,116.8815387341152
908.1352460318817,505.2729855477982,56.687870625017325,113.76088618176973
910.3735343983632,506.68315380790574,58.076555260183625,112.6769267105577
912.4339558949232,500.8557026788962,58.05571163500386,115.60792698111811
913.8828116696018,501.1904040670429,60.08402793482095,115.48255661263562
913.7191903898931,500.7601670438262,60.89702614391856,116.51145504321585
915.9381164500668,495.4571609779581,60.88884414389513,119.61089992411164
919.1537744638304,495.67035479640145,58.41733132489168,120.85799956086757
924.1576135127193,494.33103748764717,56.111454443274084,123.92704925005467
923.8142800406599,492.50115856553543,54.81561409655073,125.22992732033596
924.8404856778695,476.845860603976,53.657769908485506,132.94699851913919
924.9819181471295,489.0589798117678,55.66837879570875,130.8426284485982
928.5074566477854,472.9841703448209,53.92497037546328,136.68907037874493
927.8235369384886,483.07082148841005,55.978642560751084,131.9635904532583
928.4833055233423,485.52158432545275,56.08843537557616,129.6996055660473
928.1352444207076,484.01930988837717,55.44809688855138,128.28555462439266
931.4357078838553,476.63567056825894,54.15935841027158,132.3460077510175
932.7196365556183,480.1784097114944,53.197678800498466,132.49533512990345
928.7773934330737,469.59320891044337,56.82430997590399,132.35732710530817
924.5278677502416,479.3945645667359,60.10901863085118,126.0918747221703
929.6490594311058,477.2348563344435,60.28933232345516,126.08974094081447
928.8249872302138,470.6866170660408,61.614291746667675,127.87273670382376
926.2868053316301,466.7162311192321,62.95609083602341,127.39881279043709
926.9847550773253,465.42346280064845,63.414562798731126,124.72603349116423
927.7447638234579,466.83161139977886,63.12853222426023,121.09526154857451
929.3359542279677,466.45084544702945,62.24077927823993,121.46865815913196
927.9426686851482,459.42762319200915,62.697842777487175,119.5969056626202
927.8648125423341,456.03528314326496,62.62615768843929,117.68249566282626
931.7140930782444,454.80676355768037,61.35816936840007,117.56700385584921
929.5603752948552,454.93367576023013,61.86064671432996,114.35662685579115
931.3450513737178,450.71358353210326,61.43972453992585,111.90981133573948
931.0220258728593,442.91023245135176,62.11387402254492,112.13743110925738
933.7781697094839,442.6438110839159,60.05568695536279,114.13961302200357
931.5850536420239,441.40461315254834,60.18910201774219,111.45448342554599
931.5461841902206,440.77137320916165,61.10125834090168,108.73269167275208
935.9570963453451,437.31923590120107,60.73938395492176,109.4153656247597
935.2975030401974,431.1858594987416,62.72113790453342,111.03831789132323
934.3008786435781,435.97983643232527,62.75885948692388,109.68645572486831
938.9843339368999,432.13815341568113,61.756333880879545,110.75109271389323
936.9516025052609,434.94558639723334,64.4824475873119,106.73651838930851
936.8037141522137,433.9997638054594,64.61283448709229,106.51451793061167
937.1447486556042,436.39780726321794,65.13716659204974,105.08997013287075
936.8197830573354,431.8896183037802,65.6089209965048,106.07067349166796
937.1163652108091,436.39510044330734,66.78558218949306,105.21807299700959
936.5083314509562,435.98388263872545,67.67587645727343,105.46146625682692
936.3271098577794,431.98630790278,67.42879785181222,106.33852524973443
938.527123706056,431.14658101455865,68.36113768952569,103.91758416949259
937.3191716188265,435.8199186420576,66.6639914677269,104.17281074144735
936.834015273344,436.34600156052284,67.4374233057532,103.22919689003791
938.6278958122234,435.51136879691677,66.34214996884074,104.41788961371029
938.6155994229752,436.6075918575949,64.96152996530898,105.08475572946992
940.9285001484984,437.7655582639818,65.74155260770557,106.26235059951406
942.7314615450803,438.9610616842583,64.2915583339689,104.86309232343922
942.2920481085732,439.09851987074484,66.14642300348662,102.14650766030411
942.3839057275281,441.05672230851684,66.56875725960276,100.50067055014576
946.0474703318755,438.88454304644347,65.55936872390077,102.82038881763913
949.3265398880056,439.2456596127121,64.88240506607477,104.20288954070483
947.9786592193927,439.26113399178894,64.30386725925318,102.45312421971876
951.6380482559834,436.30090637713647,63.9296661795606,104.1569856629163
953.4491430304004,436.75573339612924,65.41746678150022,105.68471374126082
954.064563579622,438.5812187308527,69.33527574927638,104.40254382010659
955.7384104700296,438.4501205007893,69.23286518586775,105.4467728298692
957.0912297647313,438.4433055059341,68.77713344789217,104.32698354421652
957.4801516314283,437.414965984634,69.70278183147322,105.61452825818986
962.6873835840704,439.77068730613274,70.21367022116026,103.82289420481382
965.3300916392375,436.9723517884894,69.64249588931878,104.90233652756093
969.4112626915883,436.6085798128854,68.68033310223407,105.8488685431245
973.0146592099887,436.0529185727852,67.86683412559637,107.83069337316317
972.9695310293658,438.26217445262205,69.73876870856789,105.05694197046782
977.0896422631204,436.4528230831338,69.07508557782668,105.2201547340697
982.9653303000388,436.15441350838915,67.77146087733098,106.00343956668705
983.8215186293917,435.9208138519381,69.40396985131288,104.68144927698364
989.1543371312005,436.04351155683463,69.04034075453092,105.25724556231118
994.607562042539,436.5936384538293,67.58380592747656,106.68493275114463
1001.2199190876961,432.4680469354593,63.86561902702039,109.61861826185725
1002.2158097623728,436.7883552502792,65.38215807608412,108.02317115449262
1004.9285687140863,436.1246527191421,66.02718255603654,107.33388007142057
1005.1663879155302,437.11801367732244,67.91384117973871,105.70352682602096
1011.4974611656007,436.1073023931639,69.13061423170157,105.12200155239617
1013.1856247426022,435.78103878417295,69.78745864418676,105.07990286482774
1022.7860344761943,429.7616275140864,69.17942350788412,108.49470796307307
1029.984774574435,434.8095011597945,67.94172741785674,109.66699839759679
1039.564877687391,430.3589617161163,65.3120296304381,112.24552803762688
1040.2857419775362,434.40020919325866,61.437705809406566,113.26792482440067
1053.2267682144677,429.8488968011603,59.46876176409454,113.24713950008905
1055.6771557574555,433.3419380340485,57.39309887250231,112.52351329425144
1053.4860823295821,431.89763977424116,60.37011518686489,111.26191399062714
1056.9148735930237,432.37839936207183,64.89186519075847,109.22800066845457
1053.2691967690992,434.8422098885308,67.3748282436826,110.53990658586625
1060.0460396271437,433.0720146962087,65.2650594261996,114.35783665464136
1066.3295805224311,433.3527707112726,61.32564937201185,120.1949748785978
1069.364063945255,433.47652043233,62.672875162250506,119.63574829367583
1057.1824494463926,444.4902186007721,72.14148715727136,113.99630414554703
1064.1868721322007,443.3699700886661,72.53108899541806,115.82521680453384
1060.7675298460215,447.11045206054484,77.87670277578658,115.65878960228387
1054.8259324632306,450.66207932445116,80.96697993695417,115.91565090356828
1059.5354512186088,455.94205931826986,83.15766989478405,116.46318921410386
1055.140907979671,455.61052351562967,82.52853292217523,119.98128134026027
1057.3375899011055,457.8172363382161,85.62541704886522,121.27461409497674
1060.3202484026476,464.44824275856456,84.70862019004124,123.32738288585398
1055.4578216356033,461.2050062186983,85.9779766691416,126.91411787437468
1063.8924566790342,459.2065813556635,84.27525881982066,131.14413715924184
1055.7868836213524,467.3205745556225,90.44151470432632,129.59808301995432
1049.8622738762128,470.2097020558323,95.09807849714363,128.89285325890387
1048.9420564657858,469.1224002862116,98.7761252857484,129.64104312153262
1047.8444023491418,467.49913066988154,98.58338008871047,133.9723617223571
1048.3262636289846,475.33885562462655,102.96531039461493,131.24050242442001
1048.9418934030227,470.6861122777993,103.35265886925127,133.45980668631674
1049.2486210244124,478.9364020174902,106.48521940173825,130.97843574422518
1046.10497205964,472.4173275224201,106.82848055923114,133.14985708157909
1049.4008705746705,474.7318509064926,107.1097012098596,133.23728112341882
1049.499557928245,475.2460186826894,108.57725261875757,132.62369392503325
1048.7780098361704,473.82494395954143,108.45279391430049,133.9030388792867
1045.715967095538,476.60651518020273,110.21975533039955,132.81861542385982
1045.0146836532144,482.1184585408409,114.09391238203526,128.2343071218132
1042.679568044532,482.1641960812727,115.0271857777536,126.08637422981074
1040.5037848645063,476.56803504483554,112.89614353401291,127.56161835339539
1043.6351562123768,479.0449056051715,111.6733194235373,129.52918383451467
1043.552133940402,479.1004515671402,113.27123587152153,129.97828211342625
1043.9254936858401,477.76670970187547,113.16888566625107,129.4061787871073
1046.1044965507974,482.5105132892433,113.21568010324509,130.38892267148537
1062.5542727218467,473.9380520792236,99.94929555330049,136.73147319714224
1053.5291267638124,481.81634240215715,99.56310164100354,130.91628812871818
1047.4606681633372,481.16669469462863,103.7554321495714,128.7023883722714
1045.2581095256546,479.1084066790385,105.51347716629598,129.40598795336555
1047.1824295159038,477.8757834775241,108.9382253539643,129.1785068604549
1045.1356764048414,475.50735015927955,112.01793604774147,128.61013987969224
1045.9525577089516,479.4120684258247,113.88923831271848,127.38857937396554
1044.5613708090466,478.0587444150891,113.4320188068676,128.86271936289364
1044.7605103480194,476.52639594532917,114.87805473067257,126.73278665961887
1044.5135148098561,477.5570803671356,116.31155292602439,128.11578753471568
1042.7958196428538,475.7474354262019,117.15139441061208,127.87230022212013
1045.7064859544964,480.0503438570387,118.74856391097092,124.76351425450054
1044.8822421408254,473.87206521860935,118.43089798357252,125.42694415320607
1044.5714821767172,479.93157685208246,117.9313074377493,125.38059181364544
1044.781268422768,476.90993263010745,117.1520671113837,125.0420616199884
1046.4249699200438,471.8847200828074,116.75387499066612,124.02789512136096
1044.4774488888008,477.4798288804884,117.51070625960654,121.92278338256139
1043.4770550412582,474.4183510404072,117.90999214550769,120.75234785175306
1042.325603448817,470.80258819274206,118.41927601792287,119.29312180293935
1043.8480479747866,464.50542985221716,117.12781193956421,121.25155376747631
1044.350718385601,462.23658383629504,116.6432378796143,120.71346409136075
1043.5633812556994,458.9487712934457,116.8091537202186,119.2335826325482
1044.0802419123675,452.4043655115525,116.25435288708655,120.96742460605822
1044.1795616634145,448.2355152596414,114.65697552305292,124.3237638066716
1043.963557382845,437.93328260663463,115.7516030201753,126.55859968492399
1043.6477755669139,434.4374992169214,115.7494962781653,128.2507218609009
1043.6306619883212,432.6344281870392,115.77898677163367,127.17745045941714
1046.5674683317468,431.22778140711574,115.97380019288332,125.99911457973703
1052.082827433301,436.10913079273087,111.94907632217243,124.57565270189394
1050.8238376778393,429.12210596782904,112.00154337194482,123.38626398508421
1046.9018611604279,424.07951249708333,113.28043883491863,122.83504357510472
1052.0355229248137,429.61716310932263,111.41014300118923,120.67774840476835
1047.6190372744818,430.21686680536084,113.2636577480875,115.21712211841556
1048.4522401275497,429.0606349109644,113.01413091740751,116.23294005529795
1046.34367230677,428.78175969220774,115.60599529668949,112.9434692189318
1046.1712181759135,427.82330481745277,114.51621438636874,112.73180745128482
1044.647811809853,427.29119017468236,113.10373306026594,112.19814587059483
1046.5099676391692,423.52039279596414,112.72468075516113,114.21878010781315
1047.927720647461,425.5648235210366,114.53067650232441,114.01420870896561
1048.686849996998,423.33419627199464,115.40325092396554,115.12844305818584
1050.5175103551014,424.19536864290126,114.45768204173285,117.76351187191064
1047.419789410315,428.184520527927,116.81716482311401,115.66940753178305
1046.5067583675834,422.3762452273112,117.2887039989725,117.6755384986342
1047.6917222462034,427.17606293971875,117.1155719418619,117.8694241897526
1046.9363160393864,427.28780687948864,117.90820924548146,114.82801480901131
1048.799983926377,431.164051618814,117.32453756067218,112.98211015849242
1048.393872736177,432.50664706424004,118.09997315357258,111.95709771817144
1048.578191938627,431.15877113056945,118.15580561652372,112.91650034185042
1050.0775967206612,428.77595899437847,116.69346070914746,117.22623912158548
1051.1952346164373,431.2026064386955,115.62848219061684,117.86577626540469
1047.9050570980469,430.78671783458805,118.68695455747883,115.84229289236382
1049.0833510001487,434.5695260382938,118.22776427623866,115.73129544642748
1048.7398826834606,434.2451982384547,118.4576085508937,117.09136229885559
1050.9377286598333,431.9574729965071,117.06732773879227,120.78357209909859
1052.2393598706308,432.3501929954624,116.21267104383301,121.79766816106658
1051.1621401874377,431.3373181244887,117.77110841214363,122.99965368382755
1051.5951255114235,432.0606513656312,117.81648953003022,124.50200547757642
1053.3548392852683,432.45354323219675,117.7203105740363,125.96680899067542
1052.4957354591693,435.0799079133529,117.42925730038803,126.3649373001956
1050.8813075395299,439.56494354081894,120.0318150340561,122.97619760077274
1050.6673576844464,434.12651197244315,121.6023733756471,124.10896312850369
1049.4399126913622,440.7931341823264,122.76736213755206,123.2222280326994
1049.9872004744666,441.4079499336284,124.56556153758942,120.94865387987917
1052.773485780334,439.34938140958707,123.85492319787065,122.48498624657947
1052.5234279194365,440.2898137400543,124.35026638413609,122.19921024931236
1050.561659119304,442.288240002776,125.46451141450518,124.49845284280113
1051.24145724899,440.68835726604397,125.95928192588283,126.54153234598755
1051.9320552122904,439.60504651869513,126.6485969004039,128.43228038573636
1051.447076978579,444.0382564442549,127.25099316492901,128.73960327356724
1051.4317202926572,442.4578393282218,126.96591300057025,130.6803918230737
1052.2764517932062,440.12931501495893,127.70998644220333,132.24698362754708
1052.7125086535284,442.03373594862,128.70153546638954,132.18078659817212
1053.8944016397945,444.5905694882615,127.447652266251,131.367438858585
1054.8148410109861,448.36894382717986,128.26394860299666,131.0746866742533
1055.9055283707632,447.5397296289261,128.25986691297297,132.09628890424096
1055.4026745995018,446.4850472022503,129.36927291862494,134.07272766308085
1055.6240786522744,448.290696801537,129.39821929988724,136.43593554740102
1055.629901337973,452.8152897281054,130.80408919926313,135.4684893623539
1055.9445321716382,452.55690015575925,131.52500245635727,132.89329435109823
1058.358865699952,452.1925195116037,131.31138084405106,135.80447320312118
1059.9952928983785,455.96775079557307,129.81359892231077,138.39971405835297
1057.941303762649,455.14143560451146,131.82493889402727,139.83541554665732
1056.9715142430623,458.19547187223986,133.79876113635356,141.0068670827736
1056.012339484764,457.518713944836,130.99988861524255,142.57208011376633
1058.434241762417,462.48624708226475,133.42528144261655,141.09445540196043
1057.9794852392733,467.361951652261,136.16383161332573,139.13703032192885
1057.2882888282013,468.6674899402939,139.9256792193359,138.3780970781982
1060.717072207019,464.4831505252116,137.88116857111734,144.91425056750148
1057.3561369671415,462.6326564179443,134.23628686713724,151.85778048114804
1068.8512837650353,474.3119863011402,129.78994331465526,150.89671977472818
1071.8474112320644,473.0827534596944,126.79080737750328,153.25884535217855
1073.3629997009923,477.09847313253374,128.2492695267853,153.56301449983147
1085.1813438120926,483.050391282098,122.98532377689429,157.5702555190029
1087.6613137870663,483.4941141280471,115.58018213628114,158.15245919455302
1085.8197074371099,487.31852559673655,112.78522053290656,158.49688791393515
1094.8629590982682,490.32607654546393,105.17701347309064,162.65221423390034
1096.0487279765505,490.6357677671176,104.07870736541464,162.6453286226747
1101.4423704940862,491.62163640710867,95.13382979303503,170.4805918525142
1092.5648800875033,494.65211587610594,100.59984605634438,170.75838823352646
1087.292832821569,497.49123666792855,105.46475576063997,171.0103907409923
1084.088380300423,498.63631206836476,114.76030100091279,169.76197296131886
1085.0723326227292,500.9916739052444,120.60246179685201,171.65554713503505
1086.6814316431544,499.65955635966225,123.29096988217682,174.70280453412437
1085.348218698227,497.22472180958425,126.83722899171084,179.12893653178702
1084.3911826092885,501.1750183236197,128.88971819759797,183.8802358193493
1081.6679398816086,501.4672464848119,129.68285668966178,186.26183512758206
1079.1495552086815,502.7261978364097,131.649712595026,188.705645180484
1079.3433864623937,503.26061454602205,132.13568595544564,189.35751587300055
1076.61299017945,502.4956780943978,138.1852670948535,188.63594937538522
1075.834342601345,505.99361629625446,137.78413957633288,189.3642030686761
1092.6610464141077,501.6697358946349,133.38279703669514,192.6261795227382
1088.001318463237,505.98425980663467,133.48582592169393,193.72589016277897
1095.3588051140396,507.55563701012784,131.73409964235228,190.6199142701833
1091.151083325482,506.3081605305483,132.8906455750532,190.26937657581556
1092.9712013127012,502.8024299630157,134.07201971486293,191.82245056984522
1086.8185375019941,502.4123071428165,138.517671467732,190.7388899884401
1088.1365609904096,499.75386301301126,139.99715060370386,194.3005302683561
1085.1780965057014,496.29856789195804,144.1453444639096,195.05025172942112
1082.3514118088606,494.5181235388213,149.0478620213475,196.05390600514323
1082.0611462968814,491.8290075183008,151.2366230112595,197.47726685187752
1080.6910457581407,495.4868948020557,152.48742449485437,201.4313651097838
1077.8180363710185,496.4909048520995,155.61721746974865,202.25564666278672
1079.9535538642826,491.42349384496305,157.6238208144798,203.38272864594353
1077.0477687107264,496.17467473845704,160.41703199433675,202.6112895515057
1077.6648589614679,492.68510854507207,158.87485275744433,205.57849715196687
1077.7881947945855,490.63902295931234,159.53514568311417,208.944085033299
1079.4780099155375,491.7065360744282,160.71263943242397,209.27838487330655
1076.8781944852055,495.13944934848416,162.48608909244433,208.68016270593563
1080.7521185476385,496.5833664714272,162.40042371332805,208.89358720408035
1080.3062372773786,495.6884222015108,163.5635743194344,207.18294591458886
1080.6184659278388,501.09743271243,162.29303506025184,207.97873653792374
1089.156364382778,496.529837010388,156.05302321848484,210.41004851201035
1090.650931729029,497.24638233577093,152.68740033803815,214.1030370515655
1086.8120734567526,497.5500713581336,156.517655222735,215.33361951732934
1086.2464347197329,497.019065490393,157.58403081682877,216.39496319434494
1087.42022715745,505.5362967798746,154.82077725293914,214.2839119234831
1090.0353697960497,501.8699551528519,156.7432883242314,212.63815698300948
1090.3347051707665,504.2173440522257,158.74835491123184,214.8705558276074
1089.1164500135974,507.7065677489139,159.57322696767028,217.86838380746832
1092.703984623577,503.456999326667,156.38778919116157,223.6132439515026
1091.5027686664741,499.51092826600615,156.15444304197047,226.70060978734125
1085.867751273367,506.25428322610844,161.31858240671545,224.3891665707715
1087.6732906997877,504.9871792384771,162.06995493152755,225.36126618684426
1087.8723746644557,502.96026265969795,162.64685128916523,229.50447646790118
1090.2096473163201,502.4228607024446,164.01534738459154,230.67823975875743
1087.8767935530177,502.5110451176653,162.30996660445385,233.79763089531747
1088.286967988349,502.85176301099943,163.4328381062973,235.3164513258837
1089.2598820409494,503.4926130412,164.10285253081605,235.81104401761237
1090.5245473088355,509.2624488824461,164.202861684639,234.04306120155078
1092.060958336056,508.46311047167785,162.59418638505127,236.79754551896713
1098.278746424192,505.1521465473901,159.5560392643549,239.41002483554036
1096.2922979806074,504.70082957864594,158.21031126268036,242.72111405740736
1096.6983148372067,501.43099813654965,158.8656602187202,246.19479384496708
1093.1159998909575,507.5756043594904,159.38405399826803,244.80569070065755
1095.788739184504,506.56400923575796,161.64368695724033,245.44704323454187
1099.6024519955263,512.997124708624,160.01804758770663,244.28856037846964
1097.458747352082,515.4804627007319,158.9234474502876,243.29902042954546
1097.2630587026226,513.9252935428846,160.95571917955058,244.38823443098937
1097.7900099461758,512.7501581213779,158.1450866109119,247.20059965095874
1100.2589816840637,513.9319272723601,158.90635574443985,247.60155655279084
1098.2955367428615,516.1212797897526,158.4312249550058,248.27059979669798
1096.0329109532795,519.3793396666724,160.24155984724462,248.21541815594952
1098.9175258211228,509.82603847362543,159.4973571822528,247.18468558999277
1096.5823592207455,511.71152619838426,157.14562713248085,250.85926360904318
1098.1188100175546,514.1694490040767,159.31070285961516,248.91851275956805
1100.0888640687665,513.8866789750961,158.49499975155265,246.16347136808733
1103.6311344874239,521.0025497888072,153.42712052935684,250.30571885477482
1098.6942377843632,523.2420923675152,149.5431750820202,250.89835322493417
1090.0397427660048,522.3512285214211,154.23870265312235,246.06555671702918
1083.9854155140647,518.4999033141139,152.69056615450947,252.28752081005598
1082.851450755004,518.1569414006724,152.4146103386362,257.6150219266561
1079.6868281487127,518.5225868996621,154.33102696586022,259.7351453849585
1073.4916756360208,517.7317705308226,151.8798068532235,263.1603288398112
1069.972615051557,523.4826568389867,153.00041321635587,264.3290265781746
1067.61803403295,514.4054318740976,154.37348127892946,263.3480733037227
1066.9675517273122,506.6620476445887,156.99984860355553,256.91440418298725
1061.7192080784587,522.6274992731653,155.75257512464177,255.15602725251438
1059.0913421709483,530.1021728107935,154.9692663885972,258.25223885258447
1054.4542945700598,516.0733517370522,152.91106547045092,260.4556910551603
1058.9594693036202,511.1518649255196,155.7122177255417,254.85829894412586
1056.5996666499736,538.4423762940432,154.4406300416113,259.2434689320614
1054.2547208817318,524.0843108274687,150.67542047918974,263.2115014523374
1050.5002516897903,536.1974594741489,149.68747465469474,266.9018427091201
1044.8150437179418,520.6721365987567,150.56878177019192,265.91173516717856
1045.0140823006361,531.5578074164733,153.57696351732744,266.0175962769725
1041.2531723796974,523.5750940914886,154.02106946589115,264.31542558646436
1034.4571053232512,535.1341355926579,150.01287470575573,271.3974265693896
1033.3196715416561,525.1192770943684,150.0517696869783,272.2627826786352
1028.3118299229393,534.4220748519812,148.3649478558326,278.6509120795633
1025.8236609216658,519.3450070139559,146.88357221325674,280.62706645375243
1022.1671026897209,526.3552176867183,146.48084616266704,282.32463758924916
1017.568167253845,533.5810151102913,144.11133443891254,285.746980590893
1015.8615440166011,532.9707525620876,144.15216678238403,289.61780726192984
1011.1774028359703,517.5901033758951,145.2710187924991,286.9160986065789
1003.9906213085445,533.1439558912459,142.96986459553347,290.8267462550844
999.2559891465523,527.9522344759608,142.18148622936988,288.3472857887471
992.5998895819092,547.3244191651556,137.55027008688072,292.64203266093966
985.2794101009706,557.6446386570451,133.5878333753831,295.63266077595574
985.6105306489878,565.9866078613018,131.30945908725653,297.858947458075
976.6745550197437,557.616923965456,127.60293982202042,301.07967266039975
974.4997980373898,608.040971582184,120.33590201217376,286.08734844191633
968.6778987159213,609.2172079424356,116.61381786708334,285.3902881938053
958.4163952286397,619.459495285292,111.26493673888669,286.3060815832754
949.3077069059389,609.093538847923,105.61434505775435,295.51128157346534
946.5637186038675,640.9694850770293,104.8446044036487,290.18092426176094
939.4277668568435,650.5643814321828,101.49868250240998,290.7718089174434
930.8015434446459,651.8419330210561,100.78377462708644,297.39752686100525
921.9674211512186,673.3010935022696,101.05436065928818,293.70085923698014
916.9283401120767,649.4572913095594,98.52758487271431,310.6107173587362
915.4097962325951,652.5859268102928,98.1637191103116,321.02051057992554
910.1384426692509,677.6904140368741,100.54809049081115,323.17420697749094
906.2771093895819,673.6247311210964,99.99395933607536,330.02802700371365
910.6496528897327,693.3547046319193,100.29979218587646,328.1781418566742
911.0835530428404,698.354434215004,102.43472525681975,330.61689432880576
916.0909021111938,725.2878073936179,102.77212328895246,326.12775389114205
925.4998251675328,750.6239012646483,102.80406336335594,319.24889628532566
933.7424894609876,755.4766668617767,103.52162363132965,320.4693182399511
948.873737703459,743.0857799013754,103.81846209856555,320.590831115024
964.3802305580168,769.3272716373938,104.32405924043711,319.32081341717003
980.3618513352369,810.5368388355255,106.8609098409164,309.93575192096904
1006.2602396177477,810.5696866244482,109.29901895788429,301.9641647944205
1026.8767775110123,819.6001068821186,113.85601349384167,287.2009966332008
1054.067129371948,826.4916940795824,114.22628839409052,285.7334901356852
1081.6312140156006,810.5736878665787,114.41659792541762,285.38853337008004
1101.5698040998113,826.8096437214892,114.85111207324121,283.7524808155898
1111.3422260861182,826.849797244574,114.85380372661596,283.7275782450463
1226.8661984548874,725.9669621010868,119.53699901965665,271.1682602393578
1232.0889034817437,730.8694431937347,119.78812418734557,267.2925200003347
1240.985211139334,735.9305679966074,120.01275398172646,264.20843911784453
1246.3382781765972,745.8956474289865,121.09231335807837,258.7548928581586
1247.9945243570362,744.392565784446,121.01765389693695,255.92191138912463
1236.8178408148462,751.0650889525252,120.44576891908699,254.25488482942757
1130.2797294423847,875.791376149643,132.91089717349627,232.20423157810828
1112.589206081834,887.5478329076414,141.62261213216837,213.51569925963204
1103.359594263967,889.6651000542868,142.13865613523402,211.82370768023168
1104.4444870005395,886.6302596477457,143.9510679362137,208.9067597176316
1109.123060553836,886.8817564032491,145.07423497535484,203.68217776362948
1087.9951633505943,894.0254015035207,145.5338369109386,202.19100120597093
1085.8793589403213,896.766518324474,145.95790963865468,200.21090358027774
1068.0276171932692,895.5522349222549,147.59871259229283,196.0314512945621
1058.9961810546047,899.7370209944863,148.08657435215363,194.15195331881944
1059.265786732843,900.1867683186454,148.46260755801825,193.09466230479893
1054.1507669419625,904.544617415954,148.81381381162063,190.20283330402643
1051.033409161666,906.2071167914365,148.575819297007,189.44358599321558
1039.2733344046353,905.6881567623298,148.5405577572481,189.29555491785914
1036.9857396742952,903.2711242930362,148.4618653303093,188.82263371118805
1034.6307947308342,905.1487237425201,148.19875639454176,187.63318364964314
1026.0483001401858,905.8855286488929,148.25819523905648,187.13557629867466
1016.9080896625226,907.917805967099,148.5506915927012,186.5243308249132
1022.4939285719663,911.4648141376716,148.54406788982675,184.05217990511917
1014.1014020952202,912.7172414886622,148.77494702138975,182.83694561165825
1010.4076545343333,911.1813396668182,149.24835885793232,181.9262968087544
1009.6934465782197,914.1419325410491,150.19935020803223,178.15529505425613
1007.1134006850459,917.1487830512742,150.34586561641254,176.35746730341555
1000.7412648208825,918.4587566703626,151.46734018599253,174.89115533638972
1002.036971708262,918.1878910509116,151.48345404150268,174.7318531211396
990.5332630644598,925.6479804788365,155.9462001548335,169.34559161369833
990.0101147198646,926.6597693838736,158.22220191544392,165.24231840140322
990.2515040323988,929.152964335995,159.69145114381766,161.03345100023955
996.6667571252948,933.8828748129702,159.69352055349526,158.3254027440396
981.0396218192477,935.3635445611408,163.5699690896795,154.3374671591807
990.574695006985,934.2464318705752,162.27057979694183,152.66008787146083
1000.0883780325478,935.9345998534877,160.94521704237735,151.07741774597164
995.6161917839146,931.1242847847141,159.14401515061374,150.42044488125967
1148.2684590957851,821.6304744689189,134.80832497230026,173.5236655378078
1157.4969945040045,812.7086053911632,133.25726059757397,174.57444952967845
1161.1944631603124,809.0398928128211,132.16971358109473,175.14526247439747
1170.5326341325315,800.5066524412048,130.62245853733324,174.4678094146594
1177.221072041748,794.4120987837941,130.29979118109924,173.79122702094097
1165.714390207801,803.7825477026487,129.63541515453926,173.70288424369593
1170.0147037088614,812.2851751216243,129.44398459051197,172.79869809450858
1154.6580506165722,814.4018084955202,128.88655645989022,172.9538216532833
1144.999863671034,825.1167628266448,127.19319575965866,174.0342754168227
1169.756961917293,815.5722418978687,127.13893914940881,173.4374076111888
1171.1884706258936,816.7515131525238,127.1419880712484,173.36050759061644
1171.428167261028,818.925826037803,127.12935627657019,173.26641237758255
1144.226961248709,836.1657244010055,124.13824459630231,175.88896488007356
1154.7470938259073,827.3256513903905,123.5100775006152,176.16203935367463
1145.518237223201,832.2403781410692,122.97804515903779,176.42098582436188
1140.513770627197,833.4289031976347,121.86819714651438,176.7587599341961
1165.0148965609603,828.6436227112488,121.97109107775628,176.02883138348233
1141.2101493451307,839.7719373332025,120.87753667090193,176.65403024417256
1140.0985289086261,836.9821033609459,119.01203826834433,177.66314908216782
1148.4209351927566,839.6765619629437,118.61334078248288,177.7779882876503
1154.9610315832135,835.5683782835899,118.17429792160567,177.50736541040007
1161.9611522898692,830.2753550640527,118.14220405248432,177.34170071945812
1154.3466113613708,836.5280874650878,117.77551097585318,176.79952663645213
1160.303793303732,838.5460590865595,117.76748856063118,176.3652099698317
1134.664502269576,857.2045216375885,116.50065396318521,177.17081831044538
1144.7622711740744,843.6795015474172,116.2805893779173,177.08448774224775
1135.531177740669,853.7446437004548,115.83180771220941,177.00275930427097
1142.09195004163,854.1961142410785,115.4367743307087,177.05468862293702
1132.993056646291,868.2199418904077,114.76651224404421,177.70960516392472
1138.8271380499486,866.8951103723493,114.46347077355094,177.96732313496977
1132.9584708850055,869.6271835079751,114.06553415670398,178.36336421439276
1140.5550997028147,866.7171369487783,113.3816749773836,178.80199634204848
1150.8305533240564,845.3297385606672,112.63903902837752,177.70147900571274
1143.3132499660408,853.4025760013692,110.91652825678699,177.4769737827828
1135.2686187650854,865.2878352202571,110.58560245548449,177.67678849621
1127.738163521939,857.5479156305238,110.07820884583084,177.5818824006256
1115.9797251318303,864.8912334444154,109.5266197743068,177.90544176761372
1101.1774764388808,865.8669812548064,109.53865449085197,177.7394616903073
1073.693938969716,858.9975479096624,109.4234261173486,177.76121020762082
1058.70498048456,846.3850777067989,109.35959308015927,177.5026980108329
1143.545308496878,830.1338062672891,108.5301496151131,175.83436378119072
1112.1080462518928,833.025328292143,108.58092276852386,175.14539494495324
1083.3127639005231,839.746837628082,108.4494222719485,175.0504156974303
1055.2792989245925,860.6903326781324,108.1276358029268,174.9709596939461
1035.7905055230165,862.5183441121142,108.12478188355469,174.97130792116056
1006.8038967529145,858.4235110074512,108.02398836252071,174.95472876972903
985.3256446500296,854.5026879372244,108.02544244299845,174.95458621458644
972.5637836966605,852.6954589354754,108.02310629029392,174.9207493213884
964.510281920135,848.8963449384988,108.00920680206609,174.9173474198705
958.4062387286613,847.2974453020253,107.98415506678222,174.90107848166053
951.7369779284314,846.1499605942845,107.95791707321095,174.87067290174062
945.6271200717256,834.4005273386275,107.91364681328342,174.68783403627154
946.1278781261636,829.512840798162,107.8398445316853,174.6142505580206
943.240677152344,829.5353601593581,107.77536899334442,174.5237780174053
941.678218266677,830.1525610261391,107.50007088514992,174.41903048918311
939.2030084537992,826.0397050847316,107.28173267471836,174.15147836139988
939.7786707804098,830.4708954062884,107.23440168649287,174.08705320918793
940.620072642385,830.962554903742,107.21366064396643,174.02333237948736
942.507452894324,832.7083896376033,107.12420835004916,173.74925562816912
942.4387083213824,840.510978284957,107.04908810531985,173.58514108882991
945.4849685502387,849.1360861801738,106.95931980487939,173.4992505315872
940.5119942697528,850.4795483767982,106.98573446361887,173.32729930594144
942.7902501153608,852.5683354549346,106.95527092477627,173.197183325584
944.6913748893973,857.3692786681136,106.89312296146268,173.11485434093495
942.4396212468536,859.4510361457934,106.84679052674632,172.80339990980352
947.6788092138262,858.7926341919821,106.7543182394061,172.66305643305586
944.1117543082,860.23967501687,106.75718034836898,172.5578999747099
944.8668687081728,858.2858490266988,106.7410051730492,172.4468698375623
948.5525623792473,863.0170804464884,106.55710567693862,172.2452755876587
945.1368104403858,859.6393455976921,106.5529903049628,171.7408567155094
950.1156027025532,864.3843863684831,106.08440069657783,171.0973690316587
945.5696130587132,858.0779298639083,105.39773585106956,169.18497835146073
949.1216075015459,862.9378282597812,105.32402937273544,168.96417700386846
948.5616153182038,863.4338757816259,105.20141672511075,168.55180999664745
946.9425130339602,857.6060920004346,105.24100643151202,168.35116703574084
949.1787153839704,860.5787425070205,105.18547705901966,168.25648179752727
947.2043725881763,858.0964156061701,105.20106775399456,168.14203515314816
948.8273871619716,860.8925285021995,105.1889868430108,168.0648385855886
950.6595450986442,866.7489327410037,105.18381547643982,168.03278072123638
950.9850495867274,866.2238871793893,105.17327126532874,167.78464347224565
953.7439741653718,864.6015486341754,105.08763615058756,167.6941834218704
953.1798563746019,862.8631338067032,105.06712758846137,167.6355767258218
950.7766926144976,861.9346162133636,105.07812207978719,167.47470334276557
950.1995799615245,858.6837701988809,105.0916006108131,167.33414629485276
950.087395158328,857.5773281756894,105.09069163655943,167.25965445247297
952.6563759640608,859.7584402707307,105.04461442107862,167.14032659699896
951.9846736005867,862.2409530114909,105.06016094301512,167.0326919404782
955.5587233323897,864.6093720986117,105.02602961357319,166.97359317530726
952.6074697256754,865.1646416385811,105.07873275333543,166.84350305687283
954.8677855498611,863.3400584973675,105.05458378092578,166.7729144480458
954.2018257015172,869.4276620859263,105.0617457612984,166.7505086452222
953.0065520646526,866.7078185910707,105.08160874182278,166.70409333107696
955.1419598597713,863.4856381839273,105.09553170498204,166.640710858444
957.3521653635493,864.8170059001474,105.0433091837734,166.51325728990014
962.3963292746798,868.1102686692204,104.82474934952984,166.29542958942886
961.2151806108487,871.1590560223333,104.80918343151323,166.23909283179805
958.6278656020469,870.8427503792064,104.70499256059735,166.18238923299958
963.8406960295607,869.8932644512815,104.64821038148243,166.13352489908348
960.0973911217019,870.9365488047774,104.54040283947852,166.03737344873971
962.5307203419126,874.604633373359,104.39369250743579,165.8889236110994
958.9310317947194,874.7521181806401,104.26619150684392,165.803672116255
964.9091649585055,876.6049615112732,104.10091389831413,165.8105993208694
963.8688116275791,876.9583205492064,104.06242443408507,165.8172159464148
966.5678127390892,879.6515760696406,103.66604622285095,165.76575709621835
963.9345593559829,883.6983797772439,103.68778485045394,165.7226694668725
963.5429328248633,883.2062147639488,103.39365018718122,165.73532565060484
968.3702290354918,887.8625056460487,103.26792765809233,165.71821058651233
959.1664340402974,888.7022046341787,103.29146416214718,165.696125032807
966.2695183441375,894.546075816642,102.99542378330229,165.91856011007297
967.5332377776112,895.4890444110641,102.83421917078185,165.9635250067744
967.237490516874,899.5038999663788,102.7435010312895,166.05837856698489
965.7522216576546,902.0693926576344,102.50974570345556,166.0410952136679
969.5811220861348,907.2620373725699,102.47266778409623,166.04710833548992
966.9233214543291,908.0864893539323,102.40479396424908,165.90173060376108
969.5899492865976,913.1088695567768,102.3660199997516,165.89492149277984
961.4270753301997,913.3198558789711,102.41902107543228,165.87805869219602
965.3454770376205,918.3129439075938,102.43756540869342,165.79368987775243
959.9680718762559,918.9064676925999,102.54736042656998,165.51785634747904
967.5500795066766,922.0560946824384,102.22467911442992,165.14104675016907
959.7757981121325,923.0397547023776,102.40299760460894,163.03388371680347
969.3056846251209,927.5797672457771,101.61356968334894,161.1610720016324
961.1208125370601,928.199718000227,101.85222222681547,159.39247765291992
954.5979348849727,932.5675228919188,102.5345252348943,157.36394727561665
951.8613187955556,936.6642239842671,103.51660460490619,153.60625444396024
957.5495402210504,939.8636062739947,103.87150797065475,152.0772691565968
958.7946867393932,943.5548957359036,104.72624711415526,149.71169891260826
955.4674194325734,948.4578131148255,105.54025943952199,144.10862852181293
956.5671259571968,951.1250361302217,102.67807657213925,139.1579780974707
956.3488419768579,958.9660274965321,100.92093149143798,133.32441129414005
953.5538044729342,964.2405095773267,100.8928910594225,128.99447056571077
947.8410406756184,969.541787942276,99.2292087363334,122.82118122414467
946.385138437111,973.7614331564312,97.782415252899,117.5597395908848
936.2022666372316,978.8073883709259,98.36721712826316,111.82016113665372
938.2038333134917,984.5545691762734,95.86685508677178,104.54465056800069
939.3618979233819,991.6471007426528,92.4937115989319,97.59815393171446
931.6547991352395,997.1539237870732,84.82574166349565,93.25049409960994
934.5991309981217,1001.0943117992528,76.46947745839087,88.27115925213698
929.993039686187,1006.9492679311127,71.41019527744405,81.4004491621718
927.0452311589871,1013.0992070842268,68.47794759275111,74.79343566963797
927.2414715492862,1018.0549871703862,65.60499184674791,68.97108271666434
927.3397561066473,1025.173244027423,63.885877150637214,62.53912148905583
926.5651042573078,1032.5300383861888,64.31995722131127,56.09732371594285
921.2890121292551,1037.9094395490433,65.11003639714725,50.77053876820784
906.5008292489298,1040.80068396013,65.14522360298966,47.954993589760456
899.4288309380004,1047.0660966369935,65.27403935821064,47.3053511574886
897.5250530564044,1045.4490104675058,65.30637393632054,47.26936523518999
897.8226666761344,1042.7681419378305,65.30852593764708,47.259330399535
899.2995330033283,1040.3753356835964,65.31165550324576,47.25383692396775
899.6595494040898,1037.6817607304724,65.3241498119875,47.229840153727245
897.991586951792,1035.3671560276941,65.32420619719845,47.22884108552627
898.0806767034534,1032.2560781912912,65.31382319196167,47.234607267200566
896.8868654966591,1031.2905586115075,65.30932172387035,47.23553792245556
894.1273015522178,1030.8968504942336,65.29731832010508,47.23941427536101
895.4202925287399,1029.2422894716876,65.2668767902767,47.252875624166094
895.8994447954525,1028.1914711078225,65.24942421232787,47.26792152526453
895.5916651049026,1028.7859679582741,65.21249814843982,47.3003270257374
893.5005464514561,1027.8903022248303,65.19973805693384,47.310002890798415
903.4995710298438,1003.3714297968129,62.90223275057987,48.59971003075416
895.9329852395032,1004.7501046646914,62.55973993805494,48.80533780956321
905.7545443906292,1003.795120745149,62.16937549784182,49.02075840653825
899.1354990128013,1005.5550119597559,61.887271972172634,49.2001562392759
900.2601881130361,1003.7055493830378,61.866088219935044,49.216163982844485
954.6771441142622,974.5325002271386,57.132250731084014,51.58947753608349
957.6965170416357,981.5958316710152,54.04345228134145,53.697742795018016
965.0424672352445,985.0607898486292,52.58889153383828,53.04643623320208
953.1099644396495,997.4006137038791,50.06454086674815,53.22366089021436
954.8774142924902,998.9094326290218,48.5712378442193,53.56866290722138
950.8027537578073,994.9542390155342,47.64481939356295,53.84581481900664
947.078084615481,1002.2851411829507,46.797654710528036,53.968503924074746
959.3627151128479,1002.2130324432364,47.40340216717415,53.3474542837625
981.1447883511562,979.3148551798763,40.7872955238351,61.3247026087798
981.9347506727469,977.9361182510287,37.98018223856298,65.7394483472894
978.5401023428848,966.6722301949507,34.07643578815224,70.4295569939292
982.5478772089034,973.621102507049,29.769949764409148,76.84796541531524
983.4914636135609,969.887433080937,28.134576696881314,78.48683556549511
976.651731532795,957.4512776213207,26.023103613343864,83.9461148174291
976.7102769874115,949.8000936826368,25.807923190736325,83.55426252396717
969.4529870804405,924.6456040785946,25.89450136753284,83.59821644715977
968.3117806160612,940.2101680952835,26.348792137275396,84.5114650737645
968.30597877366,946.6114822005842,25.240346797198555,88.6991381011531
966.5532271204769,939.5757849897005,26.493736222733347,88.00996014458794
960.4130922640883,922.5999256204003,26.06450528800404,89.94970977702863
961.8091283596566,909.9303937802572,25.968535414276516,91.61142670939174
961.0944273934381,920.7325723442759,26.034617134487597,88.81696334921426
955.1838786689749,939.0564654282956,26.332187698339965,87.6793903152184
955.3127035385447,928.4999377915608,25.739823406611094,88.25906124381856
954.2200978464832,902.3202515118944,27.303546263961486,87.94410512472625
938.5463653555555,909.2901700772204,28.359505092062527,86.62374090942448
945.0979497848671,913.9624825200107,28.42457982020219,86.609355025518
952.6755683008537,928.7767741835424,27.09984739266591,88.01456952049583
945.5885262656874,917.7880136550538,27.122079903854154,88.33787648527158
944.3071197133468,906.1371816290006,27.9354858677126,84.6375295708362
945.05406120358,902.6948267996761,29.35452256510927,81.68387250852336
946.4754596180084,891.511032987294,29.315176428002093,80.9231120585991
946.6876505577562,895.5656318269739,29.189821305806323,80.62536086394059
948.140608557723,898.8070036609279,28.221931073754657,81.15240999224349
949.4145940551248,884.6907694827438,27.677311227775903,81.73201158643933
943.6740994452168,898.9466817037048,28.46478629313667,82.6891709081676
937.4517321590188,907.5096198833205,28.217270391532566,83.14814978646638
938.8116638189426,901.6101403376783,28.701035750822427,82.13584240049103
937.5354047201917,908.6682751633671,28.896033959298027,81.04096771912387
944.5179594071313,892.6782507016375,27.022386759856253,84.14573897250335
938.4369928427893,895.5041936543912,28.245312977471322,82.44006112934001
939.7249134753517,901.3410299581137,27.901725877195524,81.60699988436335
932.1515663489541,914.619059772641,27.847998706167665,82.69382751156185
932.8230854130678,937.0446308493023,27.248048008873617,83.70256965114686
932.9682053368022,933.192316337393,29.22126881769947,81.72316655498936
934.4676668349265,909.046579626596,28.963548677706903,82.01877381146974
936.3785549993819,907.421863700027,27.886933230262176,82.15292115176169
937.6290598403682,922.5449517500499,26.55198717694418,84.06732252207773
938.9289896597788,920.4933933202483,26.19390009885481,83.88175804779861
933.1252215790232,913.640287649994,27.740558576773324,82.02017319014323
934.8165825754293,922.6846246145707,27.939658558093846,81.56642532051988
934.8404027075771,905.991107216653,27.101798615430134,82.25872515970839
935.6388574953877,920.9852124528435,25.70918857220963,85.27992360538835
929.926148223414,925.1491462603148,26.402164706527294,83.64178854844867
931.5275380223059,919.5592765947256,26.678652896214707,83.5190642696777
932.2812804911832,927.2458835893709,26.419869683177488,82.95572231376238
933.0987469277595,923.6839063167478,26.72233242522106,81.8968469431983
938.7893354882714,912.5911454979049,26.233616879560966,82.5036297936835
932.4887983401469,937.3012251616198,25.955152588611977,83.93203518393383
933.508392215891,956.4225895875035,24.987848358255903,85.4016615700634
933.632937527911,953.2632877744214,24.847360810188135,85.07612940245889
933.7856866235627,938.328974744734,24.374344114021408,86.79516237504909
934.5354555275554,933.6626559852187,25.131335672763463,85.53802709000259
934.5871158652317,917.4655197740678,25.314911576862485,85.37884587151473
933.2139763000963,908.2933606996113,26.958309206127154,82.27867619433123
933.6015323290052,914.721394951349,27.43172552328835,81.33826509000515
934.4988114655623,902.533717994447,27.667510071407214,80.63855138864511
936.4768384283979,936.7908621257538,26.597442830660917,82.1525739118729
931.7645913563966,953.3369751619662,26.748610467444657,81.94227185814788
931.9250260077943,962.1836815904269,26.095899202804876,86.10093847916491
932.125798064138,961.6535409402551,27.578032273969075,86.06924100692277
932.8011437044858,962.7224350914407,27.307976918509844,86.85806411908453
927.2011031936107,965.1539474980813,27.141393686641077,89.68564256289535
927.7592879717856,960.1929933694585,27.255631538432453,89.26596054943866
929.204847590464,966.17661429775,27.29909375338577,90.23239773948632
929.8935724320025,966.155050416525,27.036178184813046,90.55938381712835
929.5995443854772,965.8591054435926,27.294556514332783,90.19404521232286
929.4893346075493,958.9734767911576,27.610977863994496,91.8260161194834
929.8320095027602,976.4131138558377,29.57198796206567,89.78689241418577
930.7166135004264,968.8912681742136,29.16828815650846,91.25331542909319
930.9897927163004,977.1213188998346,29.229773308263713,91.09704601019232
931.6203130088276,967.2397179676535,29.545034918336526,92.75620743952916
933.0393687405232,970.0361591258522,29.130111755509212,93.76369651239179
934.0066250345491,961.2751307415274,29.632812438391987,94.03205920098011
935.3216777939674,966.1719531669685,28.53233360100853,96.12420146601998
929.3685375528073,977.7107577165717,29.450961040511803,94.38573258846353
928.3438597131667,991.0579202474188,32.474928170631074,92.03059587385602
928.7855801563238,976.9417367812964,32.7083263038219,91.77317430595095
914.6847553945003,1004.7495210692955,38.99620393312854,83.08750793863696
924.5543273877995,995.2152914197313,37.43370759713841,85.58076406450581
922.4861482722689,1005.3392856790055,40.09706983810477,80.22820800247685
921.4478682228337,1006.5883327592248,40.17176505757439,77.96515109257727
923.3708998793825,1007.6311543721326,40.386681014017874,75.86612371633971
922.9671078916269,1008.6059148220492,40.55455512084874,74.10978919212656
924.730969931057,998.2460025943693,38.135865250336906,76.42259259238406
923.9612798705903,979.6538425885133,37.16007167237098,76.85747037158272
917.8138467439898,989.7606970903526,36.843502965495546,77.00305938889272
924.8228354518794,1000.1337599030336,35.943394123379704,78.5026604981928
924.6121616796527,1001.07673440682,35.653083694743344,78.71246729495792
925.4658546560859,1005.6962970660016,36.02081178088917,77.07679943466768
948.2655782050026,985.9294672679428,36.81587933118484,76.43693658722088
949.0762902369017,998.822416508376,38.69407798937201,73.37323643218787
959.1066189254702,1006.330193074432,40.38770550018329,71.76004642402661
972.3479013091652,992.9903356264487,41.635254894571716,69.98402472599979
951.1172365883489,1018.0966389306983,44.628480300595264,66.93903046508763
950.8064644517287,1024.7192707196164,48.743645261724346,62.25191953145777
954.5701443046422,1031.16526914846,51.63804466591559,58.85622558679054
950.0488308983123,1024.7812095219715,52.81998233766793,58.025716450348284
950.448321734967,1030.1390361700726,54.579579224279485,56.40156376658201
957.186938230804,1022.7253162722233,54.09903718987658,57.026965486412465
972.122508420858,1013.9674594982757,52.7062673271009,57.93004257488757
972.0460180228011,1021.3851425771817,52.54280498190547,57.94705059481598
964.9700087702333,1007.8055191306762,51.88378405490878,58.762173253943274
1000.1765351109877,992.757794939354,48.48378191444491,61.015610737356184
1009.3663475799117,994.9060143006199,47.20387239646689,61.483681275727385
1003.1168951152329,1006.1547638619031,47.48552979171064,60.918199446093254
990.3139763477976,1021.9700039175148,50.21648489729977,58.2894632681418
955.2890093126482,1028.72540721677,53.43250195778494,55.366217021099516
966.7702942014855,1035.0510684129717,56.6481692725961,52.51671120162147
974.1763491295824,1009.7990955875646,53.47725668300914,55.3448026842389
960.1867010442799,1021.7975766369509,52.502121059203134,55.840182457486186
968.8144522963705,1016.0506923343727,50.551461551609165,57.13944499302552
997.1534770372119,995.1310796569223,48.19784896929622,59.30361836145125
1010.7271931031369,963.2509158920689,45.56669156643281,62.547880240510764
1004.2979079562797,960.190594858852,43.82056016791785,63.41942753632958
997.2836781517983,957.056245862204,44.73100386434106,63.102014201556216
989.777410561431,965.3849578453315,44.11416261536944,62.17247068405426
989.9594483862122,955.9864207208188,40.56013336075542,65.46091654228056
976.6628855867989,978.0070094626901,39.451715097901456,67.08244777264393
974.6840632220163,988.6454202511289,39.239854012075554,66.90996386532743
960.9936163576594,1002.1346873103898,39.804655731012204,65.02773088892172
953.1503611752971,991.0712113558221,38.47013164554153,67.2155257179077
938.565692400192,1015.4570813188384,37.85822245710895,66.062039484706
931.0809667441334,1022.5151441892133,40.004307242052946,63.21960785449252
920.5666774459108,1008.7072197071919,39.20321924761975,64.66998719616385
913.3696496313939,1003.6214998238551,38.32113077648268,62.90970804844456
915.3590150281899,1014.9017476059671,39.681746750735485,60.99076857637702
909.271197257353,1032.9922158728903,42.7175261692051,56.544163052681085
867.9533806370657,1017.9886961534703,40.642398990751786,58.320820814864035
863.3127766115686,996.3767204318397,37.45491691080539,60.94796800634049
851.4079107317062,1017.0976778469244,36.75850542417807,60.96456011270301
866.5659819211559,1027.6367333336193,38.920522391944615,58.389348944551834
873.6923503262925,1017.0654823536063,39.21988776257287,57.427532484786305
867.3656415684266,1032.8203311421191,40.01276090141636,55.85494839177593
861.8643713635032,1038.6537570456044,40.64647570748615,55.06324029057486
851.9771637580544,1030.479175801234,41.27886428864382,53.78511832340403
857.684581028586,1040.6969549980743,42.09289451020284,51.513807262452396
852.2327052293813,1020.9575623920422,40.61278308398427,52.1466710735415
835.2666144274032,1010.2862264447988,39.85250971257366,52.27885107215793
825.1029441772075,1008.6964281431436,40.55985385586059,50.78505568265369
825.5517818450446,1000.0670295909597,40.14725395390436,50.99604771869734
820.2238476121033,1020.5857623244918,40.1739250291009,50.874219601204324
830.6495316251819,1004.7841585197189,38.794481998762265,52.910598901073605
849.1114203843359,1022.7846001456115,38.83771938756193,52.24081182244189
855.6916534604649,1002.4143319911199,36.27819995377946,55.426685693403044
844.3069982509809,991.919647331227,36.112302613848,55.66513736183979
856.3423742862177,1008.1057955803087,35.728945898256974,55.4779197486982
861.1426021362457,1025.3687093006129,37.05414609180563,53.63978987941769
844.790131403916,1032.5278212565688,37.97458186994274,51.96376221667086
860.105503719844,1035.5327561607482,38.29603667407848,51.16022502703483
862.4650939701405,1039.3432752585272,39.439664564003955,49.553532822123294
856.5024253027498,1030.9091113686925,38.95800332213664,49.453963626994835
856.0525448054264,1037.6205772491678,39.633707644877006,47.79470500279652
861.0578504904207,1031.2963255283612,38.91111752870808,47.659638568967395
845.9542207939543,1029.908887793164,35.70988030502373,49.133015567752075
847.7449220930635,1038.3511289968203,36.49462556122081,46.04449989965643
847.515603664672,1025.7013158080808,35.325096531774726,46.88605136246892
841.6237914551903,1021.4363491105314,35.089229442197684,47.02487291128493
847.3573113538095,1025.1185706997098,34.920179023405616,47.129472027231074
850.3670579404582,1033.1672699172423,34.84350652478664,46.97759345899894
847.8717818594403,1036.4081783889567,34.980641193362885,46.469260940225844
853.2606047145296,1038.8743781007513,35.18490076215472,45.97846077917379
840.156583026855,1040.4395613876136,35.74090255992582,45.00057141530061
835.7405804855929,1025.841456040483,35.64740901633044,44.66194530502513
836.0807049094369,1020.9515002307803,35.23427039008146,44.84340800939209
841.4846955697755,1023.4714056539182,35.14597017965629,44.836599989326444
839.5398950741692,1028.4962624123311,35.070452169280735,44.856196941091675
834.2754339423956,1030.6722550128063,34.927801881873286,44.855915017999045
848.1583140884876,1037.7835919031784,35.086223743832996,44.241937420323
849.1855714429096,1024.2786778950162,33.27706643120406,45.82849254067523
836.732873839768,1037.3808709440411,32.014722541184334,45.270468540908055
841.5530037602368,1023.7474236429115,30.37256501202957,46.591850653739726
840.7431601245178,1018.9389651603246,30.483139751190386,46.388035862145976
835.9175459751168,1023.9714312276376,30.726041983074754,46.29255093736093
816.1024898219788,1020.8561638074539,31.1594956106499,45.82105773661302
826.8078214741154,1037.2590176406306,31.313026632590514,45.27455464034454
827.5832970238982,1023.5141474345642,31.204647637017317,44.904755454026514
832.5755701017357,1010.1880842075236,31.06574199735702,44.823832245195646
857.4917379244336,1000.8120826674212,29.848959491153543,45.51601652313238
857.2157608697719,997.6667813453996,29.440786682719875,45.745179916722456
852.8826915977297,1001.8432785377125,29.450327357852476,45.72805732753595
853.9902197006605,1004.0895661301996,29.459291021251094,45.701204643517734
845.8407891157425,996.5587143844679,28.941650315555105,45.23977736195084
851.5954456709189,994.9849182199187,29.062523658432333,45.13805980680627
856.2314072174463,999.5845067420156,28.794469880141445,45.39653982085975
860.2496001386527,996.7696815691681,28.754275661114807,45.38093199256904
859.801848615879,998.147203856793,28.75932811035594,45.36920789651594
854.8170421685879,1014.3392544614748,29.202328584957243,44.95450575083957
849.5933527001598,1004.8997284728285,29.034488374105575,44.54236600277705
853.0495028641109,1011.6750462405397,28.914282173956202,44.55701393289077
851.6212974538165,1012.8415959984518,28.9213539574414,44.54803953789488
845.9857125568286,1016.7603796986202,28.906870947799128,44.51499495886945
841.5551636141355,1027.0732429393086,28.74998570022756,44.465822484171625
851.0361538628438,1015.6611564827313,27.79529498689726,45.02506019321015
855.5241602703351,1002.8135119651843,27.501725964899133,45.35371043704809
855.9358302615655,1002.8526589681134,26.46813468402335,46.45421717520065
856.0519714018978,997.0279770304098,26.445162632805857,46.4575750286917
846.1305861540674,987.0164050895331,26.57271876654782,46.31691378105483
822.1665494477209,971.348698279814,26.550304291426926,46.72759230023928
833.8176918287099,960.5924070015615,27.083549001954047,47.93213758864712
836.6910021073696,955.883428382843,27.423160185025985,49.00750018632782
831.3787897458284,958.6166118418886,27.982737622474176,48.81462471479707
831.0968216307807,966.1964671244667,28.164060452717447,48.59407357888967
821.6129135457311,966.091941253369,29.423363645560563,47.9622221387241
813.1341815434724,961.9212484333642,29.742898742083675,48.31328553012963
813.9697103648731,963.751549468028,30.185268920877974,48.28016355329419
810.1205666326897,974.5750280480383,31.7925193610779,48.12060913417257
825.6025897341773,977.0165434841023,31.474267128343843,48.31402564847482
852.9513312727339,978.3685746575293,29.945302763528943,49.52943477925845
854.1205891299836,970.3741512029791,30.145726681049922,48.13725850527029
858.8035758479742,956.7780484187962,29.207211533466406,48.222220340720874
859.1690511793043,963.8754850945329,29.107319887223152,47.705686485222564
873.0248044559751,952.482132156712,28.437614925261148,48.88337443367118
887.8094036047297,938.1729591900482,27.459939757701875,48.94865383375762
892.4315246493821,928.3049202151583,27.488745278453344,48.985452169041814
893.339068022488,928.6824241998451,27.359918429187825,48.63188402211144
890.2273951756667,941.7035176994195,27.177926358409536,48.81433805620557
905.2621671518855,934.8706284808961,27.930013037162887,48.32181760906846
906.3696014715032,926.5441120247821,27.925031427539782,48.362654687538694
932.1080841944544,941.771492958776,26.830266634041863,49.783615161798664
933.337043805796,949.0905560883085,26.779662662777632,49.822838194934405
914.4051140684562,944.6188262609656,26.954593507601913,48.80760850172027
918.6809506829383,939.8974990199881,26.988894673043877,49.04068185745628
913.9195236292227,956.5660562180404,28.16751977365849,47.846123453641646
914.2185373435365,941.6188867893482,28.66107226056897,47.139808039147745
908.6989801059148,957.665650319256,28.560002510512444,46.71077752349672
904.2482553802332,963.1169199702963,28.54131130070435,46.51521836744874
913.5817002890534,985.2759953611105,27.65784817383784,46.390389043903475
906.1096924102824,990.2713654365896,27.544838447779355,46.45778679697887
902.363340984706,975.9676636033752,26.54351761598771,47.99703727008728
902.0751559588682,966.4367107895998,27.018979441529925,47.591186313784114
902.1521005737092,960.6988297481736,27.052652995918613,48.14103028030737
910.6641069316845,976.967410689435,27.49768971401655,47.88912079542404
905.6449147872562,963.7235369202089,27.925943284230524,46.89843406547456
909.9711847679265,959.5970365908304,27.81815074768838,46.15368400522678
918.4663907522852,973.7778245844625,28.26175732189618,45.586258555256414
928.3162364300164,970.9372970224815,28.023707856903606,45.36370393372963
928.5304174486851,962.3258340367416,28.231979598421937,44.847649887318205
954.8286758700326,927.0269817091208,25.105339379143043,48.41724876682479
964.4829859297026,908.2178676014886,24.43840082288436,50.026815404021534
967.7306509236242,893.5258173334073,24.957410009392873,51.55905292046626
971.639389624553,895.9378057543729,24.90113362617368,50.851527842898236
970.0904046138414,883.3297929062744,25.422181051338328,51.34342501941041
965.040829544606,881.8464914541948,26.897784792461685,50.87542513867754
964.7984777931877,887.5463247881253,27.038346524017346,52.99127889971281
965.6890895960152,891.7644457236565,25.89904270687322,56.932662008742795
964.7808162478265,892.1827962142953,25.747619333450785,58.956390682912385
959.8322047412314,894.4186585986971,27.230696716763383,57.98573033893177
960.541698457369,892.9406111494081,28.22603968115058,57.4408187578924
959.6615128461207,885.9563492845435,27.397928325288085,59.8434855944849
958.8456971519756,888.0696112610773,29.06227467449183,58.53469535519194
958.5051929862234,890.337603892788,28.322858681133145,61.70057058086981
957.6783678977112,886.6545209305609,28.381179648346,62.448241430205584
957.457857762042,880.9545613249446,28.77088369534141,63.91165238242654
956.6966687198778,886.9368017902268,29.93292310347364,64.02719434904955
954.7844641943434,897.2180409600294,31.935413925962962,62.595935668012906
954.1736865368609,892.6335691366107,31.35140653351626,63.36071560636535
953.5365929622907,906.121558858804,31.291760688547,64.64932063880845
947.3229504118364,928.2053884803421,32.39564759830322,63.8290616137063
946.6600239485234,907.2630961163078,33.72447177359315,63.19467304581494
