546.5,779.5,26,66
546.8265436242629,775.8260031317598,26.107599746611974,66.84089443833366
547.8486930853371,778.4289153987652,24.87278155265212,70.51770515873918
546.1194512239575,775.8093225557055,24.28156831647076,72.81591142572103
547.8881719643397,773.3185026093861,23.564967747871087,74.72790400053333
546.5749705388338,773.6943097763211,23.585523701728643,77.36346630941277
547.1735876711152,772.3047250080258,24.792635525232928,78.38446049083055
545.3280771284892,771.6963893705927,24.403413448990445,79.6837626767919
544.5268665051151,767.2333527920516,24.56111731108368,81.82792519145545
543.2593632305344,766.6488665555225,25.69168946991547,81.04406147837688
544.8199626147776,767.7653963513789,24.635895485203477,82.57754085912714
544.0771220453146,767.5833683585778,25.6005972120051,84.0976411282742
543.8780617689478,767.2912760981651,24.65883034723442,85.145945091307
544.1732032109886,767.4237681945406,25.18653264263417,85.04502532768137
543.3847965593053,765.9613739003535,24.358165957129142,85.76248553915644
544.1845425283586,766.7932820098567,25.625536791740515,85.75755450197222
543.2336126754171,763.1381710474622,26.255865797101446,88.72969955437028
540.9442553226422,764.3121506250499,26.733398240327098,91.60876887980262
542.4302606743071,765.8166501000018,27.900153353718167,93.43451383588766
542.906550783465,761.5004160586776,29.316097680474037,96.63903571303854
539.4641854425165,758.9829322822382,29.1002951050596,98.37272405213885
540.4963427205132,760.1865450760082,29.6575406927878,99.1732083887126
539.825632116979,757.5162503414269,29.32442641089533,99.64587539188321
540.7884624315352,757.5465766327874,28.23750378998769,99.94646059828105
540.4342901037811,753.477013912072,28.462930812397705,101.08457092612869
540.7965414614871,756.2850675318268,29.231517981274806,102.69777970318567
540.8785048664303,755.7887506901882,30.60634471987014,102.56896256349333
540.2777543101138,754.5712165549515,31.302537958247935,101.166008772554
540.0480999326716,756.1023990014912,31.51183627168536,100.2096173470589
539.572618441065,751.601467806319,30.32314667977464,97.79119510165214
540.1745012408468,755.7615456205752,28.823546969411183,97.29119105550558
542.5551206287277,753.9754798150701,28.867128689102657,97.55953820129622
542.5045147175647,753.0727738001801,28.528245940357827,97.12942648513364
542.1871229579975,753.5503469920673,29.13279743623064,96.72907730652288
544.0983478481529,752.4185114471195,27.2174811815553,99.18161552121649
545.0958380447421,750.3355407375134,27.79743736286106,99.34502342505994
545.5248251083929,748.4318514229434,28.6165965795525,98.4951750890496
545.2834009575674,750.2807560267939,28.411307209391488,98.19409416177639
546.7849587356814,747.909072720369,27.360370333674844,99.12562794019513
547.0104629881491,747.4536921830456,27.224162795175783,97.81481959374008
547.375236681716,746.4725179216423,26.105358846425883,98.88376422661634
549.4596280706533,745.122348087775,26.816545745525502,95.44970448077005
550.6354850607376,745.7028062265352,26.13075457254925,96.23211983180472
550.0830642681752,741.2784693736487,28.64710901547891,96.70955485766589
551.2898756988586,743.4165035299055,29.44228123131913,94.16574361207694
552.8098894505056,744.9025543628588,29.78843434065627,93.76609535824257
551.6825640084966,741.1233984519512,29.045333441333057,93.86494280109906
554.3010406541713,742.6236253789184,28.533717232769007,93.68553830129514
554.3064297407686,739.0482428953735,27.717500083158885,93.87533345424924
555.8063519032585,741.9830698499801,28.504345504654914,90.40535353562696
557.0848598373635,744.017289114182,29.218039246479727,88.46609507086828
557.7984851045934,742.3377986087139,29.838845359978464,89.04254489593865
557.9260263962832,743.3411843124549,28.87366756988532,88.78854638707665
558.2371173084074,739.4528731499256,29.92645408502758,88.98036514963312
558.3494974926708,742.440856118447,31.45210923249109,89.2073369680753
560.5226544232565,743.2555475503715,31.71532097714563,90.8300958270834
562.5176311960101,740.7029294425168,31.56071705634232,89.93740273578945
561.2107243005737,738.8344551175478,31.870389004091162,88.05503498437449
560.8787571279748,738.1752323049918,31.625342308180883,88.02701375648005
562.4909897264533,736.7090233118636,31.6902837137618,90.97211740118018
564.49613090638,735.1865575092465,31.87673485195415,92.29623523495836
563.6909832946164,734.777387737679,30.52699555406393,92.84101383626842
567.2243868910145,734.9878705930253,29.63277877755365,94.41460680377779
567.3585229861466,732.1230177010392,31.347542343422774,95.17406266028821
568.2750066724211,734.8542215710677,31.88117779877785,93.61285283236666
569.3560873242089,734.8641726000264,32.934298772561434,92.10372963647622
570.7972937748622,734.3977189719142,32.97076493062427,89.36981525858201
572.2856142983527,734.9573571115095,32.729714019772636,88.2059453033343
573.5294748915147,730.5276046395016,31.625533739789915,88.33252199322459
573.8166262613707,734.627121918738,30.80786022456668,86.34646713312246
577.0611789934305,730.8189513200624,29.260644320957297,86.22600927223476
578.2650031320009,733.1406959894475,29.448075322595216,87.2043227008167
579.6635008045878,731.3812068064781,30.61820800697256,87.93442074209152
581.4270070475864,732.3988567719854,30.037409412281328,87.45250689057326
582.7506725279828,732.1012932482879,30.602798603938332,89.11040409962327
583.5485421773634,729.2973469799377,30.748813177766166,90.3800114271876
583.9626789966928,728.9907870018282,30.17976530039232,88.54506126786814
585.9509541815012,726.8867426197567,29.580029730451635,89.174157242822
586.9772377854646,729.2047611843278,28.92494720445775,88.59547572111106
589.5797590493236,728.4443782882066,29.082213920946877,88.03147453028707
589.975699359647,730.1026862615031,29.266567800033304,85.3891085991142
590.4141828903897,731.3647424168962,28.854604090897688,83.4130448978135
592.8508545567468,731.4438337293018,27.88714414826537,84.18813861123108
595.130537079903,731.6338927370455,27.66239760615486,83.0145149073545
596.8421711584571,733.0850400681743,27.281077013819477,83.9023935467445
598.3372146008056,730.3150483228386,27.526823015766496,85.0283062562456
599.1106793297682,731.5801310639474,28.61736441954484,83.65302723384994
599.6823439923775,732.8220816311156,29.455209778437975,82.59857972010313
602.3050354441707,732.186439927092,28.792027598053945,82.79562042183473
601.8776139070512,729.9396991137871,28.620502530227228,82.69907894592797
603.414212864197,733.085419664616,28.509986050000364,81.43949692116095
605.0655831762809,731.114597791948,28.46220898650877,82.53403923863965
605.1540931915418,731.6268862262671,28.73628788681318,83.1800266932513
608.1426676832754,730.5543517611645,28.69349824145629,82.79295631475145
608.6322918754132,730.169463328996,28.87326617930369,81.1383103161759
609.3096868839776,731.2919041577575,28.299411043816953,82.2620431872684
610.2050935390794,730.3820445239893,29.01220550839897,81.02293281099743
612.9799702536657,728.9779372654552,27.96703680584958,80.12527633012425
614.8234109882836,730.6596724345661,27.28583745145692,79.54869833540764
616.7224904403683,728.2748080110443,26.105112710657636,78.43270018444905
617.5001278225664,730.8538443520596,25.782126802651334,77.28087997380422
620.6120522949228,731.5891459092774,25.66886986391591,76.79802816569006
623.6351273065779,730.8641708084758,24.30067453213431,78.51991626111487
624.1599765384758,730.4872303273082,25.2046383825518,78.97709578648444
627.2389486548781,730.4405349601997,25.150548238275178,79.09458527321952
626.245717325338,729.6800518836714,25.583598133947078,77.89678476033212
629.3267039576281,730.162619996732,26.22076236934778,78.70535658279513
629.54031412597,729.662225131939,26.68337997038926,78.93766815128033
631.4659208668938,725.0315805903903,25.660233426526947,80.18534536087367
634.3763803485011,726.8101145212688,25.58152156157302,80.76019923062188
635.5211714750039,724.3302706178596,24.86444901525391,81.96923243466985
637.1925468054202,725.3050516341249,24.601867919279403,80.87372685619124
638.2918931792154,725.5274330918062,24.751535920699524,80.24435412610788
640.225144036817,725.035995990259,23.923723200222078,79.25277968123402
640.6705408463298,727.336181193688,24.240423583659265,76.9210595215979
640.8360294957603,727.4445787913486,24.253611788622987,76.32876464239675
642.9106327385895,725.1475804439899,22.9037632992789,76.96312493264544
642.4826153042993,727.109683157443,22.493469020993302,77.05040771913707
642.3116391918279,726.6433644694838,22.536133561529898,76.30408893388537
641.0421672000139,727.0989361243542,22.612186385214272,75.38938017186224
640.5143879462155,727.4259920188808,23.25589558130528,73.76336572449071
639.642059247092,725.7614081854424,24.00522221896712,72.3489336877109
639.5777304093388,726.945639873432,24.275635802262478,72.19416261850625
639.2808632515602,727.2584349022135,23.600299211408185,71.97364344495426
638.1029101254617,728.0706030083901,23.529236358925374,72.34129395552768
638.5077356598919,726.9659692519538,23.84117023477249,72.2321786495643
637.3865630149123,726.6430232165193,23.420881850331064,72.7943024919679
634.9706629857822,725.5616744197936,23.678619841441442,72.37819210290402
633.9170236247583,724.9210424174305,23.65884559148602,72.34666536161899
632.8711506367089,725.0006169228677,23.782537868121587,72.1691727994945
631.3830396264729,724.1266081444777,23.00170845740519,72.1652749815778
630.4085352118182,724.2833624661232,22.23674813829478,72.51908291331529
628.4810339980819,722.9649982796112,22.135176618174814,71.94159066235021
630.1608541993734,721.7709714791374,20.867387050456088,73.74474905531679
628.3487446156838,721.4716642635703,20.186170634713154,74.7501779518332
628.3683556996687,721.6845721459915,20.771375773890448,74.65157965831659
626.6478478389612,721.7503252170208,20.916456109195686,74.34055642372965
625.1973710050128,721.1012499958401,20.908098444615955,74.82016004505448
624.192657168212,719.6077822958405,21.33573279984352,74.00310204741626
623.925893657517,719.8243014436011,21.23287104162484,74.40196658179784
622.4710813825551,718.9996210987925,21.319649978254557,73.85023420626732
621.0761967817825,718.9498929281003,21.660369055291078,73.69780204205696
621.7834102598758,719.1042925565769,21.135640062016513,73.08883638977927
619.6098084199323,719.4208384798968,20.43131249581361,73.05712806314143
619.1275099843066,719.6379202119026,21.295303463540037,72.82209483504018
617.4508478539624,717.0626819603057,21.035205804975075,72.81590582585868
616.4080482971187,717.927606747397,21.213655222416705,73.61212831316853
615.0145522171877,717.172523066522,21.114250021688143,72.67274257840624
613.4786386057614,717.5215394840097,21.5595099222847,71.47591059202423
612.9137198173125,717.5894276755758,21.433533340125045,71.03746196138857
611.0016052721554,717.2510429034422,20.530605077818194,72.14977879434191
611.9421367258308,716.6793661192366,20.857206727128613,72.93612967609616
610.6175919783162,716.7815939428668,21.10996825541988,72.15683349296705
608.519835998906,715.8219330807394,21.74722352633278,72.58053669000437
607.5475648059715,716.0586909135011,22.24829486966656,71.02046887878137
605.9049362474294,715.3205718892896,22.45359954160723,71.62430153895605
604.6091683221755,716.2151199736078,22.98247970453507,69.38092598812963
603.8365990186605,716.457097858565,22.923576619122414,68.2605379351206
603.6429809089902,715.9192625978402,22.989262793226757,68.37786561653056
602.1222474742065,715.1826021608314,22.9291395530254,67.7958863813431
600.2995780989528,714.6606990623249,23.11182791634645,68.09224016642929
599.2763301113489,713.0897170810556,23.87264442370008,67.81745665711945
597.9835739759642,713.8888115694215,22.82026677804599,67.29522621338697
596.9856611700222,712.9444528978419,23.939721934569455,66.17314766696546
595.2624951759204,712.2889253655094,23.24788571092331,67.29418753557687
594.5863360572833,712.7271492153614,22.496802011479637,68.33835017135067
594.3843943926072,711.765666424277,22.511864457997007,69.43017584606035
592.3515811357825,709.8846263261229,22.136103293703528,70.53854717869936
590.6632711192647,707.519632195524,21.580923630381992,70.5760099646281
590.3599720565527,707.1020501214496,22.29967848252437,71.0095692661586
588.3103939887042,707.7611713230629,21.459057544941466,71.4114974947058
587.7369006554286,708.2447875423591,21.991335326152967,71.08882876025197
586.9985334370841,707.7360088750181,22.84809557362037,69.93750191332002
585.475140507791,707.088339426483,23.13488802986064,70.08749911176992
583.0694197842603,704.8340640337991,23.820094941242687,70.49160004663014
582.1894387579329,704.574192832215,24.830153545795326,70.13357882174677
581.6192064266376,705.7697080074918,24.69734108821906,68.88386961402033
580.4216380662791,705.12282061984,25.49226415887268,69.14578314325135
578.2391333513975,704.5481929845638,26.31041619892289,68.5932755432796
576.8218121054069,704.8198732441217,26.1144615082926,69.05789621978874
576.7302801180011,703.8566589068157,25.080643771099023,69.81658777705513
574.6409140350064,703.729266613801,24.58934827933681,69.50702822532268
573.5498749819347,702.2064865254857,23.095122330666833,70.27581715728353
574.087634850814,702.0771279312647,22.469877940965553,70.2659537396726
571.867573215602,701.4558687672702,21.533001056212562,71.18225529273144
570.6714968174253,702.6446858996486,21.65802649656083,71.28038503632436
569.466693957296,702.2600029912603,21.703914205608687,71.61951962522306
568.5152783402459,702.9694422033385,22.355666041625028,69.10313560623229
566.9244691778279,701.3902161594618,23.187905863157162,69.54870223554326
564.4836750765885,702.294948012992,24.273402074934502,68.76170842130686
561.672506761995,701.2812272568815,25.768969060710447,69.31313685044846
560.8697009879393,702.4501885294809,27.103472357744707,68.20375927316655
559.5428275540546,702.6793375725231,28.24119823635294,66.37436925116401
557.294632213134,703.0648930151044,28.08875871877551,66.32657675019408
554.6339698310802,704.2242046363446,29.34603621856124,65.89882323109728
555.0032747905241,703.7279385685123,29.13726957377329,65.4078346302243
553.6103115124487,702.4007052539218,28.15479241689932,66.4994201357984
553.2566891164474,698.6957049911307,27.242318378748422,69.07195025865201
550.7985312532643,701.7034418112288,26.349084460052147,67.93601237371962
549.6394023224507,699.5280370868632,24.812311312453076,67.62206640804658
549.6204286553962,701.7791560423533,24.238956096727115,66.49206988661156
546.8040329350802,696.640571427085,23.223730340447396,68.81634066634456
546.5063613875658,702.0235902833927,23.450106455086242,67.1985509356144
544.5897939195157,700.5573095156356,23.291322824450216,67.25840801801522
542.3542895756984,701.6249756746337,22.69015903778143,66.44183742994548
542.5556011143437,700.6761632255473,21.988664885928166,68.62590547574287
540.5831205534329,700.9491341317131,23.10290948909345,67.80905317125584
536.4802751040869,701.830834183734,23.713265784421267,66.29174253329386
537.0161086321351,701.6312689194509,23.148028165507206,65.36838447573899
536.8723071902995,702.6950542752013,22.002121139113903,65.8228903644848
533.8176587480965,698.4424575750712,21.91337727509471,66.27943472733934
533.6467540334723,701.3464992210536,22.64403484689049,65.55273140058809
530.4496860537306,700.4336632183048,22.384157498211366,66.43203878961968
527.5907005289207,701.2614739309968,23.254739540072766,67.18134521594251
524.9037955183461,703.8479621310037,24.39010308123364,66.34757695836936
520.6601069879583,709.4876632566537,24.99646162329303,64.13350579871516
520.4575657571626,709.026676265316,25.50646702669308,63.129284557582395
519.9580269411539,706.123209954042,23.89322883342808,63.724574518003706
520.7473348407257,704.8242608021714,22.960673143128172,63.79240668047514
518.4050390372894,707.6877988309706,22.235847688449716,63.23335766477135
516.140057683968,708.4743842964932,21.61772294098868,63.11641445280053
515.4478498156051,708.7356036575788,21.275572120268265,62.204673745179605
513.160481505331,708.5800940613084,22.40500518255049,62.24440727881469
512.7656738235544,708.469150965077,22.61033225585959,62.61509993929579
509.5883090376963,710.0046163471937,23.021178908359914,61.71873963893829
508.29678428135605,712.0208448094937,22.87277274931236,62.289952492350736
501.21691115502347,713.5789777971861,26.33034869129188,61.19679777049748
500.81421364823655,713.2386614143252,27.215979777280168,61.50878464810492
500.45297842179446,713.2826595350685,26.409613851737785,62.30072128673181
497.5284845807354,713.8475063995267,26.127747439435446,63.056540311473256
494.48823145900235,712.2322656622034,25.415093254865003,64.52666361111726
492.699378928341,713.4173256813232,25.477370609266934,64.4552820648893
490.84523970848977,715.8801271158471,26.592130081719525,63.63119117138582
488.5801157432484,712.3679322412329,24.710364387372184,64.46198147554153
486.0106839002175,713.709678230089,24.56502580396046,64.34541483689688
485.53950187860625,712.9952877149572,23.645772527477888,64.11971152639758
481.2806241352922,715.4095841922227,23.85571044909448,63.43851694370717
480.3988219863145,713.4696541341602,22.972157878545495,63.35659338301065
477.8242006282005,714.3606171173486,22.295679963747723,64.19740028424648
476.7133729692794,718.1250962446544,23.179505802210365,64.26641139195176
472.43625103971425,716.1695014393085,23.83589268825911,64.26380764755412
470.60524500126746,714.289413520364,24.114147834664507,64.79067942771727
470.54103280005916,714.9396862803338,24.379353738097073,64.1388971770306
466.5557462647147,715.7709361207545,24.010122653891454,64.97802407769879
465.52594929711324,716.7342056936152,25.312640570293404,64.8677614229315
464.92002762505524,711.6274012634011,25.729527447176764,64.24510623811354
461.54784605378046,713.0137602016495,25.222078452725416,62.98394241871659
460.771859761642,714.2331507805078,24.725629173457463,63.10393163934448
456.310973371305,710.2677460542077,25.030143851099098,63.97887247927795
455.7081844192893,711.8843259712633,25.252162135289062,61.80060693402913
450.06250087640717,708.0223989492766,25.64110942305042,61.80576126794814
450.41389277876743,706.4467611037651,24.99030384349892,61.58346871256197
449.61911536580925,704.5756528679659,23.918596526146846,60.956911623599204
446.415204120343,704.0305705535311,23.81008042293182,59.954698546064606
444.9344910812085,703.0136713809438,23.821440927761145,60.48280465703914
442.0807900697983,704.7808584663903,23.800009597840763,61.04562643688953
439.20155685041044,701.0198395773884,23.49769646344175,61.69493985110231
434.58302813609697,700.877799877607,23.706705458413957,61.282296811061784
433.1523099863933,700.5392840640238,23.58944568704762,60.377004800798176
430.89742950701833,701.656883573507,25.067114329192414,59.32676926319006
425.24056346465693,698.6789399331926,25.07758762660333,58.70105959925021
426.1004766583196,698.5813441652759,24.248819997177897,58.6453234942621
421.3830032701961,699.0489409590632,24.76646297937264,57.973749493696914
420.0950892761076,697.8035032837432,25.243533446807646,56.26462639605273
413.84513182078507,695.3584990711887,25.94432151656195,57.32097539672039
411.8226125759316,690.1148885954248,24.683058609348947,58.74330872612997
407.6694151157584,690.2155641826793,23.368804268026665,59.33804342637981
405.1133239607767,690.546238080019,24.593930547719864,57.2241220397083
402.48768120785303,683.2798023659013,25.083644342994205,57.79894263066804
398.77114702090654,680.9685325398899,24.12115148522374,58.54207552910101
397.6942533428864,684.6908147280988,23.144654233088623,59.894949138455075
395.9906329966759,682.3719790156788,22.771019880969853,58.77124557918079
391.02154957520577,681.3502751693084,22.868777359551594,57.085950372234464
385.22019438841966,669.6521073267444,23.988614817701126,57.77698396701226
381.7340417275234,666.7430338452407,23.686009563838567,57.85540824126588
378.19674111011904,677.1771156192773,22.52575703349312,58.47561210423925
379.0105494205615,672.9476106393774,22.582742596693027,56.382691577880564
373.9136259738073,674.1760646027926,23.01285383530434,57.01394353058914
370.4173636320996,667.5421701516794,23.144786387513562,55.647422274707466
369.80815647658113,674.4709288530888,24.74872458533303,53.51385031969197
365.5877893761446,672.1861658553888,23.33571932637728,53.77788059291626
364.12796921919414,673.2055436873225,23.629711879247708,53.03180608552417
350.51836767474487,668.5154016839726,24.885788644855573,53.1980641518641
350.1292456760722,666.582174291602,25.595608045633355,52.177680403566725
346.3965109898189,662.9246011955141,24.739513307270844,52.03291565399854
346.6537661249354,663.7253839824573,24.866778257664066,50.339337237979436
342.0442024100451,657.6251801337462,25.43364092038835,50.259723745752446
339.8798842189545,659.3406179359849,27.488210205482677,47.03353239171218
336.86789971657214,655.0864471960326,25.760567545593638,48.94761559187475
337.0377716876637,654.0290106692355,25.62893458594275,50.161624666288844
335.124160722649,651.5194485672054,27.181442696566023,48.71127914748804
329.78539268765417,651.2797323732831,26.040843374171324,50.058461667368036
328.8674168065824,647.5022290859966,24.615516195084602,52.48224244874953
328.0596945481091,645.402796178814,24.852826031866865,51.895127043703624
327.53706400471305,641.6077772748883,23.932171384280952,53.048636831636514
323.93750401329277,639.642423636715,24.089552784247626,53.388331962480464
322.89017916088255,635.728716841805,25.016633502119888,53.707207549897824
322.2378512535201,628.8197484363443,24.945859293920954,53.22389322807872
318.8785483663135,629.3521288169833,24.121150979895134,57.31880247714341
318.03133701569686,619.1946075159628,23.53305178335797,59.7333806398221
316.00604471339494,617.0412012842226,23.178226713660962,61.349526670879484
314.2250417402219,614.4175719896388,23.347224859437148,60.82621579715394
308.5005536733403,608.1319353274845,25.045051398523697,58.54725644256489
308.42702977858323,611.163264276742,24.025512589428843,60.56587770433897
307.3175050307549,608.7267315237184,24.08626769603628,62.42686094450759
305.0247151182049,605.7498868734161,25.605125043886318,60.27120617143995
301.38189167851027,603.9816276787963,25.845785118740324,58.80028593636211
301.9738857038395,603.1152051729237,25.27896038010549,58.20352377385108
302.30901533599285,603.1015065185603,25.066651369606948,58.49470178576641
302.28761532920566,602.7450244499415,24.16929065130757,58.328921490594624
300.73034018575044,603.635515514753,24.44684364570388,57.33213560649631
296.96080297081596,604.5752148605545,24.058055090619547,58.05743611241773
295.8668393460171,600.5085241205999,24.326065454505247,56.46800741058006
295.80106628077607,601.0945304500118,23.82963270330636,57.21318382200235
293.612725824439,601.7504247456164,24.052382126871585,57.43529967414503
292.65454724796916,602.1637884093154,24.360701224239698,57.27283372057997
290.7698029055276,601.6770474360767,24.24723923577551,57.211903846302484
291.2461041788939,601.5725063964414,24.775188856603442,56.38564821490144
291.1225679900845,600.1098654475252,23.893055165182894,54.82920559641912
288.97653321124,601.554773676063,24.189138158716545,55.26837326626526
288.73285227634955,598.2818937460362,23.71071968345999,53.623725975143
288.592899031824,597.2672862546021,23.336006890254264,52.42969848792296
286.97949546405454,601.1568017862437,23.479088913546903,53.110435643983955
285.5521243349612,599.3430652445833,23.552721459949545,52.586395803755465
284.09234271827444,602.0157156501157,23.61831459570835,53.287330757961485
284.5796860269519,598.335888748597,23.714843739939667,53.37098832092784
284.2410397498844,601.4348543780211,23.293400735579084,53.81267733084975
282.45008966371864,603.5431889333761,23.80561923899142,55.21371900671573
281.94945371177243,601.9388060997503,24.11225259224266,55.9504739365764
276.10314417220013,598.5519633833918,26.010580847013408,54.02209616663381
277.41246789291296,600.177842367422,25.926503431328094,53.293227850898916
278.9639429609625,599.4012860207188,25.335553669794447,56.14399691556275
277.06722134433693,602.8498104060033,26.382748279030803,58.27069147751935
275.43026883179783,600.6655146828277,26.361189953115804,58.69871087544195
274.1620090563248,599.6474679964995,26.63187821160925,60.60393560468276
270.1214425328875,598.9106466384126,27.27037114628633,61.3862417648603
270.73413991273657,598.0048244182657,26.423152668062066,62.49527977054046
269.1762821464702,598.8243583517215,26.90335044226488,62.810450325420106
269.27089475505255,598.3001509279391,25.596948548457277,62.76277462443982
269.0040745866316,598.7379256913524,25.521281685002656,62.375023737215706
266.1898331517928,602.5529234604928,26.12907885554103,60.1609641766822
265.53439534618707,601.5966764311987,26.331465115816627,59.14644555492261
262.3206114728651,599.4830264347925,26.06938336083246,58.82341500430431
262.9722953228711,601.0032883246862,25.950978535731576,59.383125302470724
263.94979862865534,598.3417717243714,25.69777081744707,58.37501106970043
260.02928678976195,600.0441675684189,25.6040930799681,57.42967940170128
261.0833413690543,601.4753727158884,25.322822507843647,58.1915230508549
262.17766125936544,604.3603891144444,24.766867097428886,59.402426241302244
261.9372051864938,603.0310559253915,24.301581760121277,59.236515949791595
266.40696609115207,602.1972248446147,24.282215241865906,59.61722665489904
270.5729005510348,600.5738162515339,24.45345779746915,59.2841499499669
280.9554657288773,599.186665626405,23.9695528473724,59.46625195580195
291.4062309002263,599.2369098737856,25.36589107234475,58.61782314566467
308.8841455912347,595.9567464237728,25.939183774231413,58.10258643344629
330.6858365189769,591.8116480789172,27.002200223950034,56.62105736135109
357.7588546441214,590.6670057333874,27.68777791433778,54.716195455592086
390.916938936589,586.9657276389008,27.47090292037838,53.754164037620754
400.16188668201056,610.4492971672819,35.439238589461574,46.952498151107555
433.31962454330596,610.8423223273077,46.507904132952525,37.19646887891811
466.61676042798996,606.5974905334368,48.82363782902022,34.8252108719406
496.609390245006,607.2028843024888,49.6617751377666,32.287284012064966
512.919952444732,608.7364603047209,50.93746864201097,31.13825013845413
568.5569226687227,579.0228041331543,43.0467191378349,38.747499882356536
583.8931692598986,576.3890837705069,36.92534070362802,45.222938085980566
597.8450277254248,574.772765529442,33.08833285734876,49.4662093957069
607.6185349363631,571.7895836373452,30.860158914183994,51.61287347971701
616.2502986003117,567.85721502862,27.867681545669342,52.585708203371595
622.1987354009444,566.8034940629482,25.777262928496377,54.04514980974238
624.8681712042746,567.0792928839211,24.218971411938284,53.75827007326124
626.4624390439404,568.6730352397273,22.84626713958076,53.94113994471208
627.2171527773204,565.7790050509399,21.953123273008053,52.278592474731674
626.2906771493961,566.4747141475091,21.485975834292866,50.65119094037009
627.0086349723072,567.5490421433527,21.34933315120726,50.58317373259391
627.4862957428584,565.4951573807872,21.23655035315079,49.49419058276554
628.4500049951807,567.1181688223074,21.03428034493473,48.73536314062498
632.4802463007154,567.0728271959721,21.24722932327626,48.07591344496432
638.352953027494,568.7643289088854,20.47620033151822,47.81077120298387
647.4647917942816,565.8717182112316,20.550283921946743,47.86740159727555
660.9951038591214,568.1099864842944,22.435864406897046,47.480448845880865
678.0174683351233,565.0134915521688,22.369639088754525,46.590637329941096
699.5208123266351,565.1303857055823,21.9379059034409,46.60678978587203
725.4934144299666,569.8665023831383,21.89045186886368,48.64585670858918
749.1914149168163,563.0865416410967,21.511453820624716,49.05148433248582
756.3846750592691,585.702879384258,29.006801056218308,41.70907507119746
773.1460196103706,583.81935917889,38.183030253030765,34.56057236744478
806.626065822763,583.8270531664557,39.22103583267794,33.7917300991186
839.8692379613896,585.1961861496051,41.38398744740688,30.992140798593965
853.106121349112,577.1392669289996,35.00252004137653,33.769688114553
864.9776249865721,569.1844666804518,34.44652791727624,34.297093903676924
851.4317229553739,573.4841890447497,34.15109888634867,34.54830869203134
841.7356438336539,559.31260988794,33.07196918599378,35.49963001557546
836.7994222765336,561.1941638090796,31.93292417713133,36.74013418841322
863.9137143729732,547.9858631303127,29.315636770538745,39.014809215861185
868.5020722001908,551.083153464923,29.370111540133628,39.44094833754602
876.8405889334712,560.3117686695815,29.484071339602302,39.50299048010088
867.1178552726202,558.0057915872745,29.8582125673198,38.69334524383017
841.3143440207148,536.6439033513581,29.193807910126004,38.962093713457065
819.3232073342364,531.6567549251355,29.785151048916724,39.24638386850878
810.2471507011579,537.4599110309997,30.73646890244049,38.19714642099026
809.8988279170376,528.1743552481711,31.56695771081789,37.64420588814228
804.9828866402147,515.3476581249959,32.25621365650982,38.16407549817183
800.7920857622069,503.8448853378501,31.072819199957962,40.20239284539247
808.953788473768,508.5721287484696,32.08930152596668,41.024638027390196
817.3796288779998,512.8743611995616,33.14430119572755,40.19909669238066
826.2036754563453,517.8620076426308,34.27489540832873,40.069163120634634
816.2375464984766,527.1406562211179,35.92094835227741,39.35517195606225
825.1873701342618,536.4936759487799,35.857643687628354,39.88985448744305
815.188086261304,526.6716852361253,36.27279345578385,40.54006372901257
809.8443466017554,531.745759767059,36.89142694184863,40.53936621335652
814.0261503141045,520.425931144793,37.877047000376386,40.669167319210544
803.5782626527947,509.73067303067484,38.04169255824816,41.125717424935246
803.6046162101877,499.88087038501936,37.88394276993992,42.2337014825674
794.8585030163187,501.1408314568734,37.662947156660145,42.83932514174183
803.594300203367,489.9004505675029,33.24889952590222,46.17592379314471
793.078408863455,505.0005145368216,33.73757581156205,45.88083018489075
786.8897936113588,494.49980379994935,36.57030753215889,44.50648054345185
785.7122291373587,491.12684454866076,38.171818265741734,42.93987049203908
775.9827109282966,504.7128402164117,35.71236327677499,45.89109198782424
783.9244266769265,513.597977875945,38.405945423503695,43.25867287676503
777.6785922378979,519.5540492390825,39.164883324936774,42.985490351787035
766.4715733203067,513.7088576264922,40.41277401366715,43.695804616698325
770.7793287120077,518.391246883584,40.40538269068254,44.20545103703271
765.0169323472622,509.521989782417,41.28343224437033,43.26889399131983
747.0283056359243,499.078753183073,41.64241652994369,42.3509651698305
736.4619581378637,487.5570919849209,42.16862078843739,43.932730343648224
741.5782647468254,491.4602124651513,42.236280088213334,45.028047004126684
735.8002995770712,484.11715538007536,43.1254804592042,46.653886855168146
740.7102294188428,488.71353108945596,44.5411297629501,47.5382896038361
745.8468907233749,492.85924300770563,45.43006228451001,48.46561000641863
738.9981335526641,498.2517766521216,47.10722083809826,48.67425575500957
732.4926924410415,503.66519001749674,48.361672184967134,48.95507790714616
720.818624563467,483.7322002219505,47.14953474555031,51.62623201833705
714.5461103931877,476.6561945670776,46.73778566700496,53.09170277283843
719.4808346153067,470.1792143138844,47.95482706896915,53.30966453967595
712.6658596657313,476.27251132154726,49.43038565446688,53.25199059108658
675.3671264049838,432.0068322895404,42.787055514805445,60.759572932611874
663.8447320416626,403.26250110728586,39.440080210442545,62.87477519818153
666.0382841425684,378.0609949824691,34.81003425700783,71.02431094515728
672.6919533740099,377.6671714929014,33.02606314232455,73.82816404026676
666.7720684513337,375.8913013752614,31.52528895594715,78.37893360727108
667.6120626586576,378.22256250339973,30.903614725795947,79.96283129827279
668.7847600292941,379.7202061324969,31.164737476942307,80.36092141049814
661.9073345095202,374.5918052658096,30.702575080932775,84.67347946110476
662.2814579674277,376.99393758435815,32.282541327853,83.99842060481984
671.0216698789553,377.22244508506964,31.738166778286974,85.21253128091996
664.81990802245,379.2281402989487,31.88477825266355,84.65378987600279
665.1428581153833,383.3278082052704,32.49694967701793,82.38020585803233
666.3042169043642,376.68796390485704,31.3778555663601,85.97101580630033
665.7375322701979,371.2918644251377,31.39526177774168,86.80766367311973
665.3547234159378,377.5682520892036,31.838777502326877,87.64061235090075
659.1404533792106,380.62170729491197,32.704044171781376,87.7541695223486
666.3911938519267,368.94071148084555,33.89850366491844,86.25303402260992
660.7513052669647,371.68049691210956,33.41263131793457,89.58047627415044
654.9314663759601,371.8781498799125,33.4241930245289,89.95243526411251
657.1496862741409,371.63858306883003,33.523575034787,90.10283137049112
658.8680616116808,366.53062490214296,33.01030627809874,92.22114642950301
660.2121398946166,371.7039860735623,32.92585037595073,91.9279274730741
654.153772146427,374.4583461297729,33.62378323805085,91.45571042536301
656.0888522787182,372.327410918708,33.01937048254286,93.25697416343718
649.3538584595747,370.6191585311237,32.054532178190726,92.8302933558771
651.1142172691951,371.63964740557094,33.202061749732614,91.33103628730959
650.579828006029,370.29120559030457,32.41988765595026,93.21157936246114
651.0383579101326,372.28991374813086,32.59891862697423,96.02670826060034
651.8523963007964,379.4659554841844,31.549831120647106,100.48229157297885
657.5784427832375,368.6514701315461,32.6179768069151,99.59135160427329
654.6641713826974,344.56572468464026,35.85999000145465,93.21139195005435
657.1074327252186,344.28620205537686,40.446558637415706,86.3651361165995
653.51526754938,348.7098656359164,42.849678277835324,82.72348002538365
651.0975745596622,344.63501391500677,44.116135972713565,80.27333878481646
643.6648665902813,336.68739120476016,44.22414996655785,80.81443618446556
651.9026739399297,351.67810339712065,45.52106519730346,78.17192882821602
645.2530140848895,378.0452154505748,40.049015463939455,84.61600832416565
646.8299521717149,379.1981999507816,37.472139790912415,87.46293517935504
637.9684219622311,377.81918294583915,37.49711988149334,88.33784339513691
639.4796813880386,378.3081072691183,36.76680177073369,88.45200014176285
649.0010218180533,380.55796535649654,36.242870663852464,87.4577051481228
640.4091139641944,377.1724845723314,35.96636952459802,89.04578876185644
641.5446843790497,380.60171725739286,36.62731135284737,87.68417500741124
649.5402650749598,380.58542874519753,35.54103704572279,89.77323224269753
641.0355413118718,379.8013438411586,35.51001688091874,91.38376245528934
646.2505970474044,373.62646459619566,35.18164116167705,91.18438483438136
642.9937647419935,370.19030323919316,35.35937372165254,91.19575052376588
636.430643761355,360.35756314960224,40.09859408381234,84.98542612758143
626.8161440524585,374.6333658952424,39.28976994651018,87.85940519701096
611.4344893966697,374.2711513609253,37.721300747403795,91.43918814576386
592.9132454058494,376.8443795103407,37.91823030229365,91.56475759191912
569.8182947444778,374.0975361932538,37.37522496945421,93.98347443006983
550.6881084163956,362.27084593550717,47.28100649702273,82.64448960214987
510.96201444589815,380.14695648050736,42.848200074077816,89.433877780817
492.1121653343842,363.7335701729848,49.62971418684022,81.08187735716307
458.66061876734517,363.5456430255903,54.19159200635127,75.9742123829117
492.58287567033426,324.3914371275929,52.98413976870442,73.11062792266819
476.73369348039466,335.3806580657008,56.44992561990094,68.24075520745447
443.4057893097324,343.83769584387693,65.21071177743504,62.02481870399178
423.9667575978482,344.19296148262214,67.91594832227887,58.99833186899813
388.4986847061345,345.99941188888863,71.89090584713207,56.16524508330542
363.87473729715447,348.9173668870286,77.0499958324356,53.76449550661817
349.2573912536666,350.70227389316005,82.71897910637279,51.487283753966395
336.6292510182251,347.3377213866325,84.56241449856805,51.53018917177435
285.03792359796046,288.47096473782034,84.44785609076725,51.92247184835435
278.83960536620793,284.15449686089534,88.63468522512264,50.340778205660776
266.56431916169566,286.1187955505859,82.2502068457044,54.731055633362885
265.0735427304404,284.21983769599376,83.11280629242151,54.61476519032196
255.41750232379042,292.7065980587217,73.51416919626638,64.64485057390763
265.36550936062343,277.67833441420026,73.25984240347394,63.722600363591916
253.7635419912101,299.9284085455113,60.848879136069826,76.07312688488858
248.78144436550943,288.48613325139894,55.54868539236062,82.23508584679118
235.7204227164934,278.40596829241156,54.344179418405076,82.06206641610302
248.4539038245859,274.2502117383374,55.53819650407084,76.8583998358211
253.99780917754336,279.6895303340407,57.48926849467676,72.4688971325244
255.3215178031969,286.6788407512731,55.06155793634022,73.03856353149475
284.21087483401163,318.4997666616098,50.452366188371855,76.43117613955394
299.066345804719,334.22425149439516,51.75802163776725,72.83833578833418
296.84053974359364,342.104233453749,54.568946818533064,67.62973853363977
299.3230284175951,347.9546259456107,56.37617689724615,63.316931485550015
290.65330950219766,348.75148875032295,58.17793449264056,59.540097867378826
296.77944199433864,349.97195441225574,58.998163432605736,58.27550020299839
298.06607635695354,350.15871874728737,58.707521028365356,57.0549191399776
302.1410384196828,347.8051242302162,57.32412777706841,56.84042172735539
296.34220916094625,347.9039889694151,58.90150094433801,55.629616360046214
303.96009339839117,352.2912990264698,57.22783319963855,55.058953391624264
297.6149087547455,343.2146988357985,55.84689664985093,55.654961257461835
302.1369370890106,339.78313065121995,54.95974757628057,56.274595828199935
272.2216910108735,316.20352192275453,51.52297230773233,60.054955572988774
261.48841007722336,297.87737535759084,44.42040650522587,69.16428913784358
262.40858373947066,303.0835001546787,42.77589804992989,71.77139535880039
263.9985070943069,301.06647733974717,41.160421031051364,73.23289554781738
264.1762161931877,298.19377530051906,40.9955153733504,74.44597675098333
276.53712538351033,290.34666615525657,45.4795649176785,70.67401487620936
268.55293613011673,294.4809932266443,44.17281616101902,72.47323013104611
256.7112986262749,297.5324133905721,42.09958770435841,75.43878165709357
259.954499015,293.9136268382106,40.57200425160789,77.87033762646736
262.6229180292393,289.57093314357473,37.497282721787045,81.63401422034693
264.63274796740535,292.7465783716473,36.20971581859521,83.14319050826924
264.25030567268556,291.0304311251208,35.83521587454944,84.68289757772905
258.8014538771161,279.60563107037655,34.993536110725586,82.68749680363885
255.33586645767153,278.0571798109928,34.33589834749063,81.75873887950996
256.1850082309635,274.40391191508,35.19566808666494,76.33631525225562
252.06466139283128,275.3561273813509,35.80039938279529,74.49946850311055
253.64916420155666,274.85188017993227,36.25630970416051,71.3274607239779
255.0461142078836,277.42502351008324,36.19950435945372,68.87834831076941
249.67943004524537,277.73983559997316,37.74341092120546,64.72565075227129
251.0075571320147,277.5878740656301,38.61795711494742,60.650077521856375
247.61812591097254,279.1707942946,39.893622072943685,58.012883118260575
251.3445894236358,276.50202517513173,38.38996088080489,56.70669067205172
253.1551015292451,275.124736143411,35.93684723747529,56.30325711993688
255.3189735963478,274.38779221070956,33.90232015025015,56.72597484498518
251.85929482262415,271.28329342910286,32.18939246494286,57.474631275606654
252.5921969228497,272.7915843987971,32.661209352241336,56.92028296093736
249.9726769408837,269.2538355999581,33.87064743507341,57.00489819839666
241.9652218590679,267.98813517846907,34.81389595212586,55.86157049479705
243.91996523003726,268.5054389806182,34.632276485136835,56.884517338845555
246.87097045991246,271.36114988114434,35.40815904775268,58.35233374012408
248.68712890659174,270.5565075104506,34.70158174692082,59.1160465178472
248.67751948860752,273.66131021973274,35.028980638762704,58.65819202068567
246.4887349443989,274.9903270379366,36.60867360154701,55.88473908136011
244.4335274107617,274.5685406014554,37.278867334234874,55.76608481649271
245.91005013916381,276.99480980080955,37.223803379808444,54.808929035791145
243.58136304645694,276.5673652761068,38.2423878222032,54.221641528635814
244.91326789628522,275.43895055301414,38.076413200318584,53.91596251911048
243.1842115856686,275.1984177539223,38.124555096936774,53.933855727670995
242.38247526054369,277.53660941077004,39.27269047802078,52.28442663975559
241.65023799242869,274.9686630851319,37.68323328995621,54.785506311441104
245.19537666508768,278.87275484335805,36.97801902003495,56.323544101606856
243.1067779123435,275.5178659496187,38.93290463930066,54.91504873817013
246.99910477655587,276.1081857337549,38.938598508442,54.95462830602251
245.099765166192,274.84988975332465,38.954027737752035,55.494092091255254
244.49899087207984,273.0106081542123,39.34612626149715,56.3303565741066
244.57935922359906,274.17045976725035,40.01965673509871,56.555207166655485
241.830005021952,277.27464601188495,40.447705266729486,56.645805903423046
240.40697402696907,274.64867435318973,40.48051091182744,58.57674498955217
243.86129584163618,273.06499842925166,39.9520480488433,58.06095125389862
242.2383190266713,272.0239071467234,39.39251682744959,59.53483654782792
241.48936144177063,272.56719244406366,40.307326247761075,59.36601626933637
240.69163252372675,274.72292508197063,41.38540077754956,58.47059477322594
235.63721611835024,273.0957226047053,42.89375238415958,57.70962918241798
235.4077728533826,275.36412557301406,44.09743674669505,58.05027504769923
245.81489886495967,277.973366324951,43.10637711374787,58.8062343959085
237.45763422805538,274.4866849268459,42.75489260432687,60.073414266610996
244.89938018674206,278.0229352131793,42.2190559661244,59.89339662524638
243.65185701869135,274.62868481950073,40.690499329745016,61.27231911804499
237.7625178898447,272.5433603860852,42.401543869040026,60.09083687458034
236.89902996338571,273.19876369301863,44.06109461522249,60.025653401849254
237.51137083014265,272.6257788784763,45.50972330468175,59.61119560140459
237.06589262436256,269.48449481113016,44.56384700067042,60.80870103091185
235.301732910481,271.1134552914968,42.760302618802456,63.26153726708099
235.15952572138553,271.07421394721626,43.92668996626773,62.29939296396342
235.07298764676244,270.435931591879,45.74694759325667,61.57428747467511
242.4726971528072,269.1571214959253,45.54470180160788,61.75440538266563
233.35541089591246,274.9966767649792,47.18491286832629,60.299057878053716
232.77032089547177,276.865569122113,50.545352208218176,58.369201204324405
231.4761701987884,275.5419200833321,51.16681508906699,58.6905696289455
229.21149437376874,277.453900175813,50.15688101135592,60.96911510577338
232.80975869998784,278.91430183705245,49.42519120329206,62.08302667436124
229.50176592336922,276.79946099987154,51.11333296680942,61.194923626556616
228.01961879493908,275.47846890253,53.78100639298272,60.41924057458311
226.42270970203444,275.0912874545691,56.77991545657953,59.40083214170851
220.67206699151433,272.9564593299417,55.349346362036684,61.56135582583755
233.19759854186842,272.698542197399,53.409804104429035,62.581575705449445
233.5009619508682,270.7524134261176,51.273465649944775,63.49288717259894
230.57465065110756,275.04992715903205,51.84665698657909,62.455921608794135
228.93108419661564,277.4116442965818,52.653318976163376,60.46044717670127
241.9191629267868,274.85104136883587,47.31123952039518,62.23347896280716
241.12932784782282,289.2438623688871,46.75170580895017,59.31844593153021
245.97367190231353,294.6325198469433,41.50440609538796,65.20072725047507
247.1559780040426,293.1349241193854,39.907454662497,66.87747341630286
247.06823404813954,288.56048392133664,38.92478574899546,67.02774522532256
243.89699044574692,284.7046415112974,41.96889353909175,61.04219994341844
241.17151945280392,287.0643231767909,42.593606006067354,60.54005204561835
236.76364046405556,285.791203355764,41.71743198873806,62.61656612019123
244.22254055906532,293.574826699167,39.28033623434163,65.62422038867241
243.40170456150906,290.41816754673766,39.1259006704727,65.55838958477324
228.2925432191941,285.20741735797765,45.95766953124587,60.602443074363634
222.23294254085351,289.6640734849236,48.74349948055611,59.29060819681743
238.52973441703904,281.57125058787375,45.88872373165978,60.29277925315364
240.2912866341216,291.4348307653837,42.81657304268103,61.44524919493237
237.84906435425444,294.61737500590186,38.58571669443532,65.51713214784212
239.71774624815754,296.3162393192817,37.16688089222155,68.05467752631715
235.7898304145269,299.5668086521758,36.326565197375906,70.52746664283322
236.48952031123463,289.96035029017025,38.24311025854426,67.69552667381292
236.5294077203623,288.87534334720016,41.8766527172251,63.82940686092404
238.58658889082236,297.640923109526,39.8712490386652,66.53849043533405
231.92042134683226,289.8444325126445,40.89721250670023,63.695621659128264
229.71200153197864,287.0946919009151,42.67442037303103,61.70788682562653
232.10605103043466,294.51454067929495,41.991092517258835,62.18105292832316
213.57886019959864,297.02488272277446,41.99180161464628,60.06924073290381
213.04846119274254,299.6969140705778,40.473757964760736,59.88195445706176
217.4265940952498,291.1288684010061,41.66945530556214,57.53872792605075
217.70088028233832,290.29840114925565,40.527805754838894,58.958299182030906
217.11892193901053,290.31383424202244,39.94496760404565,58.23840711258798
216.571188429101,286.1311048126086,37.419662131541415,61.17832438912994
217.11952334768316,287.37592157028604,39.441518004043246,59.64877843444536
217.93793516041222,285.99328012965304,38.58071244510115,60.30753876053522
217.18922097794396,289.76278473521756,38.76773696349561,61.07265625065349
218.31171075515033,288.6875291284895,37.6494441415923,62.45871779284998
220.7848247714573,292.61260103820075,39.1453441199325,61.745831685960084
224.31178176495507,296.9753701447088,43.99312079512141,58.63812030767737
234.16245364138223,292.71341381168224,43.736718726253144,58.18176130389932
227.5500038231976,294.9122527953198,40.939633786609136,61.96385342918598
228.20623659270194,290.11732319253395,41.26831099427059,62.79826912054613
235.44742777396763,285.6325187734665,38.95804755075212,64.80583593726277
236.9613452776613,288.34723188212155,39.09904464444156,64.2991415029752
230.26365546168913,293.4663835513066,39.18640470484827,64.04106060895947
206.47598773416775,292.1903463755749,36.75912148263886,67.11179633988789
211.20467426922843,289.68566236680357,36.27400080255052,70.0717857120642
199.1146362378067,303.97108053389474,36.532795105813584,65.68699220607289
206.93052584792838,316.69376966701174,32.928899600057534,68.29045227112071
227.0095836053064,300.6754031342284,35.96802395087484,66.08536355127265
233.93239780357771,298.109505126611,38.50176480310134,64.90281257246903
243.876936883788,312.81037521074535,39.85929964813191,61.03351806457765
247.8655138101751,307.5414068543999,41.24500298239794,58.11020232091525
246.66978452188806,317.00896704514156,40.41734794486855,59.035555119576685
243.7198387600912,322.79329600881,41.79810751451998,56.06286333221944
253.40927931838314,330.9463376298394,39.96098043841312,57.10030748788669
248.3961598935045,347.0196948987927,40.89789588625055,56.79037487794953
245.59454010174932,377.2955505125126,41.106286202142286,56.91030865967987
