1641.5,858.5,102,217
1630.8505309311552,853.8630383501138,100.02885551516312,211.8622127496364
1617.0504278206279,853.7356489439896,98.00909452931083,207.45808893301034
1597.8332880881162,851.8790595791588,97.49013313757042,200.73206814998264
1584.8637707943944,840.7767548551759,94.54001015450581,194.28054818962647
1571.4700621625034,835.542255455496,93.02203261242914,191.48221048923892
1558.831276474491,841.6839098243202,93.44972419524689,186.21511302849393
1544.4326810129232,838.024274345572,91.09170552264622,181.6731649940857
1534.064002658178,837.4400666033491,85.9578735763086,183.4304243208686
1517.7486859535863,837.9813768833469,85.51359688986878,182.27778051477839
1508.5940773756429,833.4250930074347,80.28913547227688,183.46937240250838
1494.4779282900447,830.2316428034227,79.91060263777581,185.6115784643752
1484.7966707356788,827.3065491420534,74.49346760188482,187.78112478985793
1471.7900665172517,824.3565643632729,72.30776683051502,189.177072578626
1461.0469881758556,824.6675288887194,70.9949931132384,188.68247887937397
1446.5622455733665,822.1367329320485,73.12787341981536,191.12308010601373
1430.482772364586,820.0936201056227,77.73193020996851,189.29146755969865
1414.746059869048,815.6617013895772,80.80161848357815,183.4285144880966
1400.1854273785937,815.1177404628777,81.6743955531498,180.98756066710325
1385.8265079247956,810.7771334059189,89.28405001709018,173.17176160062547
1361.589297378077,808.3037250088614,84.55141367461019,171.51455199199347
1354.4367469750175,807.1347018041392,78.15045648491528,168.45746825780918
1343.368942573363,805.3605320574118,75.65554156353816,166.2170788306366
1325.6431877111725,806.5137960578153,75.99728729291135,162.36907839290228
1311.445300794962,805.4256643557186,77.63348951789723,165.01135039985837
1305.8474722202013,802.4456089629098,73.49237057395825,164.25782947062515
1295.8941774860243,801.363258120778,70.78622012851889,163.8656795554915
1286.5309316178239,797.4121940653661,69.03625629580303,167.23319157398902
1274.2656385872335,795.3548445379897,69.08106972392801,167.5538105291025
1261.104209282558,794.0172789866839,68.01857061543565,169.29459553395083
1253.2190124387262,790.723557264674,65.48266639523379,168.64333926997142
1240.802784079742,791.0859274942794,65.24129036311747,167.47034115141977
1227.405900439769,785.2528974729366,65.52166386693895,169.64310962389305
1213.4252820953495,785.3515180961253,66.2675049843299,169.98345099551892
1201.6276387776538,782.6958383254264,67.38264891106323,169.04994519437156
1188.3783331176332,781.5785310832244,68.80382485993312,169.7627004131225
1181.7073844933266,779.5573342392554,68.90095045483764,170.1245444327427
1171.8090786377393,777.6993774537995,68.38548461136149,167.66514431175824
1168.3975592130162,776.5099073755216,68.17010299227744,168.57246376000865
1163.1568355447903,775.1198702844574,70.11627331313659,168.44060588109593
1160.424224535105,773.7930135294037,70.38174023268014,165.14603158885177
1154.477722862829,775.9071666773222,69.90627389834444,163.98775103036877
1149.8507878492765,775.0346506314787,68.53852346761933,160.29160184594434
1145.1524071069812,776.9332949614387,67.56493651073802,157.11779745790506
1144.0504947753357,778.3075392753539,69.42090857119376,155.36494580584582
1139.7056905959341,778.049618999264,68.11874559026221,153.61386272762041
1140.1586510582815,778.3896156975544,68.07935777808086,156.8648139226268
1133.2368623729135,775.4941268298221,67.76451146313525,158.58407196636898
1128.043520983226,773.5518557208948,67.05630493437383,156.3141353198401
1127.2518822296656,775.5521790511503,67.73060536494143,153.17286090368367
1126.2810614382677,776.5296595835978,66.8779944760428,153.671483494565
1118.584810393348,776.0854777702508,68.7266255542676,152.15127664157964
1112.1535687065573,774.0516185275866,69.41634558880149,152.65552005026007
1102.836657880965,771.9896649259506,73.01548801430891,152.0586825766464
1102.6707840651393,767.0201813050959,71.2050368505733,153.81374939518105
1095.4818453530966,766.6076343113057,68.62097105912991,154.39650190835778
1092.0020227584992,762.4252610808932,66.06731112206421,156.2152568427519
1086.2697433493086,763.9502551977073,63.59309085425468,160.0210687737934
1081.3028408805546,757.7190723800278,63.41560132722189,162.34512788827624
1077.9603186574225,759.3637292969082,65.37495354537027,161.16012095878528
1072.245528373396,756.9257291131851,66.10431820093451,154.7680614635229
1060.6050662731377,761.7886741996289,66.43887306474336,159.67263765275834
1055.5608563101514,754.1071605549857,68.40927560022186,162.32478174889957
1033.8682058145796,758.0478617687586,74.69439047253499,163.78199507599624
1032.7899608784842,754.5768485615217,75.86408579018348,162.09679882445732
1021.5160478275681,752.3979314077471,75.8993534813178,163.8793926001813
1016.8785835406073,746.5687320598522,74.63625160002344,165.6166967950739
1011.3364322407584,746.909976248166,74.01907730945128,166.65216519311656
996.4056639599636,747.7261339886559,76.70941710156936,167.7563391290744
994.7884580145962,742.0649639611465,80.39112191465301,168.0155733950639
975.2581461666703,747.1346532630157,81.65513072229797,163.15628150180828
970.831398193454,746.0918002900441,84.6605493562532,162.42309819196666
956.2646931445311,743.0124806837817,84.41843200993554,160.6566110064386
938.4613946666007,739.8809933453394,83.18471050817021,158.28624475563367
925.4087170654248,741.9490264076015,82.02198824286887,155.26081220021712
924.3033698892904,733.7912314060356,80.17920435896028,160.13316819214216
919.472535527856,736.0469691661131,73.02511414981461,160.01852599862966
910.0412193053819,727.8245166750993,75.61706666437831,156.36869854769634
904.3094171960921,732.1853511403019,73.59804944978129,156.78506554218075
894.4600960891828,725.6671179204859,71.57695983551764,155.59010673838193
882.7583544428181,718.6393087177712,73.11593823036918,153.32053125289605
873.9501478160893,733.6126479189627,71.25783002059626,153.75320392104817
863.3345970949559,730.3094752631375,71.5994088717363,154.0749654344327
850.2615973842214,731.7134321184782,73.27035547459423,154.71166415334272
839.9276769621421,729.737455487613,73.20956410619652,154.42248510245025
830.8706290444284,729.7320196264235,72.74249119340315,152.06494630672825
810.1610127703902,726.4419019724015,73.26692230437826,149.5986658712506
804.222680796731,732.5402276476094,70.73673871724722,152.61949618183175
802.1652997740717,722.7467102114624,69.537847178014,153.322529894656
787.8220892068939,726.6862868473427,71.18485904232939,152.87867907183016
785.7868857890928,730.3554497472887,68.92083510848036,153.46183527086328
769.3782124673277,725.4489108917669,72.9703130084911,154.79455210243344
773.076344743692,731.0716291236627,66.4005010175627,156.75984537689084
772.9403088954355,725.5035265286207,70.52808513889853,152.7054893522416
768.1025665845953,732.1400861608984,68.96392065088263,151.56403454583003
763.7767118419318,726.523557964762,66.46583272018393,154.41290159396237
757.6732706934627,728.0225466482955,67.25626697071846,154.152357931607
753.094124495413,717.253561024738,66.72529193177004,164.74143451178054
750.2229362638258,732.7000355390742,69.24181563368552,156.2385815993544
745.2795635997131,730.9914547223229,69.64464915721183,155.9354959815297
743.2252199530653,725.5623752421936,67.48539076559788,157.09540638072508
746.2235480347763,726.8623609167743,62.65328893565645,160.34527183338201
742.7039891343495,713.491040434105,60.03388033855845,165.23874590684386
734.5482782309149,724.2978867687876,64.5389266327705,156.88417210621623
734.8072035778476,715.4866455467908,65.0238364996371,157.83910363052786
728.0111835351918,718.8825672497048,69.4904199621833,151.127681807903
728.7213109954523,709.6211886093242,72.85920363827961,151.44673996872322
727.4633618123164,711.3936828672659,73.69857115082141,152.30195093592584
722.0192865910656,713.7747273096523,72.42876216376936,152.69516839562849
707.4101519258732,714.3790576904614,74.25281896904755,149.72862665251205
706.4427716336247,713.6331371209664,73.6692991302227,147.10781414138546
715.9919974069863,715.2003596411598,69.6255242531411,151.51212718586115
719.529161365632,711.9004610501777,69.45160015721639,151.60685983675927
712.2063956581135,703.4985044672973,73.15595539442302,151.7392492415376
711.7075618038716,709.360607038133,66.84274110786129,154.14008399210678
713.2508295002092,700.8295516135206,65.45512158002941,159.17020453766526
711.2150850959758,714.7284762415654,64.91755627616959,155.3794494681163
710.2177320040265,720.2906906139627,68.49532818630777,150.34016922365473
709.6399297689973,701.6015580440452,66.58367875204407,152.62163682473798
710.3709514501949,704.7328580546869,61.94623756653267,157.56653401487273
710.9753997287054,703.2730410661945,60.08945342624006,154.22987330337787
712.4483966734198,702.965140552696,59.92448328129694,147.05694886852524
712.8302276410599,702.8703863930314,64.15345486250037,144.9158688780591
725.8471373154244,698.942657655957,61.79024920331332,148.68879864713472
724.9714818805362,691.942550754406,62.72035507666091,147.85320133025596
725.6142062156274,693.2416790196469,63.12014768880486,149.81696724689425
741.5308736880312,701.4392000337382,66.27153478356749,144.71212807704038
743.5528735634514,702.1164829252172,68.59361576805196,140.55176033890334
744.142871630257,694.1551969042406,71.40223177409288,138.7479470595002
753.6828539774727,692.6761726897919,66.17165260232618,146.4968079088406
761.164144126112,696.739304573751,63.52479171010478,147.6180875329169
769.3441906837508,700.0217768708144,60.744179581800836,147.37781189730936
772.796248344395,694.3604775426625,64.03925460249214,141.33360849463372
788.566350894454,694.874874899938,60.985309651653424,144.3345283512902
794.6586353105888,683.8593699374841,64.44732502014824,138.30146240894464
798.6476884449793,689.8423731337637,64.9849648177225,136.4667381745002
802.984385841539,678.401196673571,63.049074924089766,144.9841946865565
804.0698835024626,693.8804766193836,64.74427805517617,141.27795386820426
823.1922889247347,682.2763880452067,63.956833625392235,143.41137650413242
823.7010671669482,675.5233444461015,68.31545842509902,143.62759284151323
826.6163263300646,683.9355889572587,69.73202241472484,143.2865510749096
831.2632397135527,684.6570756792829,68.25291639734559,146.9051369832623
829.8024639326227,682.0091080796825,70.19592405321136,143.33820931247334
837.256383925741,687.9508755849386,72.84527172585372,140.36125787665583
839.384679493754,681.8208096064434,71.70103914505549,142.07708921435952
855.7468788919538,671.9266177330362,70.44453233661127,147.22855287612842
871.9137659646203,684.1000485409018,70.57553182265198,142.7922619408365
870.102111135004,679.9831975712161,69.17481255285603,144.14097493496575
868.507483957089,670.811826799584,67.59457259242086,141.3637760812161
886.327284845943,667.6694017629429,63.413286036927644,144.93557857890005
885.9547188238025,667.7238292744138,63.528479587953115,149.49315487580174
898.624744008099,665.4762443296136,62.094167918599574,148.4622084602688
897.5531622597805,642.8841417478951,70.88483360694994,134.57506844250833
902.4193275671267,677.2721427040403,67.89498225528385,137.87511488920774
911.7202981626524,675.4631511692837,71.93243522850311,132.30094637315878
919.1388705974083,676.6851248303866,65.70707310076189,138.32318294187485
916.4282638407299,664.5263177867771,66.43192258011872,136.2898956180561
931.2447992346705,670.5444655262024,68.72345569668339,131.39848444062443
937.9912157110533,665.5348289591376,63.56356431224537,137.38269941202972
943.7418232506992,670.9498419664458,60.29386661017344,141.49005455086876
946.0158026773178,670.0864299711412,61.781737192855935,139.22531151792637
958.3513364886055,661.911751710564,64.25695487624424,129.97815555981177
967.6778116319218,651.1450968227983,65.4180525717048,128.06046349496484
969.2840247851835,662.9792357312986,64.6468282447334,123.78427393561981
974.879278018459,665.8262395382253,60.94214820733137,130.49512429140216
983.2816372466748,663.3019842246204,66.19390526602308,124.65813429839628
993.8003352718779,660.0350287019471,61.971561905615076,130.7733185263379
996.4433203210348,667.8449962708638,57.94258549194123,134.7605708388016
1008.7965439094448,657.4442495882196,57.43410476731374,135.07748216138697
1011.7522578095655,663.8033017012701,58.7294273685622,136.7494424647077
1018.8440323359373,663.0260069279531,56.33762086133263,144.2957981580966
1019.438144385585,654.9539269474378,58.74607104714728,142.56826872964504
1022.8559864571159,655.8146095168033,58.61896778256505,137.4956250511019
1023.8681907590966,644.6120100709845,58.6063688672896,137.41781806742028
1024.336634467057,659.3508854140254,55.53218458792064,137.68530259895755
1024.1730431548883,646.8755458070365,53.39085822120287,141.78140611387386
1025.2646691567684,647.3352373522447,54.9740880457048,137.68961803555854
1024.6872654886415,636.1908203327712,57.05033399829365,140.66019262662473
1025.4698182722248,634.727897230154,54.83033754289987,145.08170508413338
1024.471656380006,650.3275036183595,57.38495509684736,138.32113321933707
1019.6059203702252,643.653095378274,56.110814231989465,143.30473205501482
1021.0581183225271,638.6735832889688,57.18821578561132,142.38454580439617
1009.8674425123293,641.159770229931,57.64521845963104,141.62640912481567
1011.3127662404445,630.7137307595218,58.749474664560324,139.5126055570715
1001.7996124713819,646.9699608042671,56.694033705617755,142.0690007736933
1007.9211474572669,633.1920412302799,56.8783894981848,143.45982786907416
1008.5480954668855,643.2851484680216,60.04094666507158,136.25768464733244
1002.1360434957809,643.5650807079418,57.48344652021414,133.45618535225069
996.5304492539873,629.9642465244578,54.998736697467606,132.56641507439411
998.9228225440722,643.671618055185,55.06762326398524,131.62754696059022
993.4855848570232,641.5527138278513,55.4110835989822,124.82610280189195
984.6291920008573,636.7779651010941,52.860558273940896,125.14109271459286
989.2773817671618,628.4693103469145,49.335912302914174,128.91791202780288
999.0252533978957,634.5181718290448,48.28266167228225,127.76090007219659
998.8100956914939,640.9973255952816,49.05950470408466,127.64052401507664
994.0039199938245,643.1733117298364,51.027454781930096,125.5580195288897
985.636869093306,639.4859810462606,51.21515228816117,126.94110106199226
990.0705991646115,634.552923260204,51.506128714250806,128.04290500300638
980.9521928199233,636.0208816519953,50.33998076717931,127.77409498258083
982.4526409571159,627.2906629707317,51.24610733723638,126.70420467964445
983.2334387127887,623.3287533905064,49.599735863448984,132.45253667425396
982.7659401444563,626.6816704188801,50.40922639105953,134.6654514596791
981.7032864475614,632.3813280360671,52.42755370431084,128.60650086506138
977.147150889768,629.5074623390944,56.09398479546279,126.07407816735576
978.6063949521707,620.4547992465137,54.137658484496825,129.7879494496292
971.0032850766534,617.6716958236025,52.79421729968048,130.97329531869832
973.2987647437187,624.9065486298929,53.05939358932573,131.39758604664118
969.5705871359607,621.5009406859415,54.99810095364728,129.01160776489692
968.468602624397,634.3967372103344,58.01873761425664,128.75822132001582
965.6988898246943,631.1249575262833,59.35307886402773,130.21444680559063
961.7480136590613,624.0952016936272,58.16697448938375,126.84400264329538
961.2641680817985,618.5657566045899,57.35597381797015,129.43942987820114
958.9539975360178,623.5185050446321,57.02096449110357,130.10935951539454
957.7107191167772,609.0701138353664,54.313981874277886,136.29152411045862
959.7059099747984,620.4655689333481,49.59600977438001,144.9282288757941
957.6446650698239,614.8262388654568,52.19647263956344,140.38654842309427
949.3575277995027,610.3763088511546,51.67336483709352,138.58896551198495
946.0985804607268,612.7657128478552,53.10486110608069,138.32215407490364
943.3477426231109,606.8121412462641,54.56813150812742,141.51129055204487
946.0871135864446,618.6572869000768,53.41641335918345,142.04383151393233
945.8684754551631,616.8544971489857,53.6986645305521,140.9393952488502
941.1343182269794,612.6012718019458,56.19559841525509,137.54329862402858
941.1646671360684,623.7340334593558,59.552757074261606,134.74523440745347
938.6425016353819,627.5701124547111,60.03537288405761,131.4966388437694
938.8072612272265,630.1314869914967,58.559688509504156,131.33496579288558
933.6153920879236,620.9388625180643,56.58882348556537,135.16707177301046
930.335833856397,614.6675538935705,56.21330379311283,136.0944654173952
933.1714392304348,615.9281158709347,55.78706447091269,137.32907639942604
931.0537754695393,602.2510856378285,56.98356336975918,138.00936447039555
928.5472551655649,613.5415520681873,59.02866209228073,136.20611882724285
922.745425145422,622.454669991119,64.8052737381111,132.30323534322415
923.3964772798043,617.2806192020081,61.72466129820667,140.27813387378177
920.4673488362878,611.6471366395035,60.14472247628037,143.8754573371001
922.1230445211166,615.9898224510946,60.43304089896609,141.04168672119192
918.2737093544903,620.1728873335745,62.10421310792967,134.9874764817268
916.0434446872425,620.0297548645043,61.04704104124899,134.44324413297727
909.4277685437632,612.9307679884562,61.099270915054944,136.63244040163534
909.7805692164719,607.4565858064121,60.68968396442523,137.14592860675324
902.3718314941619,616.9302375371356,59.377781111196185,139.37323257244998
906.2354357852889,607.2122111599784,59.54420374081981,137.98666605066256
905.080466855181,606.7406422057613,63.385358381436085,135.081541462367
900.1935563089,611.187558282893,63.59518294441939,136.00324121433337
904.5370531996155,605.5138020187646,62.79678175107044,134.25155083945106
903.7372283134533,610.1634067304196,62.71020729970267,136.1604626437312
902.155225123346,613.1293312748651,61.64290338703421,141.91534903251954
903.309714557235,609.1582252916141,61.20838790947087,147.43178590478692
899.7196991391646,599.8370241939161,62.23718453590746,143.57183912399705
895.8524461946081,605.9189787725097,60.81727979991011,143.61422288003575
894.9327682226947,600.642788048268,60.54066400756285,144.39325305274474
892.7892047701304,604.3004577605512,61.342564149205685,143.2486038009045
891.2037859113959,601.9410995673052,60.461898057539884,140.859927272238
888.8682753322873,608.3528269564131,60.42299390766935,138.67047553305213
887.9385257700671,610.920743882488,58.564408674365794,139.45385306381468
886.7612596845194,603.3677768516652,58.73626824663329,137.83031035394174
886.377160280269,605.1121539934978,57.10622971676466,140.40689890687622
883.2601205111564,602.3480237290177,54.724180278173364,149.84714748001502
883.5406963875364,609.8533219761938,54.118143308118995,149.81180853951923
883.8739597169335,604.7636902288197,55.8746132395583,148.60628712709232
881.4683730144316,614.3770464541025,56.46685971479704,148.34663532210828
880.6419722737279,614.7780812050792,57.36116905015737,146.2567191060897
877.5059532523807,612.537300496644,57.69305133514846,145.26085622532145
874.638937322415,612.7738545655038,55.72333296530488,145.83588927571316
873.947763918492,616.2706235389106,54.6131940122759,148.37274437584352
865.0709602418727,603.9823487013333,52.8596855349129,147.88298913315901
866.8220558973889,605.9252745461719,53.53335601215057,144.9677785759275
864.0135906297787,611.3708997685426,54.89272000514519,141.94996186140375
861.4970192440412,609.1143686756491,55.11344417073653,147.1716998586345
858.8545660399418,604.2862490458508,54.35727327257301,147.01201664091025
861.4742321315692,609.2680044800919,51.881676634737964,148.802602767845
857.2784064134755,614.5281120419196,53.06646882256567,150.23178996941925
851.8362123950805,610.1399337556838,57.28807526906463,148.09235456509512
847.9840343107263,614.8935059845684,60.357589602022685,146.39804441293555
844.9763828303637,610.6720383351933,60.979186872012036,142.44664231410465
843.598997873061,615.8405844075096,60.53579028679542,144.29604826973667
843.0101540248647,616.3339996212637,61.10453723505941,143.646818302886
842.6715652164497,620.8781216363793,60.93996787236456,144.07002900695045
845.121461720014,616.540162361757,59.90984030224354,144.17388695974725
848.0690901769589,612.9108588503793,57.28520412937351,146.95221600039824
846.9497731743543,608.7188890074106,57.333126403462444,144.3733680925047
846.8474426038512,611.0056158054277,53.5403309668609,152.46137256548474
845.3507151356769,609.8360748242224,51.72917261770792,155.62786175323743
845.6180656200522,607.7879215281606,51.609037973409684,155.20198950529968
845.5078476601701,607.1529589410761,50.64146456575307,154.2674121903467
842.6503619491039,602.9212768104258,50.233662201196125,153.44719835231822
839.6031186739312,610.8724164345313,50.30222645757721,153.48004051911175
837.6774351472111,605.6035735974706,50.94691775599892,151.99744050670287
836.182921565882,609.0198979991862,51.64440805682674,151.03067666467615
835.9206174086286,606.8708706251888,52.73923393618602,149.5585832784223
834.5149176963207,617.4255375210057,54.69983936430209,152.71526976312876
831.7963097054204,608.066534724624,55.17661191838294,153.19796555234916
831.3805890796746,609.2016241835701,55.04129246997826,153.79975679978094
829.0822333786182,611.6049278991816,55.15547446323957,156.23420377513617
827.2406785993958,615.9022322179701,54.278590094562816,157.03810974447555
825.5392919023673,607.687215607011,55.04412422848482,155.14223521334787
822.6267141859079,607.8305297946016,54.37769651768187,158.14412994438902
821.7848013945217,612.6275437504887,53.82380607685761,162.18718316649841
818.8662846584181,612.4881889751306,54.85413915887335,166.74876152414134
817.3103911328402,608.8466323085526,52.54553672346915,176.57091718586867
813.5536104010339,612.8407017533277,55.86119088946678,172.5676555638773
812.0462964062299,613.9316987671949,57.04317668716878,173.61463665690917
805.0327825327496,607.4774126292282,58.91243087855729,170.97127851508708
803.3518404789845,612.4309932991187,58.6591045317299,175.11859161262532
807.1165678258488,612.676780645658,55.05766128710708,182.27773462830856
804.9375692687438,617.2351629574147,57.6080801665519,184.5256758121693
802.057959329718,614.3285936414386,61.38755718315963,184.97116453727392
800.2784459622957,610.121855087068,62.65489610148413,183.52539728526955
793.844094107003,616.690176616504,64.1272165224247,184.96611397096456
790.4530816393534,610.3060555899118,69.18048773571665,181.40738271008212
789.6901087362265,613.6953863334547,69.32765079178512,182.72119264393345
790.0148671639594,607.3021425887672,70.48203254330446,184.8798316964374
789.173488944812,618.6740387576947,69.00256294658216,189.4550630851343
789.7481069882872,608.4679014296094,64.60473646697399,199.67445798393123
788.8571062457584,600.8097356680721,62.37356733502419,204.6601620008184
788.4138801839729,594.6417377374182,60.57880639174326,204.53117607807584
790.5747276893263,601.1202295515466,60.44322141944868,210.18356171152942
790.5304716298748,600.9017957221403,60.52352360927902,214.4482326380389
791.2411648412674,597.319966666972,65.78089924525506,215.95285290427665
785.5843703602972,585.9315766849511,71.39870115840714,206.19065954182537
785.4636122361215,593.2473135598652,71.47204605375538,211.77595212880573
782.0758122190147,592.7991559482527,72.02225569822149,215.14036564652292
778.4865896965694,588.8696187532984,73.17075287156773,214.10922836794612
779.0173486227108,593.2746012811746,75.54929599776446,214.58384045732436
778.7458567687788,594.8735256389531,78.65289422597604,214.996422510588
773.5685468719415,592.1831017906841,80.07953917849686,212.06339745292564
772.0348175353201,595.3287704764758,81.32819664608257,212.15633714200774
772.135520972864,593.1634973924263,81.8611371298651,213.7170525160147
767.996413364765,594.0257386946927,82.70318782940303,215.05229577107724
770.0169009538474,593.9504344336112,83.88093473234893,216.25655114647384
763.1135662239942,587.9448214613251,83.34097654954988,213.88847360999756
762.368110166058,593.4521104329348,81.3735445189977,219.89444570578218
761.5400473978826,595.6154887688941,82.56272025852637,220.17079252968776
756.8375154772932,593.6451498195646,84.13529600730322,220.74065363420453
757.9681087092878,596.095013318214,84.92847756541104,221.412462252779
751.316862205452,592.492177642323,85.13342544050919,223.55457188775068
748.0372392557722,591.7471684664083,85.98677555315511,222.28732681990056
744.8901446281847,595.928405660841,87.88701531772286,222.1775123723486
742.2097693513549,593.6974645916468,89.063140590182,225.6317831724857
740.3488016316528,592.5420669197748,89.77917442001798,224.9291336057423
736.107511549411,596.2504566292524,92.32322019192146,221.71534947385993
734.6722684678592,597.9815020394302,90.93389429307746,222.01961643589485
730.2248035132409,596.2900310173266,90.45239087598026,223.17476322219906
731.6945300339606,595.5190449846352,88.73311102608915,225.88546831598222
732.325739277117,595.9041616175721,87.71298936248002,226.3890664865857
733.4558089446591,598.1153970441716,87.37670664422461,225.927345369865
728.6297724774225,599.5672839129654,86.83172748759984,227.08922694418868
726.6305524337587,598.1059107166624,86.33638560726125,227.09586236013698
728.4603595504975,601.7036063039752,86.25637661493735,227.38218961957358
724.387036536258,607.2671294153378,85.76447666347764,227.68752570069955
723.0592785389342,599.567480907025,85.6193490654795,227.9315432894691
720.6411033451998,604.1117617979049,84.51724157947328,227.9636961883404
721.5520454222773,601.2164570546504,83.49770119933129,229.42651115422748
719.5317007918169,611.0958456103627,82.83062020896698,230.7845369916535
717.5426946175726,607.218187596818,81.08189237372571,233.07979388029625
715.0666326802466,600.7338379279105,81.09748398809856,234.8176429487283
711.8108354851445,613.1850664723535,80.07754511477165,235.72629229330775
709.9990609951676,611.745314730198,79.11634763933947,237.61455167311263
709.8499721821817,600.9148787593481,78.04670358639491,242.72884175175716
708.426396189019,603.7750182145151,77.24738150293626,249.1412309119287
704.8455604253213,600.340842631638,76.78138937889602,252.02156262504286
701.6062383555482,604.2957150633737,75.64395661012912,251.99124359852536
699.9462718853483,609.7952606668845,76.67313318491995,251.76526946986777
695.2073336661934,604.4425561979649,76.99843105060371,252.46669596097462
694.2784798146839,612.8031461062009,78.04934126231235,251.80146395418018
692.8886577474618,607.698597155098,77.14500113348127,251.65062522639317
688.0200527937043,615.3776459611524,76.90073916234024,245.51307759279916
686.1426965087769,608.8802896396437,76.37770333137611,246.44673834725117
680.682156312705,611.0236293616318,76.89702866001115,246.2189438673141
669.4682104313537,615.6223872150255,79.15946735762509,248.48731572925317
671.8739596376257,612.7420162043508,77.66681216572435,247.35757737256478
668.5694932568321,621.520263897291,77.51089063868115,246.8037682638286
662.3531328357475,618.1343992437934,78.4849871622607,244.0147564152948
652.0928143249321,614.3729510599883,79.13215523427976,243.50600450591216
639.1923995443781,619.4690196980414,82.28464478937235,240.82539416925766
625.1331165555184,619.0503397917871,90.22318351170807,235.21615939285226
644.7506804888814,625.0439911588167,89.94577044363412,237.82038903116074
647.0008472332545,619.5667679587804,89.15950655009573,237.94869752295477
647.120543309612,625.4899144366314,87.24695344282836,244.61476568986265
636.0600007341094,620.2735310284504,85.84884509772192,243.63734265110884
643.1023089527205,618.4602254689618,84.28498413800531,243.73707526682665
646.0629161096829,621.976614012067,83.61044809538018,245.44974557607634
644.9298674329348,623.2228151811184,82.69791565167809,246.2801158836155
629.7433372843193,623.9334880729532,83.34368463332376,245.89116186492743
630.6160484345538,620.6680041665176,83.28360200822723,246.32825796297487
632.002979323589,631.825499618666,83.2550087078875,246.26741481480738
631.9448276361866,628.5738297658243,82.58707445401672,246.01879595061897
630.6844325533173,625.8119835431303,81.59754204883846,246.1191070414667
634.5002944965919,631.2472913776608,79.84390571910544,246.9486486277284
633.9957155172118,631.5288586412652,79.26782127196707,248.05581903470437
633.5326434475263,631.4316962291164,79.16222091657556,250.0922017461769
617.910390179456,628.4530780305109,79.9758204417642,246.64258032715102
624.9613615768811,627.5191229734908,78.57775609451794,246.03655696241265
626.7337290599561,626.5273859640929,77.60741616098491,245.4321057511058
626.4866610730085,621.2008183924986,76.92803182956601,245.3638689076489
626.9096671798336,625.6834129060169,75.95104023938342,245.76582179184595
625.7156727433133,619.8131058131258,74.4907073214508,245.1811507241221
624.7888210108425,612.8758579787011,74.29810897987227,245.15355369591288
621.4804694978532,618.3936886786616,73.98667890060479,244.14706197401222
602.4551492613685,614.2305582997318,75.70365720081968,241.3935474444997
603.0048323757486,618.6549602246182,78.02067974368238,238.92156194379575
602.7412407032707,620.1704922310649,79.62110080747388,236.56704216357258
609.3841319980046,618.8883745244425,81.54445071927475,233.96248908918744
629.0838449772565,606.2195921074483,80.80416178051911,234.9163058261222
629.4783733225966,612.1492710505919,81.33725942937801,229.91754277241998
632.3434320510607,613.8971093592376,83.22262023540418,223.50018721048022
638.6691842437017,615.2467014304365,83.45111514821515,221.9053458127375
640.691728431527,615.6217687805419,85.72848384923716,217.5384287590145
661.1054292228338,614.5843890518345,83.25617398893851,214.37209713931247
664.9959396616135,611.9615948697805,83.19376357497597,214.06911438936825
682.4420715320596,609.3729010107259,82.16540120253461,214.31191786997977
676.9597366957554,613.0237464151298,82.26514386634591,214.14743469507164
696.5780832987989,601.2062327883841,81.2990934796004,215.00261977461346
691.1292310411026,607.7166098333947,81.6758777249505,214.51845781123262
697.2690266599834,607.1133062657887,82.23214591919731,212.5935965105393
713.2231599159292,602.0249257215871,81.95748691228961,212.0660687189626
731.0044791650686,597.0731506439218,80.58959225390058,212.29718781293823
730.1120286081504,600.7746407940481,80.83398759539519,209.45739117114593
738.6673925345663,598.9182778999469,80.79735241912827,209.37772917130687
745.130747545531,601.1840508708517,80.53442284214098,208.5695452564808
763.2094912070324,594.3121176269437,79.97595434523993,208.63170193923526
766.80750708844,597.9484211396701,79.43676634571095,206.64381835587807
780.6007603152599,598.1597949479453,79.14483509657653,206.1885140886366
785.2918746197676,594.2899759743227,77.82263110839004,204.4177783147517
801.440012369331,600.1795609099387,77.41496277058934,204.02138573574487
800.4847249161496,594.6695079041586,77.00304638833258,203.57153744736146
802.4420778288254,598.2358145096443,77.10319031682377,200.35091354495813
819.8931267321876,593.3632666252554,76.6155665486207,200.05980867386444
825.421863448861,603.1265531947763,72.67437152593615,192.92566454514633
837.4477728918661,596.6861014611268,72.08920337389928,192.63586748591115
841.2247208535497,594.1679208014283,71.99859564549622,192.4546252777146
848.4746182849046,597.3470957539782,71.87038215829246,192.460531215908
856.694895917869,595.6178033058228,71.81284928667834,192.4147926029565
871.7418740596968,588.8530977939065,71.93888981874008,192.2655397854462
873.536885850758,587.3887981824626,71.62675875771212,191.95562730695582
881.5010533609556,592.643096168356,71.59198589821088,191.893202664297
891.7923894355652,588.7258545742168,71.41090457895024,191.71940820505745
897.3399899609631,591.4510440125907,70.97103802742977,190.26009776095464
902.7723593237773,591.9136578093047,70.73261692263077,189.38302853865687
915.2252543701403,590.8339578211526,70.71262482749239,188.01213127606542
922.9465488218297,588.9205254844729,70.4619600200766,187.54596225876767
931.1865296815072,587.211374927136,70.45706021276462,187.29120650631498
930.3937267167935,587.3305730922689,70.31726767842689,186.4563477458876
934.0674132428088,586.1926225436038,70.20069176480959,185.59851086821195
936.9607764154337,589.9553357729953,70.53404399819453,182.73917559776976
938.9575477235702,590.6304573316695,70.4762349432139,178.53717924947262
938.7266440204814,591.6008147063889,70.45175306373942,177.92103000690645
942.7974206777405,588.4091474866968,70.18080367410364,176.74485572408884
946.6426566805001,586.1015538157443,69.47192728666307,176.19819902280375
947.9316850349201,583.8009857107276,69.18588078330794,175.83212942733365
948.8810711159142,583.4279140787253,68.88856619905744,175.52353414302286
950.0897697180862,582.3386293974257,68.4578929702127,173.77187238499548
950.3227377483083,584.2856547752546,68.32068948103878,173.63685629085646
950.4768858573232,581.598030521856,67.81488968589112,173.2101685545138
948.7427441234397,578.2056327450483,67.5403511803537,172.91794540220735
947.346190061417,582.9789700513151,67.65759025429304,172.71850052326144
947.1748682129491,582.8683926281132,67.62716645293276,172.67431595539048
947.0765943216569,581.1722237690668,67.58468216594308,172.61817392006486
943.5933106868592,580.642598364723,67.36627600057194,171.72757445177717
943.0701659656062,580.2362895894528,67.21713623872438,170.87534127883595
943.3295882700694,577.1051729882353,67.09240087252893,170.52794186108684
943.0765754277048,576.0802487981261,66.87449611776087,170.0665870840427
944.8419522446808,575.5290626780414,66.83130948352601,169.99355004132264
942.395094721169,573.9133291902037,66.53332416373175,169.0790479535766
942.6253283188489,573.1617625489316,66.38664999396933,168.69390400559186
942.5886451673117,571.3082363408685,66.21544127141836,168.4084990167422
944.1307658654029,573.9137926542899,65.97512974127167,167.8434468286787
943.3384054677695,569.4296074356001,65.62074246463848,167.1384907747817
943.4914315541859,568.8218125258913,64.95625314136336,165.71199191585762
942.95675016675,569.4270150344299,64.81272995969357,165.24724543370095
941.8028452131905,569.1767808895027,64.73704490712821,165.1396769210155
938.4805216641302,568.8320329010317,64.68445492042422,165.03300069887413
939.527030479991,570.3646250709161,64.63531542504583,164.9353567410222
938.5385716256853,570.525998136014,64.48862193699408,164.71568646313835
935.1800189486322,565.8838156096224,64.3863114410988,164.35662036501358
933.5003243006507,564.8860996876602,64.42969808881267,163.8915019310688
941.8230930816742,565.666051319452,64.17766608428033,163.13844415630803
937.9921163568487,567.4228362254137,64.10390776432102,162.96988183813215
937.141765558796,562.7388081943508,64.08928540402354,162.9188441573447
935.5516147782253,562.4500340298919,64.07531956570134,162.68162454757834
941.6841400392321,560.3492697047773,64.01736293177264,162.2316287180423
937.0945096839401,563.6261623745208,63.805016236209184,161.88789751443383
937.1993986983841,557.2788101294822,63.78081639018769,161.49131019176116
936.0284262902153,554.4206677643207,63.4674086048698,160.80197638201238
936.3735977321182,556.0739162406821,63.19442530320154,159.73274931644266
934.9409396231214,555.8251454040569,62.98075421674133,159.19883671454033
935.214154632393,551.0805108635498,62.80639864828471,158.9709477443825
941.4887982467424,552.7918608385702,62.684271848168024,158.20572469906853
938.4117614123655,549.1538639350476,62.44364363534245,157.8900880171693
938.9683218902827,551.6429872381103,61.9147685249627,157.44270224267638
935.2834964802927,552.7119413210719,61.97562597173783,156.73208461227466
941.1544815813191,552.0511240776309,62.4302513165171,155.51805001595636
936.2086600557858,552.9078387156877,62.2192820536382,154.08357919283185
936.2416890925685,553.3747054130777,61.32020890918943,153.24361284820117
936.6079587402771,547.3350039138478,60.5499421779597,152.00511769034318
932.654329958864,552.6991279436535,60.63570865989116,150.42983959061237
930.212890378273,555.2272492855986,61.173653999113114,149.05316313134972
927.8185683530564,553.9374115550072,62.44516140826629,147.5849542058188
936.6267892322904,550.7599350107375,61.74164954390226,147.6548276783288
932.5522937635416,550.8710683639415,61.65437422458543,146.97432425151828
934.9396922991276,551.9003650464714,59.82150911825546,146.16277122470206
937.9535248773682,552.6327209346819,57.778639297822785,145.70625415437237
934.1329203716911,549.4423455069234,57.715378968003996,145.7075248089834
934.9857409641218,550.8305998262174,57.637673341832276,145.65156486604764
936.6372731927526,545.8640192930211,56.68777466146315,145.08469016488553
937.2510458547154,548.999951432777,55.20834025180341,143.92286989294112
933.8314489334458,548.7377135906814,55.24917478117549,143.91194720414296
936.4504394595351,552.1318286046057,54.305687362751335,144.02067562300599
936.4317500115678,554.3640920882674,54.03747022272029,144.24294294227204
935.8110757380631,549.5713886648722,53.881383540418575,143.82973966777158
935.7238789884344,556.0415305710861,53.681454751752725,144.11885450681666
931.3940681697003,552.9893798893848,53.69087702128529,144.1307918508014
930.2776471101761,552.7455612890785,53.732317910995015,144.13388440598024
930.9099084920737,555.3951572286356,53.77859822816733,144.08385301284827
932.1001061033295,556.6364774425915,53.70552229394683,144.10620306829057
929.9588786468927,553.1252520920708,53.72680811919364,144.11704042912223
932.128120821266,548.7025507277951,53.576132041322495,143.535653302635
932.5055422041087,556.6404977317421,53.289905861827265,143.78353167619773
930.4584101715702,554.9538920374251,53.30827694239732,143.78954948527638
927.2280125884796,551.6310800804724,53.69201725485309,143.85396999905188
926.6669198825355,553.4036780766593,53.9021349209339,143.92141174700814
931.2595145733795,554.2950077219822,53.894041400300594,143.91721538188398
931.6403534239282,553.7416645207655,53.88540828320515,143.9122614417393
931.9729526857288,552.4097108177049,53.612800959927675,143.67462890311
932.2901462576627,554.3363575737841,53.428302802909045,143.5225614944184
930.3638380578725,556.0034545553899,53.34319266995541,143.4874405814011
926.8921342339825,557.2021895052213,53.34159217791445,143.48742679206921
924.0936565040901,557.9754360291104,53.342187268299206,143.47809036657975
919.4006977111218,557.5460329132063,53.691415940292885,143.2351889683784
927.9893836382327,563.186451264189,53.650699932117575,143.22769230091748
927.3836824313022,560.00592371482,53.32609429665249,143.34138907059003
927.6122315188711,556.8613462017207,53.071239272594234,143.4223444070635
926.6989656519081,565.600872313144,53.001256580305125,143.36621163175266
924.7915008958871,564.0467757084787,52.982029682532975,143.3577636708308
918.9084350148343,568.5731900417348,55.0970210449438,143.3590443976007
924.3228615589469,567.3031193088293,54.92441990182027,143.3840494791492
922.717195743488,568.0417455465558,54.79147958183977,143.30837486845573
920.8368556127879,569.4430500061036,54.48101544323883,142.98959866479166
918.7379221816055,572.7082015570764,54.47680576720263,142.9809529412881
917.5729655555082,570.5981771838037,54.47269897152384,142.972214399491
918.4478523490458,569.4253479197679,54.47053300227525,142.96381457334786
917.5953537387122,568.7007304659729,54.33803945083366,142.54652832774758
915.3505602902575,569.2196678934606,54.18177212580011,142.22988424668156
913.630680506864,569.7206188269485,53.91225548889192,142.2507335560768
908.5780501878027,572.1426669464347,53.77674958523633,142.1970903705328
910.4938861104976,573.0402221317091,53.535232593455895,141.97074167066327
912.1972783702754,568.8415936492388,52.44503466214469,142.6719960807871
908.2572322100776,567.806183676215,52.39764619827668,142.62406764941676
908.4199456970183,570.2308715827015,52.32132165262912,142.47327312177185
907.7006398232155,570.7361673277592,52.19279591062288,143.22064272882957
906.8990186078964,565.4873835486493,51.98668445759333,143.00499474223417
906.9545411848911,567.3167302277011,51.9351457216626,142.9950070171127
904.2732182104204,565.4403247133705,51.90780702984121,142.85926943967195
902.0212565381631,564.3928110783244,51.77208123521765,142.67261078572784
902.2642057360749,558.0747281451296,51.510649205597204,141.61918188019754
897.177986968018,565.7015594751406,52.719817442616716,140.30862450961854
898.9806602201251,558.6961857637377,52.16680417902975,139.49974539236115
900.8012199800535,559.1548965811012,51.51203818216379,138.68061946109282
900.6654380463566,558.6595091155281,51.31862260253385,138.5381885847021
900.3731591980294,559.581594925811,49.93994717826156,136.47626970132896
895.1385529666958,559.7578476154144,50.01256370769475,136.00845718622352
895.4127475072996,559.4649211101467,49.98924324515662,135.72540487461796
893.575676854326,559.9721859815714,49.990180261809876,135.72163103546958
892.2151858772222,560.0177226024839,50.01768101103873,135.56264774534972
891.4854694371332,559.0494096548498,50.08500691203111,135.20130653071436
889.8985381911087,558.6562948071271,50.081998529712216,134.42046810241277
891.0629326882015,557.6456395665181,50.09382326209784,134.26325308058242
890.5300861268977,557.7648581895622,50.02250906484627,134.0920024346196
890.5009984121164,556.0435190580214,49.804965712788025,133.95941965843872
890.5199714387436,555.7999329158336,49.732130885466695,133.89436254578234
888.5628715930081,554.1679090913783,49.67132269544487,133.81029706774663
887.052175604406,553.8949634281944,49.43746438088081,133.49274863432922
884.3991397869743,553.7007878700285,49.244044293016394,133.31350105526957
883.1305173052107,551.5669146342091,49.10750709506332,132.78785731480923
880.2067238086061,551.8082892901899,49.00304759116176,132.52331045880644
879.3705110132272,553.9464311954077,48.70963837350878,130.41068156201118
879.4469473492995,550.7209888187712,48.600090279837424,129.88670468388776
877.0535465831807,547.5434850032742,48.616534114340475,129.83145924612273
877.4006869277528,550.4635059244264,48.42108861333674,129.84574337209727
876.2702259074125,550.7625441621187,48.497337895655626,129.99128800851113
872.5016505394835,549.4660134817052,48.6258541022575,130.10793106719714
872.7078103405604,550.5588824417184,48.771163818245334,129.7751378214737
873.531653850621,550.8829122892818,48.965598127017614,129.64580846955008
873.5451885377389,552.0453433322676,48.84470055226261,129.58523571629533
872.6916865951293,553.1417061203437,48.746391745491024,129.3810995719648
871.3033795236967,550.4066821224392,48.69621601791023,128.7614435411395
870.2707312705919,549.2742478050748,48.44328646487442,128.0328700551624
870.4491672892109,549.3571015695277,48.23942699304051,126.65517224859141
863.1053731403578,551.8471988734148,48.79095471661559,124.0797348443461
866.2465054876662,551.9661515478967,47.57812138340528,121.70401953670358
867.3466755023444,549.0251604176763,46.93087533315541,121.42868208439424
866.8614816857931,551.3855638843104,45.57451960419415,118.81179362655621
865.2189457880412,543.1171058564809,44.50038688168907,121.2768790060677
866.0996805599905,544.7757677211815,43.36892467661439,120.30988110233372
865.9958881132873,550.6148208108215,43.00843057493671,117.30516836742737
859.4292837429858,552.81531304965,44.407913864830086,115.05472869597877
861.1705806020555,554.6443292428413,45.2045759856837,113.31859795266436
860.0945630582461,556.6544530844026,45.23440396116331,112.40712010567253
858.6975949403283,556.8135108974473,44.75449447525038,111.19244373695571
857.9317411805246,552.5906153075031,44.52369678154106,110.76437461254706
858.4519840110572,555.2753586599057,44.69951324657679,109.62717089185965
856.8798523838065,554.2029278340774,44.403808413779934,108.95777048124074
857.8911616047669,554.616560202434,44.24449489899155,108.731449678751
855.8644311728594,557.3566956774918,43.711922645846784,107.22538487022078
856.3862909104909,557.225799899621,43.10076787460952,106.90450351906244
851.9907633883195,555.1986776991604,43.35441186663834,106.63102180310483
853.954638797181,555.2516574279325,42.62296053373484,106.72648494241538
849.5550004877865,552.9351916925034,42.41661742152214,106.0635876442854
850.865891982406,553.0844066205464,41.640617772445694,104.88354710345904
849.029104181226,554.0757078826757,41.93093867564701,102.28143960708248
847.2734835918399,553.007101915986,41.02792129178012,102.04246333569367
844.6959415452576,555.7159015371224,41.40289446888401,100.80933029549774
843.8378762892336,558.0725080716556,41.54958123877216,98.83322945210921
842.3494167543408,555.3958797538286,42.17104175297601,99.15645959120663
838.6818426251771,556.2606350791982,42.57273657893562,100.06389261578366
838.6275292630181,556.8909185672189,43.10469470732261,101.83867785934078
838.1973835826923,552.7460617750519,43.75701699526688,102.90876664660615
838.4709473123728,555.2041754579581,43.4595321841137,104.23647920701264
840.0149965996073,551.9200379490279,43.06458486073345,104.59958939864704
835.2965127329296,550.7653531576391,43.55039175967967,105.2338340650798
834.7228754060875,551.7212428752301,43.93624605997808,105.74537895716949
836.4603963849972,549.3676172468138,44.54604471010964,105.67857430418475
832.228680020581,550.2014420178106,44.98751843541946,104.73608812533054
829.6524815301416,548.7460590101512,44.99199817544678,104.04353858231556
831.8262130953025,547.4214913726843,44.30652902192523,102.53763477107944
832.1630675321484,546.7224232861996,40.8386559411481,103.05205969877855
832.125491176695,546.992297019531,39.75565255669512,102.78349600837119
831.0786257277249,550.3619474149637,39.86173060945882,101.07821035741506
829.9425184250499,550.3101854989868,38.821848850784875,101.26920000784325
829.198394729083,552.3314282255483,38.33283305753459,100.3240856547053
829.5509374111632,551.6266335667378,37.926183661415784,99.24451038413531
826.057895653118,549.8135167783898,39.12563353550151,101.23654578155197
825.6578099276834,552.6934440001759,38.895242363006496,101.3893860684419
825.1250230386154,552.3030940664859,39.48892261053592,102.0288491762923
823.5834682118434,550.3959880679114,38.578907158535756,103.34118555446676
822.0487669404132,550.4635556787803,39.70856217580288,103.48777178381137
822.3650100609127,547.7182937976709,39.9337348053835,104.2144744951853
819.7959888358823,552.2392101789322,42.491308792077156,102.11781607948612
821.4262929149204,550.8045936987736,44.00852921256715,100.87880152718142
820.445934028486,552.9569787510734,43.19703113876089,100.64082280317055
815.7977314372431,552.8899770859945,43.16650499502721,98.98795269547095
814.0462494328686,550.4004923002748,42.758525603230446,98.57596849473104
813.9211215840049,550.8703616250042,42.355694251909476,99.37936703425089
812.4934214637049,546.7324877563703,41.45841422392448,98.52949760276915
810.859305641532,547.4496832023414,39.9614670800485,98.52657206339363
807.3652199653774,547.5912779765924,40.38016096137083,99.49581665595412
806.0152180132908,548.0947458311334,40.10550898171734,101.50183065275058
804.3182014268068,550.4957925117207,40.7309070316295,101.12007376684332
807.9621927264104,546.5683894936973,38.92346771157882,101.99442763649503
807.3455583657355,548.5690941156353,38.39890391009594,102.07828553190669
801.5837317284892,548.3592519330491,38.62857689426932,100.64162651083615
802.9217276739325,548.5764401395237,39.53421685668607,101.46436291344307
803.6535655460307,550.4001664085008,40.35629539457857,101.63702586597185
801.6456265265957,543.6026006292739,38.71110687365945,102.89117096256902
797.3325837351956,546.7161838987423,40.5402924784006,101.98655682027746
798.1796645737093,546.8572799551416,41.040729660581846,100.52287870993781
797.8167805697653,546.2416524024012,39.85207586665966,100.87845168919088
799.5173753452644,543.9025480498699,39.56665298585365,100.61911452439126
797.0816920061155,544.8828056197008,43.36602135606765,98.95243570527019
794.0629336421156,545.8792150496188,42.87824334337094,96.52570890975286
792.4999043374419,543.7664773111638,41.125319371420744,96.95287303850475
792.134141689518,541.1572145802469,39.15105583946091,97.80661251953362
791.7437259085714,539.2791246361165,38.66872483762549,98.77733063386133
791.3426031704879,537.5121467211814,38.42367800341313,98.80485317335211
789.3657462389676,540.693030142776,37.14284067555098,99.07621649356852
788.7784064490558,541.0558118550261,36.586551499165864,97.08760400341691
789.4081497682611,541.8371873220498,37.35220889188253,97.59670819380264
788.4739182071891,540.1429046438438,37.788818237593944,98.78411725463535
786.3281106302398,541.0943634089966,39.863865392654546,98.6529858188929
781.8937994095861,536.1250014611683,40.66673208358229,99.81893419952064
782.5162107438381,539.1595643020203,39.87089122408095,99.09291439281449
783.5760017048475,535.677595083255,40.36266115802081,100.25484605045516
782.3247903248156,534.891986400173,39.812801349446815,102.80813908230937
780.3246209181913,538.5036478190617,40.57107159987025,99.51767306684181
776.1540167071652,537.7427776896927,39.7581097605229,98.29363881485747
778.6580013162276,538.65704201954,39.617212832483105,99.84982322210422
774.6453345709018,536.5672038752275,38.792470136286326,98.8771590888464
775.8462590229656,535.8256434662799,37.87212344761884,98.67770988800376
773.4262062219733,537.7818347526421,36.81637833986396,96.8792941409387
772.6278476554031,536.3831771138181,35.19194104385133,101.2713171737671
771.970591633475,531.7211600633672,35.748076457058566,98.3955497093298
770.1113164577506,533.5452635088815,36.20496649585951,97.79007789038889
764.3694036610868,528.825337788926,38.4636736076679,97.41972273877415
766.8718834005115,527.8710388850217,38.972663387292855,100.1987251852972
766.8492332337593,528.7948237456098,39.203253444857204,101.249190734948
765.1238854275058,529.392349695888,38.379755448421804,104.16063183205843
764.0665658783294,529.1450533000666,39.160881814204856,105.32508357749472
762.6958160659433,526.6549496178089,38.37737885416382,105.03774898061297
761.9413855150718,527.7949376164883,40.31196020784973,104.3186990575698
757.9029385976186,524.8022803333043,42.228494619271686,103.38508192982496
757.0136740106792,527.3226280228218,40.967457426110784,104.3823131752479
756.0013782484984,525.150904833169,40.314351085123874,105.4716498582186
757.5214421659862,524.5412319164261,39.98585694983517,103.32453830242773
756.8531464625505,525.925075007699,39.32747635619094,101.84697722692863
755.7811619840342,527.2857236743116,37.673363069849614,103.86916585316153
755.8543248663752,526.0860534118526,38.564231946632255,101.97242550905985
756.2648877852768,524.8749844372735,37.096784726890846,102.11345336007963
754.4861396791935,527.1103659089073,37.7010404743092,100.90250390806796
754.5255498597356,523.1784426253017,37.01836579765336,100.96967871839966
753.1300440447694,527.188106758631,36.89458386658709,99.22545754101506
746.8455702377751,521.7512927620962,39.33650314294243,101.10939423749471
746.7113002167379,522.9128327652261,38.98475301915238,101.85806909274231
746.7660213497364,524.9475516810123,39.84222875859384,100.65204663690736
747.4039046530063,522.1175317780734,40.35106824003415,103.31008528677037
740.7150662635588,516.4555597506188,41.26652901918061,106.30047912214441
738.2136351662069,516.1484953364629,43.220833249365256,107.41814647858428
738.7623641521905,518.0274824664511,43.5618656067713,107.79516077892328
739.2695171158466,517.476744018966,44.171451682802825,107.4952290378694
739.5418806063229,520.6356220162373,45.11750908192871,106.13399005876322
738.1347589277307,518.859104993944,42.77759247533389,106.0510979931876
735.8243088341022,525.6877501998634,43.979089619072425,102.50323591020948
731.5293546501757,518.6439287776172,46.34919370933551,102.15923163016029
730.7646282418544,521.314984350874,46.747693227810814,100.4724174485825
733.4372224019469,519.2168003836885,45.26326765714929,99.86145145742786
730.1722466363226,522.5413607557316,47.18323519306699,99.22845799727557
730.1340803211062,520.925908985549,45.14885695523061,100.42284121553966
728.510874941438,517.6006551360188,46.35480383617423,101.15974330922128
726.5252754944122,518.1205071886468,47.53399593864911,100.06656181690705
724.9893343977211,514.7911869011501,47.598691681150726,101.4061497126986
714.5010753285154,516.3312017638937,49.89599378160915,100.50428668265201
715.09415159064,522.1279271351129,50.45673676071218,101.26151776050295
707.9120884944598,517.7169218070021,51.17382495008214,99.4928564629088
709.1559389469619,519.2623707139314,50.920039065788686,100.65858833577764
705.1545010124353,513.0741561281137,53.08455435138899,101.19017022500546
713.7077065880837,513.5335462472065,51.990182508007024,101.25120281222415
714.180372612218,521.3076480362641,52.19699424647129,102.5982278035095
710.6714453001588,515.0010372611947,52.7948603986337,102.45837900507851
708.9909839486464,512.4530162705363,54.3218957047807,101.53211586904125
716.7778787568961,516.0939155518571,53.28586477038128,101.101958520577
707.4321623396797,508.3969072621552,53.34811962680286,103.1113709282583
714.3201798444246,510.1069170818075,54.59237031353228,101.73357137421155
705.4712159319995,511.11587865174306,53.65166368851706,100.36099467338937
706.3662031701059,514.2223141429478,53.842932536934754,98.38251413876688
708.3523568782593,510.5022813984793,49.81159510612869,100.30190613498385
708.7899204850955,514.4052761632122,49.55276633878947,98.10680241451627
707.3582996234315,505.17582680649025,47.3555984167754,99.31272219126825
713.4725442120093,518.7418317233296,47.23342985735954,100.86609128722017
714.721359001885,515.9285779104173,46.121166056882316,102.27715563068975
705.0005729305806,514.6421825953057,46.28834632454116,102.86410926885853
702.4605497166472,508.90458858811536,49.534500404298655,100.68706504801511
703.0006518803316,515.2226982106264,49.195033565073025,101.2197444557712
703.1653508030807,513.444292063149,48.651398148773055,100.87051687637829
703.2693021162945,512.8001753523297,49.597778525954325,101.26591568261975
701.2988323561323,509.048811237815,51.23870341544888,96.0991738721134
700.1375610290173,502.3246975366618,50.99643659814113,96.89020894986805
700.2671923516975,510.25396955869627,50.28008745759943,95.56060506909914
691.8804854952159,501.92076440771166,53.85150113800748,96.63972971759614
640.7808148125881,502.4309910169361,56.99084081279375,93.33092465073625
649.4473544497496,492.4432311489771,57.93876106067238,90.673707198098
659.4074640515693,492.7069955465828,59.63434478457057,88.63205616799331
679.6229426093125,506.7209176294048,60.13461839793588,88.98812415685629
691.8533849994548,494.72337515246136,56.53501337981645,92.21308144272183
691.8112947031171,512.8264870556291,55.81916046161527,93.6151416402264
681.1839905476248,488.0412251012279,56.070574991380646,94.6647935332702
682.2173627866391,501.25163983545275,55.81951609859219,97.34512241786949
692.2952260091126,520.5940889267564,54.09564388994647,102.4735105987802
662.5937099030979,536.2108050985653,60.14474405610849,97.07338778227088
655.8428130040855,537.6260386585656,67.1838991655739,90.883650492582
680.1981284838052,524.6689706661741,66.9805627838237,93.41706489945534
643.0326355478364,529.1937038006347,68.86449290871457,93.34258056785313
645.4900606370674,529.5825284640705,67.37547437187914,96.19240756419313
648.6447243248472,533.3468832108263,69.10184170470185,98.44421915988734
652.5899250171954,513.7049539758453,68.66341729833312,102.19198288354778
642.5475337900946,503.1763001815672,71.38564166273991,105.63259212950818
646.1721077196166,495.0954460463577,73.35478143816363,110.87711060899994
655.1746425798302,507.9892710551951,76.6385618438181,114.08850465450774
652.8391945655943,507.7977230122966,81.09765866087372,112.20097066417219
651.9187640572529,499.72583323465557,81.0620556121803,116.7026622518164
650.6128515055577,497.22741953739796,82.92314949423383,121.65485274094019
647.9174656723769,511.79875234526173,86.86118790046237,117.5038985189742
647.2433914324546,496.10899608313014,87.51716843648083,122.55887642471676
647.2827604469003,507.38864719896816,91.17878001104071,120.97537010666512
634.6627204667524,510.996363181286,98.77292038307533,112.90739769492379
640.8260451501579,506.68373982691685,94.63638204807353,114.635602440414
640.2632363967814,510.1867419302662,94.61136139061762,108.04925529810154
633.8277081804822,514.4820268945037,98.88540024441342,102.9369079947318
639.4726805071627,505.09867981272214,94.77715542325453,109.47707585651801
642.5878890180479,501.53432566137985,89.59593526018628,117.62014962456266
635.3766267477687,495.0554160919262,91.27764472349989,116.72799408826884
624.5495578692685,504.5164385618515,96.99724039234815,109.27397894461777
629.3474262686753,519.4233436582518,99.46949209789578,106.42804740047774
648.3075413941033,489.1204149081546,91.58370874325229,114.89902839409876
638.0000328173197,495.42977926343104,92.11291712819597,115.20269621709066
617.9262738513855,513.6463515165555,100.59484992086107,104.26254130355694
615.5487392583316,526.7146595726849,103.37398332973477,100.94962905214213
623.9480556122365,515.8095450483111,107.18095528984645,97.38234033449993
628.699835179078,502.05843438111003,101.6462975392406,102.44800325990758
626.7316497801409,512.3126477190435,101.93807385297569,104.98543659740699
609.3170528236197,527.5275172381428,102.77288123491441,104.41025158739879
632.0161221980636,503.4908777375739,100.72640565588632,107.10418580332367
618.6245629383417,520.1140290933877,99.64080539546791,110.52722625390334
645.4327591785093,505.5941756384374,97.00871142542373,110.29129562840382
626.8514578189731,517.2396663343592,97.79549833506402,110.78418074844198
622.0810034743247,512.5552022437575,95.75375218291607,111.08520015379963
626.0237458133537,500.1671728392506,93.2024337245421,111.38836961343328
619.861409729538,508.4178724522178,92.27610577792595,110.95907655001834
622.5162689598809,498.19855724339504,90.43333650674936,109.96241711304401
626.0466126784142,492.01269838539014,87.77446048858762,115.45370968728716
631.8267326808888,495.5571209983151,89.55121487839372,118.53469769094474
621.6887266870418,492.42165881021805,87.81309146119068,119.09034429169887
640.3939291037614,504.6666437645583,90.37633592527649,115.93849034237803
631.6481095777065,507.88341699087624,89.35109211852928,116.70946414780967
621.2094622039231,492.05991510111835,91.36504441426567,112.26656985344746
628.5627782084507,508.7055459430927,95.19278040178745,108.4064765329365
620.8278007805043,503.9983180723196,92.06756480146692,111.26455665651395
625.9382460209614,503.3095008389392,89.87684080888411,111.43503828410428
633.3461290459757,507.58958626191446,90.09995608345216,111.68173659408225
637.8920837657932,506.3139839312279,91.38584233069251,110.90692014549421
627.4301161704242,507.88013932830404,90.50255996029678,114.02858590425942
628.4461265599076,510.15000876010373,92.66798516192809,111.61419021899758
618.8468525516028,510.8446038485791,89.14808369311174,113.26598911064721
623.9221208177198,502.532499513666,86.3179220070032,111.67500959688648
640.5228535872213,508.85437995528997,85.77054294158559,112.00288639878173
623.5827702560462,495.94440525662657,86.76728461951318,109.54753268831826
642.5939629111758,501.89920776741917,88.84011634241341,110.47051988737321
621.0012447766551,502.8265838621017,92.0367192715141,103.66019971486693
625.0131211082464,505.3687241007219,90.15523151645618,105.50920103191287
630.8093693524219,506.5098316474887,90.21663084895104,108.39303378603475
653.7974012290872,519.1977086748429,88.83309120556066,105.84360242496649
650.7112157182864,519.1496893962344,89.39068691357531,103.28553502621233
648.5643455322552,519.795204864019,90.45855913364106,102.40160940156456
631.2333752132098,505.71860826718375,90.38570776124465,103.59016887480419
619.769513500806,498.15826116639437,92.16650965137175,101.8935957043389
635.5551531046668,507.2888030702643,91.90115008339876,102.88537999751793
638.1268575786125,500.11690722596694,92.08684745005405,104.91789659170209
626.6544839662063,498.0887767843331,94.63670293008082,104.07661947181334
622.3018994629729,497.79655284069537,101.22575364278967,100.45141313046966
629.5397250142705,507.41966871055223,102.88145328006536,99.69788454970134
630.8010862654701,506.0132553740373,100.435534713523,103.57805014959435
623.503118595784,493.08128327774597,99.63780331380761,105.23540950479862
641.6995389324319,498.0810431631872,98.17235744379158,105.85742603960708
632.6093429265076,511.6194814040869,102.25900145475465,101.89726277588137
615.5477421667254,503.4785696913727,112.76200531144242,96.15797345750354
610.9814691393312,500.8145329985771,116.79557431978648,93.81764463221818
609.6866021692513,499.40424101248425,121.4867007951091,91.15635192490001
608.676475475942,494.9005395239057,120.29548914417789,91.72111170546613
606.7240131586695,495.4025689590948,120.7219274485785,92.14108081213075
605.0676470598681,492.84778013244886,121.05444955869771,92.576166223577
630.6461675117006,507.3072482281001,114.85355533606666,95.54440155217985
620.4571686421369,493.53834864831646,114.79785831792684,95.00915615534821
643.6658288488849,485.6811637179163,107.08884665571031,98.87246043475716
633.6589473007568,477.10891317473016,110.27912856186879,95.28815945112447
605.4176804039424,475.780721117869,110.74240591459906,93.9828379104222
609.7311134140043,481.38270906393524,106.08892311828015,95.51392909296362
604.0728375298181,466.5681098302808,105.01171364011546,95.5665562268838
614.4237896978038,481.1308977360748,103.66870425678471,94.30231039119425
629.0081874817363,516.4825885224984,100.3228992356674,95.75522717692388
627.7642779864448,507.4276205020474,103.62263229928504,91.64707998693507
620.6103825895653,483.68953432895216,104.82534276874263,89.49972761950563
617.893530176575,519.7643886091731,105.01948806003058,90.61825041543179
608.3213411580646,523.3945093399718,98.52645677248675,96.88339513368774
600.9792536137614,520.0752985525469,94.51211371613262,100.30941991407362
616.1019066818305,509.94425327498004,101.78044452935117,94.45944771213205
608.236028233991,521.5929239856192,98.10349410372069,95.95397222560244
612.9923021981407,530.2112301905632,91.43859482527577,102.60397739461584
606.9730012560767,511.4379024896292,91.8130424028869,102.90532124203447
600.6444685931506,514.311984820837,88.21723305852456,108.87585672051546
595.1458471547169,511.52064902368755,86.60111886388526,110.73094540406319
595.3319132508617,513.7742833747803,83.55881425501752,114.37543367777268
594.8369704752309,515.2836173812296,82.5708879579735,119.32910580835336
603.098291866997,463.6783567215609,95.19832505238696,104.49626801917118
580.3233256837675,508.6434094400801,88.48911034676271,108.6689654970115
563.8602753694421,529.0407299923131,84.763093236341,114.05536109928838
563.6005720787153,513.7346611319524,83.28040222438366,116.25543233687307
569.0543018567915,517.1371641237382,82.70291350615516,117.17082905582546
556.6949268174387,522.0560022162491,79.15625986861954,119.41380436824625
557.2570362515694,512.8184662975247,89.96784064072013,108.98487749822425
548.0296882341327,519.1666660149145,86.46476722658997,113.89400141361142
546.2438820780467,523.765537773159,82.63862039835348,122.12646496230967
554.2830965651024,516.4460480043704,87.90675869938624,120.5549957338907
535.882452050844,519.8008996826735,85.10140783304277,127.06251953210742
526.5693312549649,518.1002602049197,83.62003054992482,126.84411077466811
514.1026580992192,518.1212825274362,84.6259528714229,126.1332184664484
508.9393877656408,511.4719034557414,92.25848342069744,120.44973666007587
513.9986318250238,516.401248909451,91.57227152704839,120.76430592401681
517.2229347746234,514.8231683121943,89.36535473226269,124.68243287119691
518.4751104941889,513.2039487059501,90.00029045598419,127.99627476976995
510.8281412085461,519.4108178528932,87.1491337177853,135.8924485228731
515.2198163291122,511.63424991164004,89.3311408694277,135.47805931088647
503.81436879703284,511.1573232676227,86.67318861371419,139.9657367510888
507.21582113156336,513.2150364235274,87.0987766058573,145.99065220950268
508.84128937104106,507.9771343615645,90.10367074391253,144.9128176978384
497.7860945097031,514.4682935549234,85.27588757138172,153.95143007945265
500.22043623504385,508.5862147620462,86.18711585056695,155.33206626750524
500.1988961610392,510.94106005626986,90.49900984392161,155.5799260597892
490.2880304305254,523.6933756848609,88.79247316893321,162.97253016290594
498.7069968246627,510.7360656585587,88.21787500600726,167.19681249925773
498.6609248975243,506.8944613538131,91.93050136344112,164.17609364470871
503.77034019677126,511.59447332257525,93.54465742344217,164.07518784924895
492.6673638155483,513.9479202866909,91.52741592279502,171.4154777854065
497.42845660706183,514.1890665050161,92.22566889202074,175.30573199958494
511.24142710336645,501.4375082671378,99.76526911358508,162.8752031629515
493.2203698147834,517.1488095787049,98.97494018928602,168.2483090604116
504.75519488403313,501.55314191029095,103.3149415795237,162.1102922138841
493.8098342164272,519.0515830618585,96.59185997589053,171.47943426089842
480.7303012251124,529.0016252838891,95.24410056922373,174.66469412494104
485.27291389669375,527.6536136359321,94.49676277532974,176.9318520451975
486.4149752370427,516.1297326388549,94.74762306015836,176.75904968341257
489.7299477036458,503.86261909338475,98.13297127274646,173.30199276753098
496.0568844878551,507.68013189388154,102.72770356574159,168.2573235490946
482.91577121381556,518.1579027277273,96.10346686030658,183.36307390655196
496.8852070486455,505.20737606025796,101.82964219645828,183.1688134153751
491.57946319083317,509.0406517379173,104.93722505995675,190.8980112853423
491.66771194974467,512.8625351185443,105.89710974981705,200.24278751848323
476.30982553649176,513.8997807282346,110.20233224516024,198.72338697786776
483.1358988266706,513.4893317404835,107.65257923830691,202.23579378460352
488.1544609687205,508.4056740345651,107.88839434264554,204.49437126545257
473.04954207660285,513.4087603292239,109.03756796465606,205.116633205015
497.4827887171886,504.11384270937685,108.96996803121367,209.850363379081
495.9181233616607,501.1964637528155,113.7843211597644,207.36379599515698
