893.5,554.5,36,85
891.039957241789,555.6638456294157,38.91216483452069,78.98276913325566
890.3132338548479,557.0289352897668,39.96567996580872,76.79766673294986
889.3010581192386,557.9283838052006,39.36126449942641,76.81381704254753
889.5539479860212,555.8344501280633,38.48982507149943,76.30430105489765
886.925560525404,560.2975343498782,37.7371032647132,76.89647158914687
886.2831985365999,560.4497437515175,35.53297728621561,82.45013759249169
887.3918570691837,554.2287004041704,36.92632334266737,79.95944785040894
885.0112095512835,558.4627941486914,35.49848759378326,83.3772581981496
883.953166125135,558.2838424232541,36.01738812108639,82.25084367529576
882.0827700428478,555.603859916675,37.22100681670119,80.02236738302486
880.0092564508136,556.2018424082105,38.25324802348956,80.48949778694057
880.2975717740077,555.8546214583047,40.98014067853964,75.73287502441354
878.1140060359306,559.7349880674628,39.714740109274096,78.06233505544614
876.8947337609186,558.5398298446186,39.57203883241637,76.45566409450456
877.0860257760426,560.3340434330619,37.85725581673597,77.90691806693886
875.2835492669604,557.1199222897704,37.61565824104203,77.70019239840764
874.8967451649805,558.4579470720981,37.56070827671496,77.03902441071023
874.6964674175672,555.0461068433306,37.19807460964281,74.58389933959738
875.2071706785098,551.101429532156,38.61538609561059,69.4520722652096
875.3863632725994,549.4170726714079,39.863010844313806,65.54269046839775
874.18319101951,548.4758385933885,39.522014520634954,60.34967783786228
876.3104249901847,548.8760495075002,38.81205432582198,58.73636484928706
877.1083284155935,547.4550426851306,37.23161398881324,57.59994667959448
876.5134528912961,545.1098135416212,36.74623840110094,54.64726082251239
878.6289560754639,545.2173741968918,34.764486771231816,54.10298401344887
878.5521497196968,550.8031677482197,35.58224415694098,52.993871925068945
873.1215150391001,545.8190876636692,35.6630001627062,50.782188003244244
878.0301212059884,542.6297401455132,35.14204378670488,49.80023434767013
866.1296084951374,521.1413552499544,35.93096896016042,47.556637246537264
880.8359664034155,529.7624640922656,35.71045907524186,46.68403090643809
880.7645081257496,539.3432204885172,35.86401375710945,46.7951980892563
881.6602461681557,542.0278828408126,33.528629446022784,45.71310831315773
882.3442074847281,530.2010304210687,31.292023141164897,46.781450614155105
882.8320549887281,538.1078883681877,29.879465369171296,45.989607557512585
882.0348524992911,531.569376082388,29.85968560699695,44.86135864669884
879.9926209274357,535.8709122049505,29.786501969587846,44.17412833199123
878.7919929282906,523.5797181211162,29.688332619666046,44.17580573154817
880.0751913511382,537.1113548924467,30.177648478819414,42.936332984824055
878.3939223123627,537.5668157424902,29.847883376007974,42.35677419662489
879.2529604457147,541.1111945117665,28.570220607666023,42.54021834031028
878.5970197337723,544.554110178618,28.4531283714661,41.79530344756019
877.8910724795426,544.5127559325579,28.13427186979441,40.715343165977956
878.7049016825844,545.1694095295454,27.579065017231265,40.735183023683746
878.0190784684871,543.5254101862532,27.198332168672813,41.570992026625646
879.4435393922241,543.3177341940955,27.157428412293807,42.067170992654944
877.424402908032,545.1154340982974,27.79918994526175,41.59017416235117
878.45561998649,541.1263906213389,28.30430273091629,40.72804648784668
881.162184183841,538.1795343992295,26.895109972807674,43.391738363222956
880.7905078849437,542.9328363739194,28.334704145710134,41.15415425805074
878.9187277874787,544.0276040621133,29.340907983795617,40.64139239304009
878.7630470397471,546.3286324857007,28.981261309772663,41.68274303605237
880.0759243072544,547.3898662719442,29.435482628445698,40.907576824557715
879.2365666536834,547.3443496676962,29.041771361148527,40.74822152333468
882.4892996432209,547.1643577254686,28.550664512000864,39.06731282227595
882.5856926286848,549.3644648845723,26.449788558064697,40.68643537564353
886.2826236528651,545.3080343710045,25.98848779337967,40.33586511049219
881.5481742314408,549.1605604190577,27.005470774918912,38.629857368684526
893.5720760873888,537.5338671973001,26.998063096084323,38.511555098357064
889.1215039413873,559.530934223266,26.921060227010706,38.735918290035
884.6698746403916,564.6656301657954,27.419440120746316,38.100417940869114
893.2186832164997,568.5410156141858,27.14791236392441,38.43328138333756
884.9879703731385,556.0206901458091,27.23995190408425,38.47377483657233
881.1454844819036,558.9980763499301,27.351606262674153,38.34502151408195
867.0895424659382,580.9997486838782,27.657616993470132,37.79218690311269
875.3584562791408,584.4240550638475,27.890221269282744,38.0017822636532
871.27659770178,574.0567733916537,27.94461590455535,37.76790555445293
871.7084192342081,574.3520319170608,28.102167230906524,37.773826045044736
884.7864175708527,586.4516839911839,26.632667889804182,39.71838826870503
875.583472104699,563.5706069316587,26.09428609467206,40.35648402783305
896.912055282529,555.0957147745208,25.282500814526628,40.992794718095354
900.3625324713844,566.0044370072429,25.98961297335736,40.39826060838186
896.2405290357195,561.2032704589266,26.167448776877134,40.241847440489074
905.1462217086696,572.3645728763942,26.29940035480961,39.85315759453307
904.8764027882412,576.5452758303446,26.59091251265539,39.47063487525183
905.7478443264821,575.3051365893585,26.649205090478844,39.42574393336237
929.148372956637,567.6248735164869,24.404904943073856,39.080788124379794
925.4143750999458,571.191966905027,24.501938831271083,38.459684336112765
925.3383101619362,570.9523902415168,24.532271806835627,38.42342149355559
925.0637145028812,569.9778953904768,24.723096939510313,38.229796747683324
929.0508693297007,568.6200448633314,24.83512479398073,38.136358458181796
907.748667987508,586.273925007732,25.922672380957792,36.181315132593106
896.3403003778342,589.5669054412607,25.573497812194603,36.62383537522747
891.7971648402196,591.0065390977953,25.516443100345672,36.724143739349834
907.8415663331358,579.691371851828,25.276209832128124,37.11556192490487
911.9581078933608,582.5530602315199,25.46952201242386,36.98639105793971
899.9762467323847,578.372108777283,25.675151266538368,36.88937745602041
891.8159275698182,566.1470752601155,25.5633042445128,37.06967893704753
891.4926296061111,569.5156510072748,25.96943195625159,36.86641955226854
887.880695199233,574.1026911427584,24.72585252547374,37.70498239125729
864.5840942323281,560.398686123981,23.29350264269332,39.08489242692447
889.2736834082407,556.991189786577,22.94056264197681,39.22472674515343
893.6350138810545,566.8147231206261,23.06676056194082,38.93299016590792
893.542839416267,569.9725743477605,24.238772599150145,37.315983728128536
893.603709900135,570.6674838639873,23.682846549143427,36.82810143668847
890.3914211313086,570.3466837376614,25.420084522454722,34.54648810684048
889.3384268682381,561.5943768026575,24.708745371412583,36.71857369792795
890.2696939297383,571.5256074155675,25.434788034264397,34.9069140068882
891.5419721300286,572.2581978484537,26.5875699425063,34.434361669415736
892.5339313879899,571.7474453524587,25.781553288778632,35.017102237234994
892.0031366597244,574.3435145443452,25.811034081380683,34.52823894290543
890.7574883804789,570.2613150113972,26.019554932628353,33.61364503465498
891.3021150505065,573.492977679657,26.2745921186184,33.48650697310086
891.3388539363328,573.7576046484321,26.523654913782245,32.412615089564
892.0636742855845,578.1772891618696,26.753769358274045,31.681107409923413
892.808700373085,577.6716462881867,26.383655731586444,32.060857552250035
893.1117998636006,579.6909298587022,26.54704210572033,32.59345249919651
892.288254389847,579.5089373274068,27.540733289553962,32.432148528623706
893.6732463537722,581.1682642915935,27.655299603445478,33.43914417419235
893.0887430739037,581.7639190855552,26.316740492891306,36.27497788558564
893.264503838644,577.9728765105366,25.154670762077238,39.434129366308966
892.0472549023442,580.6414768597839,24.45667637428856,40.88647581414732
892.9491175025221,580.6823688879323,24.600498013219234,41.580243028587844
892.8590417537429,580.344128462477,23.979805013725493,43.4879920813153
893.3589992073523,581.7616431462808,23.92850930837494,43.88437254776717
891.7520399501956,581.1541666394003,24.298128231345544,45.0311633976883
891.8553343296891,580.9882239422773,26.45691607904881,44.24840840092959
889.7714022887864,581.8119309726956,27.411760350359053,45.733379968296575
890.2204098586947,581.8732842194364,28.303180399188562,46.99157794099416
889.2731881197855,581.6818302432029,28.37216520715433,49.58851363579653
888.7217170986916,582.0422340589197,28.608069323412266,50.74056434492083
886.0414697986278,582.9275514376181,29.782008398394705,49.90009746547412
885.9542839679738,583.8165918662274,31.026442356167323,50.59153213322287
885.6361064833252,584.0219978916886,32.812216504690134,50.23350861180529
884.6877405717961,583.7281254800351,32.67318401290472,53.014113240703814
883.4397840779799,585.780942032343,33.07159055959397,56.41816761060716
882.4131728452493,583.917514769373,34.50716962698337,57.18511863131968
879.901625627909,585.3565444053214,36.26456924089493,57.35260534277102
880.2692516730508,582.421553444966,34.79072161483032,62.59030248833589
879.2012821334241,580.3899980012836,35.21826820732692,64.29141694592063
876.1932928250869,587.2933950829192,35.3116156892369,64.62854005991092
876.8379903667161,584.7183162927728,35.70557303332511,66.32737277058344
873.6545320323689,585.1226059485489,36.28920296077935,66.90667016469733
872.1621787492687,588.010106281627,38.357555263496366,65.42339607694629
871.9845739318911,586.157870501569,37.435389738759355,66.38165151422328
872.4898326475221,588.2895212161727,34.667185832984515,71.74366036767965
871.1129800589397,585.7620604344979,34.17459318123588,72.65221584508674
868.9043344296467,585.3071348199787,35.58153435639596,70.77512555552444
866.7246715247608,585.6076722901685,35.6069994435377,69.72823367237456
865.7257149139751,591.4432008998958,34.624616052714266,75.05731870059486
867.1290331851943,587.8570017840142,34.95063456112335,75.27737606758348
866.5700937312059,587.6530533514492,35.58159509185329,74.96138512718323
864.344445871509,584.6053404050706,35.80139247825606,73.12653474878073
865.2135919202188,588.0070163235166,36.48071647015131,73.30865895779542
864.1263174801222,584.6790607534127,36.75236883576294,76.95151095784311
862.559128507886,582.0163360140068,38.33840253137252,74.64320504729022
860.6612116283146,584.2454865459102,38.648219961575805,73.35022536660863
863.7420651735356,582.0548236082152,38.92806381393447,72.71583809035111
859.6945413178075,579.8316726190002,37.94022138437174,75.5626677362705
859.4598709106328,577.4256752915105,36.81728133004972,78.87016017787533
861.1590404416163,573.2029133919488,36.24294977497717,80.20604658338468
860.993743169425,568.643245489964,38.18604699222688,77.67504091524805
859.0473053902333,571.5897989217813,38.313918770639155,77.87564363272949
860.8995029585415,569.9180584758052,36.97278605245565,80.09722506863312
860.6083137716809,568.4018953091888,36.70261282020981,80.38588004581229
861.0057486688431,566.8226546282914,34.93991963459678,84.77313244709845
862.6534802000734,565.2949319611504,34.96472404493486,85.79861617649131
861.3254195676727,562.2565434780934,36.35289796331264,85.41440585039172
859.8987938106216,560.65913509617,37.01508020027562,85.42716870483584
860.185385603041,561.3754432061105,36.58193561714273,87.14655935559068
859.8777146204466,561.6639688090165,37.32527574089337,85.78513720946515
859.6490951600354,558.809084586519,38.65473032462797,83.67344147796723
859.3711935369832,557.6794078663818,37.00258593206472,84.55144439021817
859.5647416575092,559.1487760196992,37.6035437639941,82.50782588996515
860.4057328714429,559.236239890098,37.86319708862788,82.1543807621799
860.0360545916024,554.7209132034512,38.3309653235914,80.12117271470265
859.9594054441749,557.4481519407368,38.307256162585276,81.81427329323596
861.0661659626684,554.9170232969404,39.80790940188247,79.15050063428032
862.352453644875,558.0962267957806,38.675421375522376,81.26924688609202
860.02504581545,555.0628344412532,39.28072158989977,78.71370519814158
862.6631766722048,552.4310142113903,38.43617726130425,79.23385033694203
860.4097089145499,556.5304027691404,39.03725263679648,79.20844908711956
860.0208507851859,554.739775411009,39.881646358976,75.95677935559337
861.7058475858187,557.2964202233513,40.15456104755441,75.72180394029074
861.9317467726593,553.5312105707292,39.37492964702774,78.68982110324201
862.0694682736461,555.3344626006186,41.06291206439552,78.4819118364085
861.9673016203956,550.312022282342,40.949121007056505,77.33611217953361
861.4064832904623,554.9700109774171,39.398263982016886,80.82983503658677
861.8844446224952,551.2819535752311,40.973599429798114,78.47342752089068
863.9935981497117,554.9333519808084,38.32147798351188,80.61100157830973
864.2470524539867,555.0911862184444,39.727526893014584,75.63884467001259
861.6609107703304,552.4309965088394,39.82438816546775,73.7635054670026
862.5361296390782,554.2208386404544,38.697230390739094,74.33659537414447
862.6372064390066,557.1591130904551,36.376829564077354,76.66525545278255
862.571090042195,554.3176617719113,36.419313824664236,75.33396376138302
862.8092309724858,554.7715986469789,35.59692366369019,76.21285080851715
861.8465354858458,554.5757239820059,34.31963447217885,79.97121482416681
862.3693732506891,550.6643734889802,35.05410927172852,78.1910652276161
861.4621090711436,554.6320765970908,34.75535789755547,79.31278682192368
861.3887970817866,552.1419996751106,35.13335888750706,77.31595425274264
862.7294136110221,552.9344516726857,36.53961144908284,76.28828687212595
861.6780575670907,556.2704684360622,38.33991009450767,74.10786575433696
861.7444486807398,555.4136022844023,36.782381065414384,76.70957907183768
861.0467531765204,556.6414877137729,37.05096920201318,77.33093117145687
863.5047060004321,554.9494007887944,35.495032973954274,79.98537887431893
862.65088654526,551.1412999918007,37.53576153875699,76.32809175386649
862.2166510201765,553.6785471352237,40.4270259700904,71.12939095936537
862.497388863502,556.2386836762929,42.16891354189997,66.83775785881174
861.5750217968352,559.0681429909066,41.3815930184395,66.8888488708142
860.7995362131377,560.0308340148144,39.33012013127623,70.57668476303861
862.318427587295,553.6436102084621,39.637264990649804,68.95746351397958
860.0481446318082,556.216858255284,38.62360542977204,69.0200477414497
859.9331103496299,557.5193970272489,38.4249612592039,68.36036606373465
860.2222596068735,557.6347256821246,37.70225866888077,69.54551942777778
860.2127079974131,558.5680493066701,37.95036937049381,69.5685104455061
858.8064007355875,557.3279685399599,37.437133716405555,69.98069244131277
859.19168434666,557.5020729033058,38.782047242029,66.40982405687954
860.5882515484772,556.8457006604117,37.80893898202207,67.11772137121642
862.3604259819914,558.6641261117666,37.78803990535948,66.37838471652732
860.8817211426606,558.4811124351152,35.89626644823058,70.36304100987161
859.2621565259575,559.7544253797355,36.13690475770299,70.89524860813395
858.9054509155828,554.4906624191348,34.228045521777005,73.81122376487039
857.6509568886282,558.3316221792188,34.854079272885286,73.7317218739211
857.3707882972865,557.3232363441304,34.63824568481596,76.10288144949408
856.6940226133761,554.256719789883,34.08493078208501,77.5491348771799
858.6414279935581,553.6229054813683,32.84030357024089,80.83030860312995
855.7143365717423,554.5194176358207,35.7570856383048,74.50613716815546
855.3144936818566,557.3647941840812,34.61336127901593,76.8171971725113
855.9545586790327,558.817361031128,33.02745113577536,77.90537961726172
854.2221304343058,556.0619731538609,35.3949147849025,73.53631580935848
851.3859909123114,559.3676547182497,38.15463341700851,68.29352695646106
852.3725771068604,559.4621406550608,37.1107785966256,68.11084746167465
855.4682028995317,556.1862616367893,33.84617341071742,74.60134095564652
856.8010386056544,553.4992416434767,33.49530673832427,77.1657836458337
855.7730999523607,558.0118162997976,35.47240957837808,74.08796399374299
853.0590696556844,562.8018903514529,36.930557024884,72.41577985439481
851.6440911514472,562.4156475810872,37.7234650755457,69.57843415566761
853.1400834830262,561.9734582232259,37.04243313569995,70.71325661627841
854.3980528807933,560.6010981553973,37.56730288026742,70.19885930205032
853.8681925417452,564.1120195972458,36.35281621904056,72.20873275764035
853.9236445586174,560.2252771510125,37.53196630693127,71.07403092405113
853.6753793033228,560.8757996348376,37.4911099677423,70.64108690984588
855.8109301454344,563.0258130782333,37.736469960859075,68.4610558043918
853.3343846485557,561.164866102897,37.904728692164554,65.7233284343011
855.2540690957998,565.5247230499102,36.73824354275539,67.19203228854796
858.7210658604505,559.3276530258845,36.71715226235354,66.82561772799318
854.8772928013008,564.324300910196,34.631814162006,69.70172321117055
856.804822149341,563.3224344787055,35.92956576776693,70.36962942155512
853.9124177805089,563.7965272043635,35.80631393157663,70.09761663786887
857.9851254959332,562.3746864782815,35.49694551639588,69.54006030024189
860.2081643165033,561.8858569829918,36.03748464230163,66.94274409924688
857.1781769635654,563.302595893548,36.258976378666866,65.61509020893298
857.9982193712259,559.5386832428399,36.79520965880194,63.71526563869397
857.3373264486215,566.167192185213,37.03221932044266,63.813810200897564
856.4555061907754,567.2747263345004,36.06226327816253,65.70158735670286
858.1072368411268,566.6708921198403,33.629086169259594,71.2630189053839
857.6950438449696,566.1083645917597,35.11755909471689,69.83909398576733
855.8607895287487,565.88347555825,35.972854571349956,68.6453976132816
856.1657398877986,568.2950563189916,34.80809062759517,71.13635551014559
857.4391686974603,567.2771308074225,36.22555718090055,68.41850316581707
855.1740453320724,567.79067891598,37.59645275647986,68.34633308185533
859.3442515387353,567.8288663005909,35.82018484722391,70.68412167263054
861.12519731132,567.2253286960977,35.752504549599806,70.01751016613653
858.3724505485424,568.3003592841322,37.114008395976256,66.65978404542835
858.4631979636054,570.246635138754,35.70587297037969,67.61945939133192
858.6860552426639,566.6119234504159,37.10353395859796,66.43717562580694
858.1156679456021,569.230026304895,37.96303015946534,65.04409609509989
856.6387715695571,568.7190243019485,38.04464643485376,63.78859982226221
859.8469262711174,568.1889653081844,36.90859439744982,64.8862512298637
859.0528300792599,568.289470440665,37.267624244640864,64.85880407023319
859.6576992054061,567.1976202353778,37.7950917058117,61.019506754564034
861.9094618400816,568.411241936064,38.39302551637119,59.1924977746408
863.9531020242603,566.1343436483809,38.68161610187366,56.348609321447505
863.745543321056,571.7795572397572,36.25853862418997,57.73741781275666
865.184014206397,572.0156831542868,36.45815548649397,57.15022535409277
865.8257520453773,570.9150164353597,35.71340527352518,57.59932858811931
864.7926978517511,559.8595534746275,35.32098622078345,55.76072441858965
864.8698055264291,570.8936127190893,35.46075552025117,55.40930431102319
865.7436068697299,577.04594886122,35.73077943062205,54.326918221198355
867.2289345813123,571.2046282639633,35.5737845270859,53.70021874905489
870.5792734278663,577.4708489901468,34.806817129272076,53.8110836619951
870.4070656786304,581.6205860535295,34.17264797960598,54.49451748118264
873.5849566327112,579.1707144738423,30.301531306661634,59.880345587475
871.1304198829504,576.0514465207249,33.024398282226485,56.744328088662755
873.8892859999737,568.6736522732268,34.6510976141674,54.569600050119604
868.6190627120199,575.5132282773967,34.772473097262356,54.34943464312413
872.3279206966711,572.0998928870426,35.344754747486945,52.39059030972042
871.2220741963952,577.9955644650857,33.98576525452017,52.83354325157504
875.332040727991,580.8724199686164,33.49692601168303,53.86954270030567
869.8114474764583,577.1176289160935,33.54466412385896,53.60348503859848
880.1771213674233,557.8704542706507,33.307822008910016,53.85812514523991
879.0997060652967,586.0094218619229,33.978699934501215,53.53770064716586
873.3872766813215,584.0742959362258,34.52679760498094,53.541941299183435
879.9883078086234,585.9371755101155,33.7855321512895,54.72715251741411
878.8967607077569,583.6380499847553,34.16606779177918,54.21211006373275
877.7466205728516,580.1365657667506,34.50343653174799,53.68705995987965
875.8222138108487,581.3296486193735,35.65642001835671,52.945693151718906
875.6957566093898,586.9874737297297,33.058484620080016,57.542910661233634
877.8281975780982,588.7702835995069,33.004718266394455,58.52692369778234
876.9467615195213,580.5184875127194,33.40281194353809,58.93402330446266
876.7130345862494,588.8096386642145,33.496391141918714,58.12381321399161
873.7701998428506,580.5893268245211,35.57849254947798,56.672960748238175
872.9829231444548,582.6542494460168,35.72938507790833,56.33195322252358
872.0459174785084,580.6670859844122,36.4455294011108,56.87128270126608
871.6128562205081,589.6519750620562,36.345254624799374,56.4422806569225
873.7847298443015,582.1575901413274,34.122266877098596,58.01909116349395
875.6808446687638,580.5211791405615,32.44740314825253,59.64298765686773
878.7795982655371,581.9318266425156,33.3846270358155,58.39783475758075
875.1966734047596,588.6836394834589,33.99557695092092,57.70188294883665
875.47450708508,603.3325196420599,33.423182310899634,57.37276892203397
877.4607993463567,592.3800754859252,33.33278775377441,56.19474029956709
880.6940634007598,589.692353576788,33.46147595797605,55.19926787430656
875.7503358465453,591.8123583201946,35.050224942786365,52.23627598447833
875.648865203992,588.9633180841325,34.30092752774906,52.75924686320223
880.9611473457201,596.7726989492069,33.58622075996352,52.093117655551595
879.2473093960916,582.4642267717928,33.78603683349351,52.94731390708766
877.5008010365518,580.4145406369712,34.779513542003045,52.8635019465454
872.4181872270816,587.6468112380497,34.42077922893091,52.846761127595514
873.825919287136,582.3881745733469,32.74444994367632,54.00173822431117
879.3334752688611,575.5469627742991,33.59628814917743,52.084034475148
879.5381765327116,581.4003200757219,33.48337374904282,51.82138907049511
873.0536620052767,572.1955221906195,33.55924507305895,51.610868269804165
871.8379000142434,573.6230165690807,33.609932320561306,51.44310363268876
870.5638915001913,572.4726702753114,33.58907742707032,50.02438552234331
870.182611491047,573.5602049439283,33.21777053191731,50.377465976079066
869.3896800786862,572.2489229655341,33.052558750693905,49.453514276408136
868.8955403941517,576.0407165979528,33.544237688932654,48.78957519927631
863.7910875424354,580.4806861642695,33.716245410247744,48.45249050243772
864.9586954026576,577.6521373709877,31.77531952453532,49.53900882959513
865.838852551244,574.7545364863464,29.758224052726113,50.963460743836606
864.8962700293434,574.6772601120388,30.852123737995278,49.598407403333184
864.6094463500414,573.5861046825323,31.49957935947777,48.97641947895002
863.7489785443161,572.3119744915855,31.531445238102254,49.15791664714901
861.3032772746807,571.2847828153062,32.45124083712572,47.09770671971451
862.1980218511663,572.311836326574,31.704460584004607,47.7723871501283
857.9226458558824,569.0298572079233,32.97577988157576,45.26271450049666
856.238346848207,567.2576467383251,33.49849767956263,43.596622064089644
854.2921399185254,564.6470008778622,33.88427168940401,42.282646294586925
855.2472375335783,573.7705860433033,32.36306731417239,43.59813719456297
854.1850131456393,569.855427147376,32.06826406947183,43.81441142531085
854.2854919441032,568.0945914957538,32.78483992325116,42.34453523145985
852.8606310348123,571.0690071961201,32.85451307680123,40.847688167040474
852.3918623169503,568.4663431215473,32.90687058315733,40.49789369649942
852.1299343047807,572.498804641227,31.687961165205152,41.003216919780414
849.5484841107209,571.052307986872,30.044589226929958,42.45941026424529
849.5745562320968,575.9727755285558,28.7207545582785,43.595559998017826
850.6681140388546,575.8094968266297,27.59410881222405,46.0937221230896
850.0281299574461,571.8251608130141,29.12520242830005,42.40064619055663
848.2901916595232,574.9968226083538,28.076665184342986,43.78045078135297
854.3146714853461,594.6176050740315,27.10652083244092,43.67301293989931
846.82604913425,574.0767854963561,27.333280721799262,43.84737722299013
847.1953638972087,570.0793306012856,28.697137659644806,41.45197762870745
848.2091829421126,568.826295504911,29.981514878706115,39.2696468237669
847.7588660719198,572.4073859917105,28.99469898551137,40.272462640199976
848.2999944575803,569.1733286580313,29.274781923534384,39.559352642650815
848.2648065540353,572.8964292731096,28.716178053287585,41.015003121826375
845.607772584944,568.4450831932728,28.848678139247678,40.220609345988805
845.2413649690517,569.3602928227702,28.50297671185933,40.920634544241736
846.5872702807527,571.1667774469555,27.98942093346369,40.86931699059953
846.3153985212549,563.3560646775517,27.40634531644764,40.18720425173538
844.8293711852596,569.5175247662213,27.047689344281153,38.87782666137732
843.9155177235418,573.2986289545349,27.10456127681246,38.71070857632632
847.1472658351206,570.7925052811177,27.01685863173857,39.062563663252234
846.1707616541762,571.6747506218223,26.709516667138068,39.35918753231397
844.7051752465621,570.0396622817132,26.65649983182707,39.23587071252621
842.8061128104849,569.7862319654097,25.931978274582768,39.78792509473966
845.0150670185344,564.369010659467,25.30359985097438,43.091763125361496
847.636530626429,569.8267310111333,25.419898067055197,42.786438289412914
845.5469013020092,563.6421061035453,26.027771614048113,41.837745456419285
847.1713411749528,564.3753803026899,24.715659411645227,43.38190037474425
848.5448963526746,566.3235109832486,24.74085632068975,44.146534861858974
849.1153405561644,564.7055019961139,24.646739973046156,44.83251986728864
848.2077652033782,558.2700256666961,24.957149382853736,45.49705771701605
852.2416996462106,560.08787433918,24.86930568988393,45.17055333328826
855.4223752265101,549.4137770691523,25.91992323230943,43.99303338301168
849.3618174833603,566.7240779830356,26.568735687707285,42.807086784505756
855.8298540072956,565.8611348975118,27.215563226857405,43.10929162615228
859.496889069215,558.0606731781268,27.8823298233636,41.54064675020507
855.8383349365249,563.4391169249868,26.000459812204156,42.883409089467136
860.1093952933417,571.9132492544812,26.23625817438422,42.9503925372307
863.1649509153235,568.7926025904483,26.54679760893454,42.55972234156186
862.9937906184629,565.2629697655042,26.33855977875231,41.791758331077595
871.176288054121,561.7175340643976,25.509497427843613,43.31354064323659
871.8192353040258,564.9226163724793,24.19655693356657,43.710654406967315
872.0865128069591,568.2085727783323,24.164599021415853,44.887770919686076
874.4742315922759,557.4598825957388,24.802000737678604,43.62817235374326
880.7237048905205,551.4854359954837,25.288309969715485,41.944732520352
877.8186491239104,559.2895695686226,23.996791002899684,43.89046277095019
876.2876306491207,567.7356692089631,24.021035666001197,44.12439897842959
880.0262821601488,554.9822494992324,22.98170985928101,44.21454116461694
880.6577452423858,557.5814495029548,22.545070171882408,45.869801032338984
880.0384863792186,567.0886407320495,23.99768251945131,44.249533859093106
880.4731866984446,561.580707238188,23.496343565425022,43.67426046248622
880.0200354534877,572.7222693225805,23.696678731645573,43.820901771114954
880.5223398928206,557.6482379043009,23.755935484479267,43.785822034317356
883.6131483448207,560.2989159978007,24.170018170050547,43.48847395609846
882.2368827614544,551.8352824412468,23.322616536355373,46.78490700899306
884.4129374629365,542.8635111568028,23.66046042548298,45.21751183990429
887.1511761953834,543.537519050939,23.533548804543766,44.83200597494537
886.0075107615111,557.6768576085345,23.307568556288885,45.9739188449548
885.5232426203256,553.7647918408013,23.295636572723865,48.42665341334967
884.1740239838715,560.7534394735623,24.387247629521802,48.33937082932553
883.7604361767541,547.3213454790446,23.023239429650047,51.501453508979786
884.1607349341755,545.1612804101596,22.744642287150157,53.29139937708446
884.4630436148099,555.7937125400786,23.579649925366326,55.15481673871146
885.3984202874428,548.0050287780693,22.75836972341269,60.51448399952362
883.9110141812992,549.9728577673935,24.062910792976886,60.160003252836816
882.7910652010282,540.6289052980487,25.547034764871324,58.61748964710499
881.1331805733556,543.6627223341726,27.034340585652227,57.04663526713161
881.9467459507171,541.5791740827161,26.499200745450977,57.5069348402907
881.6158099207329,541.5060296138721,25.298210620356762,60.501930168065925
880.9183735272007,533.0394785500323,27.748861210840282,55.46019804818127
884.3010417552906,534.1196457227994,28.305062564230077,52.506599935195425
880.9392714711943,542.775355763664,25.917754866005495,54.342660557835984
881.0922937905123,539.7911264205451,26.289909478086287,52.746789266566175
872.8559492270449,531.155728687723,27.854700249453742,50.308111314676076
883.0188778735288,543.8763059439532,25.980777396930534,51.8028026502587
882.659662325281,533.0725190041217,26.585643304815864,48.606035318202245
887.4898483831541,538.6243671073032,26.454149419163944,47.80909434525908
883.0358930769878,554.3718383419015,26.019319819205272,50.20878431657375
883.4893802998398,555.599712362536,26.366771026417165,51.831973455225636
884.4437363621812,548.0311248003088,25.528933744323865,56.16326869082786
884.1630872375765,547.0050792241616,25.654031085358877,56.996568575590004
884.2789401928646,547.6995091283992,25.462029051449647,57.39141063662127
883.9410228055857,547.9160477640266,26.07603037474003,57.22920346724409
885.6237271454636,547.5328809883403,25.954554783748442,56.96764761889398
885.3786796605647,545.7955489218969,26.506457038200878,56.631150845520395
889.2562741625204,547.7047605726297,26.6273499192784,56.60977902870906
884.7289251845061,540.6270575452475,26.772067350449944,55.137555350337024
886.5868550445334,548.8119545430466,25.65191268405136,55.135710886853005
886.8156400338983,550.0116426158961,25.282084416766203,56.05646459195988
886.446298513196,558.194999673425,26.697283902641594,53.96614066537487
886.377176116549,555.3266892428903,26.832641575385757,55.59406660068957
885.1678892759942,558.8847229782715,27.320513395656924,56.44786844342917
887.6569585816842,552.4404090732687,26.040070915329327,57.82471507891549
887.4426802649195,554.238686568755,25.68396782511411,58.51267687566559
886.5124549138832,552.876691463455,25.257008826907423,60.0993978633835
886.1147305054488,553.4368128872017,26.71671762670248,58.95025123076608
884.8162356978362,543.9282288946766,30.14165681482304,52.55425006242604
881.8661121988939,542.7821101652486,32.38106530675015,48.17142713654131
885.4763336826123,544.2729960910077,31.404549396879492,49.40970986775252
885.3239486045089,551.9139616191992,30.757971561601227,47.35961943912835
886.5041949840017,550.1900692986499,29.904160835547614,46.98167133312015
884.0362474372421,542.7976465526207,27.58198609021045,48.00717645391516
892.1155449144567,548.8144303297738,28.105887578544056,46.678773215675236
891.172481946505,559.1389705186592,27.171410033523976,45.62384736680879
886.4937713696468,574.8430681206163,26.24257985983025,46.17699796902223
888.3118779688219,561.4702126972439,24.57280688209771,49.78973707718844
890.2077871491637,560.8085749985983,23.99171577535342,52.473367486717095
890.3078970966568,562.582196503119,24.95780112093342,52.59406270038113
889.7453777769028,558.1433927029104,24.786677666336274,52.50379570598364
888.6260075911422,559.9181743276833,25.480259534074854,51.23427535588496
888.3649110862167,569.3818329462753,25.05328451425339,51.92223798444803
888.7353503406863,565.4384870820935,25.192128598318547,52.07082453663178
884.0148916978138,559.1164374955126,26.937843285195367,49.55957777061481
881.2496889116874,563.6457315556173,28.499651640741632,49.399090829193995
887.4877058752897,553.5012672890049,28.7216140989926,47.691134225388026
884.9238747491554,557.752919384016,29.503272357456524,45.97892288811268
887.2650752581724,564.0243081157531,28.57988306298352,46.88831300757627
891.8382339761258,561.5410039990988,26.73227664527328,49.41012129532781
887.786857435032,561.0680096178772,25.56775907253659,51.812386206206305
889.2991537028626,560.5513115494059,23.644910453091764,55.86664619771699
892.9895091771618,559.428616249527,23.559930913081786,56.755133279124294
889.3540797160546,564.0091528032409,24.012510774005666,56.84605177234994
890.3077674549824,562.3253811817042,25.39866560846352,54.10083036148016
890.740344171442,566.2952735978804,25.06383005361272,54.25144970356158
893.9618287012038,567.0259000429538,25.505228339461254,52.06415925046086
889.8714145669053,564.4056531924731,25.314667812319527,51.87827067591083
885.3846329454486,569.48207122309,25.13753795207662,54.73458475599356
889.3757590929433,565.9398210462991,25.155016745886105,56.70554591598902
886.3098276174612,566.0079834224434,26.621130914045665,54.33739298998502
885.7352944556926,573.7947957225007,26.59486322500635,55.190434581736525
883.9594731711239,566.6025105648031,26.675151307627157,56.90862640102621
882.9381109450727,567.2048361206835,27.450926326058603,56.04602908018474
885.4064396771911,566.8233890142403,28.764091375075886,54.81911050846486
885.0685203441932,559.6476983717068,28.943523758108228,53.59544165217476
879.9906652648064,567.1075713095004,28.119551545530538,53.77523819030732
883.2966035605755,565.4035607761642,28.173459455421373,54.047463894294324
881.5723749433693,566.5088836663552,27.570421827876935,54.582587312677106
874.9846968630478,566.3316124887068,29.42486356352847,52.65276604946537
872.4615224562275,564.3566631065104,29.831465825321995,53.34708613133553
874.8147614315234,567.8349195198017,28.6337256026667,55.372956233675396
876.6144023716379,568.4540397609559,28.08630027890292,56.520569205459324
876.8617538479954,568.350377795372,28.33092917619234,57.201706450764995
875.9043859042498,565.9110704932668,28.845087557546943,58.069271179910814
882.9285461280475,569.1409842697727,27.876196350841255,60.918460184629055
880.0137084906546,566.6944640236925,28.559490876307294,60.80746042893318
882.7165430831973,555.1659839192026,28.861162110590048,59.75123459345481
887.6754957346859,566.1620201838326,28.831595448728947,58.80902877382509
885.5806628188241,565.1229686204771,29.206396483364692,58.639128512487204
888.7493987191256,565.9052090358533,29.864138005217853,56.12682361126767
887.6082258884618,568.0320067663521,29.561694420612163,56.43625401088242
888.2200341108443,567.2211854525901,28.410912553729453,57.530664307637224
887.6605102161055,566.9578835028734,27.613418288354474,58.82703209372039
888.4896089792506,568.9002147149498,26.200147489012508,60.41812624287792
877.0517425363474,559.3989244238376,30.292352535037224,57.05772710620925
887.4895451004479,567.1937296423112,29.784176988561672,57.98339314963726
885.9211650472487,564.963896476354,29.828429818739068,58.04815265621296
882.7271801844616,564.346775568615,29.62260545331763,58.35052277633581
888.908824734708,564.8957946674441,28.397371796841625,58.22845442653921
893.6245741685117,566.1167598714502,28.05159278801558,58.44981626473546
895.3591144475671,562.5701297705314,28.080523283836513,58.419131466062204
921.8898192927239,569.4328627813585,28.41978849476833,57.25817021202771
939.2505715906943,561.0079074143295,28.530882641045075,56.65839727640221
939.8352408951683,548.0590378348785,28.943568825301902,55.71879768871758
938.1955939546036,552.1023668664869,29.062701037775014,55.44632145696487
928.526427987428,552.8945423811757,29.32043894224846,55.215394635498356
905.0092432115902,531.3956534527576,34.8252090637268,50.78056430797126
908.0943526357537,532.6729411907384,39.015224596864755,44.87204814583557
902.6129417130342,533.7526760429711,38.997540635000526,44.13737512157587
909.2232446891106,538.0800520952096,38.260058668687705,44.34951537768932
931.2886062292748,534.2252790275274,37.1106784766267,44.82733116299367
939.0590049471504,532.0819714723017,37.282421334159835,44.16371598707431
946.7107117420425,534.8816947607138,36.658620040853506,44.137644925476025
937.5887799970362,535.9953983305134,36.3344600236207,44.13378818006156
922.9790370816535,536.596061196298,35.50822481153507,44.05125795199149
930.8212485971394,536.2353899862895,35.39922769542684,42.35248020026217
936.3686019091308,538.6105175677592,34.203004248528956,42.651458828051204
947.1347881045832,537.3137096919509,33.90159578497627,42.85427309903158
951.9617184161993,535.4314819529285,34.980742044214644,41.37462259298611
946.8254979373033,538.3091749556596,35.80921710066425,40.124057703726265
943.1939984473134,537.4868333830998,35.56931769043926,40.173190012943394
938.6891590970716,536.8147424168743,34.68986220112025,40.57715781094974
931.2083380291565,538.19557339536,34.95509052698988,39.71801810187636
924.2557861615314,529.8162858986645,34.429147476978436,38.77680857213328
931.4438207081652,542.1822139400267,32.95580506691769,39.626490901721255
933.1819568301038,545.760421217111,32.584478848219916,39.69080022357043
940.0051398306941,536.6103031049801,31.94652987450143,39.15510686339968
936.299051844283,539.7539881423464,31.29449526048119,39.43126042698408
942.7445593265259,541.9178700713941,30.850661714657626,39.33861491383196
937.9907058323765,537.43299879049,31.508484365780845,38.07309024510607
935.3267683104676,540.0365503215063,30.85927434111195,38.475466889287624
936.5580312303665,538.8048122428005,30.168695428406124,38.34330725571702
949.5546509492656,537.2787828274113,30.11284590324282,38.084245242686386
941.8112452246663,542.130931395883,29.342425223822126,38.62328481268431
938.6406201517631,545.2389672110952,28.487381188786156,39.197603078242764
936.4756289502238,543.2667074959619,27.58981556813849,39.660890517366234
948.1393707380366,540.1275394537889,29.03783616769872,37.95067551440906
944.3226555990088,544.5007080097091,28.951455500082183,37.47924656460117
941.2689870139136,544.3460253200234,28.106098759744796,37.95020497442465
938.714510010316,544.8254672270109,27.186000567322928,38.14897998947348
944.4265858982673,543.638026861159,27.69879848823573,37.004318242178556
948.6465188892378,543.5936409785544,28.084444129173743,36.215371026418495
945.8935490051492,542.1973473314245,27.407838174895243,37.16589832969355
942.7557265249743,544.1040098503088,26.58316421406084,38.25971430285921
939.7635575202834,539.8789294760031,26.284258261610724,38.94013188836495
940.5261131636285,538.2452244991672,27.096967487474608,37.90995368805109
942.3516892633459,545.2969972441158,26.25958632125068,38.826290377427505
938.3342349364301,540.1855110709932,26.510659141375353,38.027064777053255
951.1186361578226,551.856888575765,25.7532318369634,39.533333329668196
948.3210554242552,546.3526034145445,25.561564495953196,39.811573084998614
954.0589777463164,548.7631812034838,26.085433671544287,39.62593543401119
955.003787160215,550.9587439276245,25.717565117347885,40.54904541341914
954.6786096054354,558.101375842084,25.414459032654698,41.147822996241786
955.5040663325082,554.8194566082217,25.260276947376326,41.28282004625306
960.3062862338622,543.1782546463926,25.890727667486342,40.02531992678553
972.0148460937261,537.9296928805603,27.105282254442592,38.379830943639405
973.1699203533597,539.2468701399632,27.90875928160167,36.844235075080086
976.3910769361681,540.3133553003557,28.28850707769918,36.25836281135268
968.313034648046,536.3558699264719,27.830283002370745,35.011612205423184
967.7123006994534,541.1032415979862,27.933274549799755,34.694123293329056
965.100761401802,559.9715817363642,26.3274991245885,34.72980673007236
966.1203650591236,550.8007289023516,25.441886016942608,35.56279131933206
963.5088128247198,559.0018739984654,25.28160846473829,34.8700931819917
969.4662552339828,552.8803727454001,25.154064248923756,34.42541401742193
960.3314549636699,541.4682203896976,25.57701801922172,33.128838695780786
964.2446616416072,542.698898406306,25.756041535650468,32.95159771965549
963.3250611635062,544.557881086821,26.225438741318143,32.50417512069587
959.9907459416668,537.6638838879818,27.419938571787053,30.33351501910405
966.2870833691926,543.7311918927635,27.01892604089449,30.55760176454843
962.4976805569135,545.2201090109472,26.830092363173137,30.369010606460918
960.4732144540378,540.0926682648173,25.07309458867017,31.07232592435082
960.9084598044781,538.2274034747078,24.644132316602537,30.519179898996953
964.8146380174534,539.1422724889643,24.941748126283805,29.644864252167267
983.1138353642278,546.7431170269995,23.729918297002815,30.59419425812199
985.6365233597119,547.5888691419518,24.568356950996694,30.01458030131507
989.5476703124028,550.2607320947226,24.279805279602613,29.991074258181083
989.9031362383255,548.3461208580309,23.488365219472016,30.68722903579925
987.0140992279298,565.5110901892789,23.381905408641423,29.99009211082722
990.4341258123225,570.6197521797837,22.570663486320555,31.309998621720453
994.3353665549896,565.8297988116017,22.363447560122374,32.2431702082352
990.622035816046,574.65981845844,22.142003759240485,32.22869166493813
993.0516892612685,570.4541209994684,22.16839891180783,32.10672137090707
993.1499358359814,573.6530686501326,22.022451568279333,31.671961655735167
999.319495268175,552.1980672921566,22.695230178725375,30.561681754381212
1000.0374498729285,551.2713079751784,23.451818908543107,29.004941220535734
992.7892006322562,560.1436969419456,23.270550138278434,29.32391856451399
1002.9257666294297,551.3767902595523,23.143036890379342,29.764279838033104
996.1052623731968,548.6417049406745,23.522552064743905,29.12449839512228
992.5369324213714,560.9169226334054,23.315858905576803,29.274208096085385
987.3836346559676,560.2407762893604,22.35542907808651,29.038544537842814
987.8566580530284,560.2322849498636,22.28768426482408,28.836445437021546
995.252036855871,561.7559296814037,22.168038246126198,28.865740326240036
1008.116635123319,555.571269071808,22.031960775098273,28.65809554721414
1006.4218775862226,562.2187043215597,21.35965334030077,29.074700053363667
1007.807330538589,573.1864800989648,20.85502853841659,29.94704207040394
1008.0383356300573,577.4714715680108,21.422183772031673,29.315110445593245
1011.8089171169626,575.52904171236,21.44869221421622,29.23855217586509
1009.0080639421595,564.804575040185,21.29277163647067,29.521621102220514
1000.0236768139266,561.1009549048732,21.258628505810634,29.270194574352775
1003.8390020697861,565.530657370155,20.528388786863864,30.328741075056083
1007.8309338355972,568.6145648243964,20.940237783158107,30.042778636432264
1004.9385522863122,559.6175650993903,20.344600183205685,30.125824141408
1008.9430782334408,559.9891875309415,21.40629576338542,29.786946814663615
1016.1048831398709,559.4919178736822,21.82590562454017,28.591829022844347
1014.0779299279204,561.8413347035892,21.56817496918172,28.432138263326802
1006.7644263472671,556.3119633767845,21.387326020222986,28.25865863919252
998.9032681110748,560.7892461253322,21.320185718703215,28.235283855345486
977.8294470372765,561.2650760599806,20.969665494589563,27.68614983897315
963.6193868593571,559.6773419318289,21.536437570230746,26.734735565373956
962.326159095444,560.5509777497834,21.54411711760135,26.70979812535225
958.7437947882477,557.1554403035676,21.589107434084973,26.67738682954031
959.1578689638942,556.3167795339707,21.576722323278023,26.673944861002887
958.4963954172468,555.0393314575466,21.57512900613137,26.674934868808172
958.4200462950192,551.2112653298599,21.553177551192963,26.717501802494137
958.4091978849619,551.6421684466948,21.55538006741035,26.715922177031718
958.1061134702514,553.1828850673106,21.54855678566536,26.724542930686813
957.7572616676144,552.8550161784883,21.548413523904472,26.72486579879916
957.9242037783467,557.0218074756823,21.50911070793024,26.743324735152108
957.8773245222421,560.0631020833215,21.51601911566844,26.76811782116333
954.6517043397339,560.9816092348624,21.423006308867336,26.839125375455218
954.6484672192666,562.9550478002793,21.345727321924123,26.912969102500448
957.7737675623994,565.9449895995667,21.287888738066798,26.934033826274504
961.1479948193735,555.6564305520207,21.182014461926094,27.024952264457223
970.6125599045265,539.8148674053492,20.05626655948597,28.521503042796915
970.9462247300335,529.1410160569434,19.826136874860943,28.9049255654391
985.123637877689,524.4093361200925,19.610553488666806,29.329020679669057
988.0236033110394,520.7653296395891,19.660425927098682,29.269386299721674
983.9469840016749,509.18019592332774,20.24726392919484,28.57088962848692
987.022668569667,525.1601537884634,20.041328712311483,28.418834139605764
980.8909450397581,510.5563285734808,19.268498144012373,28.788114451340462
981.0256885632738,503.03569924225184,18.16451781802524,30.46881785443146
980.0315864639591,507.4079714006745,18.430670118410564,30.074631165492825
983.1064421329507,503.2950553093367,18.419739212775415,29.924672747356187
983.2257649058741,510.04553564899555,18.788984868213195,29.259055610276263
984.6082322624028,509.07253244550907,19.6171103106998,28.275883177717983
986.2268762840471,527.7138577087582,20.13134764560734,28.089852675355502
983.3234190093588,529.454239330855,20.1273190612186,27.970844137192735
988.9919943248726,530.0181047257345,20.205408358893408,27.93641226337191
992.4593444013963,533.1519696532072,20.15417556187341,28.007076206272906
996.8409649966906,536.9260482751664,20.27953096140943,27.54388385824632
1002.3099940307021,535.8657806927727,20.02291487674123,27.837429008147954
1004.2572103397063,534.1339879122366,19.977108352839522,27.901987534905395
1000.6137363432179,530.6657714957887,19.917709891820063,28.10463945876232
993.8890751826943,534.7722723502553,19.900861401195446,28.069124512664967
990.6355638601033,530.5610883252966,19.746046820352905,28.280508521265595
990.4235916433793,538.9277821422601,20.02123883311145,28.47065773157251
992.6472619819343,534.5752428325658,19.584297603296616,29.090251335887817
988.5936034400252,532.1544762733935,19.59348249320631,29.160397130619106
987.2152139241599,528.5043306318256,20.518881990825978,28.430274379085645
987.3696345742019,517.856982801992,20.431969495101946,28.328206687733495
986.4754846159278,503.9903674942161,21.421561149363214,27.14273432405186
985.5694724694865,494.2663420996363,21.411433080961253,27.21458983052274
988.1610937921384,488.49959354777735,21.147068712172974,27.591412717942344
987.9723913291028,488.5212299116661,21.148517107533042,27.575857803404542
987.8024913508694,478.2995083782211,20.781287348379504,27.627122042423146
987.7929033294619,484.48570476169846,20.806873448258287,27.679560660258826
987.531612019736,483.54752139838706,20.80043785987981,27.675743541415482
993.671668918506,477.6623564682408,20.761306808272053,27.595175273725143
991.0146539176707,480.18196934591185,20.88838178552797,27.484324973072578
987.9945339851649,474.8521885194064,21.017752366722863,27.25713472686858
990.8418293760856,472.4940460743037,21.105345617791606,26.964962291916798
990.4716610010319,465.36812136012674,21.039747306588964,26.77344110300752
993.3747694249395,474.4350942849661,21.176417702395558,26.314913715075285
993.4301299658878,471.16883065964595,21.310869192705322,26.0784181503936
990.0630281535688,460.829004028483,21.29327433162653,26.013737802589734
990.2488943052429,462.7169711165311,21.270811895173253,26.01557366292254
990.4700863521572,463.3983167881613,21.250255468463042,26.02269555300031
990.856249730287,457.1854080724796,21.241633981182353,25.956895855408362
987.5070764552863,462.0300874081651,21.239646071427874,25.910219007797362
966.2213178728624,476.8674292167675,20.196469320497396,25.907899269363426
957.0496804906309,479.9381571482454,20.174868817756398,26.047829291339795
957.075017245597,491.37802197765967,19.7054767621743,25.8709802149625
959.992091290044,480.80682158762045,19.57481836164694,25.946126697587488
959.0443368343143,479.48823151542297,19.573500587782473,25.922760254385892
956.078754707854,473.51067677116816,19.76804069890677,25.8337035191434
956.069557091438,475.37904482559367,19.880490610413357,25.708630990344997
958.314036909148,468.3514900292574,19.528801451074166,26.177829752595233
957.7247232385481,471.07565178811996,19.416675071377544,25.95374863538389
959.9419540304236,474.0674057694003,19.42540469154537,26.115097777131236
959.936753510067,480.4794455043159,19.432605989789447,26.146788217191624
971.3128970487792,487.4867448931869,19.303489704909282,26.25307888495077
970.1588973829073,505.87543127158807,19.134348036871067,26.829295478568454
975.4070391496114,509.6564567456542,18.888874988134745,27.283057652625143
977.463895722939,510.7918490109962,18.62657789816643,27.44242976720304
977.3215443182322,505.40096917050363,18.98357488355166,27.495943102664665
973.7278025937508,507.9680089928663,18.821612202226152,27.556962624548525
973.7766865012978,520.3096057116089,18.90666032021826,27.749378897678863
973.3619599347821,524.1048422342362,18.90069338027864,27.749114932724876
976.7065698583592,524.2699396469644,18.947437076647073,27.69530914806938
976.6812611577959,524.4648670551409,18.947196046365555,27.692296153565284
982.0108332935496,514.8980674987278,18.689405916657456,28.215493057822165
979.4649915354386,508.26187484862146,18.487674134683036,27.99853954186827
975.4599861477085,511.8708634983209,18.413000945241674,28.070000002468568
972.9256697207575,519.0210079982603,18.02933071092976,27.788815755684276
975.2076009420301,510.6966117142561,18.022010020000135,27.824808178351837
972.4316878422142,507.56029186514195,18.433204522887827,27.119736862623757
972.4611472477633,509.32894665815434,18.163723249040014,26.902921727774768
971.3511141395478,511.6057359708536,18.226144326415202,26.81067673607701
973.6561369402286,508.31628438375657,17.828098368578928,26.92768949826528
973.2724700690375,508.8903618163035,18.17282960002798,26.536425450886398
973.1091062227787,509.66969357861785,17.64906488129712,26.34956381868524
975.28923953343,508.0750804246218,17.811497795917827,25.872573463481547
974.8161594860591,515.3574880273346,17.884936300677715,25.65854019048521
971.8806954611625,513.3896477566814,17.96734973337147,25.299089517144903
971.9768341543162,510.80615722172087,17.96556030036178,25.09107662914191
971.8288778888681,520.444663878152,17.91254328684967,24.910690588501534
972.4424692582052,520.440771214898,17.55566073130963,25.208805877763098
972.1370279186405,509.06246122757136,17.781458986712757,24.438441865091317
974.8047642476395,512.8038882355945,17.67509364029543,24.250120867910162
972.2696821224426,517.283000047507,17.5081863848029,24.175522731181378
973.8889573314821,519.6757505566719,17.43814062980225,24.392197188979768
973.7585315357267,511.01876006809186,17.62413111972438,24.245131735203806
975.9184585577203,507.2599181581543,17.582248169903774,24.05850191598031
975.3609217872395,511.0002881450527,17.68823451764866,23.601568224956363
973.9266217713098,516.3728993117336,16.994310841633027,23.617432294630657
974.0207265252393,513.9201219749957,16.684480173978113,23.0990780089219
975.9761633376326,522.1440285984287,16.872678860885877,22.706538208294056
970.1193243591077,527.2147992054646,16.778420549011404,22.614779406427804
971.9948807744368,524.6175408847292,16.7830267448462,22.47256558134267
974.1855802695633,522.3380563358166,16.87353181774301,22.408836105363314
976.4448363091665,520.9025934738498,16.80466063384137,22.37510152409711
969.9954255330296,527.6724281772781,16.589860334147282,22.764507190903
969.4789775838119,526.0813417215063,16.13332322181247,23.147937996128373
966.6832823628287,521.2658121575939,15.998071723051684,23.028353649942908
979.4229533611475,537.7789550493184,15.88034577221615,23.881745066962857
979.1003497797234,534.6478120205746,15.903274209493743,23.754230974205427
981.4404809267525,540.7714118110578,15.752524211653876,24.13524037203533
978.5493967877288,530.9236454158051,15.456094820235844,24.301221364986514
980.8425438091422,526.6675137898085,15.814369567939005,23.68660177652384
975.0312352381891,530.0754173915504,15.908440464183018,23.294428500886767
970.7632503898112,523.8472459195076,16.226604307534977,22.865043666418654
958.3717938636854,524.5688007550359,16.439758672469413,22.04298294713142
956.243742722924,526.6684340545754,16.162922055818548,21.92857062922745
956.0167231797051,522.0369134440292,15.838334082194635,21.496406411749685
958.0747168738826,526.4765604148852,15.517957828865832,20.824197344128482
958.5706967515118,526.4305602264262,15.63951854889445,20.421762064943046
955.9330444987534,523.2578341249088,15.443479795941048,20.469095976226797
955.8452234550414,522.692717865342,15.480215226311222,20.324967953488134
955.5470499119034,526.5564757634046,15.647140900885145,20.069735382500497
956.6039320719761,529.0958489677574,15.68341803385222,19.80301628929578
958.8915046857462,529.344818942298,15.440141095682515,19.794879057160458
959.1316958792856,524.4167675820809,15.591703520005616,19.141123036321183
957.1517849157883,528.5494059878188,15.466327687989963,19.19765995400858
959.7735309686369,520.3810532462871,14.331490120210127,19.738604065879063
957.3742494806406,514.3094618891678,14.516760971204494,19.080166955153654
957.7737829682861,514.291407432641,14.52672311049763,19.069020747336545
957.6581171762139,515.3419250862801,14.572953338539367,18.973375142967136
949.8967513841584,503.83634973586504,13.533285584473084,20.60685604262607
950.015685248895,505.171304725629,13.527956116720585,20.601752028511438
949.3136059869751,508.9803506627511,13.5403260214654,20.53660732279564
949.5472677054198,509.41735653553997,13.545563164810586,20.51103217156928
957.962830176289,502.76883426733775,13.280911507289744,20.549906983027732
957.661262962182,512.6590382737571,12.878070753566375,20.473783612041256
957.4375842665742,511.67922806130565,12.863374176772325,20.417061684053042
958.9219486620714,513.401801111466,12.888016001826683,20.24139338665281
958.3854965611798,513.8191954887346,12.946472684042803,20.108233554033877
958.3424975882028,514.2243168834656,12.934355853640835,20.043702545698864
950.5485612630158,505.5776546858864,12.391056638393636,19.934305697004916
947.938021484778,510.7578369227965,12.62034091349145,19.704686779518624
944.0704754184842,504.81247663268846,12.496609107812823,19.322098757306048
950.0488140503568,497.57678725902394,12.426190173105773,19.15095891912811
951.1361370625432,497.47613663666795,11.580317358813573,19.547876827803698
950.992108521127,497.7028741938516,11.784713600344457,19.10429238539377
951.236582907508,496.8215505385407,11.909624811091327,18.665493158296258
956.9942110258872,492.01453888760045,11.760615218772369,18.731069881549157
958.5794092797804,497.2814144924062,11.644046762226804,18.753037394038753
958.8511686487273,493.5734686918722,11.02883538251984,18.61949028699792
960.1425770773841,497.69282535795554,11.132001767336703,18.141374482357808
965.9906129527833,493.72814140050974,10.944586490590353,18.265650382455373
962.2503105655672,497.4561687262545,11.071289870712548,18.054608185633757
951.26890971899,505.783092394816,10.624463426045677,17.81710069081442
957.3935824119152,502.3995353737599,10.593263441913138,17.14181177150551
959.0962710016832,506.81447349115854,10,17.52163611264158
950.7785218254019,507.5784929332725,10,17.301084269293796
948.7686746620942,505.7928305106169,10.096276675356258,17.170053360556892
952.1012893374537,508.3025399050918,10.371019017875211,16.638440986658352
950.1914516923509,506.56116671366505,10.417018671062586,16.50389045597817
958.9863081661583,510.80815074849494,10.200521397316818,16.302616913058195
958.9143408402595,510.244694665999,10.194331273270498,16.289041491085676
960.0365513364035,512.4040686650568,10.217088409890055,16.149848956114592
951.0056062248178,519.3317933706768,10.192931812911636,15.875122723365463
951.2489130028484,526.5877475795253,10.135719541752472,15.66353975742954
951.2664262699323,522.9047881506324,10,15.735365474154445
951.8917744920585,526.409602444233,10.10127727450715,15.17607208624372
943.8282867087817,523.188281881971,10,15.502647948727544
950.6179604233254,515.3012777773164,10,15.48975130937709
951.1915905212918,527.0127382111453,10,15.2863434555988
949.6577905158753,526.2451346167061,10.002395772047064,15.20340989332792
949.8930816892374,525.9169228733247,10.010441999088993,15.187187830728222
951.2926375596048,527.7614734287705,10.020744436337274,15.163798281510115
951.1994091059117,525.0798820344363,10,14.913124284579347
951.3402848741051,530.6454927193754,10.19520110364996,14.18064108616522
952.7415406272013,532.2069911929219,10.08693781689994,14.256127296135917
951.1435718884994,528.5880564805632,10,14.497682096405512
951.1609302521297,535.1094342540264,10,14.546680603308639
952.2961547484862,529.4521770277827,10,14.541318302609742
951.1470720758881,542.2345966888957,10,14.329033144006958
943.3921290687329,540.0394808632067,10,14.368828744818035
944.0050027972002,539.4020405424278,10,14.378737401359098
951.5807507508678,544.5512229166,10,14.32164394198066
957.4519765839594,549.91783032065,10,14.809354509767017
960.2108707591013,549.524650185712,10.046886037931726,14.315159626351056
959.7087076303305,544.0510301150778,10,14.416883839364605
957.9956891112524,541.952024557501,10,14.59955483040423
958.2213032776075,542.5328613511999,10,14.606514549319225
957.9167973815676,540.6781104957195,10,14.592359592180859
959.7285667399811,538.9725797064152,10,14.57598302742419
956.300563850118,535.6994861667487,10,14.509794833134146
946.1145043629646,535.7418291128334,10,14.689172491977281
950.6505690121309,544.8091445825119,10.08237998260372,14.365936786360585
952.081828834875,543.3987888218978,10.125516371307157,14.181703477804351
951.5567446139944,533.7922141347992,10,14.415304817676333
942.4364209055185,526.8432912244178,10,14.39715198785737
942.4485724998943,523.9478236333013,10.037938988957928,14.159563053501142
943.8136806827158,523.0425010850347,10.003397219727944,14.059218416803857
942.0942352240877,524.878068175689,10,13.987394075829794
943.2135504882614,522.1172118944645,10,13.630353588791724
942.6019721452244,527.1371822119114,10,12.971497661104664
944.0962258363993,526.1517152959416,10,12.77410437342495
943.0031280292561,528.2347301815645,10,12.89936883779751
950.485741533585,522.5125751221644,10,13.483590041924945
953.5337259998369,519.0773853914334,10,13.330425211259866
951.8308844478096,508.5090741006621,10,13.621331696494153
953.3180590380257,502.4718034895218,10,13.541684780964152
951.702775703947,504.6002934930634,10,13.533749348659285
952.6597874593234,500.91643330000335,10,13.530014331376275
943.267673946181,489.1657125412964,10,14.902822943999977
942.8089914587811,491.1610682295901,10.006989290141425,14.852974599381534
952.4069346453623,496.6361911928095,10,14.775866766102638
953.3778739322278,492.0662616205274,10,14.738251871723506
951.8102824790942,490.6436032855201,10,14.581972207169507
952.2440296788358,493.74194966058707,10.113364069075928,14.330853000584186
951.9214204974697,501.18979529682116,10,14.707447763588814
950.4665046274353,501.7455496702322,10.06490476836014,14.467335856436753
951.5613756351503,501.12618882453637,10.106827506507225,14.370695915418443
950.5350828387817,503.6100830940742,10.16701380772135,13.636252228838808
950.8738927406965,505.30352911495834,10.044985411157592,13.293822059412355
943.085625467159,502.2815304418887,10,13.59066606187585
950.5014586224091,511.0961557666381,10.105642309826981,13.206459338107054
948.7743117233082,509.5208537607864,10.13462547551639,13.157654945971844
948.8287748598682,509.4765865450465,10.132258286285838,13.154571862746876
959.0148732174214,513.7929507910494,10,14.297974109606098
959.3214499557139,512.0781213772846,10,14.350178161611307
967.2036634787997,516.4826672049968,10,14.007780216251684
968.0758021627734,513.160486332421,10,13.905448858829693
966.6176923455719,517.7773459768875,10,14.388735782288146
967.2282143946593,520.6062259915207,10,14.342692685586263
965.4378003758388,516.6929194462251,10.03939219485935,14.212013965919368
967.0492308204723,519.56725316316,10,14.154579555061717
961.5708701937635,520.7891322635877,10.292624395549094,13.656485739038647
961.0443956629995,526.8799841887874,10.514634700375474,13.06687515249546
960.4395301781182,525.7910095032755,10.468234646962907,13.06067159972633
959.0346225785756,521.994044713117,10.240600675688944,13.395829835320402
959.1996150208834,526.8640889280779,10.071121074237992,13.499111954673497
960.2014824166441,526.2757230271015,10,13.56958647831056
952.3270253102924,533.5062636850183,10,13.740444354411261
958.4540050817027,530.258189810878,10,13.447702877412802
959.7625009610638,528.8445960179276,10,13.705532496830962
954.2436998649418,526.8042474837879,10.066778476064714,13.558944512085732
951.7265169777512,532.4810871116997,10,13.456539978991863
951.6818648800695,532.7561320873727,10,13.447876715567798
958.8337638560783,532.2473107445489,10,13.799801882144962
960.1256699977336,532.9045432629506,10,14.13381288805219
959.5521036875974,530.7136927990668,10,14.181406636939945
952.2956612705876,526.8929796361464,10,14.18108634024615
950.1983860545322,526.576581476622,10,14.141376320478637
950.6172714116475,527.7231173499165,10,14.133240751708836
958.8813944071239,526.1453900747622,10,14.312824373919021
959.4576300370655,522.7278410880618,10,15.003043684664881
959.95110282947,533.4747338437562,10,14.629934338469837
957.2452140096284,527.5711422881844,10,14.646481279741375
959.7807404203164,528.9255122911709,10,14.658704487473361
957.9522047330489,525.0111209974497,10.012946879735882,14.40132488389627
959.5525486432999,519.685231362746,10,14.022188826458196
959.3230007912641,518.9778769780108,10,14.021212598847983
959.183915744073,515.400048608359,10,14.008737074619772
966.7313804891154,508.40569199355366,10,14.775845087705203
959.350356739331,511.26641498354746,10,14.532190391864214
960.4650490167226,511.2417649748101,10,14.510652427683805
968.2115502717865,512.8801137143362,10,14.821861423354042
967.899710441493,513.485036542588,10,14.861068443081749
967.7076513485054,508.0750400462468,10,14.962611444453525
967.6590354951378,505.4530989567567,10,15.189780881508446
962.1429934439059,498.63949791725594,10.06835144524156,15.104450213086578
960.3530750474106,498.64391433366376,10.050302714760997,15.03961823989926
960.2099733677233,500.94151799594204,10.062958150216197,14.99257282280912
958.2636322355638,501.4587727584458,10.066710763313719,14.943185567888479
957.6224051798855,501.83271355134536,10.070331296015775,14.912335876305368
960.2997447293063,504.681031161072,10,15.573987186678247
956.9777353284561,501.3692250346908,10.168626601835818,15.081172283144753
960.4255567670236,509.5463143865792,10,15.143433429467176
960.2342496422942,503.9390271685581,10,15.228417812468583
960.0915523081725,500.0535464677581,10,15.143530604827578
957.8815403279473,510.06262063060257,10.514968020599895,14.141331027255156
961.0507686434169,509.88249818420496,10.458453636683803,14.089418120356292
958.9322965952767,515.298203613736,10.258749549328993,14.089803080906526
957.0824663542978,511.15910625443775,10.618740390499225,13.53227743466883
960.2691291165327,516.0517726696238,10,14.32444570399023
959.6261508930363,515.4081084267472,10,14.746521022292757
959.5860948261623,515.6810630906252,10,14.739438700387923
966.3304734187824,512.0598983564483,10,15.12623840678695
965.9318526758407,511.64652993823273,10.002518934163476,15.12303738225946
959.8433388814528,512.4904293156495,10,15.09432625183327
969.3720732414951,513.7970239444521,10,15.411791275029875
967.880625092741,515.2175404312943,10.054318865399342,15.325309851318012
957.4171261910956,509.5163794461432,10.372080389038686,14.83041673336632
965.5884680968189,503.01336404589085,10.40660037655629,14.374163472792784
967.974463967994,494.9930138965063,10.256070725191352,14.036496328058252
967.6854292323529,494.66642701246553,10.147577830871308,14.003701340557635
967.696416533969,489.4500087088578,10.103223502336366,14.034234237209263
966.2413626776842,498.6138077196781,10.125956729316702,13.77132661001333
966.4268495029884,500.424494923364,10.04209789185211,13.819992506387656
958.8565523806753,493.15135482684923,10.011017828227967,13.605968048020081
951.4141259730025,487.64780644934535,10.038221319964995,13.23593153714615
951.2079082966295,484.2841061343897,10,13.283410790033056
952.3874083642685,485.6105271308815,10,13.52573324747747
952.3655594658372,484.05192307471964,10,13.4992973456031
944.2576562713049,478.123137619702,10,14.017704010329378
942.7654239641311,476.94362201039627,10.005578789468764,13.64896937978439
943.0458488998611,474.9607951097117,10,13.583137377530674
943.8100938710448,480.03346200471304,10,14.185985465751857
942.3521888456612,481.5650472278924,10.016436448358585,14.137011010375833
944.2466973504162,481.1769338046871,10,14.299505667167406
951.4587235493693,478.5256515572413,10,14.220972519574513
957.0970291685028,472.80473793589397,10,14.461950367372594
959.6835211785543,475.4769958541002,10,14.761291616504735
959.0621988155673,473.9798391603694,10,14.76662330761596
960.2633800160422,468.962461864827,10,14.614643929223615
959.7687693584979,471.01635272072645,10,14.59451536776822
