879.5,469.5,63,161
879.3504716343267,468.6992868541734,60.503481053200886,162.42710216333072
879.6676599223052,468.60322485752886,59.2094455195018,164.99533476920575
880.5521757884861,465.5602728123132,57.85859121124503,166.18408208112643
880.1886549224787,465.96755864395334,58.10486501197272,165.6371471503655
878.7934132360635,468.23120423254426,58.44424613123954,164.01373577596053
876.4791202154992,466.02868324949185,58.57634181164497,165.2658559312075
876.8127461715375,468.4654050169561,57.587074740379926,166.06605510848044
877.9714958120093,465.6206045220507,56.1564344524039,166.2569866349849
876.9486557776014,466.8379857619083,58.057386893537334,165.9356378267238
875.2275724175463,465.11508363234344,58.52778229924766,167.19384294450344
873.2928347677762,466.1240646295332,57.833895163033844,168.2790056400063
872.390757759534,464.46671417304225,57.60162499876172,167.63546266290166
871.2772422872409,466.03685106368135,57.80963191792708,166.8121848333575
870.0700261591201,462.6236160670461,57.20180622986133,167.3811010118761
869.5476039306066,466.8005833832233,56.86037920736237,166.33659662798829
870.9265712627944,465.0784733680188,54.864687436177945,167.48018245760647
870.5497714493295,465.5097977360709,53.881133881088616,167.54953902555928
869.0668195674115,463.6308012639035,54.223758054661616,167.9696204112041
869.4589496283577,463.8330911278803,53.709015580205076,167.91692864251888
866.9888256901636,464.7489191430393,55.19918121026147,166.64869548027332
868.069822116105,463.8557795419814,54.20960164580939,165.50481705132168
867.8715251081552,461.23336317616963,54.47027539697182,166.44528780514224
866.7921735523831,464.69514141686625,54.79631972797511,165.7439909456554
865.7553643245786,464.68580226801214,56.386648416911946,165.20562938136078
866.9430230103823,465.6206742400119,55.81596886899227,167.37817815363067
866.0733880806654,462.8611437575381,56.64118773861881,166.34851696897204
866.7821335475198,461.9449575431912,56.172407064316246,168.06941314245722
869.1378400503484,461.2875825223516,54.97755961832837,171.10041801546822
868.6380999058226,459.71699410143486,54.39213041594091,172.15338698544986
869.7272366379814,458.3155711760277,52.94200043772971,171.52230464693054
869.8221777405523,458.5472284773175,53.61567378668524,170.16023496756242
871.1093253985574,457.40766288090816,52.32485262896539,167.70067019777557
871.1110411466276,459.27344506444217,51.89264169562284,166.8339642206138
870.8367362549059,460.10670857278933,52.963056400718756,165.9159771277303
870.7969499775309,457.9208874326649,53.26983116604856,165.34968477346405
870.4852717949091,457.53118957849733,52.222563563258035,166.98029315821879
871.4292379694595,455.62876682359155,51.05002315498791,167.26595675287317
873.1132461243218,457.48264205684137,50.80309595554212,164.34986822934172
869.5702108313834,456.71526240138917,52.008938008207,162.81420128767837
870.4189190906867,458.2760262625183,53.05274281070233,164.65465006675197
868.8379536644138,456.5827666598114,54.567545893258455,164.36157100711523
868.8636395195874,457.4790662103805,55.540688845740945,163.40029175684515
868.7376291192618,456.05541751409885,56.80822475499313,162.98054570222192
866.9451974459951,453.92715296340396,56.300432348792896,163.33595233297433
867.4444695887181,454.73917083324545,56.24998588018799,164.27288377792163
865.9940450350206,453.52000160857983,56.48890572081751,165.4876141419393
866.8852079648274,455.2068492799974,56.26907430620015,165.78478279187715
865.515504213165,454.1929657638491,56.994216409163194,165.20362947856785
867.4055739520235,453.812883226512,56.861692405918575,164.42569353940917
866.8080285156835,455.4755565861778,56.18189476561021,163.81477982575132
867.4808309762383,454.86197112815046,54.79600572349233,165.02716916525566
866.2808339447232,452.11919951760626,54.40554275676545,165.32978786373684
868.5215106151568,451.85049522565146,52.61738632398201,166.14769727797096
868.6032264443774,450.6824764270772,53.159949218034335,166.9596028611236
867.4884689432529,450.26716262338505,53.04130628527614,165.5509694968203
866.8649964771233,448.27320336530215,52.867642087576336,164.56074524516384
868.5680701796829,448.8762856208548,52.50105541896308,162.3266868256142
868.6622048055351,445.5022330737695,51.13477765869797,164.11702687587328
867.8508413372326,448.0637175288644,51.95866376299148,162.71395552465754
865.7207704009653,448.25332045390417,53.421726472159186,160.6533548410684
865.0651957782231,447.0293209314077,53.859874046119586,159.58820008597104
865.7678730105864,448.6269137639671,54.52874102720031,159.52937775312802
867.5628504635835,446.9969877921126,53.71720461592757,158.7509689775208
868.8238306178247,447.8157320869881,54.24932104269746,158.19283921565238
869.457045513549,448.65373184825415,53.59977315629064,158.7211255938538
869.8321606266069,445.33066205358716,53.915011695192554,159.2740464593944
868.6673752224685,446.5041446379286,54.345356450654286,159.4476428749664
869.5719967181801,447.5724746499172,54.33692498912674,158.55623572641764
871.5066143856553,447.48994563138376,53.694597598316065,157.7783312214833
872.7275100404696,447.4361400111418,53.14147171369952,158.01494916269036
873.6693963437336,447.8426816853202,51.712735341825685,158.20410179838643
875.0423426480676,447.24544372062155,50.24041029653712,157.77356251262626
877.6319034176713,447.7811232434907,49.582121008765355,156.67534421101053
877.46270458394,444.4284850889168,50.76814801207506,155.0379320849381
877.4193059432819,445.11986394401447,51.6324138342948,153.62254064583584
878.4434005264768,445.47860529512275,51.66102656130241,152.4903550746007
879.8934233304328,443.7389153959907,51.63389751233004,150.8633569736342
879.8267455926567,443.98107498661426,51.33474252591688,150.41221438296054
881.19094071389,444.99094620219216,51.136834159860136,151.14936568915982
881.7877671618278,445.07035215266086,50.334444404427614,150.4626229790341
882.246889902868,444.0296965857149,49.52896705272727,151.12798565267988
883.0500392714819,444.5641620372912,48.091489905920064,152.0994208239528
882.5174446896274,443.5130249703751,48.35517868728164,151.23625343491588
883.4326128002904,444.12183642193577,48.4430045996244,150.75062312812545
884.8735135371306,443.2933221394634,47.47416075580813,150.7121587686459
885.2417946451944,443.5232261878366,46.852383887938686,150.69085294490634
885.1638677635871,444.13298392072943,46.25508678059735,149.28727874700797
887.0249924429896,443.1868224819872,44.72864163666466,151.10200566350085
886.7442621694213,441.79123812495277,43.94842079042198,152.32546238140463
885.3500262675157,442.29041503177893,45.01370183392439,152.61237515842805
886.8412398242367,441.8663960814433,45.670156253846926,151.59887557321673
887.7554279321218,440.9693734178686,48.12014289094179,150.27290299965216
886.8849206810528,439.58787514736446,50.68576842965216,149.53464386321656
883.9418121964746,440.0799895760049,50.167043875745335,149.17750351750686
885.625201009105,440.2268016040623,48.78186830276083,148.33240290950386
886.6909342097006,439.7000530350515,51.17252344737673,146.96703555865412
885.0281522137161,439.5163025767704,51.013635852620496,146.2633592862498
885.8723123728182,439.922059019038,49.801090400230876,147.53808858210368
886.7434131474856,437.1191354339456,48.53461939816154,148.7955872697692
888.1638810526597,436.1822525849906,49.0670483581293,149.1755417727348
887.3111151864596,436.0297200251097,47.06146754266972,150.09209952440494
888.7928995143498,437.6738342432732,45.22319754870344,149.8751040182063
890.7509185005898,437.1757137120835,44.11764310567672,148.69870004308171
891.04916518454,436.96353106465847,42.39470131477172,148.92010602737656
893.2368582633883,438.89310306865036,41.11110835403847,146.61998978695783
894.6486431536807,437.7812749173622,40.567945432021006,145.9549799305376
893.6445597738867,439.65071596194383,39.551905215379705,145.42896674000679
895.3658810057947,441.36537802734136,39.36467024150146,145.5004900791472
895.6174755734017,441.0839396263247,38.849640822915774,144.40708357585765
896.4994390145265,439.7525726423253,38.61475994837374,144.38393113247395
897.460354342733,439.56632930722327,38.7034451551596,143.2278231724398
898.803604283069,439.95138443052895,38.162221305198884,141.77420754182174
898.6461322795027,439.38958772359456,38.905984155272236,140.23950895709356
898.7823362292431,440.66192485967724,39.06688750246523,139.82665541206637
899.3319295433947,439.06262302735047,39.36270491543722,138.56470578044173
900.0896796932344,439.25148181606846,39.049846870577454,140.62292679751062
899.1698379845558,438.2925328870193,38.790500045037476,141.35374530630875
901.0498219668015,438.10488056669556,37.94814493691027,142.8992213630953
902.0168592957216,435.6182700518072,36.98232733728709,142.69485424639905
901.6318669499544,436.2324920444165,37.76657046298793,142.49308973535466
901.7656574311478,437.6718331303688,37.820097466088185,142.28924819753735
902.4180424815087,437.4547143911026,37.99657657232456,141.84884646762205
902.5460616408687,437.1008369544423,37.45920090057551,141.41501717305277
902.0776489609882,436.64439283433,37.70563849891043,140.79678127989132
901.4439337247414,436.57199256173294,37.23991459754656,140.70825441859168
901.8195061005003,436.20101685105533,37.195939914665374,141.57323707682053
902.1393152345155,434.7512303633313,37.37989996747224,141.60775527449306
903.3816873109498,434.16942874010914,37.49931718244606,142.23299677923933
902.4365972264638,434.016891935103,38.165029625938125,142.66465474160017
904.2006504850806,432.21796422015836,38.8834529222685,142.54498295743514
903.9236665199358,434.50556791633926,40.0541139408038,141.66441918663085
903.2674586989874,432.8106049244267,40.66405179877415,141.65117583749202
903.4096435217996,433.1131529438927,41.94084410466589,141.72395475905398
903.9698257808573,435.1491636766957,43.94063525759465,142.69387842705643
902.2625438399878,433.9069631195213,45.009665697997335,142.71335445908323
901.6977239120881,433.7777224596782,43.94778248988844,142.02386407997426
901.7079774419778,435.3678899502479,42.75111594010722,143.20916560586647
899.781363894691,433.7214515683272,42.00047490255595,143.61343285650477
901.2293852727855,431.88064963642694,42.12930158728951,143.99257548027694
900.9683519813972,432.67835965884785,42.756428288940796,143.47474723319897
901.1654159826563,432.92429402071014,42.551137471043084,144.05553101902748
902.0445759558163,433.9840170325208,42.4471383721592,143.55378723213806
901.2842807810426,432.35489021087085,43.201036904656334,143.42619952567253
899.223790739698,433.00926042880485,43.761778814645396,141.54588502815662
899.5988794183853,433.817141635802,43.543932704681524,141.97323991871986
899.4508015550103,434.5708523340525,43.44457691975147,142.15315378196237
898.6268343038522,434.1129825209909,43.703441920586286,142.6046055418583
899.0859082132107,435.10706041679,43.77174084552968,144.25155826193276
898.2631692112582,433.33394268672834,44.10848885550675,145.42254102342986
897.0807388116776,433.9005335735728,44.010774555037116,146.34941002208032
896.1585976672973,433.4290716519614,43.3682759710415,146.80296810571843
896.0151326865624,432.6617347468235,42.389561929265476,147.39235361557775
896.3426172665221,434.3185425518618,43.63855208436404,147.2642263331395
895.271243123766,435.3064658059925,42.36387310027206,146.5688821530357
895.1185913972822,435.3187978114251,41.70191301338618,147.96790639908144
894.839630569377,437.3005765212081,41.63755243592806,148.07913312009163
894.4498323184933,437.97096376903687,41.62710154356556,148.96477763424238
895.0952257426299,436.8897034215363,40.79467959066473,150.56341552014305
894.0951023091377,434.30328983820056,40.428455211447655,150.4837640482574
893.7713339821396,434.35270325121394,40.327214959858,151.24242605976877
893.0716541137024,434.9646787890789,40.09279878707086,152.2794816832913
891.2190749724374,435.33550778197105,41.56830506586613,151.88618549161683
890.4300209213422,434.6190760524376,42.91331633325653,151.76475072920582
890.6195923667012,434.27432387745455,44.02291259940987,151.4723510234619
890.0515838172979,435.45507957122715,44.418087125587064,151.36469982486813
888.5955040218691,434.84733513552703,45.5446909889108,150.93997171216523
888.8837595703313,434.6156402643934,46.83938539779129,152.67848929714654
888.4015587739511,436.7973794993696,48.87325206609927,154.30496057501213
886.563982511296,437.15144687557864,50.52359574356201,156.44786064819291
887.2696769487776,437.0213100948047,50.95821754346198,156.4947317073358
886.4427901489511,438.36225942316906,52.399901237709045,156.14312222381534
885.244273220328,437.760718906614,53.01637850420421,155.7731883164251
885.5116459356288,439.8204616432806,53.07016273539915,156.69318543562184
885.4569829330123,437.47592527169445,53.74806054007115,157.10449040621688
884.3574282537681,438.34441987005266,54.01912967927534,159.64120165897504
885.0181242670907,437.2758140621414,55.56790762504254,159.61432883948052
883.4705830540992,437.6433787346356,56.54167881570588,160.71351193772762
883.4773537655606,436.9308396078276,58.51263967586767,160.03044356736638
882.6330030580755,436.5803383161257,58.88717010336441,159.26834182905435
881.2829217410213,434.4006192441126,59.89608476019346,158.58952698008326
881.7770948898536,434.5382745171906,60.54205061166286,160.13417700191448
879.5232169864431,433.698443999115,60.5411047067401,159.34734257448085
879.9456057440201,436.5261541667547,60.21437441740136,158.3475638024671
878.4351264581994,435.87217142438533,60.339048602807296,155.8788676700263
878.1107445524399,435.85947345295136,59.69051418892358,157.0206836404551
878.8969642165862,436.36012755953715,60.82506627874244,158.10177117672686
876.2107528842675,439.85499399224653,61.04289815091837,156.69303319847435
876.9876748457264,440.5418222008616,59.483685106918784,157.29592794614157
877.8460708143681,440.7111103182424,59.08907994006195,157.72849754924977
876.4861955759636,440.8742651924497,57.77691734179298,156.90646681333425
877.4609328038036,441.13403193955367,58.51850041002534,155.9003041317517
875.0382323792096,444.101442808469,59.50542044293795,156.26965979032624
874.8138906289832,444.2530047387594,57.91998293628271,156.86257795625215
875.0181035080121,441.4231636518149,55.98383862661868,157.4347931533611
873.310358262427,443.0554004977361,54.918125168021064,158.03813400651197
875.3661250624496,444.8089010420482,53.61687936353424,162.91154414590443
874.1506310662123,443.80863237556594,53.23906874568131,166.67733270040708
876.4558308867671,446.7542281667362,54.67915479248799,167.06538209035767
873.8728381353852,447.562071111033,55.56336045395089,163.6444101001121
874.1683579674196,447.2078020757426,55.01148811700554,164.2079180288128
873.2719297457439,449.7532807371927,55.053460844923606,164.30854220672416
873.6551509491832,448.7991164088678,55.7654981681434,161.03214749333168
874.3441034161872,449.18930602834195,55.56076555426513,159.08610699642293
876.7333968700964,449.755187623575,53.83269536380184,160.3621879004874
883.1848462679983,448.93427878370557,52.81676953186086,161.39161976433195
892.1404851663866,443.426500394183,51.670565883067,165.79347856247404
903.7106487976187,443.0829917820321,53.28493706004976,166.72191037053267
922.6997478105533,441.9600404365836,54.24163466580913,166.05780200958782
935.229162381722,442.47123307891843,55.3268531848682,163.31766456353515
957.7952860448277,440.8910364642592,54.438169505609444,160.76591431404998
970.4692353398983,442.3910949380481,55.81799248259923,165.22524936479357
988.0272362347541,437.3485372956476,55.6902396275437,163.61168381865429
999.384892060797,441.1990787665919,56.70719713774552,163.14498934911393
1008.0979535192831,439.9984305209322,56.248344599636454,163.74459776826825
1017.4981522674906,439.2076469733313,55.766994595881634,164.12723784146732
1025.0756568660124,438.44504650891764,54.52877242599264,164.03166650376522
1030.3574464874598,440.3056031127649,53.84143865158829,163.27608118141086
1034.1822749610321,438.42452539779214,53.247688504597434,163.91763283845023
1037.4011858068554,437.9685435406931,53.44381426791027,162.48998247077697
1036.661863634086,440.27923955350263,53.33968976024897,161.63260437733356
1038.7390284859116,439.78978596451987,55.44883353186693,163.07439542163297
1038.7315998953673,441.29209154930544,55.673424623507074,163.35164266973234
1039.0540697294045,439.65098608149776,55.99984819996532,162.80495820956116
1038.4584814389768,440.2823751249433,55.57912251056648,165.9565007564765
1038.9770920175956,438.9288456702096,54.754515799145466,166.9413128934093
1041.4506037307588,439.3568381052177,55.142630468397925,167.7692736757493
1041.012349607136,438.2021693296773,56.78491428467845,168.05911818908925
1046.2686607993392,439.60379714177674,57.98639675743531,169.2481961789882
1054.1760175405304,437.75501345083626,58.284235724011694,167.39843032024424
1059.0303360902321,440.8300860103772,58.2970642499956,165.19793354862065
1066.0204586486868,441.8720550313375,59.33601128768612,165.96908583745315
1074.688722368159,440.20833891770934,58.60917831582155,167.4694939687514
1080.7780106348025,441.3108526752519,59.50994964686309,166.9026005085302
1087.2297897807875,444.1132254428901,60.4965393348701,166.87058293742615
1090.9681128130621,444.0025632809346,60.06693328139811,167.3220209236806
1092.3245625558548,442.8421717467907,58.23003642775073,166.5070504891729
1096.7107945332466,444.7165480365062,56.40885935877944,165.00437988230254
1098.7057155733103,445.5819187978572,55.49433248309524,163.02954223698464
1100.795318378201,445.346546640831,55.39388156960944,162.8745574036672
1100.9872420048903,444.60668551380013,55.1293331610173,163.90543082025266
1101.3188670709264,445.4142484107768,56.334890623632106,163.6259269024587
1100.6007427042182,447.10526412258605,58.35301311781879,162.53653396927763
1102.9221669045462,447.57189827281684,59.010461560263074,162.56534934927237
1103.637611553095,448.1225649341159,58.11449834308284,161.56875249851385
1102.2813370255913,447.556494162774,57.73189015569994,163.35468316836253
1106.9745825521632,449.2769549334947,56.354769616094345,166.19902226366167
1106.4508995161489,448.1539745605355,55.16033565896315,165.00926273530467
1105.86658958706,447.3690191001609,56.57685685337791,164.02348984334185
1105.7075031878005,447.63697889925095,56.13323420299835,164.90607216884297
1106.8347948781086,447.9355864556071,58.26259012016275,164.975323117784
1107.684600076572,447.94088098811324,58.50209749938057,165.18971037742173
1108.972363914496,447.5323641123281,58.93922060344474,167.7729544979441
1110.515583310236,445.8354959951181,58.73333474219237,167.44838984109896
1110.4092346624118,448.8587082184073,58.22000453950842,166.63795628239683
1109.512642205565,448.4858274254095,59.12844601710037,166.9838592341287
1112.467045141736,448.0501152524766,58.22424059763423,168.85696547858254
1112.9459578745632,446.8110787954224,58.844580501312805,168.23402535673944
1114.5987389654936,446.60226863424407,58.3497393351533,166.77662463130451
1112.2059431165435,445.8234438324515,57.989964571364254,165.42174618521955
1112.5724317126856,448.06175732561553,57.837529586949884,169.40432568264146
1113.1334108132546,445.39452900670574,56.8076243919799,169.8923556424959
1112.4809000987668,447.1652399295572,57.05071163714831,167.83647843984846
1114.4517119266363,444.8177880930269,58.09536111045209,165.5034292801589
1112.4285950854837,445.92030585708255,59.5868974101078,163.17799559469398
1115.2930696695178,447.681657189362,58.41326622101472,163.28134368405557
1115.592654549723,449.50184962843565,57.95229147849798,162.76065682421347
1116.8758062349896,449.65729802986675,56.65015041104751,163.56012122655514
1117.1107887739706,449.3850630797451,56.29890233897452,163.11577147657675
1115.8290674505486,448.8769061517702,56.88719833482393,161.49110087780267
1112.6316010251599,449.7597841644123,59.60964436945582,161.70710735646986
1117.4475377111457,449.9823518838972,57.071492037732014,166.21942254183955
1117.8743351833325,444.91834335130665,57.12577746878835,165.59441903541065
1117.7602782644278,449.312471804001,57.65561167261599,167.39049907392862
1118.7931391689547,447.8117889366427,57.1921522302746,167.56716580408838
1117.8186493436865,443.867750314198,56.24541063183791,165.4234306770149
1119.0902409130451,444.1529346599174,55.85795400283128,166.54580951663775
1115.6275273282847,442.26136022431143,58.260369434483266,162.33055064729263
1119.4398738503437,445.8750862251168,58.09713043360471,162.72807346254288
1118.0950969434693,446.56345898728074,57.73855889993514,161.65762873706294
1118.8868660413743,446.88775521529453,58.111244239912025,161.37120137106578
1119.1422729864616,447.74251082843284,57.286477505859786,159.74236174314075
1122.3857520597028,446.0052888171558,59.29428373088294,159.52638825074973
1118.085493616883,447.9830911519764,57.01882697919871,158.7348169529402
1120.9002713601483,447.6422316696461,57.142029892441855,159.22876197667614
1121.3194810222587,448.3926233878094,56.81845638346434,159.3136658834551
1122.40315049038,446.59484912681444,54.90612273428172,160.18034107379773
1125.478162016774,448.9066057057835,55.11465726415662,158.76464203016988
1126.5234421103125,449.4007547568722,56.1249408678713,155.69680072126266
1125.790289775827,450.1176026574457,56.72327665012074,154.76176580519285
1126.9762165835657,452.4367698027959,55.900679631883705,154.55423716226613
1126.9562838863696,452.365462926982,55.2217700196267,156.25086137520765
1127.2683580954608,453.4986054147052,54.54512782106015,156.50076819823983
1126.6089780096397,452.5972861830409,53.702912944024334,158.0147119499892
1128.370620473458,452.9946725804584,52.441415792207934,157.98784643578637
1127.4381460603115,452.95692315433195,54.44663194912309,157.5496221935763
1127.8971535122212,453.813923286573,54.3483401112869,158.63845968814883
1128.536091957849,453.9747073798545,52.532574800358276,158.42571315396464
1127.986574479448,452.6391983261019,52.468889050615154,159.3678534196602
1125.5702393909494,453.7894560012461,53.15988236220157,158.4989544967873
1126.1928455335446,452.9926187534263,52.48518652345407,159.28080349638668
1126.4379239450489,453.27002255761766,52.763244911757724,159.38396397458007
1126.522914274664,453.89036287806664,53.22668698503044,160.82538361523712
1125.6686589910498,453.23832965943427,54.265014384534055,161.33949108292182
1126.0182666799587,452.4981613850549,55.232756427058774,162.49814647589147
1127.6855034347793,454.0862557478522,54.856203494105344,162.2913953172006
1127.1316055706486,455.1013617626089,55.2418368088902,162.95065386041412
1128.3512860312587,456.56137008535376,54.43448347518976,163.19585504155916
1128.383847905069,457.9606890769204,53.660315623828566,163.97761428680792
1130.7909058427358,458.56445494389243,53.38434057487581,164.01161840528806
1129.908986569879,455.88660361539286,52.70530711062405,162.24457768099964
1129.9893430364352,459.1228069502225,52.03815467774511,160.45462028191815
1131.3551808811355,461.4955522192954,50.6037014231738,159.82812278738498
1130.5030861950468,457.2451903989985,50.81086052501074,162.25333198183807
1132.0885414818492,459.81877232141403,51.18968637319541,163.09188965886483
1130.8349904320196,457.3294575977337,51.22685898178365,164.3859836076465
1131.5559562571166,458.3238825073826,50.89997507685868,162.35885620948275
1130.3160234208644,460.3573185131421,51.98426728619254,161.3637124400043
1130.9760126039168,460.76779120228764,51.254492992658626,161.67426265969672
1129.2165470107511,460.3050887034037,52.015663645488104,160.41929022632462
1129.5392390441789,462.94958294363886,51.84869007193974,160.3000231171353
1123.9108057986282,460.9112085477154,54.495526692517565,162.15544477989178
1126.4906104620025,462.3839145894326,54.06372080047561,164.02142333709577
1127.9984934823885,462.943544028779,53.78673820446406,164.07318285277574
1129.1972780176477,468.1675763285092,52.75196933347959,168.0629929515319
1129.4828508242347,467.3823831190855,53.05700601454137,168.5635475630781
1128.9794448734035,467.40401038957566,54.96666878706263,167.84203981772953
1127.5127530484194,473.5588527642641,55.32258189388676,167.32582941893196
1127.19909560476,471.5661547567295,55.991548500460254,168.47539385744452
1126.9224642159509,473.0618021855944,57.085315870594165,168.25285715055992
1126.9621411349144,472.19073100384503,57.93302871221563,169.86917837890792
1124.5686592569086,473.6974779962179,58.647939806255465,170.79201744384994
1123.6324438871275,472.66000305063454,57.79560733274445,171.48857060328749
1123.4230339090298,470.46550507904294,57.699103658196975,174.27448351525157
1123.9033926338986,467.91191540944374,58.17607664331281,173.82185085671108
1123.3295282489344,467.3357255366493,58.07697000063517,176.63561603835768
1124.1859468410453,467.3738448721818,59.41954840937056,179.6364955691673
1121.4580108026412,465.7043273485643,60.16040779076582,182.13951448492153
1122.3192573882295,462.48169698901626,59.48957743233737,180.9664868786962
1121.8794693209745,463.65139459929696,60.38074725440153,181.11579304785005
1123.1984681654606,463.3119238136023,60.113614077264714,183.22158088070373
1121.8465720676259,461.05841770316863,59.70320658183628,182.51087592084153
1122.442425298632,460.3800277692123,59.132231718948766,183.8665930940325
1122.1591731403034,458.877622675031,58.45500873205941,185.4383114137673
1123.9901165897368,461.6924400071108,61.60104290429685,181.05349497700746
1120.542969399594,461.96617370391846,63.05635823055839,178.9382090857353
1118.9451603352634,462.27138113546357,62.5920258148568,177.7523861935638
1119.8375009516346,462.9102541040293,61.5359951683095,179.34909513457762
1116.894368849224,462.49838465098753,62.372815519598916,178.1647693505077
1117.9788658865136,464.20318772744895,62.2959792840356,177.63411549753462
1117.266409563981,463.02611643199555,63.141782979288045,178.6811058720894
1116.879618803219,465.8032637076125,63.0430310571637,178.57522585398598
1117.9186930028866,461.37019854644797,63.78870664726121,177.69470547027015
1119.1599105878565,464.98525849134165,62.633672983082434,175.9647986651711
1121.6988193255163,465.46083769923945,61.180968285434915,175.2316120596937
1118.268317502265,466.03416119251847,62.55055200942937,176.3521193507836
1116.0216751448563,467.7530171344633,63.57961205105531,178.22633734471367
1118.1748653652392,469.1836670687069,63.64319991873555,178.33645180153488
1118.7539987364557,468.72864276375753,62.770826776770114,179.9276668496957
1120.4871257482664,472.1165370447489,61.7931429013123,178.24969376643764
1117.8588413945213,474.49107643530317,62.63951519473388,177.1912966626644
1118.4962234444247,476.0773122731799,61.82810898752119,177.52709018432546
1119.3124658259615,481.37390865973236,60.86040225332434,177.90080243397443
1117.23258788103,483.16296359724686,61.50185364210061,178.67909816781506
1116.001482131922,484.9904238823567,62.34579931539852,179.43815075954717
1114.681992981061,487.26723928942374,63.63002451489895,177.7716501721002
1116.4385023005757,491.3628356007613,62.919192002656956,178.88792217601377
1114.5728244101101,491.34605354513326,63.23446776512439,177.9699846230185
1114.59270800713,491.9517739720358,63.52799433136778,178.8979727567452
1116.7053894959627,494.7765882279437,62.61436597455632,179.10151928533074
1116.3364408008918,493.1354611361909,62.819065958888544,178.052845064632
1116.0112846082125,495.4152348768661,63.1362161919984,177.99946233999424
1116.5444353340156,496.1620717973053,62.644370863191156,177.36007232768753
1115.309526474983,498.942412306222,63.4712793990344,177.23186453777146
1117.6514974287406,498.21116667065445,61.25657023923905,176.11887174191875
1116.2859554867725,498.8590550504114,60.86011119490667,175.22254573825
1117.675473998192,499.604517344245,61.27826114527197,173.08340892069106
1119.1022041639674,500.1492974756651,59.22227992267992,174.01258018466098
1117.0745460551075,499.02018071411703,59.827604683983196,173.9125772595716
1117.3090201906348,502.40514295594704,58.708810519987786,174.2722561520751
1116.4499583018905,501.1375121425428,59.34071661773434,175.65857698215484
1115.425283049299,502.6318756614352,59.92967936549637,175.71842062973604
1116.4574158665741,505.29342631734806,60.527483808729144,178.21744353336854
1113.3191450225017,505.0718139489162,61.75795300056528,176.65602795009977
1113.1063355624797,508.12118757864704,62.54049730002363,176.19864010340905
1113.4509049692406,510.14911502839766,62.37303489662338,174.1518811964849
1113.2003552155666,513.8612516678504,62.439536665144296,172.5662461188124
1115.1249363105508,517.5942915980766,61.9651216096526,173.45723849720764
1116.0065945045105,518.8532033398533,61.67241085150574,172.35102905842598
1117.7918076414448,522.3313882563191,61.13636544659924,174.5299813741344
1120.0889298340157,519.9145696252019,61.00246333809543,174.96353841903738
1122.2083617131625,523.979817740006,60.05609454726438,175.66275639476416
1122.9873304311252,524.5399065007734,59.7582277989047,175.368598061518
1123.442001855999,522.9933510008486,60.45946598757769,175.5530414992464
1125.175402473023,525.8295104414395,60.48883092329558,176.25448810971648
1125.399031782956,526.0515473907429,60.17819798048302,177.64841552837783
1127.7571827953016,524.9539237605859,59.572917300033936,179.0808028394943
1126.6637293394015,526.586692804466,59.852318116529815,178.00233575652354
1127.3576319691106,523.9537527948123,59.396833701000894,180.64326932833546
1128.0774952721058,525.6823003933856,60.03613253974101,179.7053967737508
1126.9913799743863,526.5360807522036,60.41689543557161,178.75418030030636
1128.9470069102113,526.6877706183641,59.005371514265164,179.65925651370605
1129.0117386517184,527.8191836796755,58.06987514378849,179.92027836544136
1129.1668573579243,529.883255876199,57.66469196525936,176.5444995708785
1132.2891388146295,531.1125776050209,56.07787449489413,175.0810643712114
1131.3822159619954,532.6918667524412,56.681051158062665,173.21230534535226
1131.3504168142058,533.3449717187393,56.56050625887616,171.97962710963904
1132.2968633477526,532.626644654713,56.18822601258928,171.26630874456274
1132.4822224529512,533.683764286342,56.51075022615822,169.86439118365678
1132.544110610765,535.1728396033421,56.85183383014032,170.18565351907208
1134.652302648239,533.8582427324068,56.480088450475726,169.09241315393876
1134.092642852994,532.6387953177889,56.222629329081684,169.83119132293646
1135.7391092107687,532.7221696551217,54.86602406498331,173.13037304724557
1132.8504452314116,532.0162622231766,56.31659368908112,174.5371282105229
1132.6331786656094,533.7752659783173,57.362932059870985,175.46214313668008
1133.028639353268,534.54732668414,57.99208442622385,173.88181026403382
1135.2524242438774,535.4945694913251,57.01144582218187,173.2719202321233
1133.8874982701063,534.7760894290112,57.67764767463254,172.08654436319563
1134.4646405714186,535.5121682783964,57.09015185614835,174.74454247559305
1136.3295478231612,535.9255538770785,56.73736913413133,174.71141884239915
1134.0487826829549,537.1851167361236,57.369808127277196,175.92277790559515
1134.4698592253503,535.504383916616,57.894273725432896,175.71332892330346
1134.389952567186,535.3916581237796,57.62258647261734,175.2290794226101
1135.7545571660662,533.9727046755127,57.33302488088912,176.46631155526472
1135.583042799225,533.3705918660033,56.6205556239528,175.46523963785262
1136.0793810673283,534.2628296850867,56.283388126268335,174.09051611317284
1137.9863537547756,536.8885108486447,55.201288330820354,173.57783278457907
1136.9050579704472,535.09858748116,55.09777827948212,173.74655401833647
1137.9461463750433,535.4607298065679,54.07127832838388,173.48857267558827
1137.606533102985,535.8126076208006,54.2190921958177,172.39820198670645
1138.7140971720935,536.9558074325166,54.91243240939242,173.34382340517672
1140.306229999741,536.2725771144737,55.05859647750779,174.13906283602793
1135.358528011565,537.9607324846434,58.45593100361738,174.78216025471113
1135.519552969331,537.7578816295129,59.36442942186113,176.80411255218232
1138.6181531742498,539.1458092053883,56.91164967747458,176.9926516938964
1133.6129097345906,537.6867691770791,59.206189673142376,177.0798239245712
1131.1388587075812,538.6366961874828,60.816522042089446,178.8962800210321
1132.868674631578,534.6495512316043,60.87460331594149,179.70334873486155
1130.98659247645,535.5650185686469,61.17749563190691,179.40895755271663
1133.0663376996201,535.3115777037613,59.66923419486561,179.3550655895482
1134.0842670054794,534.2456932547832,59.85473316242399,180.5802475771441
1134.2501963692634,532.2199221730443,60.002254150446774,180.1050560452541
1135.7247201460243,532.3557704438905,59.61580343374183,181.50565815435405
1134.4911252700276,529.4445698718198,58.78103802148418,181.7948580874397
1136.5665017793497,530.0901291132524,57.14792624392564,180.9291530213447
1137.6247915018348,529.6998417218273,55.20487419049234,182.4565175788623
1138.4957499701181,527.3245432719687,54.522654207932774,183.08636786236735
1137.7808321089758,526.8125847609184,54.76066762682093,186.17857503713003
1140.8141274158609,526.9791695629289,54.28157525924793,185.20834810698165
1141.6233140262204,523.7030368540999,53.92046504826228,184.70251435824883
1141.299701858376,526.1799656102382,53.83729045268652,183.14963605375056
1142.4119068383616,524.5656731787379,53.951558259998905,180.1822866798779
1144.527764888507,523.8081053620837,53.360756138390414,178.49104146524058
1144.8527116569535,522.3130491919728,52.93417168622595,177.1751932442347
1145.547993833899,522.1815798410632,54.60759088958305,175.40276919404886
1145.4114543718822,523.0444974034575,55.85196430084888,175.71869873692077
1144.0563268617946,521.8211208397493,56.757517590114446,178.1853593367296
1143.249538439227,519.7510696482025,58.646518937701366,179.9337249975216
1141.8240699674946,519.1043183676654,60.127363395596234,178.99840146840057
1142.0896037543805,517.9916255776487,60.12803219836522,178.89137414540863
1143.4079222058529,516.8593765104,62.78542471086345,179.25019095875493
1141.1355154233154,515.5796082788909,61.939669094260395,179.78521227620072
1142.4524050848045,517.1816512110888,61.533523098579906,178.3710422892584
1143.0344028375685,518.0585634327649,60.92908197985979,176.46580596951426
1143.5787431592335,517.525089987998,60.4530179895737,175.64267113325536
1145.3450373970554,516.9790993985656,62.508549117463744,173.6972751095721
1142.9551576992608,516.553701817335,62.50872458097849,173.78878243277737
1144.4628260800885,517.9786675303407,61.60259135029903,173.7871580401909
1144.3546443341893,515.0865544171193,61.40448650011899,174.30097766529337
1142.5326296011394,516.3872125867381,61.149630863323054,174.81077511464323
1143.1353114166461,516.0167274007806,59.68126614698683,175.61359370035632
1144.6310813183431,513.5214098202925,59.193911618484535,175.5315359830782
1144.441080047342,513.1373096966437,58.82230074333576,176.38483768728182
1146.1151353179478,512.1861751138312,58.80365155480786,176.4763444995824
1144.9109703173563,511.1287602429811,57.80446785119746,175.70407697334593
1148.1918222253219,510.71227754382926,58.826531952768434,173.77857808688847
1146.075586037774,505.2391828615937,58.03362836936253,175.18702681719247
1149.6483654986334,509.6805446385023,57.34398189169717,172.45794107702227
1148.9479415531484,508.7687885527927,57.47550030851443,171.40347468619515
1149.0883236616585,508.35974666674235,57.724403821884565,169.89000835123676
1150.0747772276552,509.1208601405047,57.48410448572124,168.38646691918132
1150.4716224374718,509.43586983595725,57.04514270533128,167.4810685077008
1153.0535856600284,506.2859173724849,57.23986937196818,166.6007616250191
1153.2480368077422,507.2962886401048,56.44789330288813,167.36985578313633
1153.972965340303,507.6404823018969,57.190203674647094,168.12248820271543
1154.140744921267,507.41973930294057,56.8915544935641,167.66103419472148
1154.9171487036156,509.4854232989591,58.072686402110364,166.07068069546662
1155.9971107642589,508.9160593617447,59.363457985022734,166.70838498714414
1155.4196037895913,511.0013037819589,60.44153520359694,166.0694263247185
1158.104324944225,506.3158620764915,61.23134374617709,167.49107431385409
1157.9432949453783,509.34862910176776,59.9307891860111,166.7545166328161
1159.055219395545,508.02117569817466,62.67044737716169,167.63821396224273
1161.3035700062171,507.8266197343248,63.47096175537624,166.2311417308024
1162.7275033899537,508.12533978189856,63.579082265349044,164.99293477600054
1164.40299347151,505.6012062671203,64.75806710692305,164.22896105017787
1164.1620316428257,505.4131414917354,66.75204477845477,164.4709740491193
1165.5094489888597,503.4734912621736,67.13562031427367,164.4105706081242
1168.3837835080317,503.5621322359124,65.3568031708828,164.11612842363888
1170.551172287792,502.9786651878393,66.26621875903615,162.8866344471375
1171.9999101684828,502.1733234045741,66.92346800869456,162.81045029911695
1171.0494140648716,502.817368669179,64.21452657743961,164.75791724497003
1174.5955781976768,502.8101497219096,63.326862831936026,163.89836611365848
1174.16919600226,501.2427076540938,62.919343321981785,164.35769909367013
1174.6049405648994,502.7011053168232,62.432244865479205,167.0625894330971
1176.841605524267,499.65353337167016,64.56734412989877,164.22833697067387
1175.5597139298413,500.8468647539101,65.17206519660965,162.73085545633842
1176.9806145174198,501.7720696745525,62.9843777296123,163.3422463430576
1176.463055144625,502.1904540261405,62.381534962315435,164.84675413644874
1178.1807154776625,500.7817499057554,62.744622355459505,165.50374408790503
1177.4734159965565,499.3551512886453,61.66545120421475,164.37827839032633
1179.505280399691,500.8232670239038,60.64504740510773,165.77169273540397
1182.252044240316,497.1529023464074,59.87886000218601,169.59856214442388
1181.781485906577,496.1168436808373,58.91885079560603,167.9859591798679
1183.6410906501462,494.900736582122,60.107276072475756,167.15346927927405
1185.4390828002497,496.4306842623296,59.93935194709688,164.6135170608656
1186.9842079077134,493.5838732851456,58.50944129423459,161.8232678461473
1188.105766484189,496.43093418527536,56.437249110621885,160.4626872835855
1190.719956444438,491.5440185084376,56.896812199103316,158.97143900386615
1191.6556021805252,494.57166321992656,55.349300754178955,157.20884952615322
1194.4613411845592,493.2956786965335,55.1837894160723,157.9624480454459
1194.1514811845107,493.1668431612916,54.53746247328722,158.4631813893273
1195.3530133196987,491.4002966445246,53.88328675377478,157.81038937436284
1195.6939005703364,492.1611629993379,52.69286004000394,155.7909549743112
1195.517027892,491.85509683826115,53.521324488059676,156.42589002596785
1197.083123042156,494.22434189523597,53.896001362107654,156.36244023540758
1195.1824953916346,493.27834807136594,54.67963864187011,154.85206637407646
1197.1825152313208,492.1435471098416,55.06260490461385,153.9413572189265
1197.3316418096151,492.7743563841885,55.17109387619118,152.88760367594853
1198.7138016226017,492.4842513459416,55.50122670348906,153.18840790126808
1197.1487898305963,492.43286957828695,56.21682515121775,153.59216289383022
1196.884313025416,490.69622394445526,57.66719100859998,153.43211244563713
1196.2940242105396,490.7486733925235,58.320972197557225,155.2932825365823
1197.1143157359218,487.9909871257344,57.35276320928608,153.76921585916566
1195.3233137396817,488.1224238304633,56.86594282504275,155.23825979372992
1196.942282451177,487.72941584267346,57.18365462659276,156.1241762741529
1195.3615610505253,487.39319004930155,56.620432866407384,156.31160115494885
1194.9775747475096,486.2269112986984,56.78671477744349,154.81503697889912
1194.6435399390148,483.5086559643648,56.24593942928169,154.3891066461964
1191.7726822312773,485.33736872028373,58.07976173091296,151.85209122643641
1189.662276657245,486.56762874472213,59.83748474292381,153.09192571878887
1188.1988899544815,484.6896964131043,58.009224674610266,151.9529440965567
1187.0190832534174,485.88334122069375,57.93043283504383,151.55873740333556
1185.4920322667322,481.3255188149815,58.92038025820398,152.97873364278536
1183.1175860942212,482.5706360726381,59.25565967678237,152.37726144125327
1180.639281226321,482.51941798333974,59.232202866320385,152.30565241775918
1177.1001312191659,482.5810491386511,58.53609273713172,151.3304340875157
1174.1524226644342,481.98508763794246,57.81496528695772,150.56965725260895
1170.8343186652448,479.99715751054987,57.70755947868881,150.2912028658023
1170.0959432061034,480.5723001484733,56.34032796869374,150.62304943142283
1166.4701970679632,479.0962924993329,57.329415507405905,153.68404554337957
1165.4439606246367,478.70393367982433,57.42870031585769,153.94957050533708
1166.039703583975,476.5623843466311,54.47673005626966,152.59626220514747
1165.7463857685755,477.69584146978366,52.23084267513502,151.87854951968376
1166.1751338044105,475.280027755527,50.9392024467116,151.60244580251413
1165.5828868254744,472.60288480574604,50.08415309602452,148.9398585473027
1164.9190673229741,472.59774032701023,49.63263022126719,146.1669787030255
1166.146538340927,473.4375269439985,50.11780811598969,145.51217741915008
1166.574081843169,470.6685039850653,48.36146770897419,145.5416944286115
1164.9482987524839,471.50741015396727,48.45934629969506,144.4493376260357
1166.5153929547907,469.44767613409107,47.87926378535396,145.9032485912991
1165.5510519862255,466.94287564452156,47.795625090469684,145.30981045253185
1165.7142074726835,468.6477082610832,48.22035911089651,143.23719214346727
1166.4937801235596,467.1225011555036,48.63280486717683,143.05709301979107
1165.4801597431967,466.67542964178705,48.30530847356259,142.51746467363623
1167.5058084362022,465.35622854975543,48.27221514060088,142.78050867404528
1165.6378389100053,466.07879020434416,48.991801909616676,140.88584795155725
1166.6869241062059,467.00477982430095,48.80841645151533,141.1004527561874
1165.9716100190697,467.5882727803738,50.42843928026935,141.5993075913695
1168.0917422793689,468.1402477134206,49.799835584994895,141.27130804812452
1167.8432162690099,467.27750326750765,49.35691670456177,141.8073542304287
1170.5296685662674,464.7630723523833,49.904226869275135,141.12692669691694
1170.4547120312504,465.1007256004606,50.57097484771563,140.90861136040854
1171.1748870134838,465.5941290104934,50.86240834521837,140.75271094443988
1171.4809566843446,465.8480017626848,51.518993078375416,142.0586704877887
1170.7509072375087,465.7592308868511,52.180795527801564,141.50741693879473
1173.4285998742475,464.6867736145309,52.99087887738926,140.92738217338592
1173.0388026929645,464.33944735163544,51.64476897001136,141.17229448447836
1175.295602424949,463.67898828847535,52.38948417745975,140.5076452204301
1175.4353412333073,463.082088696522,51.4584700270066,142.88919518098768
1177.3786644380318,461.8984963808663,51.95349115088963,143.3057940497469
1176.8783453432945,463.0498687551787,51.3400125622649,142.44868386791666
1177.8729551684626,462.6937403182721,52.63876080262908,142.82087236665063
1178.930579529359,462.90387695031944,52.128965992360975,142.84451259752845
1179.5450252168653,465.3514797439482,52.9883802678894,141.76127141033595
1181.7264052492385,466.18063730981515,51.47366102477589,143.02282315640753
1182.6404834014786,465.5754463100759,50.51701076362066,143.96155311921342
1183.3329733304122,464.1594290092571,51.56087296399279,144.9873401515278
1184.8011088907178,464.8414516479606,52.58525434468088,146.7582777657675
1185.7374703082241,465.0472023776583,53.30592309544461,144.41504984773633
1186.1721009106711,464.16760786110007,53.04024060456123,145.77294533339307
1189.7272417548281,463.1161456443091,52.343882568825464,144.36316817825355
1191.380720452232,462.6659838260174,51.320470248992194,145.65675498784006
1192.0971617175435,462.3904797858669,50.985918155538656,143.82770436779452
1194.8417662082632,460.8153367869521,50.8581780335177,143.38316383332
1196.993186508241,459.82700013315866,49.495577951825766,143.84800130551704
1199.3208936586814,464.18402140402554,47.59316618875292,147.102630478751
1202.1079392524841,466.44362377268675,46.831315196843136,149.42763261058357
1206.4526888540263,463.3675893065756,46.83193440671995,149.00578970787086
1208.2148335737743,470.57068001878474,47.16428560141881,145.91764143027234
1210.4361896761934,472.05462484323425,49.22408583215939,147.17887559472177
1211.0585609312277,468.94101144354397,49.513009774251636,147.44848752926924
1212.8426199631988,471.79870878229497,49.45912086640712,144.36793703762237
1215.2866410490424,472.70773233995703,49.34633539710509,141.24090672340776
1216.4424061232478,473.24317250923355,49.852006217299596,140.01659699961107
1216.0817913075325,473.2003380470618,49.79017269248183,140.58868222549336
1218.7918964528196,473.2601874987628,49.46638546924338,142.6832037514646
1219.5928255182637,468.9445439642613,49.29876437256496,144.5655491443646
1219.8592607371347,469.6287923301463,48.966384158279155,143.05889540622294
1220.5658598256719,465.48624226358254,50.31843841172417,143.32490049664875
1220.2204439600616,465.8487289428133,50.09206227547257,144.2695401347617
1221.6399859904448,462.0085441491288,50.72838512865181,144.85103607401845
1220.8196011779614,461.6715442662568,50.87874079340807,142.7323172012691
1219.7652008344658,461.4942884317993,50.89597819263135,142.45788056045882
1220.5773250741145,456.45618594170855,50.59196254838288,141.71759947449505
1220.7308626803408,458.3040893462736,49.27722378835375,139.87196894254913
1221.9192319786655,457.9723308147433,48.94751147323932,141.53980019038215
1221.8835181239892,456.1130518544914,49.38023450426397,140.52987221848196
1221.6610503701154,456.7064909288093,49.947590465889604,139.39214056318164
1220.7313927895332,457.09320157778325,50.29624142677048,139.78236956826277
1221.6045156661721,454.9664720482867,50.0641118713182,141.20274195731133
1220.9763811721557,454.7758433239155,49.848763743980285,140.6185647906034
1221.9738215272102,455.12856284807816,48.88790031415849,139.93365062330042
1222.8003534124007,455.2799309846309,48.28040951081263,139.1645376551236
1223.6615464508143,454.4927714199446,47.867356498861675,138.50055968707602
1222.959852991898,453.8108843569766,47.191889034383856,138.79473187756147
1223.3746405039653,454.3117357513251,47.80937527003583,139.32718691164143
1222.731963577497,456.0005102652105,47.090058055187285,139.3858773760277
1223.7951653362065,455.53676969097614,48.12906591483436,137.9505900791487
1221.9541236231426,454.33136325204435,47.6586457062689,139.33164905334442
1224.0094926968713,455.7873840378636,46.82746614331154,138.42942800572752
1223.7867750616128,451.735182531669,47.17007675165014,139.8203114751986
1224.8031508428285,453.2195942558384,47.509349745632576,139.41269442550782
1225.3143869661112,453.0839027635598,48.073823243554756,137.8479298739204
1224.8864599228323,453.4588259443151,49.11197001634707,137.27685092499502
1224.663326131566,454.0480437611731,49.2200662242336,137.83164762107742
1224.7268610681165,451.80722938130066,49.300965677808435,139.88993249055923
1225.9467242626952,453.316463108542,49.16086163748001,138.05284160183362
1224.7640717281581,455.13598143536757,49.24053129241635,137.23407249873037
1225.9646672725048,454.626493452542,48.48462094931713,136.82826645634043
1228.606853264128,455.1560776624668,48.38288754819844,136.68249975102623
1228.0418536935563,454.02163391331055,48.558036875597324,137.194805196905
1229.6786893569047,456.92072482189025,47.369230355286405,135.49254726584593
1231.2519358767038,456.61377532626875,47.09595704325517,135.29200399703717
1232.2054143144042,456.90905377990117,47.97233410954588,136.00163368314372
1233.0996038733458,457.2069803794951,47.42164942146975,136.53914457234947
1236.3827953958598,456.988658208566,46.97450135719673,136.23395965191565
1234.2076420336425,458.34266065318235,47.15882611462226,135.3510662891625
1236.8595141408862,459.26905019878166,47.049673564672474,134.17513078453638
1237.6191225689877,460.10721945716915,46.71452024767521,135.09195279041901
1239.5310932704756,458.88996971129063,47.135161028780956,136.1898089953993
1238.6843609400769,459.28488742260004,47.99278820131512,134.52780763314018
1240.1615495448602,460.8824903474362,49.518406591603394,133.93558926420553
1240.3768638535948,460.9314831800677,50.2153127930912,133.96236388412777
1241.5868219598947,462.06390460386996,49.8945965967906,133.97555409587937
1240.3675576770906,462.1696549184386,50.98137105832727,134.02258758216254
1243.7529006226287,463.0525535022424,50.84680562197654,134.81460754262747
1244.4873518429217,462.2240360550615,51.179993882208365,137.64754085605713
1245.6629917845555,462.37993602438115,50.562218081354686,137.93717022226986
1247.2681071230536,463.8012221623011,50.11149453333583,137.17594749202271
1246.2700753084134,462.20657295530145,50.513856469264915,136.77417884080046
1247.853366020574,465.99906751755685,51.353808409780015,135.67370909906262
1247.529445688098,464.99380916229313,51.49595735381058,136.5774070461643
1248.8321338459416,465.63876495851804,51.81401122844499,136.01116710266606
1249.8833352246352,467.9516171817446,51.05408694906396,136.9533599588663
1250.2248568182667,466.7711751318799,51.46992570198083,138.83563458557296
1251.0460187247002,467.21494335859535,51.70937073942761,139.49892313273213
1251.5299127972671,468.24520194957745,52.70543878182748,139.38216072975575
1250.505980981547,467.43491216597386,52.56032212857083,141.67491219645848
1252.290220301101,468.06173955231765,51.97014566096834,142.69824547961926
1250.8916268696078,467.48869893149606,52.36977326335345,143.29080805343028
1251.9781822997456,465.97829324316535,53.419387862616205,147.27176166488954
1252.1899641613827,463.732198364906,54.027348777465605,145.09907958507097
1252.4881602080295,466.30542995674887,53.21852823042562,143.24786890175386
1252.6145401894155,466.2826865591255,52.95609204104531,143.12218212816745
1252.7252979521643,467.43808650175896,52.11420551032016,144.6486686307106
1252.7494900591723,466.68075090476634,53.054900478975426,145.04265532157473
1252.5513539671201,467.76109741319635,52.92692126760366,145.46931521088192
1253.7344472274183,468.26571817651063,53.02735925138485,145.01784291734288
1253.6987959253886,467.35114737156687,54.53900056802021,143.9073590644319
1253.202725913142,468.94916869331075,55.61232581453224,143.82398187685385
1252.4281163545652,469.0968976331648,56.75663224271059,144.47695992291335
1251.3671644898905,469.807067971434,56.91405391178212,143.59870237095626
1251.0902892286833,473.64064919954865,57.39230583678007,141.13234009508983
1251.7280211791865,471.9623614759405,57.08200251103691,143.5390122455613
1250.7171449864145,476.99232378127203,57.80397839042675,141.2990897421478
1249.4457668562643,475.98479932933697,57.80193482808864,139.78815823626178
1250.4005863849457,480.5168996896341,59.7495534402351,139.33250855764783
1249.0233650446316,478.27664468555577,60.44380671638731,139.01651601330985
1249.807557203377,479.6931114359402,62.00156890444929,141.11415332876362
1248.9072405113805,478.1065292046361,63.8101253309155,141.3728230271813
1246.5263968277727,477.64310177919117,65.25914672419032,143.60990962836377
1246.0175109254537,479.87971055963396,65.05799369645774,144.42168949333808
1244.5098747574482,480.20453109101345,66.13396799499975,144.25212652726032
1243.4309427475093,482.8387392768675,67.02394155993912,143.4670954413566
1242.2606562746003,478.05281365852744,66.97160180710104,146.03845546911373
1240.6114188591168,483.5489259522558,67.06355118668478,142.55570057253388
1237.1728365356316,479.6562706832094,65.66456751929967,144.92709142459648
1237.0685642366502,484.0467434281905,66.03796128260022,144.1870576923101
1235.315007522316,484.99172685460894,65.88319024791885,144.11215267608821
1233.0305430607789,483.47456705924156,66.83736672003855,144.96019662896455
1230.9177931303345,484.8207168488963,65.50251440554949,145.19616044926704
1228.6134586592316,484.02054237026846,65.2884832813923,145.33660657818058
1226.8424717157598,486.960388529799,67.28565570181343,143.50899050358373
1224.3598931559607,488.1961007114639,66.35382466794678,145.75471950727945
1221.0671876080328,482.4972961983012,65.90450706530049,150.23123243327933
1217.2602997745237,490.1072249415583,64.50915745454772,149.93597757420218
1216.864681493801,486.2123267671061,64.3758558275415,152.0580129580842
1214.695331198968,489.9391383894423,64.81659545208737,152.96204430690383
1210.1274482527508,489.268057015492,65.72312234969915,154.04590826225217
1212.211651517287,489.18358568455574,65.9153221028723,154.65475106769236
1205.423631163182,486.46282751565104,63.136138575741896,157.47614767369765
1207.0086151409168,487.76831455278295,60.81823950176921,161.31734987489222
1206.074998425135,488.80047480976356,60.686939750345665,163.19169927733253
1203.396385433744,487.80398721552075,58.244920758938676,162.62534420428562
1204.0165519688283,494.8793444862124,57.42214395777366,162.0763010325079
1202.3686514758995,490.9969024775892,56.61023538578735,158.16477377253688
1199.6574904632025,495.47637664282513,56.64579476223538,155.66159938379104
1199.1278377465433,501.04788640814365,58.2960653792116,153.56490044296248
1199.0439637754725,497.6699003297762,61.22750371637392,155.8189872249976
1196.5894703645993,498.9436774545694,64.13496693787641,157.65813546409234
1193.5157432023314,500.74789692187267,64.75709890391349,157.04536915742005
1192.5918089484928,501.8980634651099,63.40401683597052,155.2525351164156
1190.9641140951649,502.45555153526027,62.725293938550955,155.78446580191576
1191.2638298600548,504.8642281876709,61.24105657112807,154.96967029165913
1190.7183357001975,506.5287573571661,61.86124516071635,154.50861058876166
1188.5202883956201,509.2612490085,61.46435269215185,154.79601675684867
1188.80150533595,508.2893286965759,61.53925657533177,155.03269982453122
1187.0984197118212,512.8865531396092,59.561017110632186,153.55723880004203
1188.9524529126218,514.8461147548333,57.20153768093162,152.29881927906266
1188.8095059824172,516.9985999061225,56.925649643075744,151.5280130671627
1188.740285201078,520.8089490848843,55.79068125366915,150.12194213237288
1191.1444738892412,520.8232429195035,53.76167200366042,150.9064845957625
1191.8591617258219,521.6221067604708,52.94198797569196,153.61729749143723
1191.7657715084529,520.8868219802288,52.218169484723866,155.3276650925305
1195.3792220833632,521.5657016602593,50.39819677622575,155.2406809499572
1194.1620563460988,520.8233034290147,50.496050217144415,155.34072927392054
1194.7537039660485,523.5612857546553,49.600036994451415,153.82127739222662
1195.326747934159,521.9808604885552,49.78576416270546,153.7458665084282
1197.0240538520832,523.1333357435097,49.66896883691027,152.7953683381897
1195.1016236565447,523.2079863972317,50.27340770677443,150.91817350953573
1197.119117446595,522.6871782259605,49.38215894051943,151.11754706457452
1195.523469706837,523.7645972550993,49.769163357788,150.8475930123692
1196.807708195162,521.1169904154448,49.0792937061038,151.8640158548705
1196.5174353268608,523.330308152673,48.56077055628228,152.62155489912251
1197.616138815138,522.042802260692,48.51988000894338,152.7614582836747
1196.1491585511546,522.9274320379391,49.50752157759281,152.70827401134204
1196.1267963647042,524.9588444281146,49.093302832395125,150.56274894705132
1195.3287895605124,524.5556056060325,48.96033228612886,148.96234104840767
1196.216455742908,526.9924492282914,48.2540884923488,148.14720239843672
1195.1410372480527,527.1615882126359,49.29658096470733,147.2667048836888
1195.083556946929,528.6112501856578,49.197457944597936,147.2014373242314
1194.8905070501366,528.775857690676,49.35584813603421,147.57453138654813
1193.373093458383,528.222349871768,49.17473047510936,147.99898360476533
1194.7057520054248,529.3025486134552,47.53722822907797,150.5375081996388
1192.5125730035284,528.5577620270863,47.96286215819876,151.02645496008148
1192.207540311962,525.886658642948,48.00864509384111,152.1705449938849
1192.4057926372225,527.1066916003939,47.41939655118179,151.90225727097646
1190.4416421853482,524.2237537427349,47.70786287326811,153.31325857276966
1189.236669480337,524.2743609727414,48.98808914462542,151.70862222474875
1190.8674854988694,524.2322733150705,48.5336004754313,149.3092439464899
1189.775101581664,525.9148197529074,48.333990410366816,149.5534766313277
1191.2745574706134,526.2472010612781,47.12479595233167,150.31452324744504
1189.6211882654022,523.8827972883802,47.32024834239459,150.20927758630017
1191.6460369831016,522.9057782474799,47.63207192643741,150.29817061276506
1189.7816455889542,524.6601047225417,47.989597681506815,149.6645364321999
1192.011975318185,522.013030817585,47.09046353954521,149.4857351521259
1190.706629430912,524.2130219528086,48.521986073992196,148.56792028237055
1190.7042797622994,525.6105996021932,49.2632982581194,146.50474252436305
1192.6820704595884,524.0016701494118,49.255862571524816,145.8316753075084
1192.4648800166026,524.8939806953089,50.30538933451474,146.60575629585605
1193.4376532625965,524.6534694964494,50.547064194383836,148.37705903812193
1194.2656499689756,527.4308198921323,52.426936426022365,146.9902692719931
1195.162133969682,529.4278176457983,53.60932873021956,144.30309651530624
1194.8642923151745,526.24000580336,53.67776233122068,145.51285756736354
1195.8193469124014,526.0027596525385,53.54174274947309,147.891318366164
1196.3426997090257,525.9477294792727,51.80656228894367,147.68092365151512
1198.1280624725778,528.2817577569601,52.31416977515994,145.45687144436545
1195.931647526062,523.3263308173214,51.87874177419761,146.2218258471571
1197.9044098870784,525.0087964050836,50.989929290189934,145.18232434959526
1198.134771125062,524.9690771615864,51.067075875003944,143.0107226295604
1198.312560885248,524.268835911581,50.23083730010384,140.31916930778826
1199.3656877779129,526.9809611156427,48.953847670630196,137.78218464376732
1199.5539050388857,528.5482509871536,49.247806575482606,135.3114688663626
1199.6211544850025,525.4073894482563,50.186820870019375,134.97204346955832
1200.5234895534861,522.9580394864395,49.748290283677576,138.05391422074257
1200.4255888077669,525.45265628774,49.45158226962293,137.30978122398648
1199.8939769466872,523.441331304856,49.72583347975612,137.64186113902758
1202.2903632980033,520.9100487102469,49.49790931704368,139.86428778806965
1200.9847746353814,520.1397127256112,50.530143055065196,142.66509875124268
1201.6051556776592,522.9379223189183,50.829030547130515,140.71846622516114
1200.9862906546496,519.7845959065758,51.129711876686166,143.02321973870698
1201.857495888015,521.7857835583906,50.44743700055819,139.49620873301927
1202.8691334861817,519.6600969864371,49.93645551463637,139.187075966213
1203.120334088106,520.1043272609523,49.720284402719685,140.90316268991367
1202.8583774166411,518.2950740937863,50.03826537382625,140.5370130052246
1201.6115027206845,521.384333860305,50.155337548032335,138.3559218337412
1201.9295189154227,518.6323466273979,49.71201698602279,138.1498501642247
1202.322929371706,514.8342005942512,49.480403451927806,138.36226497875964
1203.2581417208692,516.8825006486592,49.458758341473896,137.9065890073341
1205.1625433895365,516.4174533516762,49.65887510454378,136.32224656333437
1204.8482081807783,515.2392594942123,50.51435814607814,135.34411575908695
1205.7827849739253,515.5434196048968,51.264071455386144,134.74264403190713
1205.662883960557,516.7239863034041,52.062168089113726,133.73326840544857
1206.9641198146896,514.6224141851666,51.44562846676925,133.16230757188032
1207.3744626533583,512.6188513106588,51.20976651840766,134.00908319078468
1209.921170114313,513.2182281614174,51.15518051314109,133.37395004284957
1210.4752777993929,511.9250310176022,51.47783517938805,133.62589544679906
1210.2361055651013,510.4835216172156,52.19158002663127,133.68763900160747
1210.9293581280547,506.89793977434636,52.74162772750421,135.20284112395046
1210.5524125207774,509.787249205722,52.904061787899025,135.1435764805015
1211.0779090173758,509.42926499284647,53.025802358910425,134.68714204351775
1209.714952701811,507.96759832657733,52.55477525220469,134.78764654427917
1209.3238533094586,506.9117668283474,51.33985343250324,135.87888804381956
1204.1024593838667,508.58231365913696,51.868625029910916,134.52430232252757
1197.3190083389266,507.1001305973282,51.8531521796113,135.31327939353304
1190.6508498010048,509.90024185965035,51.0680920284874,132.3955274532241
1181.1688701175879,504.87661023001317,51.43084296454931,133.4715967083146
1168.5033164211945,503.0833889928659,52.18782349809784,133.95722382790348
1155.4265713556351,500.73788267878547,53.819850328889615,134.1846621522138
1138.2936766075218,499.1722709585957,52.05848830328255,133.0569497415357
1122.4864180425097,498.4137746323647,51.270686869393316,131.08924181148518
1102.0753345376368,498.83384666452065,50.58201473434228,129.66026016982377
1080.6942449873861,496.630034279632,51.283800053656186,127.83848165654564
1060.3899462853012,497.1023970956471,51.69711669991554,127.76344736175864
1036.5638451233715,496.244416980116,49.07865352957086,129.22172820314483
1012.4859716047631,496.65370588940175,47.016497454295404,129.93329637657482
989.6936867221082,493.80066074605253,45.6136299185375,130.59002124891492
962.1173074114232,492.8067649140502,44.53033610152455,131.15415205321898
939.1973654377379,490.1585885354144,47.81637724427263,129.45201940081665
908.8449313184431,490.8684736910708,47.46910812909403,128.72221147788764
882.4745897994743,490.38226334348144,46.092210384438395,129.27614110181253
862.8682504199278,491.5211427990059,45.800809186447,127.52344226724709
842.6286819749091,491.10013659112644,45.847249175496074,125.9133173770624
826.4256044323024,492.40089881094815,46.14904469535845,127.38554674971341
815.1376750562555,492.1166032939422,48.58758105592293,126.8977232523083
806.0118262154731,489.328089083253,47.735057516425,127.0615907238324
797.1476439172819,488.466881547471,47.30540256408486,128.69707268642412
789.2139768384168,487.5683901465659,47.538042219455406,130.12247622432665
784.0421381239112,487.4045855688912,47.26013683957856,131.156846885083
782.2458849754383,487.0407790238779,46.588084298122794,131.34309579162937
779.5430420947151,485.836331629687,47.10739905887107,130.22835164363767
779.186333756933,486.70216644927154,46.772148558018905,129.76098068129482
778.8299424041604,482.9786754253105,46.33793255387521,130.78337426213696
778.5757601018215,484.0657670170949,46.370903621432916,129.73838829569334
778.1623442406685,483.4199237258839,47.23797490979369,129.36385515592036
778.7186992985834,483.1481659402158,47.03663495042251,128.30462903427153
777.6141686806513,482.62811173040444,48.0002845264951,128.4245380063604
778.2105176003427,483.13399989403024,48.103102361637596,127.15667650113784
778.6606255801846,482.2703174512698,48.605373313245295,127.09988841923871
779.3596016895964,483.2278596957911,48.90970929435689,126.76427172810448
780.5599538822859,483.1020750769692,48.414236117592864,125.95044671210238
779.2620657235262,483.34150725393215,48.490773559298304,126.73481832912631
780.1604239819616,482.6000132821856,48.22637649234146,128.08669913763134
781.5643483371715,482.152186711909,48.60902628926364,127.0034999940389
781.4823950167074,484.94157803466413,48.35582268033693,126.45086976466303
781.3192910290749,483.20086479224693,48.7533601508305,126.6564417117273
783.4058255638852,483.1673367388257,48.56622103340332,126.09537312392897
784.3568671172694,482.6143762131113,50.4924116001969,126.29640925953893
782.4691739354643,481.6778093782431,50.93952798666591,126.72564555983642
783.6479822689644,481.17652452410437,51.40179625121725,126.61947286527197
783.4218050182143,481.0989239692742,52.58641439273832,125.3687413750825
783.889113131113,478.919620783199,52.816759530361004,123.13121427107964
784.9188516730662,480.1023754641832,52.23447395442899,122.09505402113837
787.5516880338882,480.02086739731715,52.27773493846634,120.1629915393707
788.8294296504657,480.63367413310425,51.55565363560201,119.8070822039783
789.4260716623697,480.16799808346326,49.890527171466815,119.48749168648317
791.4560786810011,480.6225105308024,49.871063132798895,119.96124580330915
792.4239953785868,481.1016659215862,49.95617272976051,120.36037799136115
795.51067003798,480.80026220140735,48.734225307088806,120.7358833020159
796.2060163283904,480.16068227495134,47.518074504613544,120.36346343267226
796.9121430691637,481.09091846540764,46.975992105047084,119.20784574950747
796.5862294658835,481.61171087606857,46.61388662979074,119.99954383067703
799.257330648946,479.8709552729031,46.44500317020157,120.47156259067178
798.9859019965135,480.93013386114893,46.05358878487779,120.58850063534794
797.5285003971754,479.605673047659,45.14073335328946,120.4005455760591
799.2968829903937,480.6908723206308,44.84227355885292,121.80674489365671
799.8206723531969,479.78636021426723,44.75023280807223,121.82295495292854
798.8047882523357,477.94492322832815,45.18305568882292,122.2938757260653
799.0217130871227,478.35386258049004,45.01422497701107,121.91825580615071
799.6195983449479,476.0801048834005,43.887252783819335,121.88214883726235
797.6713919072026,475.98754315714905,45.10215422754935,121.9749061715275
798.5629113728888,476.15624873731605,44.30528936672524,120.37835559241005
798.8190795235705,474.5916546141657,43.04145994174544,121.00800367827512
799.0798128992745,474.0134261867378,41.66485185805469,120.64275739985851
799.2278580376214,473.97708370666834,41.65775614469133,120.54269204071815
796.101816651398,473.7959385162445,42.444691053842035,121.84755642894896
797.3122223079953,471.8820374628937,41.18636402839509,121.19549776401648
797.462812870243,472.8313246399086,40.68976574513741,120.82336070932055
797.3336469591549,471.24015953961566,40.42253937836726,120.69658828142562
795.278990208252,472.5154290288987,41.44456455806202,119.79080765544326
792.7255300211401,472.3277225903523,43.16996837757765,118.22087522314834
792.8519647935689,474.7225109250598,44.62962602966203,117.00741155618549
791.5187298331305,472.33168540342024,45.17696489054791,117.63903983909742
792.3644423562955,474.0012319648746,44.98087564770988,118.08551445718652
791.6602254518413,472.27009200257083,44.90359600236553,117.90762588972287
791.5461163237106,472.5097342284261,44.616600190083005,117.07900337571883
790.1093262342464,470.25629346868857,44.46348727955545,116.55966952331462
790.862940653646,470.7522434050269,44.15671009792192,116.90609087966028
790.0471056088019,470.27101068471404,43.65820225840881,115.63866625023097
791.8503612841872,468.93440026605754,42.57300777726633,114.1202030354996
789.6472427668906,468.8245625070383,42.239336875837864,115.02340513674787
790.8311331488554,469.1679190807891,41.17387183408874,115.32469747528137
790.7087117249579,468.12818959116254,40.91357824267157,116.11696335706425
787.5736467444207,465.643095636575,42.31363097218606,116.48431552199284
789.7204856177735,465.290331053488,42.029114602665636,117.92422613580308
790.9366890363191,464.7078192748795,41.416253496029825,116.74585217019585
790.2171869157652,464.5271362858705,40.98606232614832,115.0999268743594
790.933072085923,465.33898442505534,40.9365194438713,113.93162025380306
790.8760112459211,465.30276786944717,40.62196797486077,113.37963408750629
790.5461953904309,467.10400953322517,40.90603870901229,113.75372634221532
791.9897963336057,465.51018790321405,41.06363890519091,114.39432912279653
792.3753622994199,464.6340487077477,41.525578600702495,115.22562458381063
792.2824321222075,465.05438897894203,41.890592815468985,114.57720694405117
793.384220098,465.9648416300112,41.41927049431111,113.48775272856744
796.7971764682644,466.2819378977657,39.08424153624085,112.43764430722678
796.9796739443943,466.484628010876,38.007372011893295,113.10955360164121
798.0414664339685,465.26161121605605,37.63695712551146,114.21321414948925
797.3432544099895,466.0925532887587,38.47072511519358,113.2345167550236
800.1913903932422,464.7645497788423,37.49706444484373,113.24573938353221
799.7580806502956,465.08593005819336,37.512693092284806,113.30552503977046
801.2332660479974,464.78266080553374,37.65902445049228,112.67406407883203
801.3984910826281,463.2184309427319,38.41384337409704,112.14309430784678
803.6258299699132,463.01395631310925,38.64039778224729,111.82266687834587
805.5517946603112,461.81874609310563,38.9836682286818,112.24654260262005
808.9272901786918,463.7540330098106,38.35454667848589,111.46478252779605
811.4448723561508,460.9405072334953,38.29681796446833,112.63355321020597
814.6142193963439,462.92676960154654,37.8583210488036,112.56242673478798
816.1799048714437,463.86908041356077,38.217706195030715,111.82465043959165
818.9659393966413,464.8536901173892,37.85291342329931,111.08972150994921
819.7394435700957,465.77909330447903,38.722039473538345,109.45376127241872
820.0136093739633,464.3609261420228,38.94220986875989,108.87035212464914
822.5087434362026,466.5501256595237,37.978729801757126,107.94488863447421
823.9135479673973,467.55858990956096,37.42786516580195,108.6338075242077
825.6205423760385,466.28519425180355,36.48329863027971,108.73101938335842
827.3352640111013,464.1651942723484,35.93236158622908,110.72662992995211
827.7579629310245,463.50894829530506,35.61759332017078,109.49779412335837
827.9931633579431,463.49431197877504,35.283138160879076,109.49858438197911
827.7164829917208,462.8494733798682,35.330342883977366,110.38280040018623
829.5039938032963,462.04157855467867,35.35898976471708,110.99656054847092
827.7559497344444,461.84940177785205,36.47403484399325,110.32044318544777
828.8351195781565,462.7551152571941,36.45615876985485,107.75148736089498
829.1826794775028,461.4599911856457,35.68643700672777,106.62417831969003
829.6939470398728,462.1729497998674,35.18234301918389,105.21331713842122
829.2103800102813,462.61372196089957,34.587801543609174,103.39503498436542
829.2413755847916,461.5516649948395,34.84082916937881,104.62277869840392
829.626265502645,458.7188363991861,34.39639555803586,107.04011646597183
830.2331006464736,455.48227885453184,34.377076833198196,108.07766996031022
828.9688438637013,454.97954548802346,33.96887351067349,107.62698172738905
829.7274611312439,458.02734982314934,33.59096750332345,106.51863284461167
828.6874105629386,461.3183221899558,34.2670596123977,104.35451873180271
827.4955437791353,457.6646614131445,35.338665506710036,106.4761303079151
825.9629363124327,461.5967696805052,36.06807244808962,104.68043000898906
827.7839725002548,461.9063438496497,36.31900811827759,103.05965452871652
826.342550669239,460.49816816819305,34.86897277021548,102.3850946708275
825.9261325602619,462.0518436785469,34.68950800021727,101.29734256341001
827.0263684041043,462.9875902271632,34.42205499503121,100.47616998155257
824.5840405324772,461.18848700956937,35.68734172238603,101.45050600288451
825.5205343979071,457.32094375614383,35.10511001638701,103.31428885747295
823.3250648330087,455.3213452277792,35.224162056157766,103.23753458184774
823.3765647388421,457.65457723887465,35.35539325844852,101.16098447818037
819.9510740277432,455.28113175642454,35.81499181530316,100.30482842076981
821.51054457912,456.7772479417079,36.27516666768116,101.47794749116932
819.2104995304736,453.1052556953536,36.531040336437414,101.6451789574055
820.6919068655847,453.30299526343,36.43102743753324,103.3480018224019
820.5448743006654,453.70048551925464,36.34880847878871,103.68404634337779
819.4388436171804,452.12832250618806,36.356593613741325,102.3646206266223
818.9861840605754,452.7650408904806,36.09078910469452,101.97760867622429
819.9063193706323,452.9139538822044,36.27842409184538,101.66743072467652
819.867001084988,452.32280027711994,36.319356577589225,101.95098267091251
819.1126838042165,451.01316694886356,35.81211817655454,102.00466728560818
821.4680978377353,449.93670221395877,35.43314686152637,102.38397223217699
822.8018810057009,450.83811335651353,34.70916631011415,102.65299821615537
823.3565048170224,450.6227266568267,33.91326405970673,103.67912782277658
825.1541658374746,450.93322494066496,32.935444726293696,104.56230936627978
825.7430364475002,449.0537288130579,32.57057672286302,106.4540804176047
826.9921207321923,448.4660315009484,32.02034805006444,105.68515027666218
827.6042214564071,449.08215645181014,31.960072411439945,103.52079841100591
828.8358706366002,447.696180131425,31.557704622361065,101.62293884939115
828.2215819925048,447.05968918899737,32.04332113289282,100.70487467948539
830.3955448095143,449.24126893305163,31.932122963346806,101.49337713253675
831.1550437404502,446.54948048532174,32.18314476239999,100.25354619088188
831.4137900273479,448.799683633693,32.377744092561905,98.94699147578379
830.2121483144651,449.057077560272,33.569261321368614,99.69376027610775
829.8556806107592,448.98095509964,34.89277100044376,100.92076000977079
831.8443097583024,449.56183053287805,36.08470937486695,101.02944971186619
830.9841809531928,448.06259291488504,36.638626659729674,100.78336469280976
833.0006213663584,448.69523437562316,36.094730382643135,100.53946110128064
833.9137344084726,448.3339423826901,36.429241323048394,101.47823604626433
834.5345573408282,447.9440315811227,36.81599267784196,101.49961790647498
836.019965047115,449.16220219891454,36.34404767745481,99.23233416032178
836.6039806079617,448.4724873945646,37.10118137655441,99.1421622332926
837.7661814358293,449.45240499553705,37.40509579760119,99.83329501088626
840.1627144135928,447.46672134697195,37.04721942312804,100.07520821324114
842.5148284464402,448.9561890406603,36.5575400394792,100.41016378909279
845.1120087451937,447.1814319754337,36.23008067634919,101.83041544331958
848.824845416567,446.6714646925635,34.97564919185878,100.95254563294404
849.8741465138738,446.4497916506718,34.38028668551773,100.55520957031045
851.3434196615856,448.0762878345389,34.32611302208922,98.8942111606485
853.1393346203032,448.0941566448347,33.96971381892398,98.14958432529585
854.1121431200567,448.38245293124794,33.69830150313238,99.4654925448753
854.7757861623335,446.40102888420216,33.425583444395635,98.50182486854929
856.19489675571,447.12611294976716,33.26244608433748,97.75641069553888
855.4192713072887,446.4962014094233,33.303510507104235,97.44211591677048
857.863482410771,448.7649631345797,32.438816564652555,96.86369668455981
857.4395524691198,447.92291810870233,32.29833803796343,97.74066813495051
856.6283560894692,449.10794918344436,33.232031339949586,96.65710372406517
858.2351058393036,447.5439613470264,33.174466094239435,97.64698805204875
857.2773086706219,448.14976013527934,33.658743269806926,96.84505093503206
855.2761019978914,449.53087333001673,34.06060580673311,95.39365748486213
853.5264479491433,440.29885698331685,33.4258889153153,98.39897819239351
849.9538725632963,441.0331279377715,33.169480445108555,100.61691737143323
843.3537037799746,438.0175595109399,32.47573328731477,102.09408350787908
835.5731313401118,440.0208569874636,32.668037434043356,101.1558694636018
822.7503096434787,443.1856439875618,32.768805820451526,99.25312754457553
810.5607299580494,441.90093192985364,32.090799526236545,99.15020077878422
793.5605638561445,444.2132366869809,33.722179365436055,97.31180635429834
773.0455585660768,440.1153036461904,32.54421604467007,98.10734910375334
755.2799577988396,443.2863461695028,34.43719454252039,98.52423163401555
729.4813470254288,445.53020478177507,36.88307538898957,96.63339953301539
698.1751663527953,442.14599545161764,36.21083324996019,98.59084070150355
673.1595871417015,446.64890574315575,37.59388347558412,97.89445407407601
640.0954565836124,441.906721209652,37.72210393267437,101.03847504572518
606.8241467285291,448.3783742298681,38.63843459885777,102.33849369009369
570.0999730288786,450.8933151759552,40.373763161093436,103.45612367603047
529.7369121778735,453.28038652508957,39.80335416978829,109.61812552451275
493.33362274312196,450.48772269481606,41.17856009139247,108.53596325388573
446.7369807755741,453.61692774687515,43.84506007932744,106.22817235247919
408.48419259047654,458.9835476141802,45.713177148943586,105.53860673168981
360.691052925778,459.24563977247936,47.30266335487631,105.19438048964777
310.0390669279304,463.6351925972341,46.5336263932631,104.7676479284246
271.33606243828876,464.6135616564853,48.07282384173703,101.59206873948013
232.3148839714173,471.85738524669,48.570680385445314,102.53039136636177
194.12715211090793,472.904903997511,47.68165945284119,102.60984319340687
167.12756320094655,477.2846845541667,46.94518150895648,104.28073772851161
146.187865026389,477.370636127792,47.54093650237205,102.91783019929571
127.99519955650504,481.7326228415478,47.408153381688194,101.88247392754417
112.74909645067386,478.16191881969706,47.494643524134496,105.5189250303582
100.73956081570863,477.93451204692406,49.36895492996201,106.84069514397905
92.60197898050116,479.32507884973205,50.399388169505585,105.70249202320852
86.10462292727644,479.41274311671503,51.553001573565496,104.39554677040942
79.94459612615148,482.04304847500316,52.840786281806054,103.1571735889375
80.3814906097301,481.3495238049272,52.64745981154549,103.77757600740222
79.32876433598369,482.7891733378238,51.26934513689174,103.23689121754106
78.72820185826319,484.5068660231047,50.6135870170185,104.16160941036888
77.80902650692562,485.10974375691245,50.87998988408545,102.7972273392312
77.70543073517024,485.18385104991273,50.959244700821856,102.64325287072364
78.24487733164524,485.91880282294045,50.62557871192604,104.30436917630286
78.94598860632439,484.5468104962923,50.76062311185622,105.58330313805756
78.92213965692305,484.60911721863,49.75562150357737,105.58914238613448
78.6801690636371,485.6807115635626,49.014506718223245,105.51247354482382
78.9527885261314,484.15223545148484,47.94501448614807,105.315865056729
79.44020804746447,484.95663181080556,47.01139250875663,105.27301783499726
79.38116971148168,484.4717007797226,47.71540122647585,103.73500849013796
78.08517439795676,484.6133182353395,46.582125750071285,104.24065782508191
79.59968332800763,483.49504147448056,45.35187935512383,104.15613801838342
79.06077090901098,482.49246283947565,45.06017863592261,103.53833122212026
81.0365768130871,481.3459760427992,43.462208372275555,104.8321542140572
82.09217710833664,478.03463515635565,44.624673874104545,105.16893515063565
81.48325503341046,479.8393540885577,45.46749748034813,105.60721273362645
79.99250748387946,479.4258594012483,44.831152887665894,106.32322193843534
79.57151344696635,478.7765797488091,43.153355869990364,107.43421163496441
81.32885717365407,478.0694814028189,41.5634817692752,109.46284420517293
81.68237441387473,479.45363637439334,41.62828459362383,108.83560448307074
81.18305031580462,481.4602469598539,41.94530065381842,108.46263874517096
79.69525865263802,477.11848040117684,42.97007153121673,107.82692570345901
80.16251051186498,477.32161414771997,45.040666703381795,106.66232190023426
79.52036124265896,479.9549724704604,44.661032137966686,105.37291198005035
78.65550937236688,472.14650387697316,43.731009634078916,109.86517860172577
78.2113796628763,476.4771597589117,44.15947665123076,109.30202325253262
78.24710590498374,470.73100555630015,43.5933714040157,110.22075441198558
78.31138028158378,470.9634637115961,43.301851084057645,111.41422669739927
78.65758401008254,470.2865163746294,43.63317644337721,110.39399635035153
79.18990749019781,468.6273470368724,43.70846629199337,111.03295361968662
79.90421273522976,468.7804851880984,43.846703037117464,110.60443261046845
81.09122201810393,466.65538345979843,43.04508556769184,112.86173732722946
81.48142889525722,467.03888120000505,42.79629526654906,112.85915594411306
81.59209510535565,466.71806291638666,43.20060494713388,111.2099215861001
81.39512847899377,465.21408080216753,44.255730883338245,110.60095413162828
82.57845798610688,466.9278638954028,43.77340289380008,111.97648507515001
83.32234768761887,466.3070689848025,43.95234379404745,113.59004216641874
83.00502243314062,465.53219007940254,44.36241998134189,113.67282813621452
82.49297417266199,463.86230759482316,45.91744449284323,114.03365346696665
84.1160587544542,463.7348837669047,44.9518679501147,116.03825366653714
84.74582186353618,466.10091536182534,44.52770335261896,115.04389382696391
85.32449720996237,465.1200219747518,44.307230688712835,115.34720789012388
86.98167582722482,466.0795767536348,43.50609294060038,115.13287528125736
87.46802903490868,466.78493431683887,42.786820141102126,115.84994786032237
88.53367445582637,463.87101550557765,43.41029319218136,116.95867829013207
90.30305984377604,467.47055121337024,43.427856726289036,114.32500540985788
90.77502199890529,462.28452970877794,42.56557213094856,112.7161530321049
90.78726925778011,465.3837317118166,42.466425479986114,111.68956066824381
92.15381313249125,465.5929845815589,41.73116513519068,109.8610629641964
92.75832875077106,462.1865057714963,40.69753198998369,110.82723858347248
94.0431743427496,465.70125741543677,39.84873320760491,110.61726115191391
95.05282403092448,463.41250788492977,38.54202018094294,110.76555132643409
95.36100329252119,459.66367091211254,39.364879609167545,115.99922233203446
97.66530274375933,459.27941796017666,39.32892280810909,116.83571523075936
98.74070625150807,458.74902697010845,38.197592522908025,118.40613731229594
100.83261690921226,456.93411220539105,37.79762600752488,120.03989106432539
102.21049603599748,455.35573481685697,39.011921973105636,119.48836740953155
105.64413969166068,455.76180961184946,39.74338912351678,121.87244595915827
111.22967836978023,457.73321673866207,42.695004325708524,115.98254951123603
123.19069565417126,447.420619142586,42.26863558512713,119.37915224535257
134.22331539950838,454.80362539205913,43.68787490000279,118.09781916184133
149.60573120144556,454.71573855087763,43.328567890761875,114.1497683572328
174.82615526516258,448.03914291627007,42.59987391718025,113.73228243552535
201.4057747518721,442.66485929064646,42.61608915305276,113.35901173424632
233.7761536043657,445.8484978477801,41.35776574568906,109.43312487133853
273.69260332625964,441.7475335683449,41.50139353004431,105.93506851863576
305.0944468915295,440.6516172513355,41.558328861255674,101.91413631802854
345.6653675656227,439.44373206459863,41.42800551771127,102.01969888365915
379.83385425529036,440.7243452315453,41.62193190124081,99.95231422176218
421.93151765131034,438.53835323076146,41.63900980425108,100.3201717544483
469.04895149494826,433.4502890810064,39.37409496738498,103.65757009080471
508.9855526151281,434.7167699950837,37.536520568917204,105.21863313040599
550.6477010013161,428.30895117050164,37.24618334930133,104.53720598926029
591.3818826996766,429.54188345701516,38.49000065167321,102.05514881313326
634.7014078961772,423.2898644193595,39.27321689497228,100.6201420385989
668.0382176346285,428.95412796896517,41.79600968806519,97.26171425409302
707.9302424948926,423.58427372625533,42.21447777288035,92.97461524097596
753.0521383212608,422.84291887435853,39.212682994736575,95.25145744893575
796.7812714409441,418.0325417272221,36.92448994057617,95.75283672922565
824.3361502526465,418.44238569576623,37.23854029670129,94.24864704977651
855.2864748131925,412.83472693804674,38.24545301507675,98.08426891595761
884.1902215937986,419.2288349421367,37.467753853891,96.98779184612582
898.0877000101342,418.4751589874587,37.593954308433844,98.10108010564412
913.6136021612376,422.9626826581227,39.99575446069473,93.39518416179396
928.0373331740076,419.0538603721845,38.47208508483145,91.18759543286481
939.9177485709458,419.7471317887035,36.97342695019431,88.7805310254139
949.519623868835,419.1091118801971,35.53957567123522,88.58289909842588
955.1201408069772,417.1606108740848,34.10703910272037,89.19269380654734
959.1163511879406,414.3514966697892,32.474105892061274,90.45263668807908
962.8923006018497,416.5772005747914,31.561326923252416,89.08632679486172
966.3580821164434,415.1589413680699,30.06396428929029,89.76264225475154
968.6477350843121,412.90391706662103,29.968697466100032,90.75795382922495
968.8899675918433,414.90334682085944,29.77884529993508,89.46929774786881
970.0445727099908,412.2900794699005,29.558503085730113,90.9084836380521
971.2614755809433,413.0729594992542,29.7787982885758,92.43187288932936
969.296753850228,411.1362197627767,31.438803425022982,93.44082178091844
969.7595071222623,406.30328584555707,31.732520352045157,97.4620438519412
969.7889016941548,409.63578009088155,32.59955968013507,96.77385867355551
970.1365645197675,409.9652605014437,32.05100237553194,95.7848316548951
971.5240757049087,402.5496097734142,31.99903747378432,100.6051114862874
972.4491318745559,405.76093571786237,31.981305382486788,100.38509299090444
974.0531269651386,406.2825415390194,32.19888371345783,99.56885380139397
974.2109106340176,405.32099693299335,32.05084162595096,98.91215785484627
974.3657281366715,401.23633356539284,32.673717320192175,99.61430563290646
974.6225338931101,403.58276339856496,31.935331635471407,99.23850245277222
974.657535878465,406.4132937311686,31.745410149213818,97.51045296709265
975.7558351361486,406.2953404131113,30.760433999804782,95.58039590236413
977.1291979733787,403.7757418157989,29.13875571898454,97.60935918160115
977.3626111350445,398.7607046644865,28.75177492587534,100.90495709022781
976.0818342406283,395.1637636556445,29.43986726963067,103.48995371366932
976.926560636319,394.1756502632561,29.863173416331055,105.91444618710752
978.2097543637333,392.704314073991,31.112610812047905,107.92319151220202
978.4630983420047,394.1392756869785,31.659352735609346,109.96723541785894
978.7759020382686,393.605444070907,32.28184962699528,111.12685538531252
979.686898570563,386.9438643382738,32.56093966910811,114.68954480268106
981.1634452268241,382.1758985047173,33.44812388239363,118.72275711467003
981.1083855128294,374.4752861853429,33.45943635806858,124.73721049496866
982.2745768124959,374.87820632924434,33.83863166803191,126.93651950097518
982.6222245877109,367.6008661905664,34.034045979663695,132.38517541976154
982.7641452757266,360.54822936475273,34.366402362953764,139.58058532686164
982.7884159847479,354.7553022120541,34.52061982404961,146.13227032214604
982.6769657077323,353.29808889484843,35.87782482696069,151.2456211640013
981.9556587725806,347.9979312560589,36.518874205936484,158.4323310363776
980.2005437045702,344.683230129263,37.39364007905343,163.55341522985896
978.9189054658686,348.40270161202136,38.76704961941634,167.33978223645045
979.3327399555747,346.8409459241238,39.17045888728947,169.00691486712662
978.6023122144828,349.09297899588387,39.61435006186575,169.37148597542694
980.5224667132211,349.3247883491195,39.892473832401066,167.96504533420864
981.7963417313679,351.4117081305469,39.9196490943138,166.22177160111295
983.6074630930924,354.287572650803,39.51119806436956,165.10675939839686
985.6282607997448,354.8419548335978,39.511008550093926,163.60094842573682
984.7600899491406,354.85477536137597,39.16272039703546,163.71754701175885
991.9713473205295,357.6570857578943,39.844535515168786,163.5639946738896
990.9389378865756,356.5657107689947,39.9291470617598,166.02250309689447
989.4448215594829,360.1508137354806,40.377778383945355,167.87164677158472
989.752258096894,359.1811554479879,40.71361940451937,167.46312495007055
990.0944839255156,361.37602562409757,41.28273919918756,166.52662023111543
991.3730814937452,359.28750605498925,41.34496851038223,165.94212509982447
992.5778546751308,357.9272706393273,41.4324736033866,166.788445583338
992.9933245414825,361.42962993343906,42.621055876292964,166.832410025213
999.7812772646373,357.00883969971665,44.91547623413045,170.58447303926602
1000.0871966281786,351.0198395322864,47.35730101490619,172.23905070573582
998.9927532555622,349.99162628372,48.987062797255966,175.12709391004088
999.8420884441081,346.3334296381622,49.79706581384805,178.36931409445867
999.9481922963552,350.26532393905126,52.01950488439546,179.28225336812966
1007.4774132987432,351.4697244836724,57.024566594688196,178.63123238811627
1003.7124193978059,347.52153080533776,58.711597035216876,183.29145663044017
1001.4640353682631,344.75952025818333,58.08785533670638,184.511852616001
1000.3615081762197,344.09092006118874,57.94161718794216,184.50394771253352
999.1582984558546,347.59338844166035,58.63553630163473,180.79696028882537
1000.0483812898154,349.2561711558752,59.33234258873264,177.56702454713917
1002.0407565367146,346.091991820009,59.36807680550666,177.95526782579896
1002.496582709842,354.0635718903548,60.88981660619311,173.8789896863481
1003.2272792143767,358.8909174811378,60.72660834138252,174.0258149155708
1003.654232370471,356.7632198955158,60.092902037342114,174.01917886584408
1014.3689956339182,358.93432049227295,62.10336941075258,176.0346238572535
1001.8435720327496,359.21231825180496,62.493091882418604,178.89294760275922
1002.5689399677782,358.03922285249746,62.13767442631418,180.48823380657439
1002.9447190419168,357.8425206829256,63.077336153180816,178.97123913752426
1004.3250860501151,391.05543744402377,64.0200340900913,170.29410491351072
1006.1979389688787,363.01758023516186,63.15489633128591,172.13619220873485
1007.7788811881373,393.18268132372793,62.265119531188176,159.8047709465356
1009.6950438563214,393.500232361068,60.676099866507876,157.46002094835762
1011.8142223398728,398.8221580159474,58.376872584142625,151.16196143206253
1014.2087665950869,425.4208936338671,57.05250890373059,138.08988245686749
