146.5,229.5,58,108
146.80031369112558,228.49876319868477,57.71825792658827,106.33546748526665
144.8260451873579,233.03546774117413,58.1398458820229,101.22318536971483
146.84392448010905,228.50018037469195,53.85479826484699,108.20059733278315
151.78274481258723,232.6336293254547,52.335501626375134,107.84961405412105
156.00684407427687,239.4962664626982,53.670363617231835,102.25424360402283
156.58709783912184,228.49157957138885,51.84735108383599,105.49597091781291
157.22977131026164,234.64390847026755,50.8823498380155,104.00936619357842
159.62663766905035,232.29067333268804,47.153552709749874,106.40528625502027
165.90276076098323,236.06898747449333,49.73309293255899,104.41146482179388
163.16833517775268,233.06902058589424,48.474417274171344,106.49498623576525
165.61127267769996,237.3998089530303,48.587837205582545,104.43824375908142
168.73671983152622,237.2270751562439,49.429687161995105,104.79594047141354
170.1403458715174,239.53394912053102,54.268986725263375,100.45094632514693
176.75064267822864,242.86545284881453,58.23892868286411,97.04953926576903
181.91751497147652,244.05597464799794,59.15722644735905,96.88421527265969
185.00018517546687,247.82353040912693,60.57236882615588,95.25238391166795
183.12081965229856,251.53927080641242,64.01760003910641,92.09739649330692
186.78458018768924,257.89044687129757,60.22772340335635,91.54939157898676
182.16693059664638,254.42094575906378,58.845451486674264,92.31337056394759
182.57710898709095,248.0570251635533,60.76743093576749,93.96471876727023
184.4329401980114,251.61109373515558,59.92228948541273,93.26493111784416
189.08270727252034,252.71552304053944,59.159489198095926,90.68082542662444
193.04054922212023,257.08090725804925,54.94751087429169,93.35361033614484
194.74321746876996,254.7312665820097,51.99366637473676,97.65131419238637
198.8493136899554,257.48310981336545,50.35114447109848,98.50581720969919
200.74002201746606,253.3890846914028,51.33774206555488,98.67050751912805
201.94086599094348,259.40777775908236,50.50494307130059,97.20587106379242
205.21255038284673,258.5423792595046,49.80185156593355,100.68226846279978
206.9483267077849,263.46775606761315,47.30368276484266,100.7213283719898
209.8731923736852,259.72213018224124,47.66806759236664,100.02906735822455
208.0635823160073,277.0545684871537,50.473878767429426,90.12306215202835
212.37669245750484,266.8769925944443,49.43151195238964,92.41734237845303
212.7473570642264,265.41753227512663,48.366641226859656,92.92359337134073
215.09843701685227,272.96261956446057,46.96330561478739,90.31450409143247
215.84164973287295,271.86813656876814,46.196218958015834,88.99323643691946
220.22155547342408,262.64604778836485,44.10154717377952,95.03088558147215
223.6206599948204,260.0414918959286,40.84359082380984,99.92719058239723
225.38522525683172,257.21755359990345,38.71806389371754,101.04813888002235
228.5529493606008,258.4056993373589,39.4924608224702,102.79211042421855
228.67497966791768,263.3017816255994,44.58324815433086,95.66296663405794
227.57022016300783,259.0360282533834,48.163977059961866,93.360010027148
230.08858185796032,260.7622949567388,52.145305169261306,88.33779614367768
231.17347403335606,262.04140039170034,54.95977317520099,86.1179508442905
233.23793932602533,262.32581172616136,56.031411024023285,86.90139081947731
242.55822155464412,265.33801869484125,53.78999690206564,90.07076122525086
238.543430891909,265.83101732184554,56.53298105364216,88.9865910670421
242.10469443821444,266.2673004063975,57.1364424694866,88.2142603338664
239.39904566545357,266.1559924938689,59.6665939005112,88.52261281156694
240.11628179610494,264.2995635864104,59.133743823879996,90.61888472215837
243.13612351356346,264.07948077383674,59.55959517759075,92.921621320415
245.0672019126872,263.76938412851587,59.62507139910727,91.79049807313014
246.8858865091276,265.36392234665453,55.402190391708565,93.79618777149719
247.07969357448172,261.1449559737026,52.490393382778294,96.18292126220189
247.68186322325226,259.945746818332,51.126916962627654,95.96550365665465
249.4915702480336,265.3249894158587,49.51301105918853,94.84826642400901
253.8027017984784,263.3869423111988,47.431953963122695,97.03022606374032
260.4442552195249,265.9025083342899,45.54081952236515,99.9175479901829
260.44348826611827,265.8278647605671,44.43984049815327,101.70515823222375
258.87052023196554,260.34349822138677,43.80462588696186,101.62969644419576
264.34849134214477,267.15677675630405,43.95792368427012,101.71639172022773
266.864737681895,265.7872169167413,42.36437439167193,102.57469609687001
266.2484927355849,268.7699369481246,42.817824270670826,101.82113823091004
267.21633742494436,271.81305067096343,43.56412201804346,97.72974458802538
269.0302253700656,274.894939256214,40.21987102237347,100.73570421163814
269.5859966680395,269.0931372947644,37.633331960108926,103.46471673687033
277.43428084083433,268.82602548522357,35.69796112265556,105.50427143820639
278.4098093425691,264.8731032085586,35.203675852001474,104.9432659456082
279.418083885528,266.7573590337267,33.71078235845798,105.2081354071317
286.2132588028151,270.0757559995872,35.99581885711267,104.7561871739105
287.73987416957186,258.0267712595919,35.06700931789398,107.83863652502887
296.20969257551417,254.7701370758258,35.988045175307825,109.47347792935172
288.9085312450898,219.54507259743838,35.65421451611573,113.99628524833142
287.12676200234426,223.25112481338078,36.26205638872125,118.13498414790432
297.153214315862,218.81002808574112,36.32841962577669,118.257128624532
297.24606594021344,220.9865053458004,35.817936292237476,119.43873980185862
296.2980923032568,248.28247571213473,35.303512872005456,124.1165684669719
294.4745863937609,267.47624819390535,39.014011279261126,121.4064763544938
296.93120133396764,278.2394602338446,44.39942538320742,111.06900339144752
288.1388551160801,290.88997394880084,48.44944473923765,104.67299625637918
285.41677981162917,283.53972594848835,51.63441406857721,101.02009624277127
283.05864616284384,293.26273366860744,53.18226279790342,97.50295663553433
282.39973973508467,297.8614076994633,53.409858995963276,96.06556121740596
291.44921802445765,294.9073663984144,54.30517894322843,95.40105265762867
282.7287560556738,292.7067038091185,52.77340744258053,96.99278800071676
282.02410642370563,279.91799701661444,51.305279901705006,101.66417803687207
280.2527239696776,265.78585744952454,48.496877653976554,108.6731004664478
279.90093963232243,262.4642311556572,47.35123258139463,110.1362627837114
286.97425177045716,262.9023847569379,47.29937306693731,106.47627613810528
286.37570004902466,267.06397884131,48.06332540156495,102.02434497892688
288.9485958506528,264.8775747935277,46.31024604239572,104.19666555598045
287.1584707880624,263.2492288067175,48.51578161897872,103.09290043870698
296.80379064457975,279.5954145729096,49.0545665332167,101.33517518953013
286.73698224689673,281.410227045434,48.36194827409028,102.35613360045437
297.05447878116456,287.4302798389899,49.15687395920003,99.29617837765613
293.26632137833064,285.12681665859816,48.27884057716126,98.2437517704187
298.8024417765127,290.54360942644877,51.43508448028544,93.66024591375461
299.3889187753025,287.62110672701715,50.11869059206821,91.57054799155605
299.6236607003249,292.01940081385885,49.60398352923401,90.70555939186063
308.3776311922311,289.2975822571631,47.43331548406189,90.49549033972178
308.2698703322861,297.40571143430094,45.80132604567434,91.68750504820612
332.13639640278507,293.212122430849,50.9794465882229,86.38558447245468
338.6004341175319,299.1825259295758,56.079914756154615,82.63799139659857
328.06641571370784,297.8901661838003,55.128640878019056,84.8087829486578
332.85215177896845,296.6088657274768,64.04822051304068,76.76418733939757
320.47168397742996,300.3911798588868,65.58368469440708,74.00397464782782
313.2275070485825,300.2738835276427,62.276532579342984,78.83703273181871
321.6708194593921,309.2366290956725,61.25384620481471,82.34632346372473
322.6048625325799,310.4148650964571,63.62786744013775,80.35701175491934
322.64408497116415,311.85417299512665,63.92913753937054,82.19163430440241
315.1773499305107,310.02399224828065,62.287510684060244,85.7582191380707
309.24205226270294,300.22725795923697,57.557665829144796,96.87485936510083
297.82136827497,275.7859492497459,54.286711089365284,103.65887588383309
306.5336566054236,281.5336424046497,54.60961614988612,108.85695657987526
304.4233497613666,279.0771990495119,58.34447033830158,111.06521031806984
307.42251925709604,284.86124273909843,63.3943698779203,108.5156873491658
304.86842090899984,280.5811650044286,73.46155258663663,103.00520676096333
300.29616309929486,282.6226530957411,78.2811108805794,100.13987301129691
295.39355344691114,278.9224984274121,77.69612118157755,105.71680731274778
297.1162996024217,280.5342032474528,78.31653174154039,108.96942025672479
292.8195204481661,280.23059473314726,80.27179226846081,110.61881023552755
294.20905075796753,290.059841587778,79.89992308063242,111.19396425179536
291.34602303984946,285.6038518493885,78.75912077141044,114.87776914772898
290.6870550446431,291.02411719774625,79.8237735908069,113.07259931667762
282.95022225528436,304.53241448769666,80.74187835921916,110.62960864836393
282.52374292277375,308.9001685323016,84.26104568834428,107.23831160675236
284.28780160034535,316.36553249131515,86.09716884047637,99.15438356750599
268.5602785309172,289.68436842186117,76.75228275657149,108.99818239363789
269.3364571525553,288.8514241046797,76.21189393282452,111.15931794009495
263.63815647398815,289.1914334099451,73.79703629209072,113.54585885283873
264.42775064307034,290.7438631552957,75.90421633958516,112.34759692036997
267.2937542374639,300.9863992860053,74.75034833820132,113.55361685656345
259.3088273182295,292.5344180515825,72.67883361181647,118.58993192669145
257.62409559696766,291.0979457044121,76.24299834877004,115.86671659454446
260.1284697758642,284.9272857151165,76.11816409314773,118.66536256517898
248.620514482074,288.71663107748196,76.82805755096727,121.65633114975029
259.4514475377716,283.2537205644313,75.97807392104127,120.13124515312148
249.53687828892058,301.17758714730365,79.2897437854911,114.1239617122176
240.48866437929175,296.4525466184295,81.45799546252097,115.90394084612855
252.54099629965674,291.30161992462513,83.48789216080709,114.3288690011735
252.22296278083098,293.60504066952006,83.98862547048215,113.05949135672151
259.8479080236468,291.2263616108165,81.9463099161722,114.32500912601569
266.0667588073021,293.48224592552964,74.95807242245213,117.12360014188985
259.2582508706222,303.5435044130891,73.64231549936946,114.16021119038406
243.63539110290026,331.71529200147165,80.64849286871198,103.23405428119875
208.81290447778025,329.6531822112154,89.77179977138033,97.2744515823201
196.73696652014075,337.05098889013027,93.29993437080111,94.3452734822877
185.19920542073794,332.7901892477188,98.42662148626917,89.64184458409684
181.8811074207398,328.2029148112209,100.64432805407482,86.81241277517992
175.09509641046952,335.7964647217825,101.17843038224837,88.0878282672652
166.95779168213562,332.35176793709695,103.22773097141604,86.42419121786364
168.65596817306078,348.23698312197354,105.02701460283194,87.7941070186481
160.42472038277666,348.66426216076763,101.94129959773194,92.2710660931358
149.2110739570471,340.8034091367217,102.67361074930024,91.02108776513427
164.8919442792437,350.83125206232216,96.52731902538363,93.69098750967213
159.26167747837755,356.78902334897197,93.38658849303346,95.30431178901618
144.43859617296943,355.60460472418487,92.3238757308384,96.1623791677105
152.59368167991937,356.62168075277367,91.46124903857793,94.07234192760606
142.0040583054008,356.23055514584775,92.09955901402618,92.04024089892991
125.3450074483341,362.4900150877636,96.45418464916767,92.53485665339687
130.98708416928815,360.8037860478977,97.09315468534655,92.42461768839232
122.75365907311179,358.26678350750603,99.20929956468203,92.52096283568144
117.66153875162489,369.6776395475044,99.33960087991247,92.85896061388767
110.67359592860325,369.16068800799366,96.16786081357459,95.13498733482876
102.9411384586751,367.9387637880281,96.57092724512054,94.43153406206328
96.1008099863916,370.74982237261787,100.51994094789865,91.88007162328408
71.27624276072156,374.98700447482315,101.3600133472321,93.46430087241343
72.04469861766302,375.92942375197185,102.23431770387727,95.00284946659022
62.01486628507561,381.32782313433324,98.91815391089435,97.14652276479329
54.453576784174246,381.31612043227597,99.64406093020548,99.1429817001196
48.28413663903996,375.22593914916246,101.45703624881477,100.18506371651074
78.3742873149886,388.36994336611036,100.87932157143604,98.57635959088222
82.25086595909386,393.5327074530977,100.35587825172622,96.88116606041399
204.45298953737966,307.73512591192497,87.58821449866684,109.09890600556125
206.1051419603768,309.4983333815724,81.27199979900519,113.23530252652097
206.65297953657154,309.79830129712735,78.79666898977646,115.74404916843267
202.19823165191082,306.2484952901516,77.39479486293045,117.985305465821
203.5032795042704,310.3380916415432,74.83910765164102,118.25233167180951
203.5526275281672,312.22455333564113,71.53788868433467,116.13550439553549
204.87489027484827,308.63809555811065,68.90401748118796,117.28495386876847
204.03690514643986,307.00718940462525,64.08128233976275,121.39862361362326
201.98396174818092,305.3132987187487,59.45912634735323,123.63515862556596
204.65072034337695,299.38956193129303,54.66557945821849,127.28909305870482
202.07943965296363,301.0563054778178,52.57637831011179,129.2203383944597
192.64645494229575,304.6131222223306,57.573949144350166,125.4328305961212
196.11765920367398,309.09256826122265,57.993652217447774,122.89067649250765
201.59723538234408,309.37798665984224,54.26341117124724,122.57538283605923
201.5928487927356,312.588926536216,53.64871064914605,122.0562767020341
204.4227361442679,316.7905710760549,53.16704686530552,119.90665574220324
203.05596661612282,312.09022631380157,53.11590447633915,122.54823445118767
205.97466166527408,308.42629991815426,53.13606921676413,124.57170282771153
208.76896917686645,310.70076869868916,52.08742912163362,124.739980818397
211.40534542357886,307.2840649695704,51.71992760909094,126.13828432798397
212.6456468961009,303.64812716273696,53.63491915628724,129.33986533250763
223.62782623174812,307.1346285771142,54.13736205443079,128.9439737958383
229.07484049561822,307.38501105023954,54.452178985252345,128.34263405079088
238.2735728896213,305.8480073205739,55.41998262136503,130.33454768996197
241.89053373877613,304.8113455760594,54.904368173801345,128.91782248865738
253.93087260359687,309.82003749402384,55.72196893362306,128.48662114456107
259.32266300349335,306.80235490468084,57.25938324034057,127.54716372187113
262.8007237867875,308.48872004087843,59.40046033955287,126.24452127440223
267.70124964496364,310.58517449952393,60.37250521018372,125.03854803681824
267.4909885759028,309.98298796452286,64.3711550090202,124.45668694565484
273.1133647748849,309.7310403272641,63.024891198919775,124.05003003619706
272.57089602633005,312.7881564506457,64.00028360059346,122.65687844841864
272.06516865936555,309.8189727317191,65.26515752422881,123.60380394210972
272.7350690448111,310.5443863277294,66.18415578294962,125.12499371160388
275.69776285785565,311.1800290417853,64.30052133730176,125.6315455192281
277.107148566723,309.71392400587393,62.797665125721736,127.30518896802903
278.8725985663147,309.9049524323094,60.68997893290636,127.4237788355899
277.4547271857196,306.5082397788866,58.77820883162322,132.42707448722572
275.3048459922533,305.74359644459355,57.81477692033689,133.84254795102981
274.76872956193444,307.9345875967995,56.78551832247945,135.41310435730352
276.1326326309316,307.3996252361799,56.32243723297929,134.5469608341491
274.76354130593836,305.4431805633166,56.8607536723124,135.13808892893425
271.714720417222,302.7726718308167,54.75384201145188,139.02146312259606
272.22149790152685,307.89087401285747,55.95375021480052,137.8178569231285
269.42357415065516,304.9783807915283,57.67343038321982,139.91463494327488
269.59525862547014,302.80694719893245,58.444389869572376,141.72472113292852
268.51927639151563,302.99895414822737,60.01054752042397,143.8049349469063
268.0041704660384,304.63506228944806,61.55003136029181,145.5298480170476
268.2030783296294,304.9612180869325,60.959068989467085,143.60726726884428
263.2169562248782,307.9898914427264,63.41991711413427,142.58799850377295
263.254365546057,304.23625904814577,65.74283954984985,143.08583798959455
267.6463337347159,308.3810433548865,64.24022069198716,141.90417243967977
269.6905766314756,313.06284992844644,59.070234603098086,142.92717268558098
269.05841328236534,306.6497443103344,54.40657716411626,146.97344960681727
268.1954508809612,299.89619463861857,51.507426624662656,146.4823023940929
270.7589604792884,305.4689777166491,52.09378507268151,150.25962315739426
271.9674324974211,305.98659872787744,55.145702680885265,149.9441639441093
269.33575344473655,314.3428618788693,62.12214738227089,140.17459378310016
269.75290183843765,317.7905391125454,65.48481850976643,140.14648953178687
268.9908709244764,320.0904753286484,69.52487290989336,136.66964048312212
270.431827085959,312.63759364737365,74.17120168763556,135.2914481546663
272.06360115315226,314.213551954674,75.89648949041154,133.6378398534567
274.0186545786088,322.497609723059,79.1578578559998,135.93640172196672
273.80139186804223,327.73375053404703,82.52763282037033,135.3534026712526
274.1665008611473,325.3739555148188,84.65600002804777,140.92844140430333
278.35451405124877,326.26636794147515,82.85879211730307,145.48316467565834
278.91872193766557,322.4784271601496,81.86571446656879,147.1139045417017
279.59993377199254,327.16712032214105,80.07790538219719,147.65683614914224
278.67517891403526,322.94759585430194,79.79648764274938,148.06920191831685
278.1275619980579,318.66987977483683,77.48898745819247,153.72556956516664
278.5260296332801,320.4850887859559,74.3186921772909,154.9568618215087
281.08513157192357,319.4171629713268,70.66863381512283,157.8797504667357
274.810538353664,319.68633973347966,71.44147481972064,160.6384817386529
280.92144497244135,327.430111265943,70.2025094375856,159.73199420330357
272.20104505114193,321.451568569688,71.4864764570529,161.28376729710865
285.2929226194739,334.18396732473394,69.96417897861227,164.78013224612792
284.9832061101732,331.45734173071696,67.60117179828049,167.04316038856518
286.78911644288934,336.5935524575252,65.74878032696992,166.65599297341953
297.1961973459169,344.7472474060278,70.56966751287408,160.4150821432592
296.8901624522836,336.81666203767713,68.57812242638752,163.3250163931848
299.50359370330386,346.037443641928,67.97444805898235,158.87670345892434
296.032890388654,347.4614553760078,62.094967286115946,160.02667203283372
300.99773038282717,348.12216054484895,62.7150385722025,158.91361321517576
300.39592790438996,355.72459825166607,58.63479238162151,161.16370739066002
299.55468907048044,352.8461990654136,60.53910363886165,161.4338809295168
297.8209798353592,346.36189979048777,65.05760061352076,151.37977585599958
299.7108594235653,357.471302063312,67.10661195826204,149.32577778556828
305.01320431647616,352.50201726485676,67.71864196637279,152.7151577133686
307.6619013676995,359.96274579967815,69.35815435884331,154.80963323742225
301.2976214853016,356.0469229360078,73.62983023111813,154.4160155941545
302.8417979978674,364.60499359310336,77.78607250489137,152.40374142833568
300.951093455092,370.14641101079485,83.48269948801976,143.7681245345109
299.5050830232767,371.1749373346467,86.91009717491605,138.1455171806699
299.60897102772503,376.212077267508,85.24152539322742,139.0273063517171
302.19129194695137,379.09347636933046,84.80493394911446,135.81654780232935
305.35016473323157,378.11529958910313,84.05938877167374,132.41564169267028
308.62687304510024,388.12687176463646,85.24620374078577,128.63946144586674
309.0580935841982,387.71793938404346,80.88902217808902,127.00634921949397
308.65536483303777,383.5462421606047,81.69721032968548,119.25734792629294
309.37770562813466,384.8599440356105,77.69574896269978,120.85399096763823
312.55077640838283,388.6444970734482,74.3808151810264,124.59120836034009
314.2122297755406,401.51444046652534,69.18373085869159,128.57060415412008
313.65312079292033,393.52059925917916,67.26445721513656,128.7181182177194
317.14097983663186,401.42603485040695,64.77538558859119,134.52105896528428
312.50543540854335,417.287643602228,65.22130684930943,138.12650201597125
318.75150023700866,413.62087738554044,61.701125583269935,143.65808122461058
321.7691164373734,409.7614556059992,59.518377663401026,150.90274206806507
330.7395317421723,417.80067362934295,60.170170548474715,151.13367585677454
330.4752420657297,426.6170735156228,59.34284939409011,148.4478850415489
328.917776187896,429.9476356554163,58.61486353935308,150.5251692773249
330.281310908166,431.4270492020195,58.106944644766806,152.9951589640949
332.5610729060149,429.31612921303184,57.545060919231545,154.04249784439378
333.7247541209256,431.47253831577297,56.61817811974322,153.33439328749193
336.4614923068099,432.51358674038806,56.99832450827722,152.78495802736072
339.21516883104255,427.23036633110576,59.86673231212795,151.53204960666136
337.16591301486943,435.57780438559496,61.30684181645188,151.8752499363148
339.74259644789964,430.82298821371654,61.4798210674193,150.69875775743773
341.2144816502199,438.63590125811174,64.22474643024381,147.529951211619
351.2656972129507,448.1861496055919,68.73587950443886,142.6986020488172
363.2907622791121,456.38100703369446,76.2080573706204,136.18731333613692
348.2156839417454,460.79508019706395,79.92377378210637,133.0097568134738
335.3810604665888,457.3958487481139,78.62942522229258,132.32012904406713
336.0217018308867,460.6100307152203,76.52720994864512,131.41278590218937
336.95756176442836,464.41664624353047,74.39960226543018,130.8402046659745
338.24951694765997,462.34191725114806,72.32418832112343,128.88655150712185
339.6213330781709,460.5851657270307,71.88675670677274,122.47380488237494
339.09283003748294,459.722932854881,72.5901345614394,114.73475487744159
341.1338792436896,462.0299681618759,71.92670216717637,111.02656537196825
342.18217859099707,465.29889278350487,72.27339847075417,104.6315588724461
343.24483110020014,470.8780119212137,70.01220178368352,101.43062535094472
346.98330415402756,471.0227574515557,66.2073766405398,102.58407108269476
349.089656051133,473.8078277200797,63.74114124374016,103.10290873105299
351.2120854448863,479.96324915966727,60.60719244202737,108.10180521252639
351.2228643501109,478.1496906323788,57.44699626622908,109.76422762148147
367.061422507537,490.0628414067437,58.846052830095005,111.50848466996518
364.0055018599469,482.13747440916575,56.266872218458154,116.62930372555394
362.61546863130417,480.22294250033724,53.70473357617845,122.62345179432015
369.78414341241324,481.0711386557338,53.57088743865572,123.36724762359707
369.0676859853812,483.41939178760714,51.42087660997298,124.53147260286336
375.0083529313366,482.26645226296216,52.67115079771118,122.10887148107764
373.6263567706774,482.34043070303835,52.15871015468129,122.0378823236679
379.75966240604316,481.36451271510884,52.84214356950861,122.00237438520755
377.18972066296635,475.47134291640475,52.007966005202306,121.24713331244081
382.8766958385231,482.0803201827978,52.90720450924282,120.47052354539208
382.0850734592844,479.9840332026023,50.9762955265911,122.55638128968761
381.24413991436955,478.75020779934505,48.2914441916964,127.58613966239503
387.69681735140955,474.036174129429,48.18569563465708,127.27956525657532
388.85611960181984,467.6853305070405,54.18084120353144,119.96644734630962
384.5897451045919,462.918538397764,55.82043386052422,113.12016009198618
385.086111551992,461.27506636993735,57.71200261990762,103.4515437965197
388.5265743997087,472.2411559024508,56.439619840715196,101.58048259328942
389.72196599927685,473.61142356441104,56.72310050992178,100.36935235897438
392.5651016501424,470.4823176231395,57.37491737293986,96.2192204078577
394.9890877915784,472.9839522165422,57.09613559427455,93.78756218221548
395.97702466516694,477.36233300555114,55.42358667381327,94.6176303265458
396.8641798829097,475.6938204649995,53.76225415742283,94.90338029707576
399.0984250902653,473.0885907833282,55.19649290864868,90.2545262153255
399.9123289952476,470.73534963216696,57.935348794861696,82.83882665590949
403.2968326311629,475.39985024052703,57.53588450470946,81.38378107897958
400.3213414797932,474.41948429600313,56.275419010409465,81.05415746364474
402.26293086691305,472.7730371722247,55.69599670766998,79.59852814727442
442.7342237333263,524.2273560679091,59.932698405604846,73.95760550097148
441.89820794723147,525.8156850176135,62.804202855977444,69.70930248411085
408.6631416359435,476.30414007834236,55.75264260648504,80.64244754861483
409.8499919104641,466.00790220669734,53.23805607271535,82.49119811954255
411.3341281742116,464.4608365022309,50.83643508469056,84.68166208216765
414.8092975593241,466.6504620746177,46.83122482927391,87.429174617518
417.0760788018903,466.81153602868307,45.55281680329293,90.01383589843151
423.419221126178,467.8486480212201,42.87844692361225,99.45823479125525
427.18757993080385,473.04561990671243,42.08082544853905,104.27876427486876
432.0271822903974,479.01105144797435,42.47573686876653,104.51368920710654
431.555316994764,479.17847422504957,43.924893064825994,104.49517944179078
448.0751112692982,506.4163479912118,57.06464687668421,92.23444039821524
424.99223427498043,475.3233874879031,53.740631826068004,99.12305698587741
424.052599736095,464.48557557763894,52.91674969666238,99.36693658038
427.4108117877661,466.26326411041845,49.09432403244711,103.52629534940854
430.7247686593778,468.3953325288501,46.56693102539452,104.79178638016973
434.1311900244671,469.365066639076,47.923809315429224,106.12544968868028
430.4417718477105,458.8154492561549,50.63654258264617,99.08449800804794
429.24457907960425,457.73265318056144,51.67695748910519,94.43529644810441
431.6485200047363,463.74937090376017,51.49476806735552,91.66172922141229
432.31829148756447,461.3067844370025,52.422525092150615,88.42224199783723
434.0223545457615,462.85797492378697,53.296960116753894,85.80593066270796
433.7465076982456,460.09746152712063,53.66458343143071,82.87096954662408
434.03647982057015,465.17570656755163,55.307332473389735,78.79863797659318
430.31078953024985,464.21751444042235,55.42228577117572,76.15284928737431
432.925409419645,471.0822674802498,55.829307231522414,72.2843951051473
430.80682741191976,471.1130778083626,54.07367827507877,72.54419200109612
436.0450669470987,469.9920173157254,54.01420958320219,72.09684958952201
433.4533564935364,469.15514994425166,55.68346257616075,69.60600603479605
434.42822871605784,468.72875036641267,56.28782185371606,67.83601428134531
431.8384259771811,471.364325892344,55.0294255897603,67.98575386605836
434.4821476475178,468.0588225023979,53.05923621047809,67.10908278686682
434.0366154875016,471.4037068097139,51.94930238304148,66.28267090865066
430.74380947971173,466.7070791412242,50.55539328019283,67.67529051437026
469.66287296550126,520.2198468369517,57.00389748734723,62.9256451226061
468.6760074307027,520.1152466002405,59.47992368256811,61.2446369309971
465.10902213357366,524.1670290627594,62.04449054120745,61.883248846648854
463.16160765595504,525.1570844847215,64.51117030201469,61.463200279705745
457.94614725739734,523.7115049691982,68.25658973402427,61.448793823033185
455.32051030467335,524.5527913362138,72.11480197630672,61.20488092810366
447.4714566738041,527.5624853057833,74.96471464972362,60.79250976458249
443.7505024551722,529.8946219703615,77.72433780437305,60.324008290819776
445.9236656102461,528.3029639384207,79.5558470561947,61.21048388707504
416.6330493394641,475.42169600802987,68.01520953613127,71.32909753300785
422.40888721912194,465.67026759178805,59.946069841796046,79.04220269415556
424.3852266939098,472.0232598593782,53.457021626399026,86.7566473470286
426.90867113958615,468.4028628651508,51.017278630017,84.51932598651226
427.70555504407383,468.94173202929557,50.96978426879062,81.5236131826664
428.7291620936038,468.6379250048441,50.82142271389927,78.15221050030927
428.660284085798,472.5706133417527,50.55238547545109,74.50658818439253
428.5579147201176,475.0415141620376,51.40000553447985,70.84512372473719
426.07840910415797,473.0247036539013,50.00391891016865,73.0246593536634
425.2740808843802,476.8485487360112,49.895552106024596,72.8696503221746
420.5655833250238,476.04947474769773,49.35838301652831,72.28876778015987
421.6569225670085,481.202991160708,51.57172305468555,69.63420576514167
417.90607761758247,483.63485929096754,50.659236354341964,69.59113727451397
414.79217152926407,485.3423151286154,49.56738899842286,70.32710950892873
414.9077571798504,486.5129535600754,48.76842071886718,71.46851691030743
414.73430215094106,488.62561717243204,49.02591787009148,72.45701721846143
410.9704888375955,483.97262689899236,48.23081752293487,72.24583277934187
412.91316257924717,482.99729626529324,49.35994680063475,70.75237803178292
409.03896558975566,483.47566479432555,49.60208901481889,70.29709651286588
410.54903996526195,484.31935861521254,50.80779985053449,68.968046961503
412.6877707200456,485.061757851071,51.04891012858849,68.65395586054314
411.09319211205883,491.13763584421577,50.194510309665446,71.28672724199053
446.97411250960994,532.2292850292304,57.77337284232851,68.17444737230278
449.75049995594566,533.4932504660721,61.81860143816783,66.39918809758944
450.0842903012834,533.356525050756,65.81146099630999,64.96942009564152
447.33182125111733,533.6403226287342,69.69959312596815,63.864435379819696
439.7899974030643,540.806423852845,69.96149995668975,64.13001697091246
448.7800863332156,537.918431979497,70.22059939752992,65.05719040683798
444.4227697852897,536.9063171703141,72.10290296164014,64.69683803751046
437.7665894074842,538.5276431955734,75.30312970567071,63.96264189751696
438.62584806433483,538.0844713116265,76.13312800798624,64.33484207632185
432.7326393484637,541.7697055839711,77.84810520161041,64.60507780733113
433.96394740700595,541.0074831473524,79.19551616594504,64.85989406073541
429.05174376476094,544.0829779746639,80.34649705068021,64.67469735712753
428.3428616017431,544.3968168209191,81.2379379949442,64.80072897932398
383.55875087450573,503.78041238526197,70.45281823133567,77.74894645039592
372.6188512059088,482.5162034672002,65.75416484241539,80.53398110434011
376.6219153458659,482.73066523251845,59.39632550174264,86.3262180204957
376.81208223111196,482.63163206109346,55.91702217897779,87.6078767243389
378.2779022795626,490.4524531262542,55.77793235160599,87.75600003010794
384.27981718972364,507.5851624279695,54.66755851783314,90.10926673452451
427.08648397686727,540.400669657363,64.99324861098867,84.12387925970272
362.35412078137443,488.11740474794965,60.46378211860481,89.72714752375214
362.58573085610817,484.9256685602967,59.97068218970394,90.38328353247925
365.99411594607136,491.6123076183055,56.22569332062997,94.74209103183415
367.91332736768004,495.3111422061393,55.416654025320454,96.05592346310127
368.380681103773,509.02502924592676,54.50677121376225,97.8859822159562
359.3131421695394,490.1614568643623,54.996334615544114,96.86467498250414
362.72681692121336,502.3635759570975,55.237048232676784,96.06562740035889
361.0348360871392,494.56679288513595,57.2586314874798,92.7631385587503
348.0505532315888,488.41089752033673,59.08884572693171,91.58572181589223
343.8013478816645,489.4775163471825,57.14374598808115,95.1832618685182
340.4493027556474,467.6147509510188,58.45004354569727,93.77872407474018
348.64597305367573,462.2930715515245,59.91335646398332,91.64336853043822
344.3553672774086,493.71360771998377,55.62575472852674,96.20166303979275
345.27004222053006,495.48749907126995,55.77692369958252,95.3060954670606
349.73293634249575,469.49392490083653,81.83518449612981,73.67018365999114
330.30158658685883,483.32745188363583,73.918306964904,80.43629299940127
357.79840064425093,465.8163129476766,80.38533400467317,75.80291241643383
351.44983038119483,478.47199810398456,93.79432155135487,66.06172155734995
331.5363448171881,484.40239333926684,98.29033283629278,63.09669479645281
327.79482984769675,494.53500710179884,82.77293427948109,76.73318685258654
333.9970192412658,477.7981385056968,90.47626983172668,68.7965643003554
322.75161587686847,506.4018185458188,73.44796572519115,84.70789086578986
329.4820561669101,514.9330059684025,67.8965273006838,91.66595942523006
332.3547330090022,522.4058363656695,58.09587555534326,106.31431422610046
334.8236530877376,513.3491007013745,54.179310975086814,111.27271502858147
327.1645875243883,505.19583137615115,52.37004065136939,114.38627730439939
332.3056294021381,473.7081875062305,69.10441332273456,94.00025221258463
323.8685281531608,473.27175721827706,75.6251674958967,81.35734926270935
326.53776377568187,479.08686912150944,81.83513650628436,73.600805048169
323.2984525533694,482.5999218351576,90.73507333345985,64.98768963286645
320.6015905874581,485.5724058022633,94.82429572031054,60.66066720606038
307.7046176063548,510.30683257005495,76.15033837099239,79.02116896699985
312.5102397682978,504.6318658296907,65.60765381508243,91.17132342329546
317.11485065814884,520.9027743018933,58.455028497939594,96.65887825425796
317.8117975911871,522.5223389299323,57.01552886113045,97.8811895245508
318.72650415586315,526.6715330622396,54.37394960955201,99.53650876225484
318.45977166692506,518.948589782691,54.29199457090765,97.47027011880843
315.0701548441539,526.1249099086683,54.35259706749767,94.60386021213701
315.56229649612396,531.5073668572705,53.49306779266146,92.51892921619881
314.4906731422086,532.9630133636537,54.28564917943544,91.4876498797573
315.84755309628736,494.1792813584001,64.89653861089381,80.965836251951
307.69986809318783,526.6459067616246,60.62402104219027,83.57407464102019
306.4275435980328,525.0777536796062,55.824750147635385,90.75614905444249
313.1359227812962,538.2024116206239,52.49567525232099,90.90489930207235
310.3773361403679,526.9371209587381,52.70230203882096,90.11825195465241
308.6498506905431,522.0197424702601,51.3187583646921,91.51896845969884
300.4848977198025,521.8748138234969,53.24583813139643,92.14237819224441
302.83847406331563,530.3477791449395,53.71182551361694,92.45168464979676
303.53509997202985,533.063231647817,55.81552576498767,89.8391558190968
303.19407504319844,529.7837652681814,53.03151224867252,93.2091699280655
301.5978603426639,509.6720691672492,75.34538280928894,75.14175678872522
290.21367682340394,510.58488636749746,93.71280401023023,59.57122499512611
284.26068698059373,522.3221357103557,104.81040311756902,51.16582401015063
275.57195217587685,526.2862737964844,114.93936115516482,45.28042852951272
268.01065573588113,529.5561146601376,122.5338774305225,41.41284938216634
264.12195934132023,530.8808155322605,127.36195609702477,39.093228733613174
254.86772153195284,530.2810760442618,131.30832482992082,37.447759880215294
252.8103073466084,532.9020508705185,133.78934017697202,37.06695976626475
256.54807828459025,538.1708615309176,127.05574584372738,44.21124925895636
252.09157957618575,536.0780137610193,125.0126865922478,46.4742660226422
243.88936636245631,535.0330169833572,128.73202396259762,45.94698688345699
247.69488830418035,535.4763492172019,129.74625490113357,45.675878612215115
236.12290183426512,536.6298798151897,133.50223076835755,42.8936344995801
235.8274772345917,538.3455964912752,134.70119018780792,41.2755031659117
230.1266716926099,540.101346620265,136.59102488596608,40.10379444867223
226.7889717070129,541.8522998473242,137.70057879917937,38.932771975396534
220.79247989204282,550.0533034455053,138.33441966095052,38.5359995056002
219.07436069447243,549.0381997236377,139.07019155284237,38.3734652129543
214.86557770453285,549.2550926251612,140.55860362204754,38.01047956002324
210.68419698997334,549.9092228104214,141.3077968417188,39.534689996397965
205.10478771644097,548.7403199208277,141.64089822147125,41.395668262898745
203.1006820161208,555.082824188241,135.42986331279565,45.80628641175571
205.59511945712504,566.7025053728856,112.6444879814671,66.615289282759
199.4000291033659,545.8376781301987,123.30078851601776,61.211202389512906
190.89419338086122,549.1314311165664,133.95419474793115,54.43996852896218
196.83238817716506,585.7807024900476,106.18496508960132,79.8653064988915
184.48703519504176,545.3606699327926,122.4061345288321,68.66918951005985
173.16971811117833,557.3118415510169,126.57705717866,65.37528555453267
171.0387197012171,548.3676639834887,130.9489367582682,62.71302602639351
168.25615940267335,549.6669609281988,131.9602127682906,62.249322889615584
159.3517778743122,558.6354259897026,134.8448109488312,61.100819314004156
143.43999600671978,560.4056675220586,142.41760197502822,56.76936087219948
136.54838653646402,561.0340555910313,147.60758792391795,54.401089038733055
147.3836273899214,611.2497572977929,119.04586022303504,76.43875949183573
150.12404908934434,623.0986603602287,108.83915161937881,84.52755112626792
138.7691825412382,611.5735981390898,104.35738381356047,88.83767758401353
139.03404717739804,619.9688725687213,100.96190135866213,92.4358059420205
136.87185864523008,606.3016496735512,90.2196621920364,97.21133391188303
129.21234791174203,599.8818683818804,81.32719475636186,104.4044795748847
127.97310654780613,603.7253338654164,77.10524987708274,106.57036857012
111.53257723566311,558.8397453145483,90.66147051994605,96.40900171556649
106.33594686103513,561.6325713928755,101.71797986718103,88.08731003758712
95.5738196019978,572.1333068200208,105.8893740599742,85.22587498893822
76.24381465246304,571.5195136436752,107.73588655499812,83.30422251113482
68.66422536875244,569.651269471539,108.22790933643736,82.36317579190744
59.377990844838564,568.4865558346664,103.32081242539775,83.52047675002004
45.10001128725412,580.8902358363196,99.67411108993815,85.77517237787444
46.042443825794685,582.6477541420677,99.69195029768166,83.22164385133226
35.2649927965541,583.8490655788021,100.88126843243464,81.04082636150491
41.961068810229136,584.3312937211678,103.7100734379787,79.0546115127388
39.813721624348446,582.8624170112982,104.8803167027416,78.19775264646712
28.273435724442734,584.204859830812,107.69912035701665,76.04076727816334
25.378585392474434,586.7196290241914,109.91248163276842,74.15909145319067
26.567730064236265,587.2561488538198,110.47533907685697,73.45299353294176
26.12227758695567,588.739541702946,110.77264952001407,72.7209612029775
21.51444485544041,593.2317799266372,111.15582087837898,72.05577002171763
17.09324476360606,594.4820404767203,111.40506344744311,71.53989607957197
7.950044691818107,596.7361134135077,112.18010716232902,69.88743099446866
-0.3318888113925311,595.7045499356271,113.7268239933268,68.01162082548323
1.7799394142859555,604.6373338944835,114.35294005634807,66.82255163753128
-5.140792417655952,649.194783596091,105.65304770450693,76.59365957502567
-4.223660295655499,655.718521709373,103.37759971289226,79.51740443181512
-11.760851180511054,644.3740133960279,98.64469869197211,85.82677690435308
-7.220507345092578,660.0771934344297,85.3969725139251,99.90421339484661
-2.1656626794826224,655.1644928314175,74.68552111875485,110.68374998479432
-0.3230685222167935,635.7496105869217,69.74235358056126,118.04320014520775
0.19046771024912346,633.4852013373976,67.74224234498261,123.64985765110055
0.1980939639635757,646.8647651913527,63.580052995626644,128.56362824759833
1.0851246900723623,622.2180887411001,61.38882577842715,133.70749561502652
1.8903681217374668,610.9560498945664,62.62529200840106,134.45165800351333
9.942309248720733,626.9823827669911,63.466158007164196,132.92245841901644
1.3993613933140878,628.5155011970509,62.10106009280085,135.4166063262683
6.603535378925777,617.8377342114999,64.1125592337206,136.13903416241004
4.988620597189296,624.4837834133604,65.94902134655588,134.72277653260466
4.554082885862151,618.9092526286479,65.24935021500578,138.88750164106438
3.535711301026261,624.0382530849774,65.41288035230191,140.66440707351282
3.9330217131878342,622.7889774832372,65.44450166205401,143.99773587599856
5.62335661561751,626.5057069221843,66.26345709248633,146.5395289631099
4.529129573449204,640.8629287495297,66.37728331454733,149.1633243637468
4.719346054226868,640.5867681230798,64.91638744886811,156.10851206918582
3.775255476341208,637.1920637749188,61.526739603947235,163.38527912692493
3.058577063714978,651.2720523216748,60.72995481713606,164.94082021567152
5.2219978071638735,614.3408742240108,59.609228334359784,164.72426927536128
6.977942290578149,612.3645221033719,60.572117653990304,162.27172088045603
13.417753740303134,612.0327511353718,70.37575354754557,148.10757674102572
18.63796221427281,620.5334224297579,76.29468365688797,141.3987422944387
46.22729289621801,653.2386307130253,76.53446740518201,139.8751867365337
11.354041840053227,632.0203833623916,76.46585026802842,146.4193649037491
5.526126936848499,626.5896356866273,75.07607148571611,155.5086919807431
0.26610237530672265,614.7717136950008,74.3783405174758,154.68837100776472
1.535067225254025,612.6358036773154,74.3978038540262,153.0095017595529
-1.3942475417364548,605.2553447522703,74.38517195005565,146.2065445126917
1.1945761340949161,618.8596868480604,72.46967005264057,146.07753518988793
-0.5360496433557316,616.8773407366214,69.05220034999036,149.31155064772247
5.442096197865418,623.9944048333797,71.0494068887945,148.18105322575934
8.59283730743902,650.2108844985262,66.63878521390879,156.4480204384484
9.694454042701175,619.3528454215968,68.08608666806816,154.0084529847674
10.070687148025435,613.3498583255553,73.28223278568987,143.0021575377001
35.49799424147565,634.8908798296729,69.25006218214685,142.1751412177581
6.676265648830004,605.4285232855381,73.0674568991866,136.82798241435768
11.514284367747457,617.7485321489125,78.54928555607694,131.81204147536758
37.06706221455862,627.4481305830844,74.06195979191756,139.05604777326468
52.89523709407516,645.2324094480097,70.87013853507894,143.8917826472166
61.370720187184496,650.6317597575313,68.1490093854376,143.06410974681287
70.3185785054287,635.6707627013019,66.49813518314878,143.56859687659818
67.2915853456186,632.4289178596222,64.45092139805112,146.0972669695572
52.35875906035196,600.123015182933,76.25879170571704,129.71787013198244
38.12102104536428,601.8356965378066,76.81708709632368,127.82086390082237
52.27480129458183,616.9713049059737,74.17284091387005,129.6522269520786
14.523490124635181,599.4155011605658,77.51454285716707,125.81913264451968
30.884022071372357,548.6967943564823,75.79243260989116,128.54712527479296
22.239635110484777,600.6042066858913,77.46115554585845,120.75491842761713
23.801845922856792,611.2375951176331,76.98994419437864,120.30835583049515
51.26962876774719,669.4844494979626,72.24131607943187,126.69887623358545
54.58818004821079,695.5862090271589,68.77687893795024,123.69392785212875
89.12762280006595,709.7912456460363,73.69931860351369,118.15805959441069
69.58668382515135,658.8982855281469,65.40217898858518,128.1084443885559
72.31597987196879,647.6854259576442,64.2341763794731,129.5791243869249
75.56266858968645,650.1132691457767,59.717991132720734,135.11760437221824
73.74489866080448,658.4801239932949,58.78751436466781,134.86533248985575
47.481921591201655,615.4097666723726,66.85763839232041,125.0772552399395
46.23326992636475,619.2135646052047,65.67596264476539,126.31126139045776
56.337878818121624,635.5539827436626,61.663970373583226,123.61109914571315
43.04533567260924,635.0743031542071,62.45171908806893,120.13607523758446
51.95835799966184,631.518754202389,57.861994514957296,124.12839080036382
34.422868487083846,625.8038646871157,58.44908582088647,125.72938758692088
35.53793980364616,619.9084007245763,58.26068509324416,123.28672308493428
37.62214220816969,626.5414707284034,56.286614550867114,125.39505965616792
44.08081228149583,633.4281957632422,57.079698449574906,122.73823753397195
39.86539096843853,633.9602705431284,58.57337083613683,124.25208002255246
40.13633996981992,629.4252628513937,58.739878192383046,122.2477801161127
41.245445571581385,639.5728147944859,58.501572199098234,122.5153462285528
49.409490981008226,640.9777472304156,63.21730787380544,115.02759963545294
65.79433873717602,653.7014603955577,66.54301188835298,109.69504840618086
64.0624200436748,655.311719117577,71.44638824466051,107.84270965242787
77.86148702090154,663.4063050760224,70.06473746478922,111.74169140311382
44.23217117279091,657.0881844277818,66.62763879029268,112.55455891828986
88.66244276530179,667.0269031925753,65.95025391838568,112.65434611537484
97.75645545484524,648.8548697086352,68.0320361268223,107.99208272060045
94.16592858944945,667.8116968137786,69.57070867236874,104.86937361803501
93.95151611187336,670.8317032294798,68.32767161861052,106.35549086438076
82.80924453199393,669.0365455618046,63.566757783342226,110.57496493728507
77.31311676605142,664.5888354714858,65.42625916609205,104.7757321616841
68.08580948782432,645.3454562760368,62.73807699888472,104.52981344092623
67.86098968219872,662.952103842463,63.69621768303038,98.35386668880614
69.82564367411658,638.0189410061485,63.209742796847095,95.01200270713737
88.2852735132816,634.1154763991601,61.03380727780602,95.40534763731145
80.82711058474257,648.8785797856566,57.857223693552825,99.36233509765037
81.23700003282036,635.5472542955546,64.52802181608385,90.1632074683236
81.8604824936908,640.9416229953989,63.77053571591327,89.22465948840832
92.34281544843998,660.1238338107431,62.90670166999412,87.83219614877984
102.67968164208581,677.2497604319201,64.21586847822155,88.9358744687871
113.87586362439691,682.0544415174577,61.32046723298192,92.93072879955741
125.93069759648088,681.2964176373579,52.87285295936708,99.50630865418717
126.8993600524741,671.278599235369,48.37252851478365,105.45679764090008
128.98396162970934,668.8354630684394,49.130020562040855,106.00589445849695
130.17500435814176,673.0760805312033,45.66829842439371,113.29010496005587
140.42434744466115,714.9784286089917,42.19232035796857,115.83756626330252
141.3412725107957,726.9160266481045,42.43749435035524,115.7382898033528
150.2972802315459,731.9240585268253,45.19151301570612,114.39527989211574
150.1126655988821,682.2870838581615,46.111476670381656,112.71205339697485
145.23106411156175,655.1267615142532,50.28045675604429,109.51736163559971
149.42816758627703,657.0073564234065,52.966231886743074,106.50392538123799
154.07660282287102,671.2474620387006,56.97477886771394,107.00521412112853
148.68014756065858,661.4122246590904,62.52382282938112,102.32163243471322
149.98484570079782,661.664220761067,61.28677507010762,103.46270665972926
173.19489962512358,665.452949855541,68.55333028218321,98.09975867923208
162.10235963239367,657.1987281285586,68.22364135250974,96.4251461122683
174.96829827035174,665.9878431955991,66.21186573329501,100.17852512488106
166.71167292271235,669.2232830786809,63.237550841388945,105.79539964290316
176.33875552736194,662.2341875941294,62.99364886937649,105.460672945239
171.53406478502376,622.2645687342758,63.45928830072135,103.94138207249537
190.30546617391497,658.9388748856711,64.89690822462646,101.85548870357187
181.70855364554336,660.4281634341176,61.90080452980375,105.90837369318075
173.558844523184,665.7466108723074,55.641623173985835,108.97893134396435
175.92046778315836,667.6400484279613,49.403421540765436,114.74759777605539
180.10581400877595,647.007209415289,56.321774434831866,104.64918234966653
173.05614022658648,662.5567223356087,53.99824314814359,105.58135178008189
182.67697499736795,657.802108663035,52.52605399528318,106.2624590990304
180.8172048034573,652.117926753611,53.05082566516538,103.79659330688608
181.8113952584167,652.7688992832608,54.20830893329111,99.7608610553551
191.81507956182145,660.6347582253351,58.08969068798314,94.69122168441314
191.3349141656368,665.2787199453245,58.765692910352584,94.37529135075995
187.12374866027426,664.7033619655014,58.738695372469664,93.46782224817645
187.51173875411806,666.7593531306383,56.99386415730044,94.34770244039782
184.02151589491942,670.0915177494801,55.50153625151983,97.74490282618325
203.29129092111276,675.7047649524076,51.14844214196886,102.14700211604091
189.96604256432806,667.88444106327,50.85279985698745,104.83590845925991
208.57146952262178,702.9690461214103,47.165411222952756,108.25568747624993
206.418090937913,688.7978621612604,44.21359542718213,116.05639325615363
202.44252282210698,693.4111236008716,45.734116532847835,116.42540342556251
202.25247116147392,678.3476496052783,48.30142116647236,113.54438764346497
196.65085061046722,670.8641732491212,52.00140968454467,112.91721718669451
205.4040583077243,688.4301427441219,52.936532799938234,114.38471473778156
204.89424054654677,686.3825684637998,54.31008903738513,118.48114779469418
213.67940093922527,693.4237406372927,52.810660196373775,124.36633550166357
206.7340510302201,672.070514724256,59.6697498520455,115.70838820204115
208.76743517588952,670.5505159701837,59.12174648638917,116.6026985377186
223.7364001521933,701.8472773353034,57.167387682559976,118.46424583248225
221.58108514337852,667.0663264404479,57.7805978837391,115.64329077289499
188.9918556857914,651.5163583933855,57.43478867582384,117.72081682745439
181.44015931422365,639.9567635808962,57.19463839213641,118.80752267150922
172.85226345950235,659.204350756347,57.30331544935822,119.50842919843151
173.0065345161306,640.8861033306856,58.22028957064681,119.22595111744545
185.25849786627427,682.9179860424998,58.65230044561796,115.37411181133334
209.4231688945329,676.1202528955662,56.050644034567426,116.02310499984799
186.66734399075574,682.9187199603441,56.167354825303306,115.00915716563969
176.21756506301227,657.6596464826886,59.13515604402883,109.79628472951713
187.00323134479157,702.4966480522559,59.58366588550029,109.02410928119441
187.37121051484354,708.2863414827497,58.60686170143387,111.01382863001044
189.38613468102636,707.2211235787072,55.92144783183393,117.01126840356307
203.8929926547857,751.5110594597204,62.10263749587436,107.84371818625256
213.86894330359516,776.0171005497714,67.04039110082437,97.38588919429571
192.56056168051947,731.2722001978199,61.81402526539179,102.69949784860634
192.4830310107522,716.9092366974074,56.58453430379929,104.78186576607649
183.64077200285814,708.8329146331836,54.543487548475596,102.71028858983554
170.78006586650207,715.8562333441158,53.8339011221134,99.49464535401131
171.2057272362969,714.2808938450673,54.2479274591744,98.574022038556
164.92229388266762,713.9502310549151,56.255037916292984,95.45195253644565
163.3726787966855,733.3697155577413,54.72026204477696,98.24017416410754
145.64194722122042,708.7457151323234,54.49688582046014,101.25890802007173
148.56708824751237,711.8159985350342,55.27453110133644,100.04924963663203
149.70230674700423,702.0488378170613,52.74997011468486,102.76016050899776
146.6457923472251,709.6151956590809,51.56388572110474,104.12427500917364
146.78616855322795,713.1140296536902,50.26118047302499,105.12846838823226
146.34947799554317,717.3848841861608,49.05194533922699,105.73083401129585
155.27543119191083,735.3437243437054,45.67819582959165,109.50531263199284
155.7946664682743,730.8521981803158,45.17371456042853,110.30233567628662
150.57882074084364,721.4034712539037,47.06652834836166,101.67955706442457
141.39108691418872,720.4074844653857,52.37882772322694,93.57500588224949
153.09044550768664,722.786741841955,55.291317008521574,89.01734826648496
155.96842384826388,730.6623032308603,55.678198818672186,89.58752389908545
145.75507138437956,728.7279025673596,60.420423174833815,84.63081504444982
141.31212941532175,721.4597021132358,64.62948287576714,79.29940557749462
111.16444712281891,690.7523898362118,62.37332670974943,81.81358675227763
108.53326684958425,705.4530960128192,61.95087033732963,82.38965340783535
75.38084156019832,690.3038286611143,61.687692841695096,79.34489792675267
71.71826167521417,692.3900013229799,60.920187001043665,77.54581065926034
67.37682160832458,693.8529811387731,58.294284774818195,78.27704474590158
61.35740266400416,706.7125124047535,58.88335320151249,73.84139951425769
53.75093450402629,711.4878076366634,62.081937108508185,68.55324309612107
56.976746979358126,714.7646776087897,59.261973561082776,68.51906951067079
50.08204405412608,711.1426793457631,57.742704985838245,68.69065849594516
39.99055144782706,717.2646163284693,56.87241451269201,68.76602181176688
33.036539226702736,721.2047353833532,54.9836119055696,69.3258609115297
27.304695453256052,719.902887533527,55.094950884892185,66.8617622256807
21.835807644480706,721.6409639673108,51.04513071839818,73.21290802194946
15.124709653917883,722.8084201119115,51.04436944946195,75.04524095262697
8.837599643337281,724.2452504654029,54.40081632894573,71.90352565076626
8.026741439660547,734.5285748780018,53.425781435893796,74.92075409589654
