1073.5,519.5,32,76
1077.0020727435817,515.8852895182748,28.555853063088293,78.2529493107219
1080.5065882181207,518.2330257619415,27.393281811321124,79.27310319823152
1081.5207252277753,522.1429283986758,25.88766183443298,80.39150171987689
1082.6662821050516,522.0799096360348,25.522139850962375,76.3596326806703
1083.0358447752858,526.486364432448,26.557855600641574,70.31904863157354
1082.4243707888077,527.8708118233069,28.590393370156036,62.904576791263274
1081.3707122720677,533.8371015921475,32.22604369334062,52.660799896788696
1087.2121098817931,533.841146392834,30.358011240988695,49.50402971303157
1086.035228088852,539.5219799156222,31.392199072849316,44.368186280913704
1085.9985419488823,539.9701942553152,30.855240256486844,41.07879600529606
1093.1702615114887,534.793964786659,26.187942413800855,46.33035962504145
1095.6835932292568,527.0833353733451,23.642323167342006,50.43807110020431
1098.4172360853559,527.1240990704983,23.32855827427216,50.34469539335133
1098.489807981148,526.6369892737684,24.467553445013465,46.03095835808632
1103.642437328484,528.9364957984254,23.224360207535092,45.47015109689412
1102.9063240201283,528.8589238058456,22.56516017929605,44.159704152169
1104.5143083379605,529.0222724898264,21.952751116467955,44.101578125475285
1088.7243020837655,537.1050246938478,24.272334366583216,38.930337615267874
1086.3596891539435,539.0933673367108,26.46675722552667,34.570014445600385
1087.0784513405288,539.2764580117139,25.07652984416265,33.26779535254541
1088.8054046169375,540.3691391741302,24.635408233505682,31.46112653915052
1087.7939083427677,541.0425758440997,24.567416048639153,30.125709958633287
1087.378002462776,541.176309812084,24.180693902960925,27.971703483391938
1083.0440738265065,542.5626743302323,23.60474310768634,27.547955934240157
1086.3128954673055,543.5124020560075,24.293162231171166,24.998463513863896
1089.8602468340264,543.9089707279221,23.392865689032796,23.7245605080287
1090.2680352922505,541.9146686991326,20.360859469210972,24.556746515822855
1092.0006202109762,543.1267260915838,20.842939370679325,22.37978215532791
1092.28005364076,543.1580361405596,19.891557314063157,21.89988997182337
1091.489765523697,542.9303593727273,18.934135885382066,21.026192040732646
1092.2381318583532,543.7714563030869,18.203967131384722,20.272909588657477
1092.9985611643392,544.0974475428981,17.496896179201897,20.054980582762653
1096.017302943952,541.9606519991319,15.63326632518954,20.622621404564995
1098.0281914464754,545.0890468531912,15.074851415946323,19.45795127044142
1097.5740736744117,545.1746767190309,14.495788788483125,18.613743815815894
1100.4110875317344,545.9692977902998,14.218769786796422,18.102074080372788
1097.085297393028,545.8030251000878,14.37975351114411,17.23550520716413
1097.9400450699463,544.9792153803381,13.495515264827953,17.566297115108483
1096.323110806763,545.1415660888059,13.84790164787359,16.617558901671565
1096.4338925530224,545.2725378471057,13.471151115267684,16.245851283185953
1097.3866265720173,541.2497027613537,11.474720608588711,17.70402245920736
1097.7323950898426,541.1140039556589,11.136756156853535,17.03055554860602
1098.5975198303015,539.5582478880975,10.076620456752744,17.970867396562635
1099.0988167800715,540.1463136386554,10.92377598772492,17.836418207181346
1098.069971308018,539.723914793893,10.0785981030563,18.41848577986104
1097.7415300183748,541.9879762982882,10,20.058745995477373
1097.4276633240174,541.7080129447376,10,19.91247247337236
1097.465794091692,542.3865662495351,10,20.068451326708107
1097.2507156732943,542.7216394757054,10.509712945433655,19.682050572771384
1099.5168826414485,541.6523227820802,10,21.70885494060102
1096.0323979449229,543.3058091420552,11.031703452971522,20.13925649636822
1096.2478855798552,541.4801712608958,11.220522624013055,19.293533313191517
1096.6863485178897,542.1563341784289,10.670079166886136,19.83664085074153
1095.6652076809519,543.0605930136504,11.277373649673532,17.93903589470668
1096.1846959820123,543.8401711040123,11.835061350962228,16.619092149904866
1095.6326853916446,546.1976970852168,11.70478762227544,16.25934842071297
1095.9058224277765,544.4520425138315,11.302187575818618,16.326107514352373
1095.3957645830562,545.7051480627448,11.885221968073779,15.36257724601963
1096.1300757406484,545.083345403986,11.427195571724361,16.005218333326177
1095.5693897476845,544.0574934516682,10.312065385420603,17.946360125094103
1095.3607900748118,544.4674312106779,11.0202037110709,17.084133440860366
1092.2306703814616,544.6665477058845,11.496999482220843,15.90978388233747
1090.0306005243729,546.532221752481,11.166005442678298,15.403114270393987
1088.0830896538125,544.1367802398768,10.758904880931638,15.389879448931639
1092.1762343108214,547.3626000295463,11.71313706245762,13.9392517047084
1095.7257280645251,549.028366220102,11.700249093381853,13.51275932784053
1094.1768137583592,546.9335074079713,10.9002418289916,13.95255584083732
1093.5450462836907,553.8298279702682,10.86693491397931,13.870918193325632
1092.0113015140544,551.3828160753138,10.038554310172739,14.394610081974946
1088.5864121332518,553.0235040428889,10,15.612662331678386
1084.3805026897412,551.4412956464968,10.166303782029239,15.349094656190564
1080.7356373779132,553.0340018453894,10,16.116506468873542
1078.6309896204723,551.2964227596623,10,16.39690498594969
1069.7578218117133,549.118815773779,10,16.160431201260472
1059.7707917130724,547.7752493429765,10.7168834253526,15.268756142523884
1060.307417351883,550.5967625363633,10.365113088349744,15.2488426357336
1052.2468455274836,547.6936067842556,11.137088719702504,14.40336259579293
1048.6974532900424,548.3447821084453,12.003934083342113,13.426870797313
1046.2348783272278,549.7318742445281,10.686063197451682,14.463382018599347
1041.7724692588852,547.5845380117053,12.166657033968573,12.96712775703004
1037.7023812902735,544.608637348523,12.607962918319203,12.394070211527088
1027.015198795411,542.8470115355144,12.153828229109337,13.055025250525949
1027.2172447278633,544.120268460111,11.328043709784954,13.13540965713257
1027.1765814454704,543.2621980277987,10,15.047783024523092
1026.594607213516,544.3813891467895,10,14.830616434986478
1028.1600977926641,543.7641454389633,10,16.167408385919714
1027.4846267623082,542.6200517586509,10,17.689365850389695
1027.4853898727993,542.1033015767041,10,20.053614776171464
1025.7982865366057,542.7134581307379,10.205717988076284,20.43200166207508
1025.2186375739388,545.1050706127165,10.554328777914819,19.48738845318243
1025.3937499091246,546.1521900919143,11.965355470052407,17.916339821018184
1024.0141939995701,545.4402443097849,11.571441552242971,18.57851941512012
1024.735334096636,544.2837462500305,10.926021760228192,19.387042814794484
1024.7961105731197,545.7625929742164,11.255931330038237,19.04068652906961
1022.1667368685848,546.6605064853654,12.135223196306562,17.57727309182394
1022.2217079598126,547.7170660082364,13.53859724927412,16.59260854912025
1021.8392312531137,547.2752276672004,13.564647823860524,16.06210013722405
1020.2613795973876,547.4690151034506,13.127287569635733,15.85918842994278
1020.1147379254387,547.637060132834,12.38046859358563,16.21788186971927
1020.0458682299858,546.2405136566967,11.091145401516894,17.405466689134208
1017.6218953380752,546.2273665902356,11.503160981988614,16.53012201923493
1016.0238198989729,546.5064591413413,12.111424391826775,15.745518148961963
1014.4721493146263,545.1207723013418,11.205816227002733,16.26328779654872
1012.1734778573702,542.5254060019778,10.929379894051753,16.26342215959181
1011.1081766706185,544.7463495270576,10.783365112288077,16.150407679713453
1011.9833881305088,549.5838670549858,12.220617074786583,14.156180803801806
1014.2212313619891,550.2048090458387,12.61858955317064,13.518275548312896
1012.0358191987194,550.3762269267115,13.131617830609681,13.014104955622141
1003.1199108453474,549.8834453897581,13.673033751894675,12.297271991864616
1000.5911920049558,552.1811377125085,12.598584314237193,12.831448817214266
997.9710812554313,552.6083906374166,11.260631547133254,14.040371325994105
998.2286597665764,553.7820895500316,10,15.449896787806203
995.4875690791295,551.902058366808,10.28657223814355,15.127825098587156
988.6899916294516,553.36372865921,10,15.165179745768448
982.8333606214504,550.6304590616801,10.185395391578432,14.351344204286502
976.0353078309179,550.1559187875157,10,14.494660070761508
974.3415066404349,553.1070174629608,10,14.801175035459494
968.4236806376225,553.847172385266,10,15.306332411881248
961.2409923231007,549.3497630008995,11.029077171212359,14.12370232099051
957.4046897571716,549.9312531270606,10.631718942695029,14.448832079589963
951.1720781094732,551.8718595507821,10.02386405357069,15.099182163943945
950.0148484016881,551.3186928931647,10,15.634232092178458
944.4929291353424,544.8054420294036,10,16.400652531046088
937.9496162961888,546.7339082714719,10.63751831515017,15.453421574875748
929.3433464593239,547.1745291502272,10,15.722741229278355
925.7541461978244,549.4306806899026,11.232578046624486,14.250539281252838
927.6373468096097,546.8731208761587,10.524217217610111,14.147960351404727
920.1508533462129,547.2544897645241,10.386337016798844,14.348291379409496
919.2573472480635,549.7278602315448,10.519075599642374,13.675598333924608
918.5361915361219,545.1634520133978,10.174496277920818,13.719551043166739
908.9202731474063,541.5907916448473,10.481136935452366,12.98104581392154
904.6019094192911,539.5077314810749,10,13.996551056684222
903.7293419643333,545.9036120332405,10,15.153043613247359
901.2981785198205,547.6573274616952,10.508600858950857,14.353926726545449
903.5398504079025,542.3858701635883,10,14.74985345499071
903.5140421076273,538.0257909699291,10,15.188350500189792
903.7142863587899,539.5559299217806,10.173500924755789,14.853860311474921
906.775201758382,534.5176782846531,10.497865814987438,14.384218098863604
902.842365421928,543.6370789049107,10.042899949070165,14.15175778561538
900.2001798867244,539.127936093298,10,14.331576334975072
888.3504196904397,550.0700044905087,10,15.364155701988278
883.0081110567567,550.1705612320085,10.006775274539088,14.25161163134376
884.5771633005394,550.3353247266301,10,14.425482968050023
886.3008913940338,540.6504734057972,10,15.33497292010852
888.4494553673916,532.6195334157603,10.0145702148864,14.998080010939963
889.5377957158283,531.3541492872052,10,14.466875297023023
886.9948632472074,533.2961196138008,10.145967333770308,14.08722952944273
886.2970168488766,529.9247849381635,10,14.21765964934542
885.1223077998196,525.100359712545,10.121742557995306,13.307769903300656
881.8967080991716,525.6096581764064,10.482720939403425,12.506698873594818
883.2819219713333,526.0661260337636,10,13.245705533754617
886.3359815765801,531.5442223382066,10.296852112488336,12.939536881318437
886.9898922118435,533.0142801896151,10,13.556634037860935
887.5761260808406,529.6961136694905,10,14.084061871326437
881.1647730171545,526.1677476403431,10.235130948366162,13.748664855375997
883.1706594464472,523.9897087262993,10.15898857077816,14.034075123857875
880.2907522429213,530.6078568958701,10,14.475126450552846
888.2818325286673,531.8375847791723,10.527421737273297,14.065825168636323
885.9559551308489,530.2946724172808,10.265342847519868,14.212591129455156
887.998614274158,532.1199458145616,10,14.661077163695905
890.0390283418485,534.2747143110902,10.860909505127808,13.174222689631915
892.721685003989,533.8191632237889,10.89757974128286,12.609759273545277
889.6325175546898,534.1530277706754,10.192445442330733,12.956563921360939
895.7820386164836,535.2935302679317,10.60159747854932,12.611545328914413
895.7808926238008,534.2532075290401,10.855191773383005,12.435483445299488
895.1597694634866,536.0143826666707,10.477196357344472,12.739069277613577
891.6740683339576,531.5681837118586,10.293436793031095,12.909574147323072
888.5929986258906,534.6881734483092,10,13.667778677011801
887.1374650855875,534.0396958930099,10.030490282592844,13.555387159779823
881.8522305487513,542.2836180855408,10.484352476018358,13.14873532116767
880.3713059651166,542.0883956727331,10.394675880964746,13.144394642615513
879.3336781581371,535.6658321945807,10.26842079564555,12.852989078963404
871.8238997656401,530.8415595102375,10,14.006403379285963
871.2115101399788,527.956509276561,10.187454946956056,13.682123228820757
870.9680529268454,524.0351589912354,10,13.876760596823708
866.8409644151407,524.1455002998807,10,14.347542094197276
870.7145507766625,525.1280920271686,10,14.6301852844055
872.6101236735939,521.2001567439906,10,14.694687471810584
871.343003547938,516.4550754137239,10.081273839779918,14.50428373622196
872.9510862950801,511.7036862858235,10.08387863176266,14.70245439991313
872.8026359967622,500.74842208155707,10,15.38325287128239
865.8431210394388,501.21109004602584,10,15.589715762116068
870.4887761063836,503.6544065956202,10,16.090826296168057
872.1185326888942,505.3669748390266,10,16.596330584201024
870.7951384390354,505.3012666915093,10,16.76473856348218
873.4295820792614,497.3500769589495,10,16.953003321066912
876.8901299901355,490.53027695998895,10,16.78538430620845
875.1207057214821,492.0365916436068,10.19337853839788,16.66839188519016
878.2252190038638,485.99020674945524,10.258227001687162,16.500935620046903
872.0624586484048,480.2745966984769,10.300088691691554,16.58910814837509
873.7914373690895,481.9782448550343,10,17.57916232062229
874.9184904501608,476.9219536842157,10,17.86916675403826
872.7712168070743,472.21587928387333,10.20028904709874,17.554062663540268
872.4099860962418,475.70009213771556,10.766266135952899,17.467115178381718
870.3315116526883,470.673563884787,10.754102211363056,17.648956878610257
872.3068851248482,465.64642702394104,10.67224350467259,17.877527980708027
870.8502004146446,467.09869868449204,10.67203146519832,18.110215307814997
872.3645163084777,468.0412845408098,10.253663081769005,19.110597264016008
871.9932335904236,463.58727661807393,10.059528123829017,19.40038163180996
879.0563462350317,455.92300496837413,10.392523537499619,18.875218916659634
880.4818793170559,451.5979812260144,10.644416743544845,18.64381906396287
876.7249949689052,452.8751755320291,10.843385581739541,18.42026985354564
880.66153735462,455.1443437601046,10.850212644534283,18.4148964789938
870.9246697226203,461.7600987826297,10.585664721284427,19.169793557796897
871.1644628448469,457.436662865497,10.695619151143813,19.161798648720143
872.6331420671038,453.5165471066644,11.48153086513177,18.71158853932636
877.2007046682318,461.6361183580453,11.472970952456215,18.91880359472141
879.3952235460052,462.654378826951,11.608372208390117,18.904747006933665
873.7053240577081,464.94626735203894,11.770489764821173,18.55992888621261
877.8706729805151,466.64140593290807,11.947285795124913,18.321452527091196
881.2146294022497,467.79068773613864,12.037322727006405,17.92945026898492
885.5673030916263,463.462000220458,12.235835195880545,17.797101171814347
883.8522350229953,467.23319987744884,12.170952181232742,17.722162436995855
881.762852361123,465.71709429321356,12.26350625181476,17.5353806878286
876.1445737382141,463.6197201400436,11.401131903498625,18.49051095704151
870.8924092601217,457.09972080212947,10.959381051102165,19.660868161778275
871.0244866711244,459.0532897352776,11.292373156832802,19.56056050937166
863.0659509527669,448.3217523703326,11.430203021908271,19.47504976105524
863.3243123899066,442.65615700327,11.693503096668428,19.290840941189522
860.9327092942351,449.3660785116432,11.857573281965333,18.771357070038352
857.7745428789976,449.9233186769719,12.128753841482933,17.777549581354172
856.035198859719,460.5405821895547,11.063567447830955,18.451993516015754
855.1596216586613,461.59806488855344,10.812255103888297,18.097685859463553
854.0251656974842,459.1307885924841,11.588877080462694,17.166657282725154
854.1511802787609,461.99593720766177,11.522493154927407,17.515657534733315
847.3727461817612,456.96510894996766,11.915899902447283,16.796606203999136
847.74490100858,466.94592328695074,10.79571017828813,18.045352385618646
848.2831416617214,458.3584481366523,10.35462986619742,18.772295786531256
846.813259615698,456.31580090316606,10.66279705527177,18.429026778298123
845.0349888998749,454.7570336804772,10.924974461060359,17.93186127705016
846.8725163893438,457.7521551906542,11.223377578646796,17.970869775015533
849.5789465619957,461.50666729671104,11.523823637255022,17.616023826304485
846.5803874598628,467.6369598121444,11.17220334901353,17.99880861715351
848.1271278767883,470.768982672704,10.790302702438186,18.42398324946693
854.1370764872281,474.45971512310643,11.221334089810284,17.962998355176712
856.4040124504972,469.1647864722457,11.853077748963448,16.800299274018446
856.2529608180371,467.6159536402093,11.928207671102893,16.400705536688534
854.7765583006775,462.8094051048709,11.599065998917116,16.616075697754816
856.9230430818301,457.7887466576318,11.12175505868358,17.114363618216927
853.0079172073313,465.5200913489794,11.233260683523559,16.634350293929764
847.5807919523957,467.0113172478452,10.853255370664481,16.980342316143116
845.8856591985506,463.29129244751647,10.960011789398703,16.629963667188793
847.6199746152766,465.3045647798979,10.908804467676314,16.52093040175146
846.1590264133827,464.85590324810664,10,18.01609820825018
845.5712728973405,466.5469390331054,10,19.323712569483043
847.5456275101528,464.7161562869111,10.027577814198875,19.257845331847363
847.5616286621911,469.0287270969137,10,20.05916126692211
847.3984039718362,462.7315060961351,10,20.917239217717025
855.2592064815462,463.597149849296,10.26765338150185,21.218028855340627
863.2123284760951,457.86364421034466,10.500034533902564,21.02791406869318
862.6295059425213,464.4710909146086,10.6550032050595,20.944320303007387
864.4352789311745,471.76297209442606,10.86247151124145,21.261410683856766
864.1049751254345,473.80567196858465,11.105525581368145,21.036742726531163
872.1376045520195,470.1134631029097,10.872335297294022,21.770188327612754
870.897831349667,472.01436177106314,11.14633237818644,21.488715350229445
870.4367117772143,466.05182859619816,11.72667920292953,20.87422399818152
867.7528326152725,467.2881233015279,12.47582109170419,20.27731420256566
868.5387798472954,460.2504590185988,12.329609025943567,20.38670307040087
869.420443037266,452.23690767261223,11.977951983769392,20.87645443573081
869.7252096071052,447.39334908764425,12.166898685011823,20.448869812112253
870.029126781155,439.9611394394614,11.747564174313688,21.028859383387122
869.6834485090782,442.7286311129096,11.513262187117485,21.311959845945697
867.1883889774633,444.77299392980973,11.888899909850961,20.72922700425604
862.9751477374349,446.6353737810601,11.85206970156681,20.755535940799685
