1763.5,354.5,137,335
1750.869174363041,347.6457156958926,146.22546606520513,330.15974031273413
1740.9273361113187,348.60050329082503,147.52864280670087,325.80157523284475
1713.4200800053995,365.9363137155665,156.87637029922053,314.527118349439
1712.6292043450585,351.690162340362,152.68587948327757,320.0094671840617
1697.4023735589194,344.447458489439,151.94959767154623,322.96462895464754
1675.091086844111,342.8841938306002,157.3099386656699,322.26165039623925
1653.1275055094272,346.0022777991792,164.86385196489738,316.16142518226286
1643.528869182741,351.4341949724638,172.08537146330775,310.77395389180094
1638.3450865702723,354.22879457307306,175.5899514054325,305.33460309777223
1631.2546485016169,358.77902755888886,180.56039876213765,299.6993779478146
1627.7639676343179,364.85749574627687,181.34823895888593,292.6231231963118
1629.67567959121,349.02569563634063,183.91633376044325,299.645515972873
1636.4230954483935,359.7962210416693,176.75117365523448,298.4379418983881
1636.7626838701096,358.6422862662279,176.92736600605662,295.47253408284143
1637.0533117906207,350.2311767772127,173.84228040202038,300.5841710994849
1639.3044350182809,353.3799254039848,171.69956018083667,305.2805572339802
1640.0694522732088,355.1326723038273,172.16374957534504,301.1274917871647
1645.5115330260617,346.3509840205737,173.71132069020163,307.4003438158943
1644.8498733770914,356.48225983268026,175.646577697635,301.57734686602254
1645.2772218887235,355.1530862271685,178.27643738911212,298.87116619255306
1648.5164420920598,350.37449898221155,174.19447996220055,300.53949902259114
1652.5656013856847,351.8510645074856,176.28194815867414,303.8178992847254
1652.0107385990132,356.3454052974085,179.50240425138665,302.00929758519374
1654.9646132973412,358.36632230322294,182.3829768358995,301.4967822513041
1649.5323807836744,359.40583254167774,176.98339144154332,301.7771889967347
1661.6599962904304,351.87984815084997,169.5879903100492,306.7575847112613
1655.0901173320092,356.99636324964706,169.63652615879408,306.80673529443277
1644.5657543258028,358.76296646519563,167.18147556955836,307.06907894057235
1642.2567379885672,360.5324628068341,167.69908327868575,305.24687939636135
1642.668765294951,356.20546687988457,169.92043824543873,306.6141792857783
1638.8087140865346,352.1806915623003,167.6440908436843,310.4281497011207
1638.9233106977003,348.9842852707322,170.66761563945687,310.56392060647556
1641.1417888568976,346.87717002958595,171.91301905932517,314.8713665381928
1636.7253148598493,344.27047086556985,169.92427689784802,316.7525664571741
1635.6035876360258,346.11810979335155,166.42372936927507,317.82950949952897
1633.296096727349,353.5642000728684,166.75342051407463,309.7840246801954
1635.5734885577783,356.1660325213175,164.0715787430016,304.72398482666335
1635.5961552931383,358.51829737290814,162.3296160587915,300.9081988111672
1636.7558978067043,360.14520241580817,157.4862469423233,298.17829705019324
1645.8344504681627,348.94132753722965,151.19283273521708,302.0941010330468
1641.6560096007138,346.80535227536757,149.22163674959666,302.081136859112
1641.579935148951,348.13789931999946,145.21626415798832,300.7935488755504
1646.786811604428,344.78915215326305,139.48273546579458,304.8032438075569
1648.2846407731008,333.4738521339145,138.95677607044578,309.6668122972311
1649.1755152924693,325.8599220517649,137.1973181626729,313.94126049699486
1650.778577821065,321.25672614837185,133.47098871603032,315.3977995274041
1649.2856674526315,327.80789682146104,129.06028501448785,309.9676859130309
1641.839848278998,330.07149422964653,127.23901994776435,307.8318757301656
1640.7031521682961,326.72416960286847,128.20795405018907,310.0554887406381
1637.9758558825577,321.1894519350261,130.47469832732602,314.5279371314705
1622.4912847304556,331.36899006016165,130.53480437532326,316.2830370535234
1617.8093127348175,324.7777521306375,131.20347332192358,312.15719621208143
1601.9505351220384,318.47613617947405,129.67385255259208,313.3470404022743
1600.1569783682473,316.4928556120402,126.28473226920741,314.43763469711655
1584.8455324479899,309.786959525693,127.64496260122604,318.0082565849051
1569.8735045394292,319.9527302432697,123.18722066784912,315.24714982382994
1568.8949606529088,319.77489586845627,124.32592535838302,308.34490808976534
1564.3854502883926,314.08986241398657,127.77534111743759,307.7644340756752
1541.7524678269867,324.2816179901695,122.0862939979969,306.05992345189964
1529.697043006435,319.60871961858356,121.78513028377155,302.3571514174361
1521.5729727702933,314.7275549927646,124.29409098891269,301.94203246651705
1516.677616801592,317.31317965762537,128.2536845735102,296.8751145115865
1493.8254579965392,313.36889258616907,124.13689236392142,294.78133858162244
1481.9144840714325,317.90070410878275,123.32142144408101,290.7392792319947
1479.616587255184,313.6887609452406,127.74421183101045,282.14348786974176
1457.4936267833132,323.81540950956327,123.78814762346877,281.47274144682524
1444.9381847349755,326.3535617129335,118.10845653657566,280.2092039144867
1439.8930753047862,328.0257126407473,119.36612514311703,277.4058407722107
1427.2776257637888,325.33902426132,126.68674600675166,269.58053596466493
1416.7595647410376,324.8595637479271,129.68334282622772,270.0707310992335
1409.4036677736824,328.4218803688485,130.59397110225808,270.52855746491923
1401.3910513196386,323.90801309280266,133.7470933177852,266.01932178166953
1379.4675798643857,330.5397471574364,128.72566650977527,271.84461260109845
1380.94264316201,314.19943108886537,129.49385537461148,268.4892524307271
1370.2650794310568,319.2038954261505,132.03964643304275,270.4253593619786
1353.8785278005719,315.5729594021656,132.44005475403694,268.0004511384881
1351.5751535789723,318.18217023610435,129.54029174501602,270.30524387161665
1345.4443334443654,319.56621759043514,137.275213850107,257.45435221458825
1325.1529950993574,320.06943956426,130.93951881565494,260.3160256421511
1308.3628379210127,309.03843371617404,128.3537400855115,261.67660105017785
1303.7014851895997,315.18139042830956,128.8816010309199,256.1080768927721
1291.4585459963935,317.538508930146,128.71039204343626,254.80092855930974
1277.4336325373356,322.22429132708726,121.38863082038802,261.8454380322835
1261.334540364522,308.26758086893017,121.61653161798571,262.48903527434226
1265.334641985111,314.59929470445417,116.88451020498569,257.63292550368055
1263.9189979698972,317.9039599042405,117.06994646537778,249.26435291461235
1261.2203047912537,311.3194715173877,119.76606101594814,248.30802017977746
1239.368258546016,316.7958325565054,118.93245594844811,246.5180856449846
1236.541059891364,321.63290818309434,119.66302005256838,244.922390073526
1224.9174643486203,310.6355983721736,118.47964743851375,244.46921436609966
1221.1199628925199,321.4284619120807,120.65937860737262,246.1138964615942
1201.8638979132434,312.74696903996005,118.97397527206994,247.9362388125549
1202.9588518749626,312.8937129573668,118.69315750733224,244.92177659702259
1185.5309036409985,306.98207317865365,114.58589930354455,245.09785583066144
1183.966607745854,314.0529575373381,116.27097441777002,240.2272366227981
1148.581386485096,307.96051853431607,108.63613689913376,242.88834958087966
1151.6816851055419,308.3355134810288,107.86784753545157,242.80491744502962
1137.9146691474748,312.47886953650845,107.9544992826783,241.13561735344996
1122.5866491564464,313.133496684737,106.77344412749738,239.15710728424654
1111.8018006668585,314.5851803411085,103.19475527761958,234.9299458680768
1110.7425482007418,312.2432292842006,102.27170581496941,232.61908624468936
1101.6632265076657,315.5257952394145,100.51704646795216,229.73111706442
1083.0719210994441,322.2566508453812,96.24944745614133,223.91968875195528
1070.7864236423793,322.8559725420556,89.27998203949764,220.92426943663776
1073.6838486812555,323.24120393626225,85.21203501559867,217.7876162514135
1060.0283359139487,327.90372982533967,84.43140415691312,216.6820525072895
1049.433083802319,336.9234912166355,80.80475800988187,214.6545445992185
1049.150989401329,327.79585524400716,76.62742276177299,214.81860094732548
1046.548647265881,334.6623568198427,73.70315614996537,213.17475261123946
1041.4756059283418,332.56194186996026,71.05505911915155,210.95054293977796
1036.4610349675327,338.31382293019806,72.29437383549765,205.16213104571028
1036.2018386171346,332.0020788825865,70.52728634824462,206.39482632518664
1028.3380806474192,336.30945403514613,70.46858292879327,202.7379743315878
1028.190344161869,330.8086224072652,72.2701453285178,202.1086053120134
1025.9126452470034,333.4303815001855,71.92625925606777,200.74572270599816
1023.3074134419463,334.27196061434665,69.3322535888045,200.14669821734654
1022.621506665572,342.4433564229115,67.93696885240615,194.07881789392542
1022.0004049241994,338.2059049311607,67.66399560315648,194.93542687424684
1022.7608040570393,336.6521204951188,66.49041464598639,199.18866555198417
1023.74099538747,331.476532702737,65.8549214652505,200.528369515618
1018.9760801376939,330.3033416843542,66.21928459862845,203.4373879162025
1021.0830946518603,337.35196492906175,68.05990544295835,200.89321909863082
1018.6542732448324,334.8002911756613,69.285673875926,203.22116009735583
1016.5631970463699,338.6602831059555,68.6517020472924,202.25853567236925
1017.4570789727226,338.5244306954282,68.07048582374836,203.48779600860814
1018.4203481581561,338.338794535237,67.7472146760567,204.3058460279567
1019.5442830062692,337.0674635281688,66.74499428237337,208.38323401309935
1018.6051722681862,334.2016007920301,66.98003763735151,213.24482123164705
1017.3042380820344,338.61147874856954,67.90833068669446,210.0135058559265
1021.735370570155,339.6970871560487,70.4804770642467,206.77307523562536
1022.0655430831622,339.54778237049027,70.62224881713806,205.74100023008413
1024.6413520401159,343.00795389982034,68.84964624527396,204.04766208283218
1026.191499692114,341.5137448772492,68.26748919830806,202.06834712697858
1027.875805193485,340.6069787096223,68.60126872959472,201.43478792682234
1020.0111884135487,339.9742361878664,69.56997610991097,199.32172845877358
1026.5163429865297,341.8376434188852,69.85768785669399,202.72308661038983
1025.2465165179444,340.82070468485995,70.78818184908384,206.44787171843592
1017.1199191419512,343.2109865492604,72.33207255476192,205.10021234475244
1023.8301403912641,342.07888549360064,69.8778440805783,207.8902828247233
1026.5284909516113,346.27035518629657,69.53317684495292,207.80852207143727
1028.8080017636662,343.00629028647904,68.33470147258768,210.22061540729936
1019.7265486863521,340.78085582719234,68.49614980471108,215.564292455573
1022.9275365994815,340.7567783281031,69.7238878796212,215.3759500397247
1023.2976871753291,340.65456267464134,69.80893539358235,214.65847368039272
1026.9102167391043,341.3655299793989,70.04308129483002,217.43457690538276
1026.151561585621,337.628702799538,69.50621698366001,219.10073239436997
1027.0775663893448,344.4667799375262,69.92086836770528,215.97848817646093
1027.5033883789126,334.62998215126726,70.47994395152966,213.97264310119067
1018.5202884382043,337.2531126873351,73.19211925446093,213.64320016833233
1022.8046258231192,339.50148048203306,72.63809440156164,215.5064732402907
1026.6432822245224,336.36927121691764,72.43659224449478,220.46629079885122
1027.6803394777983,329.9407092216169,71.74153664213983,223.1377820493089
1017.7095085908448,343.51195503369036,75.83479367641635,217.03055958325098
1023.0028754216768,344.61791065668456,74.99055821432356,216.2816818799131
1024.043550715245,331.38788369907365,75.79729822926599,218.9381417297987
1023.984381903435,341.7414387265643,74.09823542508406,222.1898907444317
1021.9170340759471,351.42723185032054,72.05837541503466,223.82650160547269
1022.7648555630294,341.04131358106144,71.26641229351334,230.20266745194075
1026.6662473043784,347.9127329845621,70.04473305398454,231.42507077438628
1023.6045754060552,345.2936622441331,71.17007794662128,234.27345568324193
1024.1537253589645,351.1691109615714,71.4127026438523,230.93978242980853
1024.8232847945364,352.9962673804545,72.33726846909234,228.19504141437497
1026.1817716593268,351.8814436693395,71.53257388882261,227.93663637843213
1030.1492767459356,345.4589832115777,71.64601917083705,225.9835119849115
1026.8123899578404,356.5125693632781,70.45040098994019,225.14456514628927
1028.729941476717,362.10082208806847,69.59973130397607,217.060716409443
1029.117648625965,359.53837324746326,71.25655510222337,216.24108990219673
1027.3883470054639,362.4274052647171,73.14317730864113,210.8256576600906
1028.0548344241693,353.87034364495287,73.67741143272039,210.30680783048552
1029.2411348683995,352.161918760293,73.1327226466046,216.71340080002378
1026.1958215614566,345.1752009179806,74.84065020395425,219.81726912445626
1025.0145440440429,347.8788171376346,75.59689433140365,226.2110565612213
1020.30494220318,345.09528690735533,79.98764221044519,225.97470308395276
1025.0893527055784,327.596653856512,78.43906362638316,234.93162263965291
1022.2963319901945,336.1853362373291,80.22369329113987,237.51735167382856
1020.3411456749071,330.43743049156006,81.72875821070267,241.9151994461164
1008.3663061525557,329.1443283682805,81.50207936004396,239.32649673170778
1015.5173819494377,338.7159869843264,87.28247722105942,230.28216674873374
1012.9512013219812,327.49991379543457,86.93646338303455,227.30793535070518
1015.4203205877699,328.8368821280042,87.32823095098024,222.39705884100923
1009.0537769394076,323.67300343797444,84.0304925188214,226.85001336686634
1008.6102267390007,320.4374953634541,88.49813206137361,221.80310929349065
1013.8529761837895,321.47620024216576,90.4728012357046,219.88774126788923
1001.0587328069395,319.17612367166794,86.52313747497307,222.47686271998094
1004.6882999013147,320.88470520333476,84.83554660298223,222.02757323648044
1007.7065219299072,318.0527578959073,85.15599671278679,217.67451457947348
996.2205731246215,321.8980746202698,84.3847044866051,214.5342826675684
1001.0973834310639,324.38652560352654,78.78333575255101,210.81183531754277
1082.7327540809179,305.7251694350822,81.20876107818117,218.62767581778547
1067.168757164867,309.92823997375007,83.3234587973926,218.463163904531
1009.2293215111407,335.758012025964,81.7140116437406,209.1722813879843
997.783348309964,324.43989665640845,77.09917013583694,211.94790969308485
1002.8416282362982,342.95535872619917,76.4158510412999,199.47518058074002
1003.3866003066785,328.5500512355612,73.70432616249137,201.9844482940112
993.9006524575947,329.51956921962676,73.91885084440696,202.81879251333822
997.8920420580237,326.20021839925323,74.41467270505026,201.88022023731764
1069.091412337822,313.87892129008605,80.04418566968756,206.21396793581062
1003.0417054515091,327.1507349402928,75.03823015743198,204.81556657247043
1062.4438817998484,309.31806748914755,78.39812882773344,212.51288072765868
1069.543688981315,310.8122889291297,80.5959129097503,210.42740721231223
1068.0641439921885,308.2806966890152,84.3899545571366,209.1171713111231
1061.1749089902692,311.3610448248451,89.67674030518612,202.79249301852113
1063.2588280589239,310.68493413679056,91.61634004667911,203.90253579142245
1000.5349371969089,323.08802883564516,87.8948173999342,204.28551341365016
994.1197592048002,319.2952499268031,83.07799765025943,209.4855855597985
1001.5245677526194,321.63657780310183,78.82370041321727,210.06732794510458
1000.1860049311969,315.37520859016337,75.10679245595,210.4339423544851
1005.1347667402418,314.14385650334964,72.7105978852894,213.18937550778202
1002.813601709863,322.32159737152506,71.29759514697287,212.61137662884244
1001.8026481113949,318.55632732844435,72.70101361302781,212.3321878800291
1004.3541474305163,321.2577567015746,72.28615589578177,209.31039703993997
997.5475585241277,321.85272538064373,71.42817916864895,205.8274568642533
1003.2282629734816,323.0713386669024,71.59936515409798,199.377274560005
1002.9998563948036,324.57166890487264,70.703655651303,197.36503010126114
1000.4985268643,334.1603153729253,74.8192477880062,192.98117051699842
1001.5654036459143,322.2364285679503,76.52936057939233,193.21371315267436
993.2117188055433,315.8809949635738,76.67117353530287,189.80166670274951
1000.5006024747279,326.0188441523827,73.70694364015162,189.67888430308318
1001.8246016552296,327.6643847438099,71.23333878641833,192.3043563647044
1000.0266735412414,325.7442961900488,74.50637693720435,187.50927413782455
1001.1101141054504,325.0449311733553,69.7573640051776,191.56327792552776
1001.5130397953287,327.8967411574324,68.78382024156045,194.30782301482174
1069.3206628232056,313.3714563206189,78.7347793896831,192.95538289612082
1071.4617485276606,324.27523481882474,86.71744641440577,191.48209700611045
1072.2414882077505,310.32529749631516,89.33023148342804,199.53446551439677
1054.4359638731846,321.03144411710684,92.3023767786184,198.80365875980686
1073.6394830423903,304.81082601339324,94.63484231238373,203.38577023423545
1075.3375832168535,303.2934964227625,95.27642027366645,208.85750514086516
1061.2084573750806,314.7738625734097,98.01887305113726,208.04761614277254
1066.3786246297739,314.76042972151276,101.22400834455955,210.05962974087325
1071.154895556059,306.9657245313882,102.97692564357851,216.03659936486838
1051.6651924626835,316.9238180993381,106.2524939229283,211.86071760407708
991.9303772521367,319.2505179009939,96.00666092824461,209.3782673621582
982.1071283508977,319.6845873150746,92.63244282061078,205.28305842244959
1042.0666353141823,316.1398152453272,98.74588360405329,203.61592885403945
1056.6529791384219,319.53683693720996,100.64333894570467,202.568225070542
1055.0818932163504,316.7544205550141,107.08468733561824,206.42219247752672
1045.1376524724383,314.3375965483839,114.17497107627193,207.2425263327548
1044.906913687801,307.61609451525004,114.77133750977694,211.12826676758846
1043.5989857265695,313.5901392294072,114.15960436496584,214.21184365637984
1020.4036736892292,322.4347025332827,117.24152322790277,216.15051321161735
987.3211295709142,321.0290048082129,103.68963167147948,219.52580280909052
996.5191879765667,325.7914022192154,102.60738946235065,222.79380529905984
1001.9386363553973,324.58159978258357,105.52617538219124,223.77685878206722
1018.5301232022808,323.95721267164663,113.66115603801987,214.878031165616
1023.6646025155084,326.2785464740433,123.72566890981003,209.8994865872142
1022.1099898498918,324.2580290696407,125.74524862590236,211.50115451799718
985.835676703065,323.7375310976163,110.64206685947819,216.26261729561253
978.1921330013629,323.74947422458104,105.9869395020546,216.8429670220292
998.8395210062844,328.78298282674746,108.00306464481828,212.47982779982493
999.9144933889203,341.09590082656894,111.3988301897828,210.7109916765275
1042.1077315009804,335.6292083526922,112.26709281464315,212.15709522048513
1045.145679668133,335.9208564667157,112.2921859310538,218.35214765921384
1044.7085412083156,327.265511761807,114.48250481313482,220.87927713086378
1040.3312682165706,324.3263647474861,119.11230090747927,215.0687152430976
1047.2515575730722,319.7757582507694,118.27760142666727,214.5239884739936
1043.759419587436,325.66151771450666,117.85452272580052,220.24269550499872
1041.7102773611093,325.01195368211864,118.99981234997853,219.6229169932764
1047.1593824375195,321.75052127665225,117.27673629412192,226.29260302032483
1042.4303884419382,320.99488586472637,119.63964287933592,224.31925837112578
1038.5938216687337,325.83706715301884,114.21068160820411,237.38232743253363
1033.281603545616,316.29232800068075,114.94836553138283,239.3107404014613
1034.9343119318448,325.8063190227741,115.32914039135215,241.32520846765237
1029.7257613234212,318.0343627387782,115.6796578291511,252.93799848009238
1028.4939286722629,306.5095581528843,121.32684000045379,243.2023695519399
1043.1961619535023,310.96898038626205,124.60794396040251,233.77667573312186
1037.662791182862,311.98505835795,123.29877492336416,227.81971738512607
1038.137525327977,320.5360875254944,122.69543170782916,223.97248116263296
1041.556493059885,325.69218734328683,116.9084474026592,225.2882735948047
1045.894763339792,327.7418000584196,110.46007369562892,234.36016682112404
1029.625233551919,350.97587618669854,105.49013156180276,247.65039223458135
1028.8076020174271,343.7584410712841,105.92214357438922,260.3656451482649
1023.8867151180065,326.9686604288744,111.04470491519638,258.67545846238056
1026.6224218623008,348.4666502627738,109.04390479786744,264.4606502373808
1000.1730208714557,336.4262905281518,109.88158331381143,269.09671383488933
1015.1210059177419,338.4690460158033,114.14451543852344,267.7812746181696
1008.5780298828971,346.7051920618229,112.71247751242456,282.080767434689
1004.3419996273466,346.0506059131827,110.89822365053058,294.75056006492684
1021.9618215477236,336.8796478300774,114.87144105019357,292.32483638243366
1011.281461094095,330.05286124931234,119.9222199350096,293.604749520959
1007.9084592221038,326.42452000368814,122.33717271007792,287.26967688658914
1006.339560703972,328.85951631428475,125.10311098605291,280.0771698530738
1019.0746227599018,315.1777226775273,135.05056813703357,264.7867466228416
1012.9125267614495,320.8278759618432,138.76643966109447,257.50153853688937
1006.7411551846665,326.27039443984455,142.25845260669664,243.47749172944054
1006.9959429452542,339.4922249925377,141.48367823007132,248.37570985026957
1009.4591329708179,340.44473039445376,142.05997579944892,248.94557494696028
1009.411121720685,334.989019714288,140.01430169260283,255.35109505261346
1017.8781477744845,336.96103815770726,136.8347783118249,264.3732103993659
1011.5343991318592,319.6628413987743,142.8424652100432,262.94537341824486
1005.1938413582889,312.2606492206753,141.61335024685152,258.0988664774094
1007.3313967881768,330.784761553095,135.6781093419196,266.33043490174185
1006.1289374658752,340.44353519300046,132.90673473761484,283.7611698494284
1000.8753917529702,319.85437909225345,130.92506333256551,288.8362808022939
1000.3801928876255,313.34854857363075,129.8089108253125,288.11014143175726
997.4827125591769,322.49953358573663,128.36883255558956,288.86755320584484
999.8322562153462,329.7198010326165,127.65295682421404,294.13198421723587
999.6915031755742,314.2688619486024,131.84984423940176,294.36178032310585
995.5079158913679,308.27909089609864,133.41218770002706,289.0256751270835
974.116371910789,319.1139084359989,127.53866043643616,303.8558457238777
996.7061371237991,315.47832739855505,135.48902546304197,305.61154202631747
975.4040571294272,313.0402173335943,131.71848294406664,315.8307684738578
975.788591300637,311.3634947494558,124.53141750170947,328.1272472548211
957.6730310299364,292.2093972967209,130.02105109984444,320.61717649225864
961.1545134562701,311.4309129850342,121.81963893910765,333.81976432195177
967.3281327872708,298.35899183119056,121.12450048717798,340.5312726802422
967.4111639386321,302.26719723773294,118.64249816137604,335.573274328075
962.043696391023,306.98540283314117,115.22246971105412,332.0952733005132
954.9108403946464,304.9594230021355,112.32372821559731,334.3143372761041
952.5332095942751,312.85536687322855,107.5466266777073,336.5120775741128
948.89997309847,301.110023669813,111.75400982427138,333.1805363775961
947.2733976847139,301.8942045815811,114.549468795138,310.03165207981243
927.3991441344898,297.13367183217173,119.11597989151262,295.26396938686287
949.7708406273534,324.56676869985466,121.74494525967238,297.7733875452867
928.2697646988591,339.2086927734734,113.16446230103162,312.0486684941536
935.3090521465653,325.6531935450371,116.00174318593828,313.18068871863215
931.3260269148212,343.97826672605504,120.43826375375828,311.5944191493018
1062.4360949101695,246.7673238269879,158.53132126790052,264.6968889137492
1077.77244881913,273.1848406879052,194.75553106248663,228.22759789469984
1013.5788875539351,296.79959071262397,208.73581486936197,211.43076488278305
1013.9146388392088,293.89864273374417,207.17030323827717,201.67919001688438
879.178321692042,365.70710673703616,165.13960208751925,251.60576032966446
882.2433978076142,331.57990824385655,159.6105471900279,254.94552975472917
884.2451184987768,369.0340328244066,152.37318157319592,267.04853888725785
890.1483210334101,381.8011911458869,153.02691489174998,274.907843647606
872.6364056934719,356.08981166012984,146.49096238612353,290.54155618796324
882.6380308206689,340.36836937860596,138.64347516117283,301.56189395914555
884.801080879935,332.8091666541246,134.4643121417797,303.5542217469745
883.6513852034564,362.5663270645192,137.41934354953776,304.09371828957836
879.8927584595017,352.7744190280803,137.68308758670167,305.64617950112597
875.456248333722,365.8139247754929,139.88494998924574,305.00418033358494
874.0232805458422,371.5688422878412,143.170270533874,303.63805551603565
848.2110753687475,349.47823338877936,136.152970275209,315.1389187566809
869.2671184017204,334.3703423500937,134.74666326184996,320.43084817891724
869.2737216305131,323.38665090542054,132.739572885518,319.7729817384187
872.3163289068341,327.0593577936634,130.90508008965992,323.5973680485713
874.7074449142217,313.42580518446636,132.63898518629642,312.941006625774
852.1730475845153,336.5046087226688,130.75832711792913,321.5602077212567
853.5029582101787,315.1473779146032,131.86935469859446,318.83990883896587
874.8571320659514,327.8390622276051,132.0733147538623,324.5096510888419
868.0343446398983,333.62469866950414,136.79161162625647,329.0973201816473
858.8162068294397,338.02251745687727,141.81254906844725,333.19554417669076
849.4212930017911,333.694548752947,146.6646169360389,337.87168023233517
850.4159567773311,330.17533303082706,151.42399751131325,340.7666145252035
962.3782850877544,246.7659902572529,192.90623729043185,294.37986947951856
926.2467906765067,285.05311390477425,200.67340570869754,271.4791489234256
838.4504244323339,347.53192482739655,181.34770154561252,293.05591009911836
823.5353619118512,358.0943912605244,166.4443981864232,316.93282031151534
826.3410176815335,349.1731744529145,159.80458540728443,327.13055594488384
829.8473756929834,351.2431145786927,154.99552929971185,338.73988259107847
862.3035918247388,316.28364715427045,155.26426089242605,341.76639797043697
827.6760725951505,350.50968228348756,154.22902055463646,348.8448710305372
826.2557924156367,340.8361576003341,151.60186541108132,358.19966979698347
825.036594983796,346.17576484984386,154.69317616441862,359.59012094265216
826.9372309302502,334.74178791930035,155.76284619525475,361.75319208838806
825.5835457634179,342.3961342171603,158.42208576761465,368.3224935696593
825.1162520054424,325.30265240494225,155.3906059273409,376.5434332200159
844.9703659376385,332.96145329188175,161.88678381728562,376.78224522143546
839.0441560598118,341.43836699267916,165.5767099449365,375.0438672673191
835.629981872198,348.5256874464669,166.40767531032793,377.2409163867729
834.9398574872771,365.4997084263211,168.88695898737785,375.2013554298129
830.0484296653437,349.930578183751,167.77728762875952,379.35158112949966
861.2535729647869,316.14976715603376,167.31490164031206,377.2384610019975
830.7686460524508,331.30620871455943,163.91927270036143,387.91104712091135
860.935430103814,320.3164663360811,162.78716996640296,388.02794411838033
1014.4927631433101,220.23446726281338,191.78933450061797,353.40810185868656
1059.0271820571118,235.71874879572553,215.31573771146276,324.5370443740938
979.4298592939504,258.75306572088823,226.68376398611474,310.2878814276946
1004.3673872931445,258.78988654762384,258.86851538667804,273.48368652059884
951.9204087304316,287.09431359621243,263.27726075226855,258.2492865390294
867.8033114702571,97.4551775416302,244.0915337302228,246.12468019456514
953.357452364798,305.34985651806096,247.58349145633306,236.89539682983516
983.2412270133816,292.69354691694,259.2796739999345,222.21883961484528
917.201898418396,336.5619002772114,213.46005569429906,248.83776499622928
991.9512056100823,297.3556802006608,227.84798863869898,232.29408314336112
949.5796532632794,319.2348693770371,207.5082001892416,234.6762417873515
966.732682480082,320.2009635821016,181.79041865500344,251.04688416431884
974.8195629491013,324.8223401915625,162.75839813311944,258.95289792172855
981.583637753748,329.7253755170749,149.94530625276778,258.89868872354293
979.396282784026,328.8794050111168,141.20440118062285,245.38837446621432
990.5625586800484,343.07958612002153,126.9869402973118,256.39092940760554
1000.4204625301115,345.21640648684684,115.62598337307499,265.01953183191176
1015.581548642836,348.4035431207061,111.77523270231185,269.45136025364377
1030.5000661159163,320.1416392521762,112.20089840943352,263.8405378771676
1043.012207038352,349.1154841903353,108.14342929578171,269.0430927475585
1041.8913204650476,358.0043900674161,109.53194958696709,264.6038238310912
1049.538568508236,357.44610942885356,106.55503886258712,273.7302819819446
1055.0448033063344,352.8305373509006,106.96372723082314,270.4182737941307
1060.124029546843,355.97077836039284,104.13570427144765,269.62433032684197
1068.5294479411195,328.69066691152085,102.87199219246986,275.60332849290364
1074.5679957786817,285.79119712096656,102.38490571259527,275.48713860069506
1072.479264797296,296.385683398146,107.09931407599572,263.643107200745
1073.8556102253647,300.7512176815987,107.92604984556513,261.1548666703726
1056.0456894541073,316.8526139716324,109.18621342928174,260.21314669018926
1060.7165854817988,340.1610209711788,105.00760112739133,264.1565509603299
1069.6730784740494,339.50043038012257,101.76632713289172,266.05786988513114
1075.6036213470534,318.36843240960116,99.60684272211765,272.308237454166
1078.5720702613858,300.82264354733,99.97236629013562,276.514634594997
1078.3995464294621,326.33956663511344,99.3177200703318,278.38216383610666
1076.6486725449258,322.72245261474643,97.44004800931658,276.24516278214406
1079.031509244009,345.06818395040864,96.2368609058808,279.8632947599191
1077.36733808852,348.6891558113141,93.93826771108812,295.41945878426566
1071.7033186565736,362.7552351073751,99.84765014805075,290.67228680561834
1068.8339622891306,327.74465957696907,100.00273011329284,298.1641056339598
1069.9244027213376,328.93061479552006,103.51500226093403,300.6535003731524
1063.9070774550735,342.6391277101021,109.28570178985804,288.56738457311087
1063.3092920106515,362.13777145260565,109.18643999657039,291.86490646930883
1062.0789862075067,362.2932297659215,109.87289706407441,296.1719034869853
1050.4416342757065,372.40231905219366,106.70529459969703,304.3763490709048
1056.8066529630635,358.3266872471533,107.9181253427032,308.3267041725211
1063.870952139297,327.24626481064377,108.28729096207792,323.3021837181967
1035.1392600667245,328.1753884033103,116.47131605227582,325.8402510182144
1013.8172313604103,329.074704239963,116.08562650741291,334.43942762472875
1046.4404193824662,339.54988877661935,116.18736137678104,333.5497856517603
1054.1550999866263,345.85660182565846,114.48690415980704,330.7306785645975
1056.2584274312387,333.9475162591909,114.25638672690272,326.0061861155584
1039.4865178012305,346.8032611467216,117.05117316511928,325.62966883405966
1040.6974846596272,354.57606547693763,120.35400278740224,324.5048796995455
1045.5179461059747,372.12512484533886,118.42974122405572,313.083723069848
1064.2039839109175,288.1604349032733,127.83285821910971,278.2406472231587
1057.7750092597596,314.8759180070198,129.0707288979188,264.27492377046684
1047.887463877391,389.8490743879008,119.28643700304596,275.4871635262637
1048.8350586220113,421.8323234349436,116.80954656536856,261.8435423579773
1053.2906787208813,414.9842752838259,115.25866751206924,255.91679790010335
1057.1939300904442,392.4530354356349,110.13077190100537,256.1221759065591
1084.4482879286525,355.3646236417924,108.04970757504387,254.53075413019445
1091.5650945434068,353.42149930124856,104.12623148294239,254.73755964912442
1096.8023996837362,332.94734330095093,96.90053321693752,265.11158973061555
1088.5891027556747,337.6111942175944,102.76711486874575,245.76426237918378
1094.9483379523115,341.31689807822966,94.92559166489602,257.7884385678011
1099.6731127693627,339.945719047702,94.68054943163219,260.8007697076274
1097.2180153125971,321.10085482233217,100.63222251460988,249.0502087052464
1118.3612452283287,349.1993669922753,96.9233675630519,244.3252927495848
1122.575795248323,364.8089439643078,93.95234787798681,245.23718693229074
1123.6017213872622,350.58876696141124,92.91259075747982,246.8648752062569
1124.4820295754268,368.73595602786486,93.03615333427875,254.67490710544885
1134.0022336386878,362.20488450892583,91.3320540444552,262.34549913404857
1141.188597492539,371.0469038955463,90.8711089564741,269.3642039403844
1148.9580618510122,354.9573963635378,93.45682022188606,264.22995034851465
1151.1640147377602,350.1044831997203,93.0555413354459,268.7165714025472
1159.8060659060782,365.3629524938897,93.37962151110156,277.3760674157642
1153.9567060018235,328.24124583147653,95.63297529190272,266.60837349610404
1177.2906432500479,351.5169647098921,93.35997812161926,264.5350883985825
1183.1848551289083,362.25000695950837,92.48940267064324,271.01741960240724
1186.3173889580062,369.6281305672047,95.42083884258126,269.44949653143124
1171.136603847127,364.82225503715654,96.9813586753221,277.03806651362504
1199.5656515942444,354.8810910701992,97.51302127845901,277.3092187457328
1200.5537561815688,336.24461117037004,101.33403404362305,273.31411686036364
1200.5078865509934,334.8243276826732,102.49132394272375,268.19681629445506
1119.6946583697447,257.49258135498155,102.70177879153216,268.05838156603187
1193.6866514068975,374.9778149728982,105.31869235558773,275.01888521776516
1233.2284961083099,332.03932094438665,111.72197686344421,254.77763891758775
1213.7728571640478,344.17948622933324,110.59739461924036,256.72450955702845
1236.1354149601473,354.19729948074746,110.23835659430377,258.1046363820335
1231.1084488143201,342.7624959914103,109.86623863145587,255.82858802399085
1246.0998440870653,334.7629369790359,111.21025960286731,248.4774190594169
1246.1817419957897,355.7300807654778,112.08710509726853,251.85740341938052
1268.924927973268,344.40178739781925,112.89912525371258,245.8333303460907
1278.6100822089518,342.1646301044782,120.31812092007911,233.10723944999876
1259.7777277319697,360.85808434135106,118.16855975390897,236.33501271650374
1267.0250561863927,393.21541587912986,117.28550665563921,245.6858519060748
1272.0896103012262,369.9839303192887,120.60728328620817,248.3563446790974
1279.2806577725567,362.2848129803856,125.8387461662378,250.35872347860965
1286.498028288632,363.258342180776,121.81048656657927,254.0308338512603
1294.8482007026491,370.3600859573592,123.69421082120346,256.4646797081025
1297.4938936214528,389.5910112079863,122.54164147934253,263.4854386714112
1297.80880489676,380.025771275201,124.72189210743399,272.4933051610438
1317.9088055200832,363.73745009934015,127.68399486791344,272.3537140483114
1306.720662956453,353.9692924572469,135.88624728886668,261.56197620322496
1325.0508670555428,351.4301972276029,136.4844462162988,257.4683279237061
1322.1807839688731,356.40250524866184,138.35052355132342,258.1611973193568
1344.9432775246212,361.4473791363508,135.6364119984847,260.235783277701
1368.2136463234597,394.1332172333731,132.90516377129097,267.0734911158597
1351.1272393172767,357.15371533470864,141.91988663070458,260.3596245618343
1354.1901930773727,363.3031059010773,144.81103927234184,258.6395080811034
1355.0364233367577,382.84236116036215,141.60180818331304,266.9172821858498
1362.790767506068,391.18208670720327,141.99785369561332,268.3377335379115
1374.7345558307309,386.42745348751777,144.49037380876723,268.47608990938363
1385.9639173556568,393.9387015158656,140.03180596540125,275.2776589915121
1387.738633925742,386.0203645801105,138.55669322139346,282.7190167095355
1420.8222710353944,380.3557356767649,135.63317984255897,280.1176434227937
1401.5634137777322,387.53802058234646,138.28885455903497,277.6076253278864
1464.2082899588167,375.1268062113029,136.63277513021214,266.56016506915194
1437.7978892425788,374.2619406840744,136.26612359193012,263.6421078992741
1473.803920921863,397.2971501792285,129.20046556386123,271.4743898332978
1451.073819494857,391.97793211101447,129.16836557561328,270.20865211081616
1483.3356609934776,390.9164165654922,127.17694217706169,267.12659094627674
1458.0218781427045,459.94353487829596,128.09486893522313,274.53701120206557
1443.6931537711316,437.9815620418342,129.8938352711685,274.6637869814488
1505.0151222036745,404.629062010187,128.236616855973,272.969369409777
1535.8364439881389,393.819664214903,129.64317407836904,257.5468671047131
1556.4071677020634,399.2996816490976,135.23083693926588,236.24722913542587
1556.5974850784442,412.73122441386283,134.21359224964948,229.62562793812327
1543.5183729286175,405.526072566731,122.8708504190969,225.59106204137663
1567.6919876089344,409.1457534110657,121.26397358212066,218.51414035218204
1568.8315510191921,413.5224417032673,119.2836150910791,216.45404908258973
1584.9952138061035,424.59456628834687,120.34964059681792,217.0508339968726
1597.0459283519594,425.5792538668727,124.16788950887486,214.5959116943186
1597.7849941776847,430.4075443230961,122.57546624544281,213.77671904033468
1609.0215410437604,432.8687562145038,126.7576002141485,210.59848020086528
1617.869245090759,444.3914659150927,128.1249775605425,210.50273715391205
1615.9011144551655,443.3451969893808,128.7643385411067,210.51706796246262
1617.857321229732,453.2141723432126,123.26198538370438,217.93894074645198
1636.6946897601583,453.7244521048285,122.46706319546504,219.21005378636852
1638.3462952479435,454.82544792776,124.20599272855854,224.61469496488888
1651.709446785583,469.9944088888605,124.96171934633996,225.07586730387575
1647.881882751702,480.443715723372,124.25985849131759,227.38156423913742
1663.3858495992447,467.6600109912453,125.42325128931648,228.80293257739035
1679.5533855379044,473.35056400870064,127.74174489241909,230.21751240441284
1678.8887061546304,495.69196361366124,124.1714289696109,237.49688170230763
1697.8011744491619,485.82066699293335,126.28124886324206,239.14586498744973
1715.24500111266,498.3948765972106,127.11965901122007,239.660437466268
1714.5627709492537,501.24612639399186,126.32705399316757,242.99260484006385
1729.1952086801095,502.66155962423113,126.8253337532041,243.80626672471547
1741.8658063467692,505.84567200879906,127.6639646582989,247.11888755269527
1755.685641874473,530.1035648567076,129.23567804439665,247.22125231402018
1771.793302739044,519.5680021721221,133.55314193154936,249.71537401529656
1791.193872718913,528.5271090989623,128.21834758290137,264.42459147562545
1787.8002081291525,551.1886976058288,126.33909394377847,263.4001201460522
1798.2721275631013,571.8347847413735,124.63048459004756,265.7475940217394
1810.8128599511394,584.0403624065145,117.6999779444754,271.2151366530344
1811.39712466075,612.0038621986978,114.76132635163869,274.7170160927579
1811.7450823416198,665.8828061297806,113.63270770889417,278.3072013694603
1835.5566836778994,711.5810463122382,104.91139672782052,284.739676252154
1828.01717538916,754.887449696631,102.76440376763757,285.817837921955
1801.900630663426,802.7608073160536,105.30651032750737,282.5467777051799
1800.6811376792577,804.944444662983,105.32526623340345,282.51451748604507
1802.0653700940227,807.3622958134212,105.32965133849989,282.5064036686768
1800.970527852817,815.7629052952987,105.33929273039519,282.4899706616119
1798.152817128917,809.1105578071843,105.34647357945023,282.4783367755907
1798.7672240828163,796.9933958846368,105.37648915960507,282.4399470775921
1797.395170500501,780.2989594805981,105.45447293194627,282.3578466817331
1796.4786239727055,772.7798904404267,105.72567419016319,282.214141303683
1795.2924141276742,770.9536793640092,105.78908880891302,282.20514583008224
1794.3659560522397,780.2075253981234,105.80195622241862,282.1980961323589
1792.3182526652197,787.6186356253986,106.05224025832759,282.03035463339063
1790.919592110898,791.3397840129888,106.06358892982978,282.0215865188621
1702.5154512757297,686.8522792794703,116.4749479727122,265.1775257438842
1712.9459093077926,697.0439291986041,116.72678390311793,264.84612446769614
1715.5287268034338,664.292409111786,120.29139495025449,261.34669214998235
1687.8374234923172,648.1887292432446,121.44768614947529,260.0449776495131
1661.7801310039545,657.8903691126272,122.80656450579973,258.11373122037264
1663.7523102453315,660.5862068465824,123.90600290885261,256.57838342954733
1672.6716324034917,672.3247014310712,126.88209229012816,252.3713732392291
1681.4880717905166,677.1110099545026,128.47642617856178,250.156529447742
1692.1399696919575,682.3829791013737,129.81987754586802,248.169929582866
1696.9325384713095,691.0905912140489,131.6268753279732,245.7066180691181
1712.8335927568444,697.1511217099595,132.7905810539627,243.82416828066476
1710.7721925609276,734.2473589827524,135.36607812216832,239.58772728529738
1654.1391899685798,784.8561952492187,137.98733151849345,235.00711117216878
1669.7179076653292,805.4989419570987,143.72715815337853,227.57286963897633
1661.5047688095658,807.4191422920978,144.70612378800413,227.76332322274837
1703.7099894694093,837.9044164681997,150.41315446261328,224.77904057743436
1755.0944464606623,772.1442564322311,153.13845683474534,222.4116221642378
1756.180958615939,779.3673232383376,154.94213207481715,221.48849776163757
1756.0261317982463,776.542055170856,156.89046364192242,220.28463605081674
1723.4135149950446,748.2902378613892,158.8251951813915,218.72515921836663
1735.9220106509135,756.8746072643657,160.01806680965421,218.15155374456504
1710.5314567552034,751.7286183479731,162.96776111518145,216.18483400546256
1730.767405687524,775.9112657424786,165.21334506841097,215.17063705239323
1724.9970847275308,791.6701254382173,166.9645464172882,213.82807731051844
1722.4196707874173,811.2893789113944,167.7078282558108,213.2688990072633
1738.125201220455,813.9218525189253,168.91479203668825,211.6708965579259
1734.1816570149542,824.432733609046,170.06737247289104,210.41874754196184
1735.6870279215207,830.6384028919415,170.57272032044185,209.54664349521676
1752.891430566731,836.1479426612282,169.70052819281145,206.94658505445648
1747.7640247731051,836.8016316942744,169.67883393277975,205.64085106658644
1747.7152894225721,847.4003638532274,170.00415577225542,200.67518340127634
1744.7047166244295,851.603055762913,170.21358214152042,199.3837428424161
1566.4561275395251,817.512827100292,217.73945643494142,166.44084826319673
1574.2409763641922,824.6439566968535,247.30549382718297,153.418776957445
1552.689613264915,855.6170347462263,285.3864816459111,140.00756690196027
1557.429193037865,867.5603613054288,316.8667542186972,134.07078760083158
1498.2233696074302,902.3875668035295,339.73914796450026,141.01933936902012
1472.598327173267,902.4984165040839,345.7536876407278,155.49157710404958
1478.278908663529,899.3365660718689,353.4337523198875,163.7004217992047
1489.3043680610199,901.843437310449,371.49375419627484,166.0401961797868
1464.8536817805395,904.5803391968464,393.40021362210626,165.38941551169592
1449.265379495917,910.4788310353431,412.71110529589396,161.52741988813375
1439.1362242215803,911.9725125365555,425.99228832210076,158.7124464420875
1451.4641751601964,916.7787469088616,435.5000879319908,154.94688842951
1428.1574893079026,916.813493918004,439.8868759042692,153.2071658492929
1438.6169534164312,922.4501170989796,443.677572232446,151.44158586229563
1431.334863650896,924.6956489526195,446.7544031302331,150.6369894624291
1430.920791626611,925.3186769030826,448.32611290477513,150.25682613203116
1428.617463904506,932.1695874960309,455.94764229978716,148.05505082382646
1430.4752382771778,931.1387586319961,460.1129031131172,147.24405117312438
1412.4805486517353,930.8855780183325,472.0008270356306,145.76068571103843
1415.10080522146,932.9574721753041,477.8953192402342,144.73780386697734
1423.4367763182572,932.8473847867612,482.74012891141797,143.47345917889373
1414.4511279064207,933.5606390157684,488.0702595334797,142.61920483036292
1394.6021628196536,932.4221948326846,493.12318883384705,142.20038377260423
1390.3030414905763,933.4613231343612,495.7474371798893,141.832022052953
1409.7819541476497,936.6143402913475,498.9830671277556,140.80763716567282
1386.892879704395,934.4087131646704,505.20442851264943,141.0699936991341
1401.7605741150464,935.0815519296051,508.938181461352,140.8813797605754
1396.7938308152557,932.0266271730757,510.2445011786955,141.0505425104846
1411.764762953126,933.2133146778597,511.5843137907219,140.72072557247583
1390.477611685254,934.3925392944119,512.5336650937277,140.73262965904615
1401.3698644054198,934.5119153149251,512.7881858717893,140.94034429320516
1403.7604190206093,934.636358303661,513.7192475932276,143.14850714214842
1400.21757383675,932.8543605064419,513.4294670814688,143.77612129293416
1403.6910490476394,935.9248262416895,514.0519659380475,143.33470618230976
1381.903851087366,932.762781404746,515.3274205396777,142.85635417013395
1398.5409464694517,935.8083857876308,515.5018151231391,142.51673598013983
1370.5607354544356,930.0391522330982,517.3706827164536,143.4879765057526
1293.8906287342963,598.6040653991911,458.29851429863265,187.94595406916056
1107.5328875904797,469.0636950624364,358.5411039175829,267.55511071347206
1146.3508110914127,458.53143638391157,286.95407110919984,327.03074092871975
1163.8110593153815,424.6934466371775,255.13057294554022,344.74040530276613
1171.1354896999576,430.76783173888276,228.44891104807766,360.14617111402447
1182.8161241948233,445.41063906251037,215.35520114698426,364.56110124129657
1166.7198620643587,437.1178418992234,206.07020200967372,378.0547345913948
1180.3325072856942,445.01656548009237,199.9744663061901,376.4584609824394
1161.3073442242264,420.7259562393404,193.35489147230726,375.6972654568623
1177.4460397634753,444.34897628733796,184.65894171933957,388.6774608298118
1156.1235068917647,439.3912983219768,180.6413883316032,389.91882300773887
1192.8806421936583,440.5779762847473,172.0778874696499,393.2939791082282
1194.0968927177285,441.3608685106979,169.1533300053559,391.2231315366938
1203.7097565738907,434.31385497044687,169.52911619819798,388.035378859114
1210.823213724252,456.24650451910134,160.37377311179205,391.41008285103095
1192.1937995702303,457.00629455120793,163.42699503602267,387.8329395988317
1200.4426988829157,462.22422420535537,155.59450831592352,402.66077174682357
1203.7378456953684,446.3824205724456,161.30912767583484,388.4106529990489
1180.2326492418974,459.10341902471566,162.5398035775495,391.3044046389559
1189.9474394732379,461.6144735661131,162.38510740766463,400.96646526508937
1185.8184919566875,438.94313227153737,165.92238369936308,394.0076064669225
1185.1666205432653,451.077545546792,164.07558198868156,409.436047801276
1196.064969526088,465.2596098744907,161.82109241985972,418.8531052773492
1195.9961440838315,452.53933068290394,168.4090853627206,404.6462931028241
1194.402451294989,454.47424806499816,171.1693685478821,402.88395157582573
1196.6955980590922,454.68935750306946,168.45042430087554,402.9860089405645
1173.1809868984312,443.5264712258549,170.86926387240294,404.7646724546056
1178.6957949277828,439.51251452586325,166.23897077187956,413.54109942942546
1183.0476729836287,448.6905886744596,167.77466230092188,418.0252102786578
1159.171098756012,471.70625751797525,159.6990851497177,439.9604831908958
1194.4397529781481,459.88167771574155,164.41218627472358,435.2644970413022
1193.9031583039298,462.5503864898946,167.88485199529856,433.5061543087919
1233.1212925662421,444.8129273752868,169.15923332070383,437.1457729602835
1198.6423929687671,467.21421153321626,173.90694826969312,435.4988536077592
1168.9934765793287,468.7067825986442,168.97785585982064,457.7053097027234
1207.768833903181,471.4805654296839,171.886011074086,459.606171969933
1201.0216433857543,453.21973381222534,173.4509073626504,463.01805802829847
1178.0953655395233,501.63170168558264,172.61474815822965,477.6685557057309
1182.2111629283575,454.7621188699051,182.24938363499604,457.94511772824774
1188.422576221612,468.9444102715595,187.7297429581673,454.0228463901615
1159.9955696959355,440.2677374207417,179.16151885077426,472.29311417027446
1163.804846261959,467.7628616363619,177.00735936672564,476.0984586261208
1173.7994567820404,480.68291101610197,174.69111818822557,479.7376802449593
1186.2799140682744,502.42787291565924,178.93049240684013,482.1250459655548
1178.0953955856594,480.7113418432245,180.61940132204035,484.84775637747214
1183.0938913270406,493.1891919439954,188.9807182759091,470.55542898334306
1184.9648714643747,484.1369396387841,190.52650468158993,475.2174361914
1181.5828841524797,483.2316934338103,191.84383106209754,482.4055419230963
1182.3214795914419,488.65451351212243,188.76227542241043,492.8667217381257
1185.3882279664417,487.4102424381606,192.20414233743696,495.6068167265871
1157.966134101528,467.00155868857325,183.38030604515905,514.6478002643546
1167.2266365371102,473.1026321527847,179.85630890435922,524.6277369903504
1167.93842164846,481.4412014514384,182.62846153722805,530.422829850792
1178.7487296107902,509.6313311229703,194.17398005757832,530.0910082274397
1186.079298319545,515.5545241106755,194.88642581937762,540.7970319363292
1192.4998645865876,533.5698637948303,197.6534955113437,535.4278203880401
1181.8800408175955,505.19274273926925,202.01790226713132,545.1985431950806
1181.187469991345,518.8132024928993,206.55858822741465,544.8489312921082
1193.1739416519547,512.1809329235847,206.23413435778684,555.7071546282812
1190.0722802752584,514.795970405225,208.0318519045311,558.1529923516426
1150.5424743903634,467.6240196159101,203.8580944817205,570.0178377674055
1190.4659329685235,522.6517829923926,208.4801522428442,559.1666771925472
1180.4642731683261,520.3686748994312,213.38266002380868,558.6500080919163
1174.2663249318907,512.1679482337215,218.21517754310557,565.2763069731483
1170.088699126176,525.966207779542,222.61013593881052,557.4111784515093
1171.6599313199129,552.6644462863719,229.30635123133075,542.1099995927116
1138.3702551320255,478.8725719543061,219.88957509573578,557.6513305152433
1150.1338155361009,504.9056822979618,216.26914039096226,564.5127575650965
1189.5889237136087,519.1816821943328,217.38690433513847,554.0101525357813
1153.6873929762692,509.8613455700597,219.45476632911192,554.8549512402581
1176.8504718682225,579.3253272709151,231.61514660995425,526.6242213613968
1179.191125132386,556.4119995357285,231.8655769314372,513.3127712747548
1151.3109692948985,555.6976649888917,234.0893666375515,517.279446845364
1174.6094845025573,600.5381083347987,238.69340746602785,493.8365064240136
1188.3944898801428,623.5602374369779,242.51187812880534,469.2678409410928
1179.0313710572616,615.2042522540039,241.33227090815566,464.5808225487208
1140.104941981745,532.4081927620057,216.70282923967892,496.8088747801295
1188.7856003657448,592.5393773093025,220.7720684269932,482.62996321232066
1206.3495091474826,649.8146134576909,223.66072383936296,455.9851646843753
1187.644448136836,657.4762693450278,228.51486294024784,437.47653941418633
1169.1000720811687,633.6696057386775,230.05320007413178,441.26928840176856
1150.5795706856443,601.6167203044022,219.75113669548887,454.36190800873635
1162.9809325906858,624.2043763691822,223.50605704249537,452.50406020728576
1178.466034123778,664.042902635965,237.07376531178502,430.8154175419028
1165.9229315366163,704.5215861822389,245.60952172374607,405.391114881264
1101.0493963714812,546.9208270605325,199.19661491668313,453.6471582983321
1111.3258983382511,491.00228734087466,177.9762519939071,452.2936022349456
1120.541492733513,414.0819674444582,171.37857056482838,461.21077496609905
1141.8666041043953,355.9732557944853,195.49755116978628,414.3242022150829
1140.593059658242,429.45331525115597,193.07368681570313,401.75382179725295
1142.6190722615297,437.50250715302724,187.40950351614185,402.0759927824571
1140.9456754966652,498.7239425875148,183.8102064307094,400.6936205290945
1112.0194692925265,527.4005218574216,163.9730661997014,412.2462973147189
1123.6750920372317,535.6906012312897,147.63235035753962,417.6410714679911
1138.0277953846462,525.3374657771978,141.05210036282466,419.2718973217907
1144.4318305090812,529.9187748740967,137.9005956891046,398.37772900655193
1138.8068452154453,537.144095682215,138.09963812232547,394.22130194138106
1136.9033432373635,541.5667308097834,134.0203656423492,382.9824072266467
1136.317400824296,550.5003052715658,129.01889715838558,380.2271614704845
1143.4889033115185,552.6183872021887,119.27083311943085,381.2014200052613
1149.2776828657293,551.7552656948101,115.67437616480467,385.8999597109929
1127.2189511115969,572.141846248075,115.90215184765958,406.318263363545
1114.3302089796675,543.6779099672987,121.68641311250089,395.5916812796406
1139.7566260895558,557.8868064871363,123.67329438168538,386.5732357568459
1119.2907471709677,569.7932404930557,121.0057176903262,405.43897074621134
1124.6273504114063,563.4214189175511,117.85339843572262,413.4990741403743
1131.2641214140262,546.4570716029815,116.18462483239338,402.7055448860958
1108.374786804969,563.6938051940488,119.09776686386277,404.14820151809624
1106.207993459231,547.4243942395581,121.14575039200722,392.35638075540294
1112.2469415739204,562.5759296881164,117.92940495710872,396.8974157550944
1112.509886668011,556.1672974557097,115.544066889974,401.70827875086064
1111.8009587012245,565.8641049327409,116.50973915356218,408.5469305058634
1109.712443138204,568.0734314210019,113.26249379428535,419.2860590535503
1108.588629151743,555.898361598712,114.42421367024852,423.57230223458976
1108.304094032258,555.0936402741177,118.26513176041031,420.40367468409056
1099.2856623069906,544.0825438819469,121.5842702050837,397.89755309450857
1100.154235187979,557.9525004583663,122.52869961360608,403.420674464533
1103.9782107032293,558.8638803733825,119.79263049549678,403.30915287807807
1099.6304502365776,560.085734571406,122.521592746123,401.1123057950143
1101.158642443409,566.3579639756715,122.62308766012804,402.7239910837779
1076.3967405150063,567.3280985159305,121.85050041759943,404.1089710045133
1073.8150505290798,556.4069609448832,122.65795485984185,406.35870117829904
1074.486760571524,553.1200565878333,121.92173726181369,408.33391958336847
1049.1655386062225,589.5096061766359,122.96974291299881,412.2908557020018
1084.4433374305108,566.5764642758038,120.72047543353409,415.8813463285478
1080.7040981179805,564.501737758368,120.02981693903027,427.0863737161924
1071.773836656099,552.885965262136,121.80470072338058,408.7299513557078
1065.9079402539498,579.2348693672548,120.74562282701245,417.0832845190103
1065.6426389300439,563.692692267638,122.67649192441431,410.1893625892263
1065.108286564959,569.8865962826831,122.87555022216233,406.10046821010513
1059.689821295701,555.1942228455754,121.76651157965514,400.22170102625904
1056.1791017958064,568.8410315275034,120.61379123314482,395.65139227234584
1056.9596923679164,570.5215082920101,118.3685107567511,400.8832997140423
1049.3569619651491,574.5176588862826,119.24332849435677,387.2110010393408
1046.5170049787077,577.6891551121669,118.01219158196612,377.5695385630619
1048.8201629011155,588.9294234061417,114.2912570118352,376.61945926958344
1051.5715264895582,591.5463187573675,112.30823605363557,391.308354595638
1054.8892101068243,588.0956846086847,110.36679817410587,409.8443931344741
1049.4491170618319,576.3015479530422,109.14277327973268,403.7715420887587
1048.8924181399716,591.0567652313644,107.91874921772865,412.9160723270774
1073.4340078883538,580.0749573254022,110.1537285457027,402.0169062008473
1046.3045338680784,588.7221787656774,109.33540134089291,410.1482270194948
1044.946160006692,591.2392132588102,108.07522655335478,421.07035823995324
1041.3221230550384,584.7450673454802,111.05784966266134,415.3978290253667
1067.1091969259578,587.5687276959774,114.55164504237464,414.940884046072
1038.499901522065,603.5142707963557,116.84448171349504,423.88908123178254
1039.3352430858636,589.9199349191299,119.14660295210851,421.85817851692644
1045.1284306008401,595.8795243205329,117.80098365538237,427.46487842642887
1047.0614936711013,589.0350768834237,119.27389749543775,426.3903131404153
1046.948996945841,603.3749494402264,115.5570760205949,417.0384420349685
1047.5402593331078,603.977271802866,117.50480464905587,417.0775978702449
1051.5113697485654,605.9072677785945,119.34611964456333,406.37526331969207
1076.1192680764323,610.7651282581035,115.28486386061468,392.56183864021875
1072.2745280414351,610.7610677186062,112.70147612110699,386.6008499731531
1074.2538516662785,623.4783192270068,110.70804635168452,388.0987253992947
1074.373362661665,618.0530860774854,113.39493830506015,390.0754132716805
1077.332852221785,626.0727604610619,113.52126801330344,391.5715423927534
1079.8112176328411,622.2655668851539,115.4467898002132,387.89072593655584
1109.618845112681,635.2086872038885,109.2496693828499,379.374837833151
1108.6987992691584,626.889477929233,105.34398105050126,374.33191313044574
1103.9369777078343,626.1822957359537,106.68397626809431,372.47383209970593
1128.907132890618,636.8986324485604,103.88446714670582,379.5226810299482
1127.7716787241025,625.8801256796552,106.41875335375477,372.5389788446196
1142.8509741960747,635.6861647209123,109.42656475246207,368.1904071783375
1138.6241297736492,639.344635527023,111.01839132346639,361.9213649697034
1138.6374377638049,640.3996768612652,115.15882063541673,362.89014439832016
1144.8277462803906,637.3564571527969,118.97844539368637,361.6399784079688
1163.8878454148025,650.1669505982339,118.97382868902413,360.47083455698134
1178.1692219408046,648.8452922339202,122.1942257715954,362.0561895591492
1164.4895195466522,644.3934421273909,131.7099882112534,363.4614591328906
1177.6154469907767,646.9365387442468,138.35490012487932,359.6047392546852
1197.263218108319,664.3499094726465,140.39389267827292,364.3213650857757
1223.0398634874732,659.4808886210341,136.80710884640698,369.11302445416464
1248.122070910905,653.5404382247513,133.26984970176937,372.97424910751107
1276.9196439588686,660.9627630635755,126.73364017583741,373.6081673459081
1303.6697245133043,668.1305657328938,121.98926840346196,367.7812310931945
1304.2501479259834,661.250381751463,117.44673619384923,361.28855493875005
1324.363354700452,671.8864625153847,117.89784964578575,362.58601547879954
1346.6196309333054,682.0517888365412,118.43101572712466,364.06056725984297
1343.3459304045086,688.5490223911011,120.04388597149631,358.9163381430276
1365.695663306221,714.4854108662307,125.58042030621426,355.4232350343449
1378.9376070933922,735.7483811048883,132.75796474270797,342.6546454738965
1371.3353189288764,718.6759046465193,135.36828111187359,340.1146465728824
1363.8283209971933,702.1818350287049,137.1853176643255,338.62559118359025
1385.872794961749,706.0623491114322,137.46388792835174,339.419395289014
1406.9795584514384,739.0153004267582,139.52632519404918,335.4614200253668
1398.8089601640145,736.5282118841226,139.2790526716913,336.3302232899655
1417.4606677603958,753.4996378638043,144.40191118808127,331.27962994659754
1407.6081344135919,737.6777940270956,143.72861844119092,331.409607119447
1351.3649339890183,707.2021361655734,145.51517966035647,335.3949168232233
1348.201711025441,717.00503964601,149.6276050166291,336.73066009802756
1267.8114758836543,719.4848536434254,160.6778577916808,339.63710264417557
1255.978354967823,713.7474146656762,163.79908840420552,346.50298064627924
1273.8904491209616,716.8269811705894,171.21181294955898,348.70581681082746
1262.2116925286828,709.2297155642736,177.59873941348474,355.570534493271
1282.4773748440832,709.2217437357406,194.39702129522595,358.7974728207869
1338.4376129023258,702.5456088460855,186.37962395071435,366.6565156515554
1352.3565631620272,699.8032505136447,184.49082126271736,366.2518455613497
1340.6014742093294,708.8766462173193,180.89448307186493,365.7454782200657
1313.6291142882683,706.5347328879182,188.22248303032006,364.93913520762527
1336.3037502773093,694.620975536277,185.01784557087757,368.03068786818505
1262.8200732824046,709.2944646091046,197.62012404621407,368.0809075680892
1297.068571545958,698.2848372435062,204.41205252372765,364.3112111091876
1323.7005070309808,704.5853872877902,199.0462480028031,368.2984928332449
1259.3790356651782,709.0879000815906,206.33684940590825,370.8164689295227
1306.5276697788959,694.8672173763401,205.23161283229706,367.83155050268374
1323.6800289887788,700.5225799410977,198.88628793270976,372.6742624175275
1291.4199310703673,698.5583225090353,203.9598473528966,367.7521638800859
1301.8315627394072,699.4409143175831,204.5338750569407,367.5457477991748
1316.0397818039737,705.7419851966229,200.45251357747134,370.80082546601557
1334.8098684648453,702.4971246330222,194.57117116219467,373.0494250792008
1260.1499588476195,716.7802551148059,207.3286144840832,369.0112681832651
1299.1103320820764,703.9751778304627,206.14796598307657,367.19239583530475
1312.8910325213772,713.7818209419515,202.76495020769835,368.16856356536056
1330.3508603912985,707.079903700894,196.25582405849562,370.05173553488737
1307.3849585432276,709.7878493595365,196.82272454335762,368.37694422602465
1324.3490433965574,710.7864591478378,193.44316992753016,368.3037309419976
1293.7426098699038,702.6059555137604,198.43173242513515,363.7002585730796
1278.630687761447,715.8436724620718,204.90007911298233,361.7024789087837
1266.7065259055225,712.6227685343683,216.27078956081672,361.0885323266865
1264.3553003031132,716.1562001097886,225.4279791796044,361.4552831392849
1262.1293068074494,718.7038665166727,230.0683413468926,360.8302297370546
1314.738965162446,719.1413346361455,221.25046407959593,361.2421544647783
1264.9008557485809,717.9662342786241,229.24152568690278,358.06316128304775
1276.4367116656636,712.5729679629676,231.29176290641294,358.15723864514405
1269.4382677427857,715.469552725599,236.8791578348214,358.57280649533936
1264.9761255400667,715.2745503293877,239.07963034594798,357.8748509013099
1274.5720942676505,719.0183598412341,238.52560287158155,355.8172736898731
1270.2307266468526,716.8265936050412,240.28617503563947,356.749908494297
1245.4532827165071,728.1382110137952,244.9322958727323,352.83436013757523
1271.3557831337803,722.1815318663383,245.80179149238415,353.909917042203
1252.4498714393108,731.2208482473434,248.89002971889335,350.67499768586663
1242.8379896182623,737.0082314275085,253.3234149393229,348.21703432267896
1275.9852717674348,725.5839441574617,249.9637220777825,350.52678229709306
1258.1095486516926,741.3502820767412,251.29810468860944,346.00255851031716
1245.7855322741832,749.359181431262,253.94555673210036,341.4770030709665
1248.1942969544325,742.6732761709184,255.49479107546722,340.0806614574797
1276.9536172236858,736.4325269724078,255.06634673671044,341.0091743839077
1247.4649755864757,750.9786411890904,255.8094218748647,338.9120609756181
1248.3159702916175,748.9118524130304,255.65634583325786,337.88090700660473
1245.566006824076,739.160280423883,256.2175754327351,337.53786323922225
1251.3427345942791,750.7070583814411,255.9220245919311,336.0507466799868
1246.664016464132,741.3094464433782,257.3197393764049,334.78084820596956
1253.2356947323176,753.1789480514085,258.00017683261893,333.2261962309219
1256.5607454530436,755.8876148064018,261.61843927751954,330.0270693564261
1259.8538940496544,761.9016893034589,262.41955352435406,327.1108257981192
1260.8566362712675,763.3799470992517,265.5787811682575,324.6927509946396
1267.4099472332605,766.0452203806946,268.82189808902297,322.0366746740811
1263.5479597509136,769.4907749822758,270.66237391011055,319.70030149302664
1262.0980815232347,771.8261419101772,273.5994609596081,316.56720896310003
1264.3353993775142,772.7193903913209,275.5084272756704,314.497323887395
1261.4875911411687,776.4231612015744,276.93745622053353,311.4966779246205
1271.1061306382621,781.379412369354,280.47675471790876,309.6978214278323
1273.2978001730025,784.829183827822,282.5972016562492,307.3574166060743
1240.7452644458497,778.6148619805977,278.34058961952553,305.90954958156857
1252.5583467845781,788.9349768079169,278.18431298439276,303.20274949507996
1254.099606433059,785.8270198696425,274.8126539868461,297.8546466647636
1264.0711077022518,799.705791146498,279.0297201538684,290.4764521699714
1226.1420526917993,789.594924616801,269.55897566601533,291.07740174673114
1223.7660499119268,785.3628158896884,247.74059051885035,292.5807105936304
1255.5108149574346,793.0202509894017,245.45806978021125,287.09995666490727
1248.7984378820472,793.0305362050724,243.02294092988788,286.17913964509574
1242.8552834009265,794.8574549781636,228.48127452300037,285.2000121748274
1261.44364391947,796.1127703537613,218.656260428127,283.2788267889211
1251.5228294322865,801.9420239523101,212.12803070407602,281.4458487158498
1241.147144728771,791.1332677611474,183.03569941969306,289.04964468713285
1278.8562020486515,797.7583771731665,187.77308287283674,282.6431516290398
1268.4257423578883,805.5502314131205,176.30917553344912,279.6980976570253
1287.0490908848487,827.3882827566047,174.7952827352607,269.2311312379969
1283.120444832073,841.6733880325438,172.76594639049821,255.0156773657564
1312.0786026312653,859.3593880573972,179.3394591314953,238.56534210862276
1316.03698152525,877.5936627348678,193.08329170505198,217.45732464777439
1317.3454653252907,862.5524494550713,196.02765312304075,216.12459259417923
1323.4736712423296,878.0695812964876,201.0891559099244,206.72109640189382
1330.3493310580152,890.7230415470549,207.90792575394872,199.37903514364132
1342.1659797988104,900.2286525438969,211.3660492068031,189.41766590922265
1361.9655552865813,916.2682536292962,230.57180199055585,174.56309172447067
1381.7248850565302,936.8833537172326,262.2573188230707,156.39692665702864
1378.707732500135,938.0673426662872,271.4751281827564,148.85577774684734
1393.3944159356256,938.7639891728569,281.8432140350785,142.8896573788333
1392.668961132907,950.9884762338246,291.933293868267,135.13232148047467
1384.1594501762065,938.5818730446048,293.2477365948532,136.15814646111343
1401.111955735952,916.1568063846339,280.03719767191393,147.32335030111471
1408.2483407041238,918.5713629423262,275.21327377355175,150.85485583061993
1502.6209665132874,833.5769176490392,269.92191984568973,156.27252686236164
1532.233551635595,869.7616753420674,270.25938312640835,156.05110987759448
1552.7951421311545,842.9819954220692,270.57921547241097,156.22701493795813
1623.4003024034757,740.6301671808541,260.75402771955254,170.5115739661462
1726.2777268680961,569.5042968780435,219.06344151628196,210.6166116474341
1737.2155997280056,499.5721631563281,191.12608308249304,232.36005289153013
1721.6427983985072,492.8828531913989,184.6687326756196,239.35195203097874
1742.186195593393,504.85882740562874,179.38971552133003,232.19970629467292
1750.157363779194,494.77283000450745,170.26340684147613,227.54813308427828
1761.181518781762,534.9585928373111,160.73505960993862,228.34748676299773
1772.8448561366463,513.7479590811718,146.61941296564598,226.85834501205937
1783.6042733425604,498.75039622157874,133.66820256961137,223.84639065619467
1782.9303166299662,502.2491356302381,128.03963372778856,218.07220738978265
1809.3762948271483,504.9110694392306,113.00168130950297,219.0348907980637
1831.1790843056672,506.91076639745796,97.09302810106004,221.86004833948107
1828.6084647297253,496.8521876118149,92.61248016160957,226.23160671218238
1821.7428479981786,480.524418998634,95.01574577903946,224.67603863919675
1814.6084358589842,472.0915507888796,96.79968701939791,222.43028383514857
1799.1094663136892,392.1559554859857,108.0758428227637,193.80566212288971
1816.6952129818935,362.4880339118126,102.77274192874101,193.66752093721345
1831.5152510270402,365.799522969528,94.60978757700335,194.68686047189217
1829.0158085406383,370.3531387658698,90.41400607545368,194.301170131004
1806.8290629438116,395.5121405770052,101.76456059536214,181.63898639668878
1807.0781492118324,404.14130281430016,105.03588239036178,180.56357886931374
1821.609011554866,434.5635560052689,98.83742468846879,180.6333666504599
1820.9272190920772,414.2183144842988,95.04841876404782,182.4733087875087
1823.3648864563575,422.42594061250946,92.72904849207868,185.35152513688004
1819.0287277081152,379.0594281119645,93.49442698432111,184.38138503863073
1805.02857808353,315.4104930794391,95.52248734861865,184.1741564429821
1803.6400667032235,345.9097144038906,104.41325700268979,172.05154227258447
1822.4743875850222,273.14839996721344,98.19370640011107,178.24212739808343
1824.0518403382139,243.92736066445968,94.53047250254991,178.53632481464024
1827.3887704115075,223.56023899167465,90.03117681897876,177.42000057612034
1824.0660103538391,239.8368332627228,89.12623460314796,174.8698741512388
1837.423930824043,249.5131860778454,83.02844022517738,177.35248238191917
1822.4874950101942,220.55598008864905,90.90960793152689,161.54696040605117
1804.868640257947,216.22740581841538,103.50900966476263,148.85848020466707
1794.568566340368,227.10095052328722,110.94797697191609,141.87893230544486
1794.546531919868,222.55135169507224,117.18061732894719,128.9258489552822
1803.761462348,224.99336557988266,115.7915703761025,119.85248780048835
1821.0489035145572,226.21353127616015,103.6435263353924,122.06386097046006
1823.8457661017576,244.10589270884913,94.66176261395586,129.83838246948096
1839.0977826619337,260.55924210226397,83.94145264566407,142.36893839962192
1820.9673423104116,248.7600643774183,91.39700151381885,132.81435674322574
1833.2481807353486,271.83336740135326,84.67886358414954,143.67620029613528
1836.454119782127,286.51006286826976,81.04642639655744,155.59310633286458
1825.5572089490506,292.7252893449037,81.9976397276387,157.87765843035834
1838.5754286808476,278.0722402935773,78.58924062743812,158.3111291533978
1836.78398907853,301.7175770864918,77.58067179027705,159.30583248086478
1833.7731293311317,299.12377035562986,78.57008808193503,155.6385334334704
1832.096543415713,290.0661149231702,79.32567148829513,148.1386241387448
1831.1715443793034,282.0960640595951,79.31402806052857,145.40011577836728
1828.2645362520418,247.7931191090338,80.68593826312917,143.61588182458456
1753.177914036166,208.5398591052513,118.36027443680089,114.70408263104375
1717.235823583092,201.3939487482009,139.7703489082275,104.32559029400704
1716.479893194548,164.6161049176748,124.38406942702134,123.84613046545354
1724.5510541430165,194.47446524485952,121.99255357578382,128.76179205775793
1752.2015645641227,174.14229043467128,122.259993583604,131.60625919296817
1764.3634643508917,170.3180345662834,121.59122566354911,134.46240824912826
1779.4503393411023,161.30593315676094,118.82763164596125,138.34849102658083
1788.4720063580392,177.05858637917152,115.67197581820973,145.0429076150221
1804.8222154914206,149.32692861393517,112.53956927297497,149.8473510019519
1819.1419881275128,136.60364986086554,103.91809117243443,153.80030932724748
1826.2584155806474,152.55509795375676,96.5941535240189,160.2655578854646
1831.0114542945819,139.0815091371557,90.26787161016597,163.65147468513078
1832.4182362785925,169.46549646727834,88.69825947000487,164.85941563851347
1833.4661040355284,200.0216636416017,86.61157845136293,160.5460992858021
1846.3202934203896,230.9534962051796,81.94136408596925,160.94538296273595
1843.523335601484,245.91648127257673,78.94317256535973,155.60889998783045
1843.8163605375576,260.0425050995261,77.00585943997666,145.83118546717012
1855.481803152643,271.03123444821045,69.98386053768883,143.51619416129768
1852.1400251998991,270.81802838331663,67.90968844247554,143.20468750163798
1743.204965191264,219.6730168453007,68.34103093761831,153.62790577611705
1743.3553880303623,217.5036368996783,67.47865457030282,164.13475187361843
1745.2944504035343,211.64330137247725,71.27066789082835,168.03240606324084
1764.9756787420024,207.66287742876776,71.70351835950092,173.862429673475
1763.415533931976,211.51306003624703,76.79180869194634,174.02479638413757
1760.2278395996716,209.2313252030914,80.73366800926846,174.58430113760028
1780.0254933251558,210.8672469435068,81.37469555351997,177.11267730763905
1786.917741153656,213.37883049880136,81.13102404065842,182.55378191783558
1769.1649728265647,208.84581203023217,84.82026768701483,181.49614606297706
1787.8458009366764,210.06150521934114,84.73580731559673,183.96639022082286
1787.022004234072,205.22813091933267,86.37837169254288,182.65038360598928
1785.5518237542506,208.7973386444794,87.39760738955624,181.26915454902584
1785.0556836152482,212.96116238455397,88.19686733133847,184.01467025648597
1784.987034111708,209.03685806289428,87.38975024854668,185.698989244956
1806.5043278496514,213.7002493488651,91.9571379990267,184.85742824711767
1788.2349275549154,211.0668524242649,91.90183003622701,190.68869325972054
1785.0438293290476,210.17935028548004,93.96380407194215,187.43512253564904
1777.7438839652266,208.60579291707597,96.99754614167887,184.98113445965953
1800.226778243438,209.9826196300915,95.90464716635606,184.81008987034716
1803.0082584898803,213.72727546145984,97.89280475820081,185.16891445209706
1800.239162384315,210.85361371457572,95.47219933790191,187.8982693639906
1796.063616983702,209.94095861878301,94.82064204283834,184.8917347354298
1801.807715511866,209.16685489612303,96.03880659817466,182.86375743747593
1800.3810503707834,213.13735298432667,97.83859793617293,183.34959981367723
1797.4541955418838,213.8680382802135,95.32100764139872,185.3954315926151
1793.8797712128546,209.00300549273425,92.82301387659312,191.4682998377741
1785.345969920716,208.0473888396632,96.28323031074537,186.25515711577404
1800.1847550915925,210.86988531908514,96.48194267306391,185.71916587803128
1796.2047634503851,213.99958450697443,95.59772245946544,187.4223997458031
1797.8535894632282,208.24218972255284,93.62407679450254,193.25679589948595
1795.8948445352835,209.44135352437075,95.8864795814045,192.37757794725312
1795.2551912095098,208.09496362149184,95.27008756453614,194.49505203520343
1792.929322361485,206.1642225769983,99.9183223123685,193.44781891624933
1788.8200520668267,207.42959062564609,102.15320446530747,192.38238618278623
1792.1078641118772,210.43483327358808,101.55444258650067,192.97961773061044
1793.1468717347925,209.2143583443024,100.73177361712456,195.25707376242667
1809.6309352568649,210.63744008837875,98.85565456711132,193.70475659523947
1806.9782296947799,212.32518639366444,94.17073187264118,195.22201072290449
1803.3289112497016,205.68482970784103,99.60976841220186,190.4237940596392
1800.4140770562522,207.97596841114603,103.28407054605377,186.84520918379462
1806.8784747960722,209.99519776448844,100.22336944556565,185.40089389490385
1810.9496647442365,208.30994043389677,101.53408788450022,183.5027520679048
1811.4159438315023,210.16624164761666,95.91471749691775,185.25477522503314
1810.9710232290342,212.7720746940577,96.79213892409379,182.84686041183585
1814.5630606812374,213.80080106938766,96.27985985007567,184.10674584836866
1822.317052890911,212.04338124689707,93.37832890931305,185.3731704629749
1828.0224002936548,211.652256784416,87.79952439492365,189.59449505472733
1831.3186211198495,209.91188988569093,83.41588092743177,189.21132681738368
1834.0416620123538,210.52331305742828,81.51642996137214,188.19505614962094
1835.09721857727,211.22122433992558,78.85611130900224,187.76283285159025
1837.7146177230193,211.3017119380668,77.21297023321188,185.77037247643528
1838.4423465050188,213.31541665466278,75.98061444737289,185.29540187472512
1842.9107090686985,211.13079731258458,75.0139355302455,186.23369819557405
1843.3997954222389,215.77262609488434,73.34869645903194,186.35712353177925
1845.1004950127287,216.5888734734777,72.22354805596278,187.57955576031148
1843.7039413581747,215.1519476412409,73.04113671476766,185.7247037554898
1847.3232348236004,216.29030740524695,71.1711929176786,189.133531663702
1847.7901083939523,218.85421365798484,69.53509137377327,186.14379233367407
1847.3419838739458,223.53042909714245,69.8311681189993,184.82435625890326
1846.0861149381326,220.93181202928537,70.9966347459853,182.5373015596159
1848.5754302020343,218.77080665183587,71.5633143254199,180.67867448356947
1847.7221734509687,219.03203643863316,70.6954059479565,181.36857869337007
1851.3968369077895,218.57597790285817,69.66222165536298,182.38021463260776
1856.1620771939354,221.3374107054733,66.72621548581994,183.23541137999825
1858.6733630469855,222.6262499159736,62.87010186226149,184.79830622305116
1857.209709254724,217.83004852846986,63.44725708786389,186.91973902264607
1856.8386185533593,219.19046687310967,63.16596574999919,188.97732402539015
1856.29885007511,211.74080273653266,63.416598355482016,193.00187752933755
1856.6201131654263,213.72204068412518,64.21966405869607,196.33625944352485
1855.07731281201,216.9474559059767,65.28151874184331,194.18962539774145
1855.2973811350387,210.4740018627423,65.35106404177589,196.03499823670035
1852.1708103164167,214.74104989021362,66.67574836461249,192.9884106377875
1851.7305666328275,213.89841656401163,67.52556217516772,190.8930791636039
1852.3974819051775,220.61822676894437,67.86943417358182,189.4406987701919
1855.4416578190744,238.75768042430204,67.37316253981493,184.68971701762786
1854.1322681270358,243.82765263658834,67.49128356156595,177.3980913076611
1857.5724500773076,226.6700362480697,64.0532867591998,187.773347894933
1856.7043159537043,207.33962916531357,64.13943962154434,194.26749263249528
1856.7504415844023,205.7825441385408,63.962385044330475,198.8252908756932
1857.4776606269415,196.6342004891966,63.64065083317999,206.47613449041376
1859.0419949012485,190.44121361544512,62.12312188544202,211.03780040464983
1859.718204116701,200.7154643524493,61.18882204202414,209.42881181203717
1862.22165670965,184.06579029948458,58.915665288930924,219.3880292658468
1860.8924356698328,188.69774298309898,59.29127110672033,224.0801696033525
1856.688466676119,199.95096650444333,61.69937572963242,222.1563989006802
1855.7673601243146,197.82693175910646,62.86706042686731,216.77719279703288
1853.6793688322862,224.29478049809404,63.616554627720994,208.81114929576393
1868.825238291969,213.89767508537727,59.192516839677445,208.47142108080564
1863.5488348911745,220.76785920509167,57.38578525589751,205.24374324033477
1858.6872731905032,223.495836516715,59.03128459905224,199.7277692178704
1849.6512169424395,231.51532860904098,62.44558070946465,196.4139079971371
1843.3633557711003,200.17284742101788,69.63550237711587,191.96471850364415
1838.0450643309116,237.45136715820792,74.3395606366277,185.87593641914668
1831.6457749932904,218.2108740124442,80.8088282083872,179.6502095804251
1822.8150857420567,223.3820740748844,89.05776905014031,172.0809514558385
1834.6675561632587,196.1581977948095,85.09914013035339,179.25958199082504
1811.2001741248257,192.89149442001712,98.27228646746545,169.57109492745465
1806.7647458018612,229.49681581245684,106.04168196714983,164.40411587058253
1821.884409373742,180.3419749312414,100.23304868868249,173.10141617465626
1817.0621071720352,208.25132335146242,99.8974207025771,177.10476327346365
1826.9829853472268,157.9806034140246,96.0382983865296,181.18828520609708
1820.6120274643204,183.31616252305346,96.0760775075241,180.59309542712873
1814.1718294027185,211.1384158078339,99.36756779760796,175.42658145653206
1809.1541151816773,207.56485833550062,106.41110189408201,166.2567934360217
1804.0396324037677,231.63819375974134,112.00253150399413,162.41254558225978
1817.129332941814,218.37630984639415,107.4782978732481,167.28431005481497
1814.312638344188,206.8639478780768,106.36821743088935,167.10145639089654
1811.183537875998,215.6887411698803,106.94670832507671,165.12218044619104
1808.5750677282272,241.01695780359535,108.01625692835864,164.98827125064133
1819.102935663957,189.12232353043183,101.85060980461662,172.81766773475618
1817.6421656462142,217.0308049868955,100.04652085755237,169.55994148367034
1831.6910083282946,200.14564851730947,91.7678541427397,177.99970925457836
1823.369191750698,225.42678251259673,93.42422529431806,172.93050235185942
1834.411306203102,213.39925937649343,87.98885757312705,173.71960385177888
1827.9707070108643,242.11705110911728,89.54614143747978,171.19755075843642
1836.1985333705468,211.54917954176977,86.5963177737773,169.34428882669684
1828.8491576486654,242.64017191067165,89.08515013741385,164.1916766693215
1836.7512976078217,213.2865112858217,85.27906565839993,164.13651302421303
1830.9661363447162,237.10432580618425,87.21459921830196,162.4939714533698
1818.860455029194,273.3230772989569,90.67233773671838,157.81271932433674
1830.8491955280292,273.3802462640658,90.37885966049261,157.6288062704377
1716.052400517264,384.9383739223478,104.66232460700792,139.788563894907
1714.2964538559274,396.35275247283727,120.05698798648368,123.8973395126114
1717.3767506265924,393.19392609368333,129.56660746741193,113.34346610508106
1711.350336911048,402.4350479580107,134.77215220323558,105.02351425766858
1711.5604239754718,411.38927481520363,136.90465204482513,96.18893741732482
1718.3698759402514,417.81415504376827,141.14059487023977,90.50369547451176
1731.6776219489113,403.44651464635376,139.62119760389243,92.18905877425715
1725.629667183821,420.75353843357306,140.4035449937419,90.61585450792391
1727.9402122714166,414.8656986667359,141.5933796030601,84.64564048487225
1728.4241870266144,420.7757762622662,141.20875882190128,84.88617822757442
1728.4086172002878,425.34872878158825,139.21705997488758,86.34668686962837
1691.722073700633,454.24581186979697,129.7191424619897,94.65780375993114
1712.644295927695,468.29610591291544,129.2697638093415,96.46873550614097
1739.2256771872856,432.7131404875537,130.09915836998482,97.36936870744772
1717.5656071338108,454.19348252092425,124.86548767520463,108.0911165335509
1730.405575242697,442.1811038497351,127.30603538523071,109.10199879957923
1766.987917490305,418.9343391091876,131.4629632577973,103.5356436597428
1758.6093344121684,424.98482242111845,131.90932363642415,101.36695507985263
1708.893041733262,451.52611464432175,131.2606594894773,106.73464721971575
1776.538249816478,429.43163158495753,132.10879472829137,103.57858272483978
1800.8531770639945,423.98720428180434,125.48771329968167,104.04733749747828
1819.1478230940597,432.86587336669595,112.36645057635094,105.66833849217137
1813.4784415601712,426.7601145863262,110.8070524508942,105.67874223879231
1731.357990939435,458.04165296593254,107.85142145427004,114.01986602638242
1723.9460089332488,465.76500477580333,110.25669922413616,112.88836458113508
1709.2914269554908,473.22909042181016,116.35297989935256,108.78251747846478
1708.315003623765,484.4448887880476,122.63985294232575,107.60928119167265
1729.3609382472566,478.81616989366205,125.33467487745922,107.804791204733
1739.973178333813,479.8189553322878,123.4747186663846,110.36780230938305
1753.3018559238208,468.9124755354263,119.63121278947139,116.53014813016426
1739.1968704650042,480.9282652749123,124.23607475367471,111.42568238789315
1726.34946941438,480.76826666527256,133.88148121905687,106.40243221588524
1742.8634263920894,476.3687843818792,141.27750827877395,106.05137794618392
1777.9539488096332,466.2437000801626,135.26052638380972,118.156980679127
1795.4319580419628,466.669745091943,126.03813143780759,128.16832301467713
1777.5950025527725,482.1562678279478,129.39329246572828,128.33139861825978
1762.9613697673851,478.8487082051757,137.94598496493273,122.98958967630406
1792.4587243572612,473.40716010720615,130.1129195101753,131.02211912264224
1802.0071710694767,475.1866726893748,121.01904670502742,140.81349885329735
1818.5745288845492,461.0119941600974,107.53609235174108,151.0279797274065
1814.8240956100963,475.53251713910896,104.20508696848266,148.34925368786173
1772.333435803589,498.9072530573379,125.86566779898953,124.15621257113642
1802.9019162063441,511.0182288875286,120.1718662451751,128.1118636381339
1809.7974312322604,510.4656747595569,107.23798490944333,140.96254041592073
1829.0971078500606,479.3062738586676,93.8363681905618,155.02520810706824
1829.207285808108,491.87876711136147,89.6989236392607,155.59044669517257
1818.89158031634,498.2075443197333,95.99979572452114,141.9864207388169
1824.324129338422,481.3435370291237,93.5789545895706,142.42877300646296
1824.846394010147,502.9648159913098,92.73542159032576,139.10215075011155
1830.538730138243,516.956355992492,90.18475095284364,136.09866642870125
1833.1468575185163,527.2355425562661,87.27580251469283,138.78576897434405
1833.7505621664302,539.0679996120354,84.75624967352397,145.33345464447035
1837.4726019339873,509.0267721044005,81.72858188369813,142.3978907339711
1840.0464467739102,526.15498061556,80.42101386896454,136.8504400194842
1840.562385233711,539.9862409442801,77.88333148685614,140.60500037423571
1852.8299364157308,551.0437488720951,71.71620637998386,147.51856349283184
1852.8557075520807,543.0038055880862,67.80810523285584,148.98758248719002
1848.6186522532773,554.3316145382161,68.04094542221713,147.5704551094014
1846.5420361708561,525.8303040393545,70.4595144836104,143.6285043873275
1842.212987357347,543.6720330411547,73.02169804123514,140.99017191456653
1834.8636085640524,533.1823332144648,77.51989026779684,135.0502279079539
1846.1870536683134,539.5183670062866,73.00463380701487,133.22161306565442
1830.37148011058,528.2704236457985,78.7748292095148,127.90160166844458
1811.556402625202,539.1743068302947,85.36753330554879,123.55729211526928
1816.088459934482,548.987055782055,93.38312001921697,116.44736223347535
1828.7651430402743,554.4101874204462,87.99334508172979,123.85818633054038
1817.0235393124096,561.4418619017273,88.59651937546072,126.0117229867981
1831.7490601540162,569.3163969147016,85.13157930236652,128.73108381076435
1830.1336802650806,534.6403093494318,85.77058745980841,127.77519532865591
1828.4619883871874,532.7307446300372,89.18468402180355,125.3806555455607
1829.5024918725694,559.2944585704442,87.56568670011072,125.76075548321612
1843.1828478730652,576.1245555011376,82.13431109262869,129.75742260768575
1844.2960058242595,622.5304703943788,78.22683867248851,138.25720243656255
1840.055397695207,575.8395705586989,76.55295706174921,139.63212666282223
1851.776119169585,582.2007401486021,71.81365251080248,141.35479344962744
1833.2090854475698,551.5474380310334,76.71882275092948,133.908959439715
1844.9145464076023,562.3675188041759,74.51866341267204,136.56910395519822
1843.510934850364,572.0400922068497,74.15783144533044,138.88824611334508
1840.7874216907958,581.6038441451622,74.31873319879253,141.36133538687628
1838.9899861734455,606.2785048392999,75.51668039028549,143.68053658273294
1839.3209332207823,618.4291201018007,74.98623113223351,144.9844870657591
1836.9595156838068,629.188715530153,75.51751206214831,150.03364726323926
1849.081373472365,642.1807562700187,70.96293356989686,157.20989839592528
1847.5152145148193,610.6447740364666,69.4464086379427,160.97492592794487
1847.9297289727149,645.5398214058866,69.78192332633537,159.6689436201567
1844.4188285601933,657.7199018233531,71.26644172813133,162.1288116784003
1841.2552075757794,669.7752200870206,72.43063267486804,161.24500428912395
1837.2626025103011,677.3753105738989,74.98560698069495,160.03150266089065
1845.9395693508784,634.6965933625962,73.63649040669692,160.0806358286437
1841.8382363840908,670.9281215658875,76.26751388133164,155.64572888104624
1838.95440093561,613.7882708515554,75.46498899071182,157.52674958173924
1833.9020172601047,578.3751818274446,78.3714001013802,153.23248865373824
1842.4982631206863,565.4769613580336,74.37989109806394,157.47646657037626
1837.7469299768518,554.7372336581822,75.48272575386403,157.93894684209786
1838.070088948162,565.6504707198358,76.62049236100094,155.7987703859236
1836.1735341621957,575.5539423192481,78.56167896479789,153.0417455001383
1834.2369135860697,555.9818724328488,78.98431894861949,151.7073799208983
1834.2641149197818,546.993927521888,79.38638373533416,155.68500062833513
1834.3537153713353,562.0275270092549,80.28530296551017,155.86051308694164
1835.8150322695058,570.9824682487782,79.54839567614343,156.250244115713
1832.9434267930696,572.3720737408745,81.92858749431869,152.2214488087145
1828.3728072840142,557.244996327293,84.97813374297614,148.24484257528857
1837.2683257402323,551.4192077779336,81.47739584142921,151.9549273684181
1835.6814976257715,559.1503147877016,81.51784961892784,148.62317792870925
1850.8833304318903,577.6019708258948,72.94690548947567,157.2699748473089
1847.1640753255144,573.9909150159181,71.2238625901949,160.27239612307756
1846.0493875238367,573.6602511938144,71.00756131758095,160.53710040703908
1842.738797493836,572.3711154574055,72.91428825824595,157.77889167536398
1842.6503757902185,581.4797750082521,72.82157541625918,158.3561055198328
1838.949885099647,579.1311139070954,75.50281709162851,157.30297399246479
1838.3248081799775,578.6548385389717,77.57753930334502,154.20481366834267
1837.2643138526419,565.2082527520126,80.18380150406091,150.7552706079856
1833.187859147301,568.5977723463277,82.85368487690198,149.32903484328756
1830.490593089173,583.3020507498081,85.14592923345447,148.62051024474695
1829.618872618004,595.1370352118328,84.58892857192996,154.40050834990157
1824.5936466707735,579.4488376189449,89.30749262381254,148.81221711381517
1826.8715577806909,568.0601706693088,92.09096546527181,138.31505182029989
1827.592033515925,574.1738920013898,92.48285449839783,136.718864926246
1817.5077588354577,564.5097843228191,98.60635766218027,128.40170855812988
1827.3059056510288,574.3731790444288,92.42142744981999,134.40799510643444
1810.4605361401568,569.4536103547524,100.86873221322259,127.82579923959115
1804.9746966434616,566.2377162817512,109.60749911750682,124.73410825934499
1800.6354110413397,573.3552427678487,113.77410506439199,126.60145197477432
1786.5320473900908,566.3716933425824,122.29191246382013,122.18535010928665
1799.564134213969,569.5184199313088,120.3767968225956,122.84309582766568
1800.5697666251515,561.2941874156032,117.48790783101693,123.62769865015142
1782.4505386140688,565.4742228028548,127.16646805278529,117.0429476934224
1799.4324858596287,575.1612712831179,121.45390010740641,121.48502892376678
1801.2572477755618,571.9025646726785,117.75568966886505,124.59637180023509
1807.1181112705654,555.6720887552312,111.7464963745376,134.04965377195364
1807.6390517256225,549.5898257185264,109.31995551341939,136.95421433445293
1815.932878706045,534.0019977839218,103.83762392567614,144.99266207229053
1819.6197283599654,523.486567892015,100.10514789047366,152.06501205422248
1820.6637592375637,523.1168291060194,98.01061808808981,160.0851902482794
1820.769313163618,514.7703147446406,95.70247174222696,166.64983208556166
1817.4505170395068,503.15144960309397,98.1670518658435,162.30976598998205
1816.2101704664753,506.1560113175932,99.22699828156007,163.27357701159397
1812.9588402325166,507.1326385650001,101.73075115019353,162.22542724977342
1826.4440058827954,501.87746117189124,96.5613330439602,163.90417617271765
1807.4063015820843,499.5273621652203,99.71263272926686,161.7116912525587
1738.7815997081718,551.8890645251631,107.76398956295304,151.00417061726844
1724.2266469238048,542.253516997483,113.70194157385022,148.06475350582258
1704.8458687786283,560.2239285823917,118.63281049756311,138.61681854527995
1691.0400123760473,562.8610531258224,124.75826417287264,130.47222739533785
1695.2623740519002,567.1732635010584,130.30211358221626,124.41102592970222
1717.4713213632647,524.3823311622865,118.97111604151553,144.05991269691506
1708.5795669870947,511.9813221874271,121.21064844852471,145.478306902039
1699.44810898866,524.1377875295249,113.45448682860058,156.92312427383737
1688.906295085099,514.569176219153,113.89148258548212,161.97773351289032
1658.5027653698708,510.94814125565256,116.85263517515163,159.9987531965807
1667.4427728158346,512.0118614655626,121.4405534160712,159.40818011269408
1623.0524133096342,519.5815459083815,133.6879484487705,151.44659728218426
1610.1729642621976,526.2280230127413,137.08035534358956,149.38847381679767
1631.273881833569,517.5997804480998,137.99539182377805,148.54649303825855
1639.8648354832992,512.9291876798841,137.73575447771282,151.79124613497393
1752.562356710364,458.4830706265488,148.8608696779619,139.22412984433058
1766.5223918661547,453.0600009686799,147.35048564735138,137.45586842505458
1761.1501851084288,453.149742546492,147.51719261036058,134.78394887326434
1804.8202939071373,431.00057651718646,139.97972492057906,139.2422478572183
1753.1391923359802,459.8415250984761,146.13579834021994,132.5238721626123
1763.2484186971856,452.6380039985784,147.1643467787113,127.34673937806625
1742.5593476837246,479.08761727938384,147.47399143531518,124.22403317550994
1734.138616745617,476.4139644628184,146.8732227939587,123.23796451183264
1701.3773205904859,490.16016909291676,146.22690077672394,127.51831034619349
1701.652661791806,486.3558591414468,141.10448107227404,137.6974531406126
1695.5663082047638,480.2609784965364,141.15027185135742,139.1555341319374
1729.7123179517375,475.7888539255243,143.5712366464212,136.64368855215147
1755.1053125803162,474.32938876647614,143.50765374132862,135.07072862206488
1743.8881441463895,472.64320402016415,145.56546813244864,130.3438606352188
1740.7882661642202,467.6897029157022,150.84295436155617,125.60508076897159
1738.2195404340437,476.27448818157086,150.30297712834604,122.10220364152792
1741.6167793149134,473.8360329307224,151.75920213859158,119.2286846159153
1743.4139351112442,479.7083511571824,151.02838679891403,115.93156157765706
1722.8492625956042,477.02570792251834,155.8083091072936,112.84212346514798
1732.180434181887,476.50305156071033,156.5126716954188,113.25976134144838
1718.9442320312094,480.1080295071295,158.20927330985626,117.63783441052496
1729.2300496312305,477.60701325515686,159.37410034443582,116.85765247181966
1726.476429924012,485.7184665860309,159.0030220764092,118.68477056023679
1725.0802041653174,477.5945517204065,156.39620219654148,123.14360972194856
1736.7383094014535,473.50871143419477,153.8653358087789,122.19946280903626
1729.1104836767902,471.71302081213634,153.56665183072653,123.010855596615
1631.3887367826644,506.67233167945733,139.98558145604093,139.5284005999029
1620.659779278882,514.1121005667756,136.2852476297562,140.84688082091694
1613.982508817061,520.1183015142899,133.03376888668942,141.7366318500314
1623.0055180512556,508.4085806961274,128.72248118826295,146.44128106818602
1628.4367456582263,500.9311858407858,123.3263370220657,154.57990700174466
1619.352046751457,508.1123347580585,122.14748622354324,153.11017004545664
1720.4470270820536,476.8935754037334,126.63059590037447,151.25485774329337
1717.4963463731733,472.8379534290432,132.0571382029427,149.93693720497825
1742.7621421335782,459.64971731765786,138.83674498948974,140.6682025627552
1740.1018329705603,469.75846908740584,140.99550581952138,137.55204071156186
1749.9236018843296,464.92582778839073,144.2338733016494,131.9842190633383
1741.1892045105028,462.71794278638777,147.91947841524268,123.50128607176885
1748.1323235798463,461.44478866577634,149.71072378016555,120.1503820740637
1731.2446405301976,468.8426360082337,150.46291461792862,120.22171055630375
1718.6232262897793,473.34691006485804,146.30243329897678,127.8643040269686
1744.2912745598344,453.22133891684723,150.0922357908611,120.86065278039172
1749.9463463886825,446.5270505891516,155.07964069516058,117.78676455560914
1763.8916651963805,447.2341340235042,152.8379000805277,116.62916916208825
1767.680230106076,443.1669467187024,150.21112795930142,116.61209958609105
1748.1516059711732,431.8377312290128,158.1876774730281,110.1677215802502
1750.2124585204888,437.23402273692074,157.9042995452777,110.54195451076761
1740.0863566984513,436.6275175558499,157.14173768379987,112.15592840978366
1745.6225645880136,430.1063936308765,158.8947203668606,109.49625890678215
1654.757335426692,458.5707251209535,145.1024279123874,129.42590174334322
1618.6371586464318,468.1557322594658,145.72366922639634,132.85838207537452
1597.0631238363328,459.7764387336369,152.63094796348287,130.33470136923358
1623.5451244285166,442.04486963325,150.41880885699936,133.1137441233553
1588.192325147486,450.5903095454321,156.34348038122806,126.40803389115447
1605.1499687956505,449.5624916711567,156.4509045441688,127.15183924500786
