1008.5,752.5,34,102
1009.4847914969357,751.4504984651196,32.574121451468244,108.94727808514074
1013.9916259302873,742.2784705127656,33.22235300501479,111.18653309329912
1017.7432863899234,747.3849774169508,33.27916148533387,111.78532010646185
1018.7620354896517,746.8335515916757,34.637012444215884,110.96619242861962
1021.950711532964,751.1479510450129,34.49105663839768,108.387544746742
1024.1826212760125,753.0317243978641,35.986949960753726,106.44903487649515
1026.9342745077986,753.0401417098301,36.0851796642119,106.3298998980392
1028.3200734432944,758.3439336958859,37.33585085413402,104.5336661003247
1031.169550322006,757.8090269060533,38.80124891718232,105.31015338913929
1034.4731892762593,763.8893242777564,38.51356453840211,104.6310978546915
1038.9659242453274,761.8108451827932,37.846230877899245,103.28907317559835
1044.1705585296268,764.3639854267151,36.155998009122854,101.97801885057567
1048.0049782073324,766.7800382996844,34.778674763259225,103.40583174949968
1049.0142701751204,764.6682873159798,35.491168805206854,102.55595784753402
1053.7339475025108,774.0929578221717,34.70847748003863,104.21314963439502
1060.1810871888447,770.494049226266,34.25479444195688,109.37415167271081
1060.6195452621484,770.8307501948258,35.004529462948966,107.85057849847678
1061.6114992858654,772.8326049712682,35.34663112110251,106.15587243370896
1062.1877932784319,779.9771480545427,38.02972890884111,108.07944078222425
1069.0311524220283,779.1103256444916,37.84661459268203,111.00364086409861
1073.2826999419945,767.0449188342009,37.746479784607885,109.472764437287
1077.038718782617,784.1013182814665,37.79567679744739,109.36818791070266
1076.110430523536,785.5564624068546,38.75417663215227,109.03031906536927
1079.5344252999928,786.8386741859019,37.49813325118711,110.14692028143213
1082.9378969156244,797.2983700676173,37.16272821076143,107.41759239636013
1087.7517703951298,793.370177995183,35.03157855495741,111.30962997019446
1091.9061432537771,792.521151178803,35.64837404959673,110.31369905311462
1091.560523413063,798.5446889233094,35.949784087226455,110.08246920723269
1093.6480793830979,798.7640666325957,37.79977222149813,109.72750323106412
1095.643168032884,792.2982410903392,36.08614879390177,112.71644766687791
1097.5033316795673,796.5040679841819,34.4736263786275,113.50895324380436
1098.3756667473303,797.7743024294343,36.056180402284895,113.43158323107866
1101.5245712873527,798.1141638740468,35.44283336841528,114.84341099663139
1105.195909544197,790.9460284453281,34.24380471272799,114.76446556940007
1107.0012637459881,792.5040255095969,35.279532633005715,114.47265800113695
1109.6107908516092,792.8136361305267,36.048966546107444,114.12793325732602
1113.2873045290828,790.3368971087564,36.00474096727047,111.61498693662205
1114.2133606381412,792.4288614864163,36.74506883802598,112.65118361495988
1113.964361386385,790.113321497476,37.46077800343415,110.93466850552633
1118.2130630836418,784.823191408919,36.73332949726531,111.89519768915841
1117.076128022475,786.1175440333709,36.55007856725413,115.14813458393485
1118.4106098194718,788.9781833478959,36.86140476059302,115.10346973005448
1121.557075913929,786.3751815412547,36.76517985098734,115.34793233109436
1121.0553400662125,785.6249160926658,37.418478525835404,112.95089754235595
1122.1279292652293,786.9485208917517,36.09142872796184,110.46487000807491
1122.50307495135,792.5417647894265,37.20179572548446,109.58015109671382
1122.524069732273,789.7874559152807,37.32998476596672,110.84110819631664
1120.9450180114716,787.0628762370092,39.319139802244685,112.81227062264409
1123.0249035477573,786.5698862230179,40.04935483855384,113.90880568419016
1121.5149123369843,786.9571841156571,39.04042367936316,118.50152592958841
1122.210698117463,783.6903581636575,41.55139559185707,115.86992344283905
1119.2902000681352,785.2918616953108,38.95773417299363,115.47812235783593
1118.5021658126282,774.008760959516,38.683420081582696,113.4198780013582
1117.7537321492805,779.1245126427037,37.767746639827806,114.87019574067608
1110.7629548266136,771.7589045303176,39.54692020095708,111.83773779991512
1101.9780892274887,769.1355026578824,42.597130255037,110.74959685462736
1085.8379474878282,772.6468023645019,43.89300629889151,107.95204919250588
1069.332745674001,773.249612961307,47.58240233300035,104.32719128171111
1043.8991197105952,768.3574333586552,51.15684642384214,102.51587820079365
1018.1802142083493,762.2627245883807,51.68147375829221,106.33587155155737
983.3753011189012,771.6901791146131,54.83519338760016,102.6562876794485
938.8700210361383,765.801549281676,58.6569172037961,100.2727358854936
906.629297397161,776.0233243140918,62.67512523403397,95.06129523843362
868.220007049772,776.5643605508295,67.48586969679276,91.2899887142569
813.1485889387359,778.4028744480037,61.62572252990004,95.80139108430473
787.7019713996041,779.4308163186053,65.54906281702992,94.3724675580855
751.1427642168072,776.9313229385035,64.86437330787975,98.0250456730798
720.7870495690028,776.6115800985212,68.14743528929418,97.13373312039928
690.2358974719474,775.2944997366474,61.56301624868113,101.58191026775317
662.787348211401,772.6580625444311,59.09889586645997,100.71388079517277
657.2986523771269,774.417281718749,55.15316261896824,102.40333346597745
643.9100975820552,771.9513712196713,51.006994280702145,103.16777414044932
640.1776922910786,776.075030811586,50.1266036537,98.64021899776846
631.8329494696377,773.9774201691247,50.02780462595639,99.03297041048253
625.7533181243011,773.2978818543245,48.99572657944563,99.88797318155378
623.3126032781489,778.75173071104,47.41261886588585,100.99944881682737
620.1704703335384,766.8381579006569,46.274060639131676,103.20301172174649
618.1000986175503,776.0380956109877,45.16572551933276,104.17149932480756
615.6603441351775,767.2516701574459,44.57568583493176,103.0438951048379
615.4302076221168,767.8405597453606,43.276448808021655,101.25080287323317
612.1646329983381,769.7263633471679,41.62574676111678,100.67144439345266
614.1604129823992,770.2369835540447,38.59065268290452,105.58316266519117
614.2094898430352,771.5913827430961,40.14339000580836,100.84095612909073
611.4982935300172,769.9835311755336,39.861270813404076,101.16481506036226
612.3796494672245,769.3672568790877,39.22504636979914,97.2803334169787
611.7529880803,773.9105308514411,39.155400739226934,95.72618489539914
611.7407286906171,773.1837405152803,38.45807815332347,93.54268271343273
611.1230178430467,771.4885232523436,37.908076889703054,93.67505701538086
612.924945422347,771.5536215894904,40.64410634192785,91.91344816653566
610.0601291527561,769.1295860059947,38.717835343350906,91.76040838671446
609.4393475753462,771.4879274435946,37.729386992660565,90.72829522615234
608.186392725759,769.1957710504402,37.306728630787575,90.51379450508776
608.5228041344662,770.8991090547671,36.42649503852617,89.6691740623153
609.1254736351602,773.951893791859,36.06114542258696,90.00299194947166
607.5449208370138,771.3051445796041,36.96610815732649,89.67748332961025
606.2967749376598,768.6227781263185,36.53727782681741,91.90688911441555
607.1459205967291,769.3612965414288,36.6441662908541,93.12346221463451
607.2161521712435,767.0687984933043,36.06715804504329,97.16630268060905
606.370383579427,766.3603040785889,37.519010995055766,95.54680819914233
606.415978966927,762.9308178917883,36.88184107785735,95.53314912371675
605.8681289690873,762.9712925754534,36.90835023264893,95.30537609045166
604.8180470180597,765.4977466042023,36.36330285795823,96.91136322407313
604.155407177957,762.2872562614194,36.77962682454148,95.51437899134955
600.4883204610155,764.6664346241045,37.21378119619006,96.1766331285302
600.665448310991,761.6429025382096,36.96271054160063,95.5166713055938
601.7470656415314,759.3637534686471,36.82982261404679,92.84340586464782
601.11177426741,758.7625530093725,35.2773405376767,95.72635739639162
602.2665859927105,755.6073435003891,34.9014623115013,96.4242276678107
602.289245567676,757.41565507163,35.8868915416506,95.32188629801277
599.8261675966282,756.7198810499144,35.49511078996298,94.00622936686544
597.5927752114504,757.4491489398855,35.85145877023992,90.40585339481527
598.1018304405195,754.3118462217703,36.31573778274408,91.03508545937454
597.0306767469425,757.803314022553,36.685351464557314,89.00604460494282
595.0521868166178,761.3212919179072,37.667976668106576,86.11631112684344
594.9679365440487,759.9634472490553,35.58275509130451,87.00098045323047
596.2083477112692,756.5923451864332,35.15828678622121,86.03637831589349
595.4595261333913,755.4844619825682,36.24497296197358,84.99127204933899
596.8326928702813,759.8206015899402,39.07058075438516,83.56806030149355
590.2145771913283,753.8068888125964,38.55787902662742,84.97129555271749
589.4934160749976,758.5365941676527,38.642627901158484,86.76551077228751
587.6580496414779,753.1430997005873,38.65180245385869,87.88696883589623
584.9021536223596,751.2176538241723,39.368925380020826,89.20910433228829
582.5620675722607,752.5154873026365,38.81033752707921,87.95091442865909
585.1430408951893,751.6535103758581,36.807120573383244,87.06186543395123
584.4908921928185,752.0261809257605,36.91107444668506,85.94503579681941
583.6769118039471,753.5557884743885,36.31210426862264,84.87131664186688
580.0092639486813,754.7221180492293,35.35868411887925,83.41039205013874
578.9009553038492,753.0998859418521,34.96996690424368,84.41864093405854
578.5319424645587,752.0648631253782,35.3625532716745,84.54068776465263
577.7505605569545,750.8671525736459,35.627025762079114,84.69130577722524
579.6480317410696,751.6650113396892,37.09792604762126,86.48415344463828
576.848185716627,751.6934736232704,37.488934070981706,88.82219038888154
579.4620900102622,751.0558771345577,40.75623525884722,89.71262140455428
571.8999715164639,754.7331470369785,39.044696100613564,92.0211115729763
572.966040159198,749.0021089133407,37.90631883828856,93.10213732853592
572.8518566067391,749.1512758759457,37.42177090344867,92.99419669182566
573.4608195943567,748.0037479622197,38.17024454239538,93.49244128230131
570.9075493990813,749.8978514759733,37.96233413949375,92.6117209763127
571.5176792008232,747.3321000610379,38.345893127039204,92.37207827043778
567.7817514224439,749.1649030995284,37.460575893970486,91.70545318696807
566.5685908430943,744.970664231816,36.83782290918137,91.19114810676783
565.1000882421864,744.6414447652646,35.95867882385572,89.83236645812406
563.1275132982034,747.2042624547684,36.24709632420969,87.65333798876803
562.9101894835577,745.5877674557273,37.173695654160284,86.11335745328049
563.774466874872,745.5024893368327,35.73667665435367,86.7201974764154
562.016786510304,741.5991135394144,36.450686829586715,85.57025073109929
560.1619317881077,743.382892112364,36.585083160156145,86.18903300634003
559.0591584708101,747.3320372045271,37.65658169478044,85.25236574245741
559.2393941175343,746.5160816117448,37.51514789686386,87.76201332475178
556.4785410001281,745.6228373272409,37.26933542323226,89.33633253678352
554.5658483189259,749.0707724994243,37.383639115141946,87.82293123416952
553.7032400436855,746.2580201668969,37.491226831734394,89.45907113270391
557.9099194817347,746.0642964712881,42.10266181871924,90.76417025614828
550.3431446562793,745.6540492172943,40.40251371060879,93.27662999932872
545.1263464931397,743.7542029753969,40.909744748220405,92.79676542747845
545.0135231843132,745.6500790733818,41.574113256850126,93.67280597174415
543.4585603152057,738.8122609726751,39.91629128160616,95.15038643449452
542.1261479154128,738.009710414593,40.46020654344504,94.87729689375789
542.2726851664352,738.9431852863527,38.72999081315676,95.42724200643454
537.3836949608842,738.0899018459635,38.40622415812057,94.1906375378241
537.9053307752247,740.6374128119676,37.75022346224854,92.3915127564072
537.7499649875881,743.4778542576724,38.44806966076091,92.08371372197878
534.1956393422372,745.6259324504582,38.79373246736883,90.83244794664125
533.2809573391297,742.9783239936878,38.56101529162599,91.09593480121245
531.1353902599336,744.2181221789334,39.116218561344205,90.10150211841416
532.1260229375381,746.8846969666763,38.472788007092255,90.68333826978908
531.9487946494409,748.661091487138,38.35081814791593,91.61841554340657
531.571208738637,748.1257330343826,38.51552916912801,92.34819291111631
530.0495764108391,750.0728996967853,38.99397444769518,93.06821643882024
530.5584416297909,748.2870818844932,40.798915628560394,94.44190171578322
528.6252522900024,748.3767354449988,42.28258152187425,94.73633375206619
525.3610374734523,748.8086990548403,42.75298965037095,95.67225473056676
522.2434546763857,747.0891797330233,42.60661791005384,96.35494926148584
522.1840592844322,747.5380007419283,41.7845577424479,94.74408525427293
523.0818888038752,746.5594422171773,43.2032017303217,94.0682363617922
519.8267246638475,746.4434665586347,43.20354989345246,93.25733819444358
519.8455039042846,748.0093349480785,42.32271887902935,90.10014800882357
519.9024310179939,742.6266015755938,40.40862695206772,91.36042855716087
527.9868023135249,745.4126227007223,40.93262070519115,92.38309187670137
535.1019434176109,743.999812319845,44.38544906471638,90.89803496480945
543.8728681660372,750.0645221065832,53.324535593706486,85.33816722669094
542.537223342755,748.7856906310054,54.0486061130297,85.68770482847259
549.6910496829928,749.0001493051658,59.48531924572109,83.91245210512687
554.3068349730315,751.7592095285081,67.44933272651424,82.24399096186944
548.1321176011625,746.1564871710401,68.92107014302712,84.79429694065965
550.4004383240742,750.9716152899365,70.88457992688961,87.6643184056051
550.85487751004,750.4430222200862,73.72140819657051,89.01622698555947
551.2107908021674,756.0241118194248,77.18063732006038,92.23544461079729
553.5853149562352,752.1644998256702,80.56080789381656,94.99789117721362
551.0529182344821,752.3899774936408,81.77330888981191,95.84993512491248
548.9839141289293,750.4958951723474,82.06571289431159,98.3211958621701
542.0406698470828,746.9462990849295,82.54666517240592,97.05255787464262
546.5868928327219,748.4600921832747,82.27025599121079,98.41424289254081
542.51883626572,743.948258517071,85.42831973195209,94.18551742837738
543.2066338900293,744.22503984866,87.71537665974358,91.71682786916435
539.4261354694853,746.4675913815294,86.85445720065013,88.90463431269193
545.1277927179187,748.0655788380972,85.7830963559766,91.30964095759502
547.5189987168715,744.757675890633,87.00345544798105,90.328711213807
554.7134925520986,750.8644279888528,88.32206375922635,92.79717797142631
568.6764282309599,744.1018173626604,89.22520098406909,92.45945740094379
563.8275230935731,738.6015770195108,88.79736076646762,92.56117460986238
568.2813743717694,742.1660767339396,81.02956308110787,95.23179298819092
600.3691203129292,742.9695674806321,75.48142251029788,102.0353852526631
615.9976575601801,737.692532713176,78.73952427973933,99.71098086869415
621.5098790268217,741.2550807262712,80.94128721168087,98.88286066499707
625.0541556010365,745.811105718452,82.45658344762458,97.29219383144758
626.7153140983305,736.8207802894653,74.60883442677763,98.66602223281023
636.6585134356178,735.6314171121053,76.87817487560298,94.94621070746406
638.9860473191327,734.8760854217976,77.44097207163139,91.30173009853624
641.6654598545327,733.9295942716732,78.46267617614743,88.53025096926713
636.3059497422809,732.6550524422953,71.60777825319232,89.94800164577217
641.2296659113263,735.4321938213025,68.68699494582438,91.42997482170733
640.8801202390953,733.897263249432,66.71925769177498,89.41258181734554
644.4313419942785,737.5924347237502,65.4549863859279,88.78169058276191
652.7892384309847,739.4978911199138,71.84815106626705,85.5609009209617
655.0494087385323,739.0625716922231,71.621837709369,86.33202284145842
664.0300589971966,738.0453483182175,69.53599138459147,87.87476128211
689.4377615248895,735.8772234663081,75.20006892879817,86.94325296552358
707.8794264657134,732.4777589761424,67.60618013783944,90.49247120956824
721.9210218857621,732.2551999850298,66.50249127375587,89.51546173465566
749.304226510924,734.1188934941873,60.5344398189716,95.66288190560468
783.1319288114266,731.7450249392592,64.12258884692966,94.22761418380514
795.7471117903976,728.4920403378765,62.20445638080828,94.55297056214968
810.2694459273764,727.9846095384718,57.60715091020925,95.53147968912589
825.1590613080411,725.4157231388818,53.55393523098907,95.12827923062324
837.708983768741,726.3774274664022,50.272644145559724,96.54737893682392
847.5270503174464,721.2211131810117,48.146377474800616,98.75973617443319
858.4875979960323,725.5988324210607,49.829567612169065,94.86686650471383
859.7539436155063,720.3576285104268,48.85265512025808,94.69242314174608
867.2191117760295,728.2053591469203,54.21866427542385,91.96022137834994
865.705496484957,722.5540563673051,58.13180123123587,89.45809556013486
865.5354094939288,725.332048130996,60.431990776496605,88.09119277800855
866.6575190617006,726.7750085969425,61.0542962034357,89.72206538970136
858.3057293418731,720.9728907362144,56.452500490933815,92.38606959244864
865.7581594832276,724.6749330256198,59.605476192304025,90.7185760791489
860.625030969391,726.5772720007346,62.44305305029397,90.79378237264172
868.2560887790844,723.9059459478259,69.23089316042815,86.62065741504908
866.7946217919229,733.9878130652276,74.26218875006333,85.2480166560608
856.1878156316179,725.7552975525826,67.75940115483287,89.90273891588663
857.3351586969734,724.9014929218225,62.832051057594214,91.75737336268614
857.4708736049557,726.7863886239087,57.770114625782455,95.81470359959714
856.7470821716392,719.5598701790709,54.60242826114484,97.14412062658243
860.0976187611091,720.0087516448896,52.96923244186317,96.40614072865235
859.8610942050641,721.5640036245311,52.860729557209474,94.309000773206
858.3611768118532,721.0584327886878,53.532321504466466,91.6511935082742
858.6126386839045,722.0105050034532,55.079054111082826,89.94435692981027
852.0668712921315,717.7599856158384,50.69764920954782,92.18583578018853
856.7148259604614,719.6857719224137,49.2499158974042,92.70673897455595
852.9017104297513,721.6584226520375,45.97463875237948,92.09869195097389
851.1189717107724,724.0000992088613,41.20382421186501,92.75616916924514
853.1983242789632,724.0330223346612,39.70288344780907,90.57815330183448
854.9270107247257,725.2784810593212,39.143200885371414,92.81101605605436
851.6835384661784,718.2594503355609,39.0783883049704,92.0762700188227
857.4268875127051,725.990961820065,42.779894723440215,90.56812116398103
851.2545250601554,726.7808066629326,41.10691408503614,94.17989639064483
850.6404077343448,727.5677210302791,41.57068417874869,94.82755998559082
860.28996374758,732.8938018512301,51.62059345622232,87.64524766588409
852.2606819485014,731.8661243022464,49.535581468143874,92.51861472226621
850.0085433842384,728.7441292346169,49.9305913229945,91.94284147985027
851.4228809883689,731.1919791065523,51.36630261624992,90.93206692895103
850.3037350863856,733.8112409085578,53.99222576090954,90.45828931013607
852.9341105143869,733.3936862918036,54.41204309689968,91.70544393745112
842.3516356660868,731.6476097913355,51.221798411146324,93.48054291362723
842.1407146819748,731.7452848622148,48.679359235879744,93.75798123990346
843.3066346299115,732.1392854228355,45.75395405599376,95.34356956183007
852.0766553623099,731.3728802683456,55.026480643113985,88.99744280655109
842.8444984003179,735.3088826863521,60.040274504866034,87.0427927633722
850.8463900120117,741.6901397946061,68.18787796674243,82.29733264382698
840.364650755175,735.3518888224949,66.56469441641558,84.79259916156082
838.0578265876565,734.307650287631,63.39425700176436,88.98544161825522
840.5665351127562,734.9334189467181,62.61535798738849,93.54584657338326
838.0579521437543,738.2704442026886,56.109051473431975,101.25319035127666
852.1528882465195,737.2406423249352,65.01932039044723,94.31932783094274
844.1991865493109,737.1483786279691,70.85458014574542,91.76600960055731
845.8575752309438,741.8185535123064,77.72283190706807,88.9586747515849
839.1992102978659,738.6048395517992,82.77116438271534,88.59373607049783
830.1049044039235,739.1144791387414,73.89435973202853,96.03255216081266
839.569520279765,736.7902140798086,80.7333353996093,94.49430420486641
833.4967720567568,735.2865059622209,80.35313378074736,96.9239601487586
826.3322994844322,730.2915597327277,70.60208451092211,101.29270635043794
827.1817382071797,728.1234153552379,67.09700726219342,100.15700536260371
838.6939294431139,732.9748752410352,73.77445313490102,97.00474141079263
832.4486531040686,731.21734327798,69.30674165667845,100.98443634590194
830.5837828086118,732.5497237168177,67.49566866015286,100.70888926829008
833.0436829972097,733.3477367421344,61.820766927657715,100.73395128198376
833.4549185645975,734.7613934735027,59.04793153256692,99.8166704430216
825.9640907936289,732.5944572048636,55.46844148194611,99.66954338463795
830.4027844991642,733.6152712355322,52.36191021214508,101.28016868093816
833.3450433340807,737.5785069641272,51.905136627737946,99.96373325097258
840.246816080507,737.6791127200125,53.271703084912346,98.36708261568606
842.2165998775063,744.9230139787546,62.168758480064454,95.01365860491171
834.49154258077,746.2047175225307,56.471378541661664,99.96018599074579
834.3310049162512,747.0937212528836,53.54909602902488,103.76777613040943
835.6111332944234,741.9907786224047,53.423979384073085,105.39936694985222
837.4006422739128,738.3761869842992,56.16614550258113,102.10333447610651
830.8979521072046,737.0970607669142,53.71574234541622,101.2035814809571
830.8814758737486,732.838513002185,50.814796799602334,101.27496501650472
834.0787777131211,734.5993002991754,47.46628567798395,103.32380849538256
832.8857352621518,728.8714099129604,47.200396133696316,98.56462202742104
836.6710106202299,731.1097074152666,48.20653557217161,97.97501525062619
833.6132566232818,732.5563525413371,48.386281455428275,97.3675474536208
827.3045984804805,727.786625503547,47.03940365068625,99.97665369196089
831.5110317401766,728.2597232826358,45.26324879670433,101.27998762843566
832.259421122539,729.3514162808331,45.41201423757303,102.935944823955
830.8682590750807,723.3326774208857,44.66976067978828,104.78875498539709
836.8223614846806,722.1567849774273,45.290148430174476,104.42182516155461
826.390560601466,719.5719207848133,44.66400165274092,103.05343817817953
830.8908253661607,718.7506574200711,42.86437842626847,101.71772851325949
832.4099718441784,723.5616009091254,42.1564685428025,106.45043728871599
830.7356913341351,718.7180477716182,43.41353676203751,105.6378983605215
831.7441047414882,714.7585443530774,42.79652685873657,102.66881421464797
836.7452405033426,717.1546977389587,44.92075421347293,101.06100589706504
830.9815718891114,711.1751599782305,42.68682233049458,100.49172415830859
826.7355148979381,711.4740539387562,42.662076190806076,96.97804712712282
830.421257223506,711.9623688575007,40.86689758519739,96.57509172938994
834.4824948604504,710.1875920105568,39.943870269586284,95.15913571951756
834.6372293861647,713.62891194216,40.220630619070405,96.25852873719526
835.2840023437146,712.1228526011388,40.95203502161139,96.3386148633843
834.6967734423706,707.6351330874653,42.09113312316028,95.02719404463151
834.442238193032,708.1678055014819,41.043511902570465,95.11946412989028
834.1327336021398,710.1257044893705,42.081265047755934,95.25157858148086
833.2516308602502,714.1550643189793,41.9780239222096,96.31575512348218
833.1976368534096,712.259045475561,41.84045006062341,97.28359399377827
834.4770484721266,713.1926768976379,41.65797664748841,98.27229744449235
833.8152772682147,710.7574379062564,41.94065352437508,100.98397705911783
832.4564632900732,712.4263331872842,41.79406184022966,103.65975631456007
833.5800370455476,713.3671949650317,41.16142180898547,104.86297138370303
838.1216954718808,710.4045535258474,44.921781933426374,102.11227489567099
835.6507211693636,709.623253622418,46.68660207088803,100.86699782807696
822.2850431447116,700.3918017096721,47.35018075749129,99.45986474482255
837.2431493359218,710.5198344018463,49.601055904291954,98.42283470503187
833.2862750291384,709.849928423145,52.92266195591823,95.81144649807976
825.5295249334094,713.1582474857745,51.16052919265282,100.15539799805717
831.2990147867697,711.015344012622,52.17403430244417,98.52223446845272
830.1755956486353,713.1648129521692,50.72408228891592,99.22554622428585
827.9812681121637,713.8437502620853,50.240519432975034,98.37972372957334
828.1635473975124,704.7876842476094,49.345921914660735,100.36695752107391
819.9380008391589,708.6327221994444,49.44984031991784,94.34245236231305
823.844574242004,717.2278570288867,47.07904541692202,92.24066734357831
823.4372221106408,718.3246683696178,45.88785444144274,90.8965639535833
823.8991960175952,718.1936805771343,44.45078008279285,90.58823682911904
833.3601900976911,722.9943865130307,50.3274798842188,84.35333568024315
822.3935916209127,723.0364146945033,49.43710397373566,88.82576804250874
813.8424610016314,712.6070913013642,49.084794928009316,88.36682349498528
824.7343713845338,720.8529451211699,44.97613916887128,91.99982879705286
823.7054614675446,717.6754826740533,45.346785018826566,92.02123933726946
831.7531638340267,716.7995142720007,45.89802065638203,93.78665539994876
831.000017855755,721.08318055733,44.70380413363144,98.05707418344531
830.9084393813818,723.7981638130198,43.65926891138941,103.95720230992416
832.4067410071551,719.7935210057948,43.0777996693388,111.55240071204622
825.2285298891773,722.4269840377663,44.83645091572755,114.92828943752671
829.4720301819815,718.801671808399,43.99637418178624,118.98652605506499
831.0343338359132,719.8271593316324,44.67997975620543,121.76603614086821
829.0253023826081,728.9895885598814,46.77477920334342,119.06217031768902
835.8337261330406,723.0834539243704,50.242079217126964,115.7524015607006
831.3353376702177,729.0592432711697,53.517631600969295,113.53698547264001
831.4135195932392,721.7527158430021,50.35037228332442,118.67607090638032
832.8729898362955,733.4735638098283,49.91819002336812,122.54361205876381
832.5321850224138,717.0354088498328,49.60534415876613,123.49748212577882
823.6256530356779,705.0861653055869,50.534682058847835,115.4148924047062
830.9275274450022,710.8415363489581,50.90163932030407,113.57827764061489
830.2109823197319,717.3211841264878,48.95781326945304,118.31338146470422
828.5578208361068,713.3105709178323,51.207274861414646,115.71517131632557
827.4236474179265,712.6264477567146,51.927394434629925,113.85261056634087
829.0809272194743,711.9941953438786,51.271451463699535,113.66499565132969
831.1464743659194,705.665257483233,50.99001046967164,114.39774091563075
831.1061658413894,710.2297024934285,50.37746044130324,117.2005493024702
830.7472487329122,712.7820989634431,51.51365504624248,115.78813483433308
830.8695553312417,713.6829680852877,52.550345433612684,112.7859573811138
828.8331658831889,715.6519402155897,52.300182153981325,114.40635857446105
828.1323573043541,715.0992200095408,51.65735945173777,115.4484083628343
823.9416623788267,713.2564026334549,48.56811900887513,119.72072954828519
824.0745679165336,710.5891286794387,49.15421384820971,116.32600365192738
828.3750072806457,713.3633074236548,47.70596116165805,116.55071306373088
827.0281175291528,715.3975048689924,48.294779068036334,116.8655177031583
821.6089411040253,708.9390521010147,46.36330792155473,111.97026464931974
823.109583271826,709.9250190915571,47.52552804314108,110.31261421747126
817.9817077219878,704.4960066456026,49.12027344870428,104.36025054558942
826.5960884613652,709.445463305128,50.851542069869225,103.04908484911144
825.3358350397527,717.1844562922875,50.38457997343951,105.93023096283662
823.835764440728,715.1489939384547,51.391834002210445,104.55507416665392
825.7318363584864,713.1312295860778,51.99744940875736,103.18404317482613
821.3428256321478,716.460718667783,50.837245108765416,106.63975102898638
824.4279275174728,712.829227329013,48.428020324307596,107.27836397406507
825.1122996773212,710.5690429136131,48.82849250843418,106.6760373071701
826.090633733001,712.3380232205179,48.670090206867435,108.81616735021144
821.8749505872328,710.5108691039529,52.151753928123696,102.05809924956245
818.8671421000155,712.3535706759951,50.5752962145727,98.49345162380989
814.6773088524842,707.2592874531036,51.4330240224791,93.4522202623415
819.5289980162698,716.1829197978617,48.86100176537545,93.69154689872109
814.183411596667,713.1403543095859,47.285308829225684,97.5217267522473
824.2679395616562,721.3118161946093,49.109713327505844,99.1148782397276
821.1028471860775,719.5773312371136,49.69727539668928,100.73288143052683
813.7250604021073,716.3097870677127,49.47513138624641,99.01913683615916
807.8062092044504,717.0910231557998,49.053773942107156,100.01926911058459
802.8479000323463,713.3854014327803,49.63284053046409,97.15728671341253
808.5754834627643,714.8886056284997,48.00649582301102,97.95300340054885
812.8985011849308,716.5278694068236,50.200983630698076,96.41372366580148
811.6344793535399,716.081710021985,50.73065532004749,95.746130327822
807.4468771191669,717.4502300395009,47.57541439895214,104.28270680033182
802.1086790506764,709.0290997311796,49.490357564254026,98.97137767877346
798.4974844847732,709.4692035225352,50.54186506906115,95.56723776562126
795.7268698765731,707.5493516415191,51.69533716035338,92.40929293416639
805.8983607608669,725.3754541410256,50.375654479822416,95.41679706325851
808.3330415844446,715.0909880811889,49.18234716639276,95.00419671043835
805.7378061681547,720.009420762809,44.6631165544855,99.51761043401703
800.8524597212486,714.0805493733886,44.66275571786184,98.47288170528219
809.6576757292607,720.0052394026395,43.18449161870158,100.92664609252799
803.0581325816478,718.4363015892427,43.43418459241144,100.25290412264272
796.3995083473711,713.4045844546931,46.182112045198515,95.87948546354576
800.0462872732566,710.9672450461276,47.2174207122763,92.25415704306522
803.9112909843504,715.983002223005,46.61820746644058,89.17258004974614
811.713891893083,725.092162517116,45.251989612894945,92.42151231537433
814.7941517285523,722.4533937332416,47.77538199974748,91.75581922831391
808.7454976932892,720.3298723206592,45.483948850368876,92.5811419344071
816.5272080546108,723.7949366687295,44.24523278570637,95.4691645330627
821.7356512476454,721.8602803101285,45.50242118056147,94.8645635792647
805.8235626483697,720.1659797252175,45.53981176519209,94.0818864873613
814.9421918346746,719.774885964744,45.2976753504921,92.79262041774547
815.9434086775261,723.607000181128,44.250819315419946,93.22025286816148
818.1865849900555,720.6792521816737,43.02282552867402,91.51505028899491
829.2416704730516,723.0506267933971,43.221362147997255,92.6808438828154
831.8732453643281,723.4638474476427,42.55504733474175,95.85334303499413
832.9457485751401,720.8052680249815,43.6005603181637,94.4552065242218
824.4677968922389,718.2785836799663,44.26487613540935,92.0253668403021
834.1190291076906,725.7749538507892,43.21455806163285,93.52769606161922
845.5065802672415,724.4751507034338,45.57411928287209,92.26921758651703
844.4187703738361,727.5990479022988,45.21156639904888,92.66384828731066
848.319944855936,727.9118596333565,47.149363032177405,91.64113459956033
840.6615677086905,728.7007546511044,46.954934195701675,92.26303583793987
849.3114579708486,736.5485643562389,46.64495520433091,95.32162418268051
841.145182866479,725.4443011688608,46.838767927665835,93.73201341631838
854.1801746605822,726.5347393713631,49.889570553363875,89.56997824181933
845.9729185123716,726.7433302370653,46.73988932479483,89.19061110564645
846.6240072288782,727.8462963701201,46.59043016002939,86.67317270926092
851.0828812009456,731.0985006280052,44.7917051800838,87.74594895764909
841.6614389990124,720.4634436277228,46.20170325168796,85.87244672967863
863.689884037753,726.9640589706105,46.19890280786359,87.36142667322429
857.1096279991201,729.5161615947924,45.69926997783381,86.30769118029497
869.2118178580222,728.7974413666025,48.89980253590571,84.96906698500959
861.0268173754923,737.6057433276696,48.87717657984145,85.71390637746748
869.9034333017702,738.2711371320933,48.72249434306254,86.34643998467752
871.321367549972,737.0845758754876,48.8279638217235,88.0778960158028
870.3982120256928,735.3301414536165,50.36214584986069,89.87621586245758
871.6323194150406,735.1078979537178,50.39350333935195,91.9335387828632
877.1797001423026,734.60030357657,50.69010962164246,92.81418897716216
878.2805836600905,737.3778704419121,50.63037775589357,94.34577459783061
881.4084710962638,731.7041983336252,51.91744076988194,93.81288783782972
878.350221023617,737.9704544692993,50.533332983954516,97.11392884300457
879.8248177490202,737.8294317803507,46.220171867163515,105.05075411969403
881.0985603791462,729.9525640277076,46.68928007821046,103.42210308864331
889.1909313353842,732.2127796483867,47.74743509459631,102.96955071603246
892.9458151457629,727.2908112602713,50.404645441670446,100.90855734541017
889.9932803511324,730.1139556201542,54.725645151596694,95.1417139027289
892.5654142935562,732.0457818976653,59.821382173123666,90.98211028480509
897.1632092029515,731.8997338276088,61.04052339922618,90.45642357859073
888.7862423803813,738.5742097244012,58.666169626764976,94.04294329988167
887.8748069635733,738.6634577598718,57.13653258041097,97.45730480687314
894.7735572106336,736.2616452103622,56.93737736000949,98.82329195461152
886.4002350359093,745.3308555517726,54.986394609702494,102.28326287865106
880.3234842776486,738.2021937639737,53.969038287063896,102.17464422103363
890.2020808371283,737.1112467955286,52.93739771386018,100.84203410567721
891.2696406131329,741.8522794091998,46.86993086587947,105.75228727502434
898.0062902240991,737.556934119856,47.44049156856207,106.20959110327486
896.8567083037092,742.5217009075357,47.25744793786096,106.0218708360909
889.2548919469634,738.022739462951,47.691710830822174,99.99510331640457
892.2936996468688,741.2654227756668,46.93029084082025,99.84968102963543
885.9237701517737,732.9095289530629,47.98820395020316,97.81152060348339
896.8832051596087,744.648687193685,47.443117002590796,100.22248114436334
898.1923268508083,740.7301555011172,47.304167927385194,99.33876914753378
905.2583049493143,739.7628751486097,48.41353958987987,99.6841932170155
909.2166818657954,739.9168202394801,50.61000562454694,100.43685263562094
899.4977907134715,741.2801604417211,50.859944073908125,101.67133913247895
880.1783103771459,728.0070463924654,54.85513907281702,96.68838679644708
894.6963129503098,737.3265914239842,50.590920008295626,96.94740932978351
902.768657916518,738.9660052115221,49.72491314198149,99.45779701547706
902.9381591338939,733.0204471612027,49.27226290819925,102.22729210339011
901.0499714473352,728.7798425869946,49.73850835579333,101.99830959033375
900.7215596326536,734.1670890525602,49.976103871445574,102.40514411036676
894.5218622433755,734.1320307448751,48.57754774016581,104.31363456257537
888.5219257579737,718.3455268588121,50.50030504094147,101.13683921312096
905.0893573073846,728.7493038551286,49.5648909250008,104.11011046201028
891.9313254787116,714.9796613211405,50.63421528481572,101.77059912675745
902.3890818917248,718.0676234529443,50.236929579282716,102.17572034882778
904.3963172859058,716.7087111492255,51.67314875352028,99.11897581227666
891.5708039341732,709.2513513667884,52.78643184971463,97.12863485134476
890.9527961143195,708.0009065020095,54.18845542110019,94.83339350618334
889.2721126227716,705.4770093258035,55.219740358828716,92.90719804698153
905.3027731372705,711.1765812951533,54.16132520791725,93.57639788975331
893.580890209964,706.6142555535853,54.06876973175959,91.94467692688553
891.5396201939856,699.6748632880134,55.253777827300354,89.10236000896504
890.5665910523538,706.2487288552716,55.93431250476182,86.05586609850712
902.8286546941802,713.9096215983504,51.791880845411555,88.93180101704652
909.7292529500144,709.0717957245425,48.4739790991776,92.82585688928006
906.5117590478484,711.3201122839035,48.63975337881281,92.77266569181121
911.9814034082714,712.4016019770709,48.298035715476786,94.66223000193236
901.5063191572528,707.1457107673559,47.98802288043645,95.44109643663414
898.7055225442846,696.9567672239613,49.122656243407306,92.7629910902296
908.5508521239001,719.4849403780694,47.42355565332077,97.8226723598718
916.2145070767298,715.013276837019,46.495153940443714,100.26994971879063
914.6670610263318,714.7689313069408,46.800541986336476,100.36497823734976
913.7608027840804,713.4306029192949,47.16651482692227,101.46516521399163
906.678234628199,710.5243741489228,46.20179290979194,104.0320459928572
914.4587042804395,709.3606914522425,47.741030209061144,105.44815387601926
914.8660836001739,701.8025764456409,48.22633364255417,104.54629273806484
915.1214675015285,702.134958802194,47.76930036709552,103.22350783125776
912.6405527674559,700.9459495995848,49.33968914751499,97.85385828998736
912.8057848786073,710.0986795670354,48.18205948825587,99.81532085199996
911.0480814346031,701.5681234156801,48.775121746357286,97.88933691123673
911.3218695829804,705.1190255169838,47.93632961031388,99.62545557412884
911.1492453907397,703.0772518311563,48.11329021747467,100.01168148749748
913.1375629241569,704.9795886134498,48.191555990032036,101.43011507291878
907.4982278275227,700.2331092619298,48.19730946825996,100.53902605488265
908.713188206434,701.9771327037212,49.43743815659259,100.49585449674537
908.3662668711679,704.9367851962454,49.67084333128647,100.03550789407726
908.8063422820048,708.054058096892,51.25361437699456,99.6548837715435
910.0091669568984,707.9455601882171,50.804618262422665,102.58546853207807
902.6578594485509,707.6791491734224,50.77011420876653,104.97770033125246
897.2454889517104,695.5659147608011,51.47345051773859,100.41287066898744
909.0209126026468,709.3453002286436,49.47613938509858,106.80703284664347
901.6745308513578,703.3149999308798,49.53638053665381,108.87286823010777
902.107650372868,705.3110001845482,51.43824326962377,109.60836264864142
893.8200898071201,701.3038152141537,53.040192096241825,107.69610966731022
905.6075410519087,706.1679831354301,52.202060936576856,108.77489210535455
906.6684410319024,707.1942721582305,51.910078079956094,111.38851832038486
902.1841879875544,697.0908023364836,50.63864038699533,108.58975099213345
895.6533878861497,694.4365745841703,51.2665710913125,107.60155674293424
898.2061332407063,697.8959084502962,51.64087410671786,105.560347254971
902.3865103047923,703.3229085598751,50.729774657170324,106.39403065045418
903.8524568133748,695.3448806423363,49.37811626756813,104.90434431833526
905.0839453781007,701.2081819232658,48.28646371426485,107.20924590190373
899.9761481129094,704.7757470762772,47.78279023714132,106.56219684629399
894.3218640812682,698.5399592478578,47.87980529826922,102.1399253632239
887.7280665566328,686.9273671111375,51.12260387127235,96.9063266109081
883.3464134142113,688.0336191651677,54.343531602330046,92.22090473527788
895.9684654923224,712.703851152414,52.445253500844714,97.26513040077747
891.3297845890422,703.9833987135689,50.57030407022035,97.8104708384241
892.5967029380362,710.3756033723549,50.72247627241314,98.85136738826168
886.6559363366266,703.5349174589463,50.76292400029993,98.53642553108679
882.903539437125,693.3259996352891,52.955924357225264,95.31692976343767
895.4190723234939,702.4503120944039,50.8842320880603,96.17645005677957
897.9431201346811,709.2601960731553,49.300512771740436,96.94099544685982
898.9500297451904,705.5137203257789,49.357620154498576,96.70659942359696
891.6062382911286,706.8392626600164,48.37518728447006,96.12198822855441
875.11686692343,698.8232705490807,54.90970156300436,88.82021895168863
879.7051368560344,710.200285610005,53.47981222332794,88.93682010876427
873.0410819745779,702.276476217329,55.36412461413046,87.18306052020745
870.2530237221315,698.2403748739897,58.23778597000387,84.91351120912465
883.6075291989093,710.0578187714284,53.99747318890337,90.47260481094202
872.0759357620691,701.159204808262,57.15015456020289,86.42236217716092
877.4667513779731,712.5259569021915,52.069379496028915,89.61811066171201
886.1611068094862,711.4146360646141,51.55813415873047,91.70320498443476
885.5850941062437,717.3021495965204,50.96970535976659,94.89981815767331
884.0510912635605,714.4391551517521,51.08111782839312,95.17338630638689
884.3163324587349,717.7139071932974,50.88284162680325,99.57766201335409
878.0863950626167,711.0726629380225,48.35794922965013,98.99631584730938
870.6289452111143,712.9870339141926,48.65532778019186,97.84788556416427
882.8652512106144,720.5790488300507,46.064392167335996,98.90643973402047
886.3091177671621,714.5851395872863,44.94720221604704,101.0616207488458
881.1919865475422,716.8122873719142,42.922556037044814,99.30665180734344
865.8532467615737,707.5731320199773,48.91586291492766,92.13556941178192
871.9013714297481,714.645804915777,47.791875990522854,89.77995583063054
867.8976596826598,710.1431286420978,50.18426124601791,86.53050154706149
872.6023008102821,719.1669500254766,47.17971922301124,88.80548231796712
876.7743964242767,720.3149101902357,44.794852439866226,91.61355827309171
877.2530663726587,719.4524952714269,43.835990777920536,93.27818352800428
870.589218411967,720.2285019055815,43.82002616727112,91.73705935986887
878.4042358647911,720.9052798999642,44.76329874269939,93.53472022746598
883.406048324151,723.2640306153236,44.45443569903168,96.09400402511147
875.9696596743246,715.0946379579314,43.73792127142662,95.13799905144091
863.7623751537412,708.1603207331402,48.300618489462465,88.5570661880363
868.7371599101101,714.3079907146313,48.34307354200005,87.01037278782405
865.2911676045621,714.1249537580235,50.374248049316094,83.54336816281426
864.7674173800519,721.2702084657935,53.569118562612445,79.95240235886496
877.5468984821399,737.2918769998156,49.28690085795873,85.12700472024585
880.4832671706831,732.8462616293561,44.30735418250799,92.02696908130467
881.8106156303032,729.9384896739044,44.16215480010894,92.31314744833522
882.2069180358866,728.5157047105666,44.28473825568816,92.76613384768396
885.2392473651805,729.9948453167048,40.9773587044217,95.19353060805403
879.0320570436229,728.962897378443,42.268316269135966,93.72250997243667
875.2195517500464,716.0226189125302,45.84947300794056,88.23174839016863
872.7771907816427,712.9403170008411,47.089855846399246,86.42180311920839
882.7307651019412,734.7252602390297,46.391325246496976,89.12780538051706
879.7317724210826,726.1191413535679,46.76623358048166,85.06354742929797
876.334750940782,719.0825714512248,49.044403132400554,81.76930372619927
881.0327646217085,720.2681243586046,49.19452311402056,81.12032372567808
879.435494285288,722.9832711081547,50.621048428320904,79.38636281573459
892.5891476427918,738.1704443635889,46.36093144066083,87.04611956018425
894.7789334349696,733.2147895116218,44.439138626131104,92.46363814361837
889.8898235255077,730.8716105527948,44.189783562736615,93.63864472691351
891.7317166846886,732.0380775376823,43.96910369594574,93.47863286851603
908.6802689169718,731.9693236311174,45.08787857977333,92.50196329225106
894.3683798038593,727.2542104505341,46.52376969563812,88.44620020785223
903.2964108465861,731.7244986189027,46.02488497065253,89.70744417776675
911.2198891850047,733.6253865420452,45.974060711019895,89.17575900695934
906.3130555002264,731.9675335809934,44.73776024008649,90.18810069766658
905.841684887149,732.4197221883738,44.865362451893105,86.47664496721896
913.6472747377494,733.7222180977046,43.402056565066985,86.73511590437045
913.1459925780509,731.9494982568804,43.14345296966498,86.14954357503674
