1262.5,383.5,60,151
1265.3481649061353,388.84682054578116,59.271548922135196,149.92241441867657
1273.06901885925,384.27776837853514,58.70828406570631,149.21686028936847
1275.294677879808,394.4352418090277,60.15350817660815,146.1642843465025
1276.9890423523218,393.56386535160107,61.44005770232879,144.87851654908815
1282.0011719167123,401.31263023942176,62.19540423979524,140.06403193514078
1292.88337682729,393.82269916604344,63.16629965455213,140.1263103158794
1298.229563507879,392.4127958574825,60.341440427405836,143.21494956449882
1303.9304651743112,397.0213010427371,59.92766857200031,142.79959687930162
1312.0474633250224,394.6129407876431,57.35709599797704,144.87963505733
1318.0771013780102,390.9902481437667,58.565939454300945,144.56313002494824
1322.3550765640375,398.2745412210588,57.867822221073425,144.7419127180529
1326.8303704121795,393.962138678084,59.08914509781556,146.7678681897262
1333.9749472239378,400.0851873376668,60.11754326807035,144.00559002519788
1342.1930979816593,399.4055453004057,59.97429575749051,143.82135965446497
1354.9433478040464,394.95885166497294,57.975172353489164,148.09971986107752
1356.818622565493,388.69845543662234,55.855066631220744,152.60613370012942
1356.7462162683012,396.56375756649015,58.077235752130875,150.94924152815128
1353.0848620491608,401.90402803106736,62.18600902184139,144.51089606835527
1356.5209437682115,399.39506412985895,62.73839948428228,146.17258039994317
1360.8954709860911,393.5567626105328,62.47163344361012,147.9543203774869
1353.7112029174903,394.3059885351256,66.12970385847393,146.46906305946192
1351.7334866431734,398.77717453895343,67.22898700313942,149.17634773244038
1350.3937158566175,394.34066169748155,69.00963022118674,150.3694589424161
1348.0799044401522,395.7173497531188,71.86898118448869,146.31193752696012
1342.3262007118922,390.5594684470286,74.02780779922327,145.43404208511208
1345.4984565241275,392.780456470286,72.74456933730852,147.25638671295678
1338.899445377644,391.33175614034803,71.33553913421217,150.9844983013586
1338.8444886556965,389.4668701357974,72.85023590752613,155.76562407168507
1328.7153092697138,384.53288437582006,77.38075327209,156.43925264510176
1326.6163801071357,389.82410869277305,78.02303239129547,157.54902441012422
1313.0204061303277,378.57549121186645,84.1313992650442,156.96141057257373
1309.60060036553,383.4664251449187,88.46047184009447,156.80234653454582
1298.8436306137141,377.9585628660985,87.0432149117442,152.61971165018008
1289.9527685126213,379.6531389565712,81.17594373873777,155.36881581583407
1285.6902444928867,372.76273900768047,84.47436845971387,149.28147483851313
1278.5316015811368,374.76913694389543,84.10482171303042,149.93356115411842
1269.4058276523162,373.95123580128717,86.93010706825535,145.09127361546965
1266.980098422296,376.105727032942,90.02219933216074,142.45810189615298
1257.9509748369258,374.45340265427774,88.65905878647217,141.70714449422803
1248.2086314544094,377.4575092228645,79.63078226399834,146.43001309507008
1240.0315801225981,372.021117083012,76.85901722964337,148.93706006572302
1232.5439439232732,370.46126513627746,74.7025577307557,150.9723750482814
1225.6195699248085,368.5133654973287,71.78110668041391,149.87168369442702
1215.3526797810673,365.85552372779057,69.25129940803785,145.74880423442113
1205.963462727306,372.8407182387805,64.63743343111355,145.3340811562262
1194.8990834347271,368.1764658482546,63.49097396644628,144.47337513189245
1191.4320918054293,368.1212601649783,64.08091485036618,139.77093729603226
1181.930678803161,365.38102839128965,62.25942110333728,136.65983308278106
1173.265936566404,372.2636131777984,63.73561349279321,135.0396288798337
1175.0070956992065,368.1302762812895,69.19143648526506,129.02437939538953
1158.5543717250089,366.2816385882319,68.39006391357101,129.61259689485286
1150.5553111491588,371.98408035824076,66.59621211576325,133.5082232067001
1143.605903759743,364.3179634398771,65.57532148195052,132.99518041914422
1132.737700453853,364.0227340101259,61.24160438034973,131.57690741256675
1129.3237558620606,364.1808977172552,58.42380271251518,130.61552509706664
1117.5622839362557,363.8029824838468,57.293130433510655,125.97479985270272
1115.6783420746551,367.5846068419508,57.91424260027154,123.77585313191614
1111.5416253527146,367.1758653611573,59.01175458979387,122.88434339720601
1105.3499991406554,358.88509381842294,58.938407701009396,123.77829699376356
1099.3772971388785,360.8116322120285,58.47308564496271,125.38832656068016
1092.2844920656685,361.81150579080713,57.22265131116068,125.45217734055959
1095.4338622824034,361.7853952499116,58.63939801981325,122.84104279251048
1088.042303971856,364.1409885845365,58.69265101616227,126.45754112750008
1088.2421232436136,358.61692354648625,58.34227956504968,127.24396078447003
1089.759446635095,360.09052372420723,58.9403362378534,124.32189696637444
1081.4528202621866,354.2935922186115,57.59693164675139,122.36457003543757
1082.5617178670325,361.48353250725313,53.219083886171234,125.45759474427601
1082.772423058192,354.00652036924635,51.81419257119413,125.9007812910084
1081.896821029663,355.89701921309364,51.58609011405893,126.30469616935332
1082.1552093111666,360.76468413462663,52.081250448012625,123.67841841028937
1080.4124341590436,360.14169196721565,50.351321244883394,124.78271523804901
1081.4341673876086,363.7625936197137,53.34672508221517,121.3865667290865
1080.346473092611,360.472791387023,52.818417415188776,120.38487079659738
1081.9996388724514,359.56506561586434,51.754724353562075,120.72167052704975
1081.4383097184857,363.1842006954299,50.05310150835032,122.74949185681646
1081.4718778027866,356.70415227477116,48.80737290154745,125.8385389500522
1078.040610685374,356.94568967192737,51.3574113531676,127.05219588686626
1079.7850618366556,359.37898678583264,50.43055053193602,125.66889026114518
1075.505075308443,356.70063267502746,50.777495219326354,123.49141051326902
1080.7485318932168,362.8450975162433,50.12381092592822,122.74226534564372
1079.7185798039136,361.06687760567866,48.87954884748583,125.74444790157108
1075.4799111565712,355.5018032376615,47.806550518366485,130.16496436845327
1075.908676214882,363.81048557090253,49.3059995291774,127.26672823590678
1071.1253645547204,363.29835120618486,50.374331752859746,126.77930647979179
1072.659153119146,359.2960619016178,52.43046251568556,124.58484891662218
1067.28084122695,357.37165996194676,53.398839278356434,125.21913188309557
1064.699279581464,359.0635690318579,55.35273248972081,125.67974360616437
1061.1408170468635,357.11647935077184,56.322076629700575,125.41399254759145
1052.5578883664878,358.0604498637334,57.90668346414189,124.23907065357098
1047.9858674835396,365.8103215231145,57.94930152489597,124.67444917539447
1042.4575937261034,359.9341743597212,58.87761690850631,124.13347237781088
1039.6088503673725,360.7033334148553,60.27729692453746,123.1474435861093
1034.7022549884425,361.8404634378045,59.27294633008789,118.84863189415405
1028.0992950743553,364.55808427760496,60.71495415372145,119.17344350868049
1020.4889231667293,365.12319356806256,59.04435542716267,119.91937995587605
1015.7446740530927,365.1589324793165,55.47511929058187,119.11785592405977
1009.7000987311459,359.5695156205029,54.598053139625,118.67615851554115
1002.232176193642,363.21870199526643,55.01928364990985,116.47386289994853
996.8195188611529,358.3582580686539,52.26991509065652,120.63376189576346
993.7823339304923,367.6061112678311,52.351949652104494,120.21361563304706
990.2812870486348,368.9157186676537,51.3466236552948,121.25616560981048
982.2190651503968,363.24048843375374,49.99795321544367,123.21155778370252
972.8374694278499,365.23615836854503,49.4971659313496,127.67785547814208
966.5811958595816,354.2832551338729,50.9552473728309,125.58428177949574
962.9240036761489,343.10429742955716,51.038901211804074,128.64554174085714
961.8142750688968,341.26924707164466,50.719224265476726,134.60254691100238
957.6260891524588,356.62788192936415,49.75924363677004,136.92393757948162
953.2681522914048,357.2161285526124,49.91823853611167,131.9168237185834
952.1783947961571,352.7633854215644,51.99887361757158,127.21364622500101
951.2677161371605,357.91956831037623,50.680969504107075,126.18879134759564
945.8428657091586,354.76366228110857,52.57074745321961,123.51994567980707
944.4688981662986,360.2351677518272,52.93547976463237,126.10803174936521
942.7869330545835,359.76056560016144,53.51701138056714,129.13357191429387
937.9098339270618,364.98178103449555,55.36756454771407,129.2529154846063
941.7219973676353,372.41801523042693,55.82564233553235,128.6396935952077
940.9667411996322,370.1495956712379,55.74484761218504,126.77175557060247
934.0143351059462,360.65954770824345,56.45871118370009,126.96532713196669
936.2871832879958,368.24030745892765,55.65438342191217,127.29992599296486
938.085030414636,362.9216209631835,56.41308022498853,125.51448203783872
934.5265915896807,365.81599489076154,57.42696682183486,124.61403078572741
929.7954639297942,359.0619725206898,57.67980512891671,123.7549277616875
929.294331533594,353.3660744847245,58.070407696623896,127.31088837937605
931.3754916822992,357.61229569683,58.07646233216788,128.39771094699154
932.2194200064282,372.1006314597611,58.98494684729493,126.22410371453375
923.970545899957,377.40370248164635,57.268191633956334,126.96234561116815
925.4303417989781,373.1070056189508,58.392390778557655,127.92643097221463
930.686530344711,366.783867985991,55.6760265826106,131.92760836866898
930.397214695092,367.16611414857414,57.38188236623746,133.89708157341084
926.3468891176352,357.8007448065482,57.937359548436646,134.05182882763256
923.6167502757261,365.2432285183474,58.14054301165694,134.4830372094206
919.8411775216364,368.75898333113923,59.026100625648645,135.49891937454834
921.4340853146531,358.1709992905037,57.67217619277062,137.1783029667414
913.3235990256658,351.3694471801311,56.36453254565163,141.15122580719685
912.3514379470224,355.6356483303681,56.189236065789274,142.1323314818
905.0558695181128,361.5987335815589,56.2606154114981,140.25127258184375
900.8585381377254,349.48544383260867,57.47675912854095,140.73199024535978
892.0879429989425,350.31790708919243,57.56311758457451,144.84591955515745
889.6699368590932,365.5415494052351,59.87989587505736,140.24251630296658
877.7707971012908,363.67774145911505,57.708229587690425,142.5149200829092
877.0188501990681,364.8400354935941,59.700682348283195,139.7918955836949
868.4922053020092,367.4329927767229,59.798189021985884,139.7446773735362
860.0037238996786,348.51409293049244,57.99723198940956,144.5443172365956
852.0773475710151,359.67971155481627,56.905455465910585,145.96032964789902
851.7355632640839,364.0952322750113,58.53981002212198,141.59720662656423
845.863711533786,368.6466148131172,61.95248202821304,134.5925472293239
840.6897347129136,364.24294558695146,59.737362268574664,135.157044028489
838.4566748563365,369.02929174863436,59.18165036686973,136.49089397559914
834.4757848545486,365.70555029675836,57.58428696502862,136.79303497239448
832.8160003286341,362.08515048847914,57.873651904420214,137.85365258122926
831.341089025543,380.2466089839742,58.13608908711305,137.69494664593037
830.5408826863116,368.47994298580517,58.52734402526876,134.99605243825476
826.9285571175776,366.34506025854637,56.45014473590378,136.45004630226373
821.9927824666705,360.56083390329354,56.05947245067157,138.0936077131518
820.5160387577704,373.1941277126117,57.81938881014972,134.7264808131111
820.5532148979958,371.8705542716642,57.665695862971326,137.71484838176866
817.3876514514216,374.98551567102635,57.51999199643407,139.2888809345926
816.5121038562907,367.984664382987,57.34921081702534,141.8413223287239
813.483556824883,373.33370002413074,60.291135351713955,140.23641899168217
814.1273252496823,367.7035973084741,60.413224307760004,140.81810572379786
811.9313608428279,385.6627640362126,60.789846618067486,142.65749376049547
806.8549748507742,376.0905752823795,61.4506446050672,141.0974161154948
802.7127573049493,382.1930324202008,61.01824985137553,144.26445699480956
798.6952660897407,380.2550305040602,59.877875240522854,146.08601486603925
794.6597477238098,377.42394425884936,60.2062071159817,143.70519246974294
790.3938152074406,379.0581320063677,58.43258314799613,143.97433487327618
786.3642732204756,374.0338131216322,59.02979546559003,142.89881630163285
783.8964317093637,378.5021338789487,59.99958916874988,139.6860049827426
781.111080324193,368.4750533985564,59.552492796049876,137.73781842075067
782.6145501355657,379.8437314158288,56.53930612477512,142.97990365535705
777.3852156709659,370.96006250468054,54.691680255984416,144.43773620220054
772.7614391549511,374.94210620304756,56.49112218539321,144.23679220772416
772.7425632689591,370.7991800555103,55.42293496573383,148.60886888875257
766.3859354499738,377.0231939479774,55.1281268401852,149.08058778977113
760.750471033187,388.24128620162594,57.66409537374351,141.6679862993168
755.6955407586557,381.4434949053348,57.12929657207464,141.9071832720889
755.9238999967304,382.9938759797192,57.158565640521886,143.805325392507
750.4002700990915,381.492246606981,58.49644520466319,141.21168994373335
747.0551575861983,393.5693825864072,59.81016922408854,138.20188745070186
745.3168180969158,386.86476614899243,57.22868099198777,141.51417157359032
743.8547898804671,382.8121212039419,57.8028488804613,138.79876726784778
741.6660391457355,377.5014058764277,58.860079613203524,139.20389314678468
735.6307379897319,383.25924830344144,57.22218770295886,141.20240590074738
738.5652542664158,373.5556641407579,57.27942181971469,143.26239638339135
734.7140450392202,379.2018015661778,56.592067832258444,145.21638606266407
730.1084915684739,386.07232707394405,59.140932421751344,140.8522855584988
729.4343910139683,377.85333904043256,59.54937213546991,140.45623679697056
728.6048448385026,382.1738742949469,61.18465143021304,138.723205924214
727.9667003550805,373.73068841890694,58.115245121617164,145.32780027732383
722.5747094091273,374.24211475298034,58.90638975343758,144.43872020339438
724.8704475950105,373.5041861062022,57.019108636500604,147.27635454642223
724.1871487227728,375.4180595413603,53.56643514973988,153.20106839324086
725.1837592030533,372.28179704012314,55.27597058260629,151.0982573301175
722.9239288846829,360.07689602142955,55.60586023256468,153.8428881069064
720.3397148438906,374.6544467067997,59.488711552091644,145.79315964559547
720.495743719669,371.84826316793465,60.75274974592989,140.940944826768
719.7737049019162,370.03812048345765,60.538105986638044,141.52289695277895
720.9700302735098,367.49973329281283,58.56657904014901,142.8590383551338
719.6128265818423,366.62511985002453,58.044209022254336,142.01053329426006
720.3437883494533,369.41092093199927,58.19331789102524,138.39248656389472
722.930036415323,362.0945010257173,51.39542155241406,154.29716042816358
723.2715912350163,356.7522770553671,53.07064501082412,150.4779790083811
723.8728985851379,354.210661009405,52.90805324790773,151.40022889244733
721.1167449665869,362.21323347793253,56.95082516119844,146.56139043723954
715.3659553295448,367.0637319911393,62.35139447371916,138.53616679391502
721.1273184597449,365.34438233492267,59.558849152581814,139.8035535122761
725.6388376069372,360.45171042946345,55.91497378372979,142.37196569339957
725.0677126608263,345.83907619562757,50.30296209704433,152.41565901031208
723.6727642966853,343.75888320494187,50.818521944153105,153.0228693639956
722.7972120453273,364.40479218727864,51.73451167809465,150.46953216337494
722.8724284909733,364.46576259035254,53.25467996398039,144.37948419495493
725.9621083144706,375.33201176920375,54.578784778853915,138.77715274120357
724.076091073671,373.558868968982,54.8483946965412,134.69993527062474
724.9030536950938,362.98845651005485,53.893460493073704,137.21270756830836
721.3788849543577,373.1925515632485,54.29476962660742,134.44862908131563
724.159597354122,373.80465779953516,54.787767213916545,131.6032892060391
727.2379235523726,367.5572246574684,51.703183590689214,136.70272868520038
728.8106166463846,359.8764520192482,49.93298162586517,141.07224443346928
730.3078397446363,367.8561504225228,52.34751563186747,138.54475070092664
730.172877262602,372.3536705948087,53.74221809494466,135.36622621658668
731.6927772431569,365.6418301361864,52.05965895063028,136.92440648633885
731.3853958263733,354.89144625586835,50.042947395445914,143.16033686845975
730.0256810545186,353.4389381699431,53.17238840484094,141.45649130185816
732.616968846623,362.9005626957956,53.87564194243537,141.8329473398311
731.8868689319261,368.42675541528604,54.83187332287372,138.78600227423289
730.3861112328234,367.101674721012,52.865770150435054,142.00330478353604
732.0311584994403,373.71409012489886,53.050828169761296,143.0466708346953
735.3996395192685,373.014022889117,51.156888186499316,141.65206764742896
736.4827526733297,366.5672793885801,51.52906211812949,137.52529046566661
730.1156091268286,371.06231666758873,54.29749473504562,135.56869706301347
731.7811215405717,364.2532751377097,52.85037405282905,140.2504091600375
733.7671928739409,363.42407035127997,51.40739407009553,142.47838623091644
735.5420954580434,384.1964536763436,50.27830998472625,141.471903228499
735.5196963264212,372.7520524703664,49.250185397663486,138.86005583062018
731.4128248743295,381.42380022955393,53.234124686110135,133.0329366322372
732.1685240002432,373.53487601718166,53.86058018063215,133.92862325463713
734.0819014994644,370.1270052280546,51.83218144207172,138.78616888925438
732.4569653274959,368.85812828717815,51.65116572905798,140.3943890928934
732.6056948020494,376.37405866231904,51.932908173638424,140.11547403862147
731.5138936828971,375.7192191956008,51.08117656858849,143.50251794404215
730.419074317793,392.9531042907634,53.48891638493304,136.90724900224336
732.2163316175642,381.5527988313677,54.830185060096085,129.9150238545798
731.9393901175225,381.510109118836,53.31757053080588,129.48506118071782
732.2023808316487,376.4368964676272,52.60476769130759,132.08651146394132
732.6748451874424,369.06686676601055,51.31584984855337,135.0294412796692
734.522292891742,375.65398836717054,50.21564775724758,134.07803829293988
732.2479477253003,380.7805280836337,51.44941606485275,130.6053633297957
728.5321302389541,372.3929159357097,51.98807877329145,136.92273875929493
730.3030647373693,385.91955735365684,53.673779719367715,135.28921136524477
728.2696702533532,377.17934851823327,55.00613954764561,131.72993237674123
729.4494631976864,381.04559425461406,54.81610313291456,132.90145438920777
731.6567121848332,384.4202800351222,55.79186388854674,126.72998400479572
731.6414593980528,381.8647424227958,54.44996067980003,127.22912317020814
730.0392096821375,374.27157379639607,51.33732195884092,134.95056631017252
731.1070797120898,384.6804574764208,51.53171315313449,134.28027759221868
731.0222513188592,367.6722292907714,50.00458625101058,142.02710326920302
732.8501695744,366.83701077346933,49.780489690053244,141.31203130656806
731.0449374696291,369.524728226643,48.570624257102885,146.75471024466685
730.7860636614306,371.2768317852727,49.632273499970836,149.34396172709444
729.4373601743077,363.19229073783043,49.248816024314124,153.13296427471562
728.2969097489703,360.0437677808045,49.70922854041218,153.7480695893047
731.8626063998205,365.2861508018691,49.61681325252677,153.593674317099
733.7294317321807,357.4442412380718,50.6385272305521,156.8893982447006
729.6923970994358,360.35374909549193,52.069837949920384,159.04033697877512
728.4059286970404,350.28216048817546,51.996568141464735,163.44096684230348
728.9559989544442,365.05707123449065,53.33673362864434,158.17838251946836
727.5634911783447,360.2835409719767,54.04472424159839,156.60201475032682
726.9830283871157,367.68800689002296,53.33028839578121,155.18350349386998
726.6459747352297,362.9597094882723,53.17549703697058,153.5630449195348
725.0660157849462,366.0448711336987,53.76708231090701,150.27892871536224
727.3067890723596,370.25839454428666,50.899514864586116,149.15451942651157
722.3596918005403,374.94808796753836,54.58575741759452,143.65289198077983
722.7170001199719,385.5639961267437,53.692612800401776,138.5057569068539
721.5745954774718,385.93825690126175,53.968766199538564,138.486016609601
723.152110765423,386.31911574277785,52.52896352960493,136.51968512843177
720.903663214599,376.88183760760523,51.27421260669564,143.40806877234797
721.629134301993,370.0310475753539,49.491247688962844,150.44039963073766
723.4684102217628,375.3165602693711,49.566505004181245,147.72054835288031
724.152880727667,374.2782606450785,49.53938027814689,148.8905387100856
725.1205407902703,376.6501870209465,49.80741115050628,146.6605807151375
719.6043881336088,372.1319659379022,50.000074621316855,151.60653253885175
721.5660358387508,375.6060955230223,50.964998982931206,149.92227631282276
721.6121651943308,374.2511099323791,51.92321317553367,149.66505461046722
719.508810382299,373.6276325292613,52.73064047348333,147.55571062092594
724.2519026313536,372.45653874230055,50.92178617762124,145.77720426362168
721.7379606128405,368.7065268883368,49.846434329567636,148.8020301595459
721.247697697588,372.94233727050005,48.924788359753904,150.56030613907097
719.443168946745,377.8942029847173,50.43035152751136,146.39991387737723
720.1734862219208,369.6842032266968,50.53394028098961,152.34163498523907
722.5833486809328,374.55710599220254,49.56094634396235,159.38643922353808
718.7583648350175,369.2807002081777,51.43105827970432,157.04772147814847
723.1206184502859,365.12324702251874,51.763003395757906,159.56017177253983
725.6073451949314,370.43742342601945,49.95917920374341,159.07886642003155
722.5020176984857,364.06112586750277,50.23613028770804,167.4051557788598
723.4661464407343,367.60273613339746,50.45760658723337,169.22452005585936
720.5559880243081,368.7989842464698,52.53212773990163,168.79182188827127
718.4067374498526,368.27075462390826,54.53154926501844,170.67822913051012
719.3168052184495,364.09688969175227,55.46443592636139,170.2680074714952
715.4598328977783,374.34940575259276,55.55149230919065,164.77936935323635
715.6043541727071,375.779961160723,56.96104054800011,163.65793449164602
713.8413127376448,377.79661248908553,56.82903550669067,164.283016413516
714.3142522385675,377.9348408606638,55.34311135372059,167.3505869180637
715.9876338328837,373.75995184526886,54.63825210628528,169.02146563490794
713.6607519039459,372.59786514595567,57.360945499391036,162.97639946758642
713.4035043473036,379.9279606117089,57.60360847152718,159.74280296021786
711.3641630961564,393.1257397506806,58.38033608291356,152.04281150299175
715.0739559009593,389.73764708162656,54.74294734231135,158.56566030387535
718.7597359818757,380.9134619262502,51.523091463699714,159.86180368737138
715.6384298811471,388.8358454541838,50.8039123560869,159.19250006917164
712.3926711781644,389.24178581592747,52.36661445748423,157.56696795688788
710.1471976953155,395.03939274326495,52.97021948539748,155.17643249410244
711.1379244088713,390.21081390039694,52.281617147045225,158.62242362142817
711.403355548144,389.51622084542413,53.046179139373386,158.80641121077215
712.7661616769325,391.2238511707567,53.38138385347527,163.3455365140804
714.752427525206,392.0296012495803,53.424224973618635,163.6702495420298
712.0097532513961,385.36716689340426,53.24481022427281,165.65858440939678
716.0923820088576,386.89641081095004,54.17032990937987,164.83925841533707
716.2203202044228,387.5734512631204,52.466500597917225,164.46658385982153
717.2722142715636,382.12345109421517,52.211788027218276,170.01921954161463
718.0049065880909,385.5395226947085,50.38930230374321,169.68012887558757
716.2650416000955,403.95139028691176,52.97260809371272,160.1463048271569
712.7224446422326,406.78307775840744,56.99284792101194,153.28791107969874
710.0731614519301,404.7172517118821,58.89078122064765,152.96765752576334
717.5160210674695,401.61957138064037,55.570980306523275,154.84510356087515
721.4400407675021,391.50115561229927,52.11297111899625,161.70068317664362
724.961299070485,396.91264938897865,51.695503390322905,160.32880805012155
729.0580455106419,388.47605877372746,51.097799615670546,168.08482617789835
730.5899658015437,390.54038979876645,51.86874372161638,169.0034125467226
726.9593848369645,389.6778053279395,53.7811581000572,175.18230940290954
728.5552308400695,390.76718407663265,55.463108935414496,177.36614963964902
726.4243065459063,396.3636491018722,58.84374360198915,172.90070518901044
728.8620356977428,388.05825274998426,59.98233410504747,176.51603053347543
726.0472554126023,394.53645824592695,61.529750721410025,171.4316301351252
726.3386965152786,398.2617677618113,60.62012148463896,167.39258711960588
729.4022801508609,395.6346405778884,58.742834761408076,166.36809699208135
733.5462227783806,396.1905706302395,55.562371828120206,164.09580363260855
736.0686436819551,403.4842712838622,55.910127807149024,161.9473599801095
737.4016991087497,401.7858400317165,55.072755882033206,161.6816416039409
741.3272852102311,404.802929845104,54.43429168398052,159.74839233154114
739.0806811547551,401.9769210460852,55.544583369572145,162.63648907677614
743.9128702208616,409.2053713697177,55.40745830926134,163.29063896562394
747.0537014647464,413.14385972153093,56.091286680574825,162.55499861111863
749.5954588984752,409.5389716593817,54.014554909123476,163.78038889298375
751.1700459414484,405.23728635877467,54.75341458581832,168.43240992361865
752.0599933996675,412.35014962211807,54.78777890994286,166.52539459990953
751.5327170876652,414.91731146533823,54.82551854414373,165.11078042874564
752.1163301069085,405.04171488819145,54.529290673922716,173.19217358996872
753.8927557503541,408.5403333658063,55.524420526601915,176.52926125051437
752.502507962255,398.75308886597367,57.79817006812853,175.650089652097
753.0098112012085,408.8672799901684,59.044262190600236,172.69706940587662
754.4471053536998,409.46920496437326,58.28225109771257,172.3733988061365
757.4580016933146,404.1585345795544,57.25840855569299,173.12181419000905
758.4570383238726,401.8527180855145,59.308290928919085,175.1690941761593
762.0891636615089,402.2513326628511,58.615170273033655,176.78255307083978
763.2669644489254,396.8323338821401,58.91912839983878,182.2834512651524
767.0171909948065,405.360899871409,59.53760771253894,179.78052591677465
767.6819161722839,402.38889809356823,60.52986092854714,181.65802667430466
770.641275460947,401.84529698543645,60.97869693591015,183.11495434472192
773.8688496573274,403.22116521104397,59.504445217568296,185.72207816064326
774.9757799069071,399.27794727514976,58.988938592917165,184.14299424978617
779.4230553327828,402.2578509575768,58.12800112850769,188.11630743135413
783.2566755476124,403.6032145551752,57.66510446468202,188.7716673786666
787.5054402486275,397.0197948193809,58.822295897791875,191.66994496829136
785.2380272306904,411.18635034106615,60.792567977253626,182.2271658443658
786.3269281028632,406.8693931305312,62.35088624539377,182.71568335650738
781.6109243119026,396.2815831656783,63.90238220700259,185.05780625676064
785.5817216872064,398.39337781395204,62.206314347877466,181.0465780428255
784.9281956714707,398.74425246612225,63.058274220127245,182.51577513437059
788.0410814580196,412.4334004826776,62.77620486220205,177.30868248220258
789.2458025701684,419.4847716992923,62.85919444348069,172.1268072585612
791.9981956350582,404.1745247443501,60.58047190455085,176.28636373386996
796.0786097337923,414.54687212185684,59.5845402692362,176.57560169368736
801.5690168179144,411.3296059794228,57.755610278081164,179.19135148409927
802.5557705650309,423.39259941867374,58.771077314009645,174.5441277441912
806.6086552623303,417.8227526083615,57.9190040436806,179.27674154167556
815.4220866075091,416.6977775896628,57.53725031725155,182.22588356200976
818.633051613343,416.57211670687275,57.202596289444955,184.60215001157064
815.284522206455,424.39136560060456,58.7563253232005,181.43411863095872
812.3324134064458,438.5344006950602,61.0972498549357,174.74919824648083
817.1427438460605,436.0483893767541,59.97017328185278,178.13414246244645
820.2750320058315,428.4813122226005,60.495071086244,179.7509026738829
825.3716453900576,425.8993635858251,60.65894305143014,183.1910064002248
829.8099589065105,416.1715613403617,61.60015914375401,185.36596036018278
833.5266145898618,421.03861282991704,63.03748378041428,184.55504195252223
834.3342257074905,406.82528023365865,64.25415385727344,182.13278714827987
838.2525757786311,403.4053706308582,63.73096287885126,185.5997531967272
838.9137641135693,401.39941713206326,63.61474317572862,184.14210448432775
845.1005235897725,414.7937906556133,62.76171681459072,184.66051614203565
844.5650281068221,399.60124198553706,62.299822304083136,190.40778805507085
846.1851858376191,397.7091723259108,61.41742084471852,195.87321983038544
858.4356275400698,398.745223416274,60.54495572797096,195.04187644525052
853.900550474431,410.2739245123008,65.35135598831971,191.3013628265574
858.5282486015252,392.2450572403261,66.79499748246342,195.55639696955916
861.3060363262438,400.1183550154388,65.53035299525709,195.2759844846537
863.3375643596221,406.7330562306936,66.42687232547887,195.00522435766808
867.2134246032199,395.99724519325287,64.20180755737832,202.49668271059062
883.2490172773078,414.87679712767857,68.07472210387198,196.18934999668122
884.6555619297089,407.5355300959482,68.18370729076076,196.84755910520698
883.6983196144225,414.35296372741755,71.09721054132585,194.3528592012874
870.1121250002391,389.90170035529184,67.39453247536062,198.97345902161365
887.769589982893,417.1467727993304,68.54680025761614,190.9249003229698
882.9952513792654,410.0498691384672,68.56110038281594,186.30011300488064
896.4317995835595,414.30590597184397,67.78468943609283,185.93752491650488
902.0100904580785,420.80562282702215,64.96355431616004,185.84311932716173
903.7014776126531,419.96443519150307,65.74801036582524,186.87455506690918
902.5491998439109,421.1620182567791,65.89645133685406,188.0984303578068
906.8293358352139,410.48451457801116,67.14054741025394,189.2442544440385
906.7236570895698,427.8357515822057,70.10607047806931,184.81559334461662
919.6782815330416,444.42789548986474,67.8866473124919,186.23213046000464
917.0400540349734,429.91371270218485,68.57889894941059,185.24673573719224
913.3468326858215,424.9004126297407,73.66179496013099,181.60545858385035
915.96506656191,416.03931366654695,73.6810492067656,190.69384116007427
922.6360540905386,425.44943416575677,74.31978189657484,188.01344737415778
929.1096897068134,409.61120647706275,72.43318728750592,190.72185565065894
931.0014827250797,405.0772138613977,75.21469577085045,184.5014294079586
939.5849842334421,414.2104436615373,73.93029561564036,191.6846413713064
946.3655906257253,407.1564617294065,74.12833289304632,190.65996404769106
960.5524055060904,415.04418634843773,74.57783412740382,191.32399655558322
949.9230319725474,428.67818743992234,75.83628950649344,189.8868920237392
954.4426821499109,436.1224159471019,77.09902822510475,185.939710241533
975.0968901043121,475.826902775166,76.7149942937833,179.4324652500568
963.2464747566353,403.7538013104818,77.76734717129133,177.12952011931617
977.7625149871336,406.3017465088016,77.16662435695406,174.97794660014833
975.1220303805128,444.8877869558968,77.00085458270232,176.13351489225244
979.579696245713,435.4319227930388,77.38845890300817,173.24259013452655
982.1386940494815,426.75737594386953,74.91305343006498,173.26208574298124
998.2496241040259,418.1147770908578,75.33392337633293,173.5453841023723
994.6018658372379,433.2230346292869,75.91844774705265,169.55899922080312
999.4863377378774,424.1770698654876,73.89185826322684,169.73580811005775
1009.6028571021785,432.3291633232236,78.37605951107503,159.56187029013842
1007.1965612306667,448.793436132546,81.37053723676394,145.59856746939514
1010.6153425716902,460.34159478230606,80.55814973819145,135.68031498964564
1020.1940880015957,459.35338822245535,79.9296450164956,132.9049389079078
1015.0011938965065,473.09738400692686,77.9142221441358,130.36050907153896
1030.1913135903974,482.91797862177987,74.78795464559462,127.56874945660547
1033.1060519832026,483.3057413906499,72.88648800360843,124.32437371980512
1043.324404903104,482.0293730168202,72.07222596262991,123.72473786596166
1051.3803110137517,501.23011359116987,73.72091442753131,121.24841818934682
1062.2345267711707,518.8166018346872,76.60490251681465,115.94178977471083
1063.8600213271736,513.6140184085574,76.0333922027962,118.12461409928646
1071.7018517853066,516.2903185969408,70.46300298288043,122.7619684269863
1075.9623856339563,533.3051632051004,65.35304677427507,123.48200458868803
1090.5839632486297,547.6319738376817,66.19111993087779,115.34643821913427
1096.2864614565788,562.4359071536936,63.12535483299498,115.85081390325126
1099.7251015811896,578.4200852733295,60.62693858171255,108.99062342394839
1113.6963045174332,585.9738950389864,54.11906258710327,108.41901575379458
1125.012162429012,595.311018437875,50.31833707676964,106.03049914469847
1135.4493730660677,602.5511775100676,45.86012878184902,105.33719276510759
1146.8967779183567,606.683493573242,41.705867883022876,103.97620782667643
1160.6855598007467,607.3732805221675,40.31685144783857,101.74421103674652
1170.1186176604224,610.5324140433065,38.155616825587416,101.44259900731535
1182.1610036673828,613.1951559600959,38.288725713339986,97.54853247935438
1191.5165549410049,619.328187097296,37.0021311390847,93.86992768976728
1200.1688686983998,622.3142488356547,36.89926849057747,90.6043841074077
1214.1533167030714,624.2715507084403,35.98040353586519,90.82901640504952
1224.9354288090851,630.8592132733461,36.43961169832335,89.63247702556414
1235.031334015829,639.4880450543695,36.88078560113814,87.52330144824894
1242.7631041747295,648.5039947132962,37.435923856873714,87.70874488382763
1249.730768294657,653.798616593113,37.80397096490604,88.8855525268004
1256.2866307244471,666.9667736710513,38.13560981803767,90.37151004660576
1265.616473046415,672.1318136423201,39.0108293825992,91.44850672991633
1273.078864290995,684.6182233563399,40.80206179271166,89.7635047939979
1276.3869146877682,693.9529146784707,41.68455689932624,89.0182022401755
1284.1201754202286,702.540490406628,41.66930187649017,89.0958323795423
1289.675271857178,706.9297278873153,41.7971471160016,89.13508648431764
1295.7139623229948,714.267257611992,41.042708944725504,90.11936612729056
1301.5905926234477,717.7241486757141,40.570657599576165,92.29978690330105
1308.1087972433538,723.6354139856796,40.32506614067582,92.60740876579575
1312.747561076905,729.493266847912,40.17572383567386,93.0153049918334
1318.7054535559123,728.5245667247132,41.03394582418679,93.69969436026315
1325.1225992285113,734.3300799889685,41.5045449304895,93.72583506185396
1334.10164518046,738.3118206832016,43.210247407923504,92.77354675700367
1338.9653772064805,740.7213758540395,43.69709493283327,91.70109727466298
1349.641660443766,746.9741627745352,45.32492596984913,91.4403055127143
1356.797949162582,756.5793238624285,45.910391856946866,90.27709890165258
1363.2476430040153,762.1494288016019,49.58406332438318,86.58032745346306
1371.7617172027406,773.0757731769683,50.420780582390805,88.6897527410213
1385.7648025771034,781.7770466125897,49.77127687192747,88.8103578530126
1395.7106258138376,787.7077783586423,51.94701983039755,87.40584134533992
1405.2602060121974,793.4025144809186,51.391614940855575,89.11722942767273
1415.9511031833358,795.3242091026804,50.537966131239216,91.2599821111094
1425.7229905390934,795.6324476534141,50.51967803551263,92.36654382827163
1433.810786914985,798.164492069698,48.41047926956255,94.58063518084228
1445.1963177293258,800.5517065516734,47.776993262090244,96.64453553304092
1451.363182381897,799.4234745317862,48.30940288000377,96.90525641957058
1458.1666237405645,803.4167301773421,48.5981128269261,97.34560452767201
1465.8052651079622,800.8557061662466,48.20577531930401,98.13882346504857
1469.9526376640733,805.3783902507005,49.032937821150966,98.14506141888728
1472.919325984807,801.3596998847389,49.60060856752209,102.33691483498725
1474.4808396704489,800.9973658676038,49.915846594377584,102.42216020419107
1469.0345852854462,799.2001320867909,51.89159509343724,103.70086008801988
1470.7251988086134,798.6265316214613,53.0859288333948,103.53650645054566
1462.662287563577,796.0284055541714,54.583693389814144,103.32245512300013
1453.8007362165451,793.9454036855775,56.175097591818236,102.37116885303658
1445.1551745437826,788.1046763040594,56.487208484888534,102.8272532765462
1433.8414469038216,785.998959137932,59.04542231008929,102.2638649813342
1425.5066831125782,782.2511802478168,60.056268201532816,99.58066049961575
1409.918196585882,762.0301054212512,56.4390304863139,102.48691587596265
1393.3162315260038,757.2608267746375,55.13879510233397,103.59763429238427
1387.1513833609504,750.1322114055728,58.03434449285831,101.04867719710913
1368.2576881636824,737.7510600789815,57.805088022134356,99.22753664337773
1353.1590455365517,728.9332421560017,57.33319786276522,99.14815019918133
1339.6582799891223,720.8656448576029,54.62928896322579,98.68349210061382
1327.4317036425632,719.3890766396887,55.80776000770422,95.25624073987217
1312.755056728979,709.4871228284031,53.42957771701032,96.96510465847186
1296.3875549036677,701.0097693576311,53.99925904710804,95.09849140809621
1280.7093594512935,695.1866479804331,52.78556305620306,92.20883285964972
1266.1466375959517,689.6644910156493,52.688565905333775,88.29152028579476
1254.558934945016,692.0540142763414,50.125744592459526,88.141905719498
1234.5403024553896,691.6948387682103,49.606330901484995,84.79216628270808
1235.1772176323518,675.2947433781716,50.97220085719097,83.45020421481239
1219.5782728881352,678.6816413935985,50.86227536866353,83.27443366894339
1211.08044364632,675.1770489928972,55.966248312915376,77.31337868970319
1197.7321845948418,674.5588165602729,54.794430229234266,79.1125183887795
1185.9929259085845,660.8511210980544,49.63724523052718,84.2304959137997
1181.1682683079105,661.9388984021202,46.710817284404385,88.19163771511299
1169.3353408688588,649.7938101443763,45.25603955519851,86.29115878134401
1165.0125793907582,645.8840962918955,43.348262544835876,85.43054959226194
1159.4282954008406,649.192275754974,46.023915669992704,81.9811376816765
1148.6821205720128,637.4890810920064,43.68218097134409,83.0272083145147
1145.6748782474438,642.5500889635231,44.70165221616472,80.0917415508821
1133.9252199932498,638.6620221954397,45.804798148247954,79.84536406402623
1120.8113549998309,638.0181554646477,43.59151170850426,80.90639844162862
1114.855182476351,637.1740142158136,42.1162758524944,80.40159851168477
1111.068748205827,639.0541294305212,43.43736069300928,77.90912022464934
1106.3180882884967,638.8263903783194,41.56968129861531,78.9251151342416
1102.706516176175,635.4303466175406,41.90104957618627,79.87257613336146
1097.7940045812395,629.0865269752499,40.92801896050336,79.2114594936478
1088.470951748996,629.2964567558188,41.57700923286369,76.43521465514121
1082.935813336329,634.2348936654034,44.14852513760649,73.2562223532704
1080.029435158574,630.5618578500885,43.112322761599245,73.50383452187381
1074.8667412860518,624.6131629567932,42.31990870655349,74.64281546263766
1068.6959600728476,627.5790676739052,42.366349791824504,70.95318701502003
1070.2274286432332,622.368340584745,41.76613188937171,69.91521985233032
1063.5181287457995,625.803983901226,42.54163579782059,68.14205923886311
1058.026292104246,619.5539950816477,43.68747970130424,65.85954314087206
1058.2870923050318,607.5854411792398,39.83428535584416,68.1152048685276
1055.9423064305158,603.3712693865167,38.85617881542639,69.2917391366261
1054.2445856675188,611.0831118994423,38.807398489900265,68.39052108793803
1051.414133243737,604.4435974990927,38.70817193819103,70.23299784127406
1048.5075329276667,602.8290383861222,39.67836791015365,71.78476703845251
1052.998351711717,600.3010127071357,38.22010114603636,71.63868979736888
1048.0753914513261,598.2151881942583,39.58539721346891,70.05284294240735
1051.381610998013,599.5900226384765,37.65864128483915,70.00258288072044
1049.0068142000075,601.6592579695648,36.68156592049854,67.63859783466941
1046.0738310648915,602.2063854871963,35.93896035465163,66.76126356260669
1029.885945901743,607.8547869999918,40.35843112258004,61.80289245156632
1029.8430642212115,602.3580518556056,41.667748065601224,62.63706761214159
1025.9227842335233,597.3711316723625,44.45730727479928,62.0751619301908
1035.4180460587113,593.67070466464,42.191200831763354,65.26754083241593
1030.6886476588927,591.2009894728536,41.58443690331019,66.91816512543384
1030.442322828268,591.2915228609853,41.15874152240008,67.5105234848732
1030.3835171452683,598.469234012442,42.235651867456724,66.36891540241854
1028.062428134119,599.6676730914587,42.540782715495865,65.0260588788067
1035.7667760409897,583.6470710736321,38.14894996490696,70.39221738042775
1027.7248414084602,581.8056555136002,37.44533134189676,72.41104910135797
1028.1315394387393,602.1491463566643,41.025023384377185,67.18192852980265
1013.0419652931713,612.8735071138409,40.453926172741205,66.02581207404872
1008.0056823828106,584.9070634542126,38.43057947306114,68.35763029483938
1003.5629840231499,587.7280366673504,37.494742995255194,69.96013066323562
1007.8511483901954,583.0841881945009,38.746486278829124,69.20651159849125
1005.7570844575532,578.7200288636714,41.02269152217701,67.06147407318574
979.1108656700616,565.2807294193551,38.9208185432759,68.63237323666439
983.3719136001315,588.5875911814632,39.944404695687574,67.79204803166363
972.4006807283006,589.6435321238332,40.277771827405026,65.98389218800774
984.0580317874767,585.196849893602,41.68755254534128,64.26710153057394
956.0157488109121,570.5900700098775,41.72550741257038,64.78968733034871
929.593896296729,565.1894751250587,39.56510035856083,67.69334445864726
934.1092405805203,542.0797205329387,41.94388384898167,64.80066201263143
920.9979553441256,556.3672527492369,38.705377518143905,66.1600039827525
915.5573985816342,545.9123571900899,35.62396974392367,67.02804894346443
883.4772980320328,568.4068220688041,38.25137314260474,62.29198772228887
888.2558799385226,552.6256790829426,37.85461065435041,61.21506723716783
885.9767652363606,549.0382053035831,39.800949195918086,60.28747759984181
873.1621483679315,548.8445819298114,37.46847535173488,62.105406630731025
858.5712941250605,537.4013473437972,35.53095958175261,60.44978142789715
851.1692574086601,556.2306717523917,35.10228300077663,60.76174176649964
825.7122027701604,551.2957149265238,35.270512688829164,60.864127517904905
838.447701101533,546.7574686254436,34.771384478518506,60.93031032274488
830.5331292769848,535.6809061364831,38.05868369444716,58.732481137010524
815.800661920301,542.0340553837184,38.81855606243432,58.212076777659036
