999.5,530.5,109,205
999.3874742787101,531.002331695242,109.87280387059367,202.80581753744013
997.8582526690127,535.0457394588965,111.02507559691779,201.08259399290415
999.7498523723282,531.0072266271513,110.08554005076488,201.64483887968538
996.8390306155713,532.627757776178,111.04001175196109,199.26809903338648
997.8338870961351,532.850102728462,111.74707887255302,198.2636367784524
997.2098675432659,531.8565050014496,110.61635111824833,199.25366095438417
994.8674374250738,530.7740925128594,111.98498767658239,200.19617169171704
994.1922041733712,526.4547933769575,114.83467895068077,200.79971201327157
992.93561307318,527.1492752280722,116.52338332638169,204.57942587193318
995.3891314056602,525.4402840822261,115.42962391480259,208.43829038606358
993.5164912376116,515.6798871170656,113.92352296515693,213.65455709847743
994.1056486518341,513.922180992242,111.81581499043439,218.25594617167135
994.1352557758235,498.72321066375883,111.59240474450183,231.65604432479324
994.1310633832579,499.1997263674402,112.11821868175494,237.90270072072292
996.1674865223637,492.0854383242306,110.2266548828214,243.49276502357435
998.9238372189958,480.81320192397726,108.09353006322466,252.28930065051745
999.7676186923442,471.20080939708555,106.50082167872988,260.4687659093081
998.9954846619377,464.8577572753082,105.34196017746191,267.065120114292
998.8836373540827,455.0505009588445,104.43148102908322,276.92720481298153
995.7474461461559,443.15823176379763,105.9746032513526,288.8562677801501
993.1750736169669,438.91928220300224,110.24319237955592,295.3923582358725
994.152572560472,427.4357958599983,110.71063454864915,308.4416323024463
993.6814165320742,421.51062618631994,112.83858794094911,316.56905761162204
991.8554809247789,413.5184553352299,114.53960406231735,322.0168359109002
993.5136702633595,401.5941778161686,116.68145513955275,329.20977561177654
991.3340368435373,403.33479504826187,118.88995342809112,334.0912398900451
992.3305981970036,402.66982603508825,121.63682129071037,335.11305573047065
992.6958774872962,401.81397279945156,120.3885695093104,337.0291635755513
993.2911085802593,400.82125560809783,121.91270898267351,336.6460000032579
990.5847690059727,402.7068882736187,122.85726183277038,335.133262911955
990.2482184935386,401.5431800032744,123.22474812714893,334.6127583198943
991.4069731053235,400.0393523383957,122.30518284868774,331.3627795144791
991.8326015542661,404.03836568321293,121.48954278423305,330.01382952652614
990.568737334081,402.9801921956607,119.56221655534661,328.36268040281243
991.7916531527823,408.2134112393003,117.4095201212387,325.994857076219
988.5749416186612,403.2168722469655,116.67069782546125,323.6626510676856
989.5218450235024,409.4541860223719,114.54560944008543,323.89716497058225
991.762946627813,408.91385476830266,112.69359438400961,323.47743516969024
991.8052578625696,404.9654272199726,112.23941616936852,322.5792983187272
991.0183586166427,407.8979207781084,110.7748790760521,322.63684245824993
992.2415645519038,404.19923111890614,110.47572111798027,323.6919841390665
992.8078141347627,403.9259311253526,109.80818235163247,322.7211340091801
993.0252583943891,401.4331290324005,111.65219616987494,322.5107597716932
992.2777803854124,409.1272106019783,110.7921281839698,314.95114531543686
993.40630873778,415.36129614169187,111.28489313559139,312.696886623684
994.2395827434725,412.52925642647915,111.01973854764253,311.31215512688595
993.6023621088942,408.51886861570125,112.30566556884361,314.0869860349575
996.9801518230313,408.02497496212345,111.99122834718125,316.1396319671294
995.9549180437103,410.6751712547483,112.63683620601326,312.03973666510643
999.2442388007147,402.58367757777876,113.59326268098425,309.2945998017165
998.2497900691479,413.8536319734985,115.87484278482162,306.311135957962
998.8095101279991,417.00708968742515,115.75621904823942,299.9324658186706
999.983522668953,407.9599109812142,114.43728020580267,296.7853771989572
1005.445810887479,410.51296555278645,115.20372348447802,295.8887142207343
1005.7374684634368,409.2329954981845,112.43932701173952,291.74548616725485
1004.2301126803225,418.6394851234221,110.59380175474607,287.7432191918788
1011.3855429278298,416.6592827545991,108.54835260729556,286.9514156343931
1009.5163929929545,412.22731548191064,109.03296970763031,282.5868097798425
1010.3563947807427,409.5666152373483,110.15964769599205,284.007313643172
1006.9999887918397,406.25601949900255,113.505041898855,284.16172433488407
1010.1260307832254,403.998239167144,113.95148067170211,287.03773400440383
1010.8027032334547,413.18985113185624,114.94725420664942,286.9279545511424
1006.4273651878332,413.29700975741264,117.4018506627254,283.63738737761173
1006.7186650690195,419.38255432307653,116.19536432827164,276.1165373297219
1010.9995329792371,424.26869730057996,117.1586420354528,271.50971103814834
1012.2037360884735,427.1742647058421,116.45556329464853,264.4128312908574
1013.20727807983,425.04551110577734,118.01195013234724,261.7343996761849
1012.7663597107744,425.1408828483144,120.57504794475054,260.1539960446119
1010.5760891690115,428.21737346382906,121.44520592735662,261.29357204842967
1014.8792147806552,415.28952133514395,119.25421710100481,265.07203883039773
1017.2098877632465,418.96419973102803,115.1931792943436,266.7157150182412
1014.6333925529225,416.04813295439055,115.22036587954437,268.3277352614034
1019.5727450184767,417.3833313813061,113.59365867290873,269.24082761658656
1023.4834214897129,415.69067750256045,111.99293735284138,264.5262317626209
1026.7346128876488,415.2936882430832,107.33315108699692,262.58286517462545
1031.1206278163716,409.6451573123071,104.28236800366275,258.40617101997395
1036.8936927162556,409.3090761136502,101.82331497941425,252.29404763817834
1038.793603679257,414.95673103636847,99.33510551320998,249.2139435250789
1042.256171091038,417.0708706005892,99.00296990209088,248.53535118421186
1045.1795761311448,419.8308305095239,99.18495237990952,244.68314184828648
1048.069953093994,413.28081117853026,98.65428316304758,242.28313520114557
1050.1411420714956,420.94312465641224,97.8020463700546,243.67426956975345
1053.3168174719374,422.55635522839384,99.3048421901989,239.59076870651052
1055.456850218223,423.69864984053754,102.20532585617931,235.0887030082477
1053.2094612247079,419.4470825779094,102.89507064137925,235.03618941868362
1055.9843534623667,414.7839665360589,100.28160196960513,237.33269397492435
1055.8698728435027,410.2196672216791,101.56535470626403,238.37120977000458
1056.9499715063148,411.0308245651388,99.39217002236111,242.2409723488533
1062.0764132359463,410.4130028173001,98.16770561563953,246.3551657114782
1064.0153332872042,417.5728826707921,95.97138880054672,242.87574551960043
1068.097756090947,414.10565123865337,94.77080803492356,240.45115825325718
1067.344721889028,410.82214014763207,94.01942202433534,238.88139812166867
1064.2475217398985,414.68953126015856,93.42602592005811,235.31343080404642
1070.1040070740805,411.2213751592895,93.54368530405176,235.19053810630643
1071.005376504092,409.95343171835793,92.80453602475316,230.69541079717033
1068.9763132751962,413.0239890272085,97.73732829605488,220.93661966563633
1067.2319177296374,402.85497652997674,97.48593187681834,221.78479978839823
1068.6131299451997,402.11612255693973,97.66196999737424,218.96259807578238
1071.3945802494193,405.5543587622301,98.51550619909722,213.77362432833866
1068.6237197381217,408.51454203088736,100.14398129598709,212.41944352306479
1069.1307690651497,403.7596542976729,99.90079923104635,217.107551127636
1071.6502264982819,399.44964713550974,99.79171525800734,220.7258381502405
1069.8726670046487,405.0931301739021,97.42077723550781,217.73331160438474
1070.8095004684324,403.86916632540135,97.2279768196338,219.58149101713434
1076.0647475539204,406.6185320883901,96.92932131863222,217.06672898639562
1072.2832096930983,407.0815475792335,95.47834335431037,213.66384172871687
1077.0186228229927,403.86538529158224,95.89283815777578,217.14621999910986
1076.0571195675293,407.10533323579546,96.537076715573,218.94882436770484
1078.3485723610622,405.21143985988556,96.46801636271076,215.43902750280586
1076.32712821976,406.1804872969366,97.32721130665041,208.42773629180567
1081.19195188507,406.1577464826296,99.90835025198294,199.9083739951146
1083.9573022954892,411.0444846802271,96.49244786136357,194.87180562736944
1090.1999889323383,408.1410437872381,95.94155224804578,190.29023654207128
1095.1012983653814,407.66311697125303,91.6640150587543,193.77480009562268
1099.4015935237069,398.8753115182317,86.39855124929593,195.82335868257667
1103.278961058041,408.22776822374857,85.513120280171,197.05438189863946
1107.1691058064541,411.4754831979156,86.53045137447555,196.78116006808435
1109.5096801957523,409.50894107436125,87.67195603963575,196.59324783671707
1113.084063206225,409.2404447731651,90.2946303277204,198.115797877638
1114.9325901708353,408.312684443786,87.41003686843935,201.70815831442246
1114.5539168205491,404.77865231895987,86.9747272706025,205.96022568853306
1117.8248257393345,406.4773321570483,88.16436170545768,208.56814456694002
1119.6648030870226,414.124035521099,90.36304849151412,206.41180010655052
1121.4358776226657,403.69612357127266,89.48552938913093,212.89636967635516
1123.7988492060476,398.35309638390055,89.88007861109352,214.2939076747554
1125.893468526989,400.4019487464449,87.75456144491491,218.0067557015484
1127.8072659727052,401.9600048426518,87.93465724717848,214.60114369573648
1129.6401997579105,403.6020503513249,87.40898278061545,213.290827411685
1131.544487922577,401.60940884878346,86.31075621619036,211.17623588663702
1137.513722319431,402.0198303888339,83.11949644754584,207.39763771078165
1141.4216432661467,403.7327611158022,83.45122138316297,204.48929573627606
1142.1236836211751,401.5108831671169,84.46965776010092,203.02481778676636
1142.0105342261454,403.1210465947563,82.87221578917342,201.97880595856014
1145.5836440826538,408.3706178222428,83.13609193961284,201.78416765289185
1148.7383241106322,407.0574339328261,85.13702457886939,202.59840491668936
1149.0893911519688,403.79231255205843,85.74223324328494,206.30854358008406
1147.5754195496615,412.37499300183043,88.80389209143547,207.97960973614852
1150.5895323414675,410.4372271649089,90.6871933184942,212.5368182325469
1150.0088746237718,414.5382821087045,93.53692298592574,214.50436218149918
1150.2067986117142,417.4824415342929,95.73043121752627,216.75225213707384
1155.7593568993514,417.3569119639227,93.81650665095319,222.0639210030153
1155.368757201948,411.2809593568117,91.93241675428666,227.22288165032396
1160.191941971055,409.5497853929402,92.20226540793317,228.5035679829238
1157.585163668821,410.2494093826202,92.13683805847458,227.2177940094599
1162.3541049303878,403.7796411860362,90.93372488281403,225.87915532611967
1164.1512416332166,399.61017600759703,90.79806968767194,222.8792407930269
1166.2178721511052,426.7334373402375,88.12658036066912,212.53287178557275
1170.545289663272,417.266479956787,88.7411370861181,208.79959102031296
1172.530116412419,409.42629528646364,87.20118271146379,210.59418091569654
1171.3386647675625,411.5954001548565,85.24695244709648,211.50080788333912
1175.9929970428273,419.6378392201598,84.83802705857826,213.1217472852356
1178.5998343305635,405.5176112822148,87.36805871791786,214.89370370818676
1180.178055156981,397.42399474348906,87.94850473930839,219.0926263295031
1178.1760367967715,398.56428501765237,89.62691261409364,219.71157778247365
1176.4001587770395,397.3997053412412,91.01724528505086,219.77019363711696
1180.1489173632915,398.35570984318167,91.31779811626316,220.98525027650675
1180.85478498501,399.24946615740873,90.801979435127,224.83599969430355
1180.4227096796728,403.61903577168295,89.82880674034757,220.35749606426032
1184.2300705010987,406.45931562655346,89.78087663639306,211.12135316563655
1182.695446679511,408.65956577085035,89.18568630842933,212.12726007803502
1184.8033530491052,404.6868407945831,88.61515055650749,211.07999842262097
1183.724045865515,405.8981558356279,88.51875855191133,210.3084457079231
1185.645633034663,403.3736828054533,87.1406435423361,210.28482730800096
1183.4024896324665,404.8595971295232,87.73725875831259,206.9279650442225
1185.0749360607563,407.4164319045962,87.49457650858042,199.63335331477836
1184.3113198360625,401.43975007615325,84.73889155419702,197.2445501221393
1183.2461073493716,401.6399655678103,82.3339322211365,198.48773920780104
1184.147744736648,399.07605240357475,81.4091716948345,200.3077430063482
1184.7687715483264,397.579549036233,81.31497335108438,200.21973047011966
1182.407226363147,403.53438794045144,81.6882990458983,199.1449065326772
1181.190574369377,398.08795301455876,81.96142097241808,201.4185199587407
1177.7207259224936,400.5141641583114,82.22378643748415,201.4058857353931
1174.2634198444966,401.83217623856,84.28121148009365,199.9605075210231
1171.4009518774626,407.9770135091109,85.26314159696369,198.39276758823087
1170.1017921687737,394.91018795896804,86.64864119582128,201.56057591825606
1165.8942169390405,400.6366423144668,89.1731897788649,203.51532339363354
1162.487283575273,398.3287988039999,90.031032694999,200.4155193854586
1162.2246965043992,394.58843037650536,91.53957063787712,201.72295560346328
1157.3796697785765,396.4444587459467,91.05088293835459,194.97443019658547
1155.1316224175512,394.6999857553785,89.71782128478337,193.4377491803493
1154.3538059549387,395.95274032194004,88.04622352980468,186.32226764997898
1149.2333813239954,405.2042269374615,85.15550654946081,184.33600572271115
1147.8342459589646,397.5750797480578,82.47600041301938,183.05128936613482
1147.0502203754293,398.25010444866007,77.76475134209699,183.99528596349597
1143.9890189549926,395.07336760310284,76.64497154986054,187.4404029028184
1139.7405190188065,388.1488208853308,76.35794299950254,190.74550560538654
1134.769719510903,385.6734478516378,75.1068665957992,190.6205671010834
1130.4916953886648,382.90461332720065,74.78023144974814,192.17137855132785
1126.4261188206585,386.97901844043656,75.82303367292641,187.98789875807464
1122.9788743088418,398.84192076215203,76.25805510402387,181.8322098854626
1117.4309423076681,400.9080572887836,78.4873326009699,182.8060779452438
1117.028406705518,402.7154288549824,77.4561230181493,183.52148828424663
1114.1967262501155,405.2189046144118,77.19046326455461,181.30201340606328
1112.107344937831,401.18162804209726,78.41793431906827,181.54397246995677
1111.0810587825804,395.68028687701553,76.72471805421816,184.4712586551879
1113.7761489599607,402.64811822853426,77.31037462938968,181.35689269885177
1109.485553366002,397.89395918412197,77.3951787824214,183.2308905539673
1110.690725075262,397.3923985661506,78.20074392051103,182.06504536147577
1109.9580492417183,390.46727658317235,79.69249330323447,182.6196194575699
1107.605570647231,405.82703118820854,85.99410860116605,172.6511493431261
1103.015815305979,404.69195739117043,82.81874875425606,169.11358738981858
1105.3651245643964,390.12596316310254,78.71739248922506,167.5010316459004
1107.8257938259042,392.97392459810334,77.54537839258418,167.9898365927013
1105.9599963964058,388.0925152620838,76.19197269416912,169.66323915672018
1105.6320801442923,391.8354930475224,76.86808008947065,170.4896191716184
1104.36684423604,394.6189975288961,77.2087376204263,169.25561244886723
1110.2238196828578,405.42225081999914,79.14411328995348,164.77840865859778
1108.3699956263774,394.79045843338235,78.6690699111797,165.48239179958472
1108.978423457153,401.81778851928675,78.17314537493688,164.92689758418277
1108.9607188466164,398.7768179159389,78.45116054420677,165.52807034745035
1117.2058201038205,394.8735854221812,80.95383204109098,167.1080349571121
1110.9318869371555,391.76288453067036,80.24136166125767,169.350545442488
1111.3909825974358,391.40932927368635,77.4335099141681,170.43322680070327
1111.312450766311,391.96532554993445,77.10859306698934,168.96918718643303
1112.2415072201577,392.0256590428099,76.27113346255429,164.85632044761442
1118.2875979125918,387.4543272896848,75.57368262339563,164.59788833165035
1119.4574652159315,389.28095174213263,73.61146831386822,162.29680492566098
1124.6082838208467,392.3609524661648,77.11758030802343,153.1549953837558
1120.6844247046556,392.7512752436094,72.25473643251631,160.0370276947688
1123.9836730499521,390.8414635062438,70.08629132264154,162.46222836115334
1124.4865413591272,389.57687118673164,69.90266801983705,164.09818794566286
1128.4365653137731,382.0843961811159,71.16395535723969,166.00328129377763
1127.5011450988318,388.04616183230246,71.82729692216012,167.47960875069526
1130.4856728668865,387.0176337548849,71.56491509150125,169.3679769136177
1141.1980708214553,405.2190763446595,73.05098278541416,167.11520820891997
1135.2359098919708,386.75846197434674,72.43683085732852,169.75010662573152
1136.8739414285278,390.693182135251,72.63727297592096,170.15121910368234
1146.6277739775126,395.3517490937,76.0371724839735,166.5839034419248
1134.2386679959882,388.5813710868025,78.08767403498068,171.28342831107733
1145.6719950527363,395.07499879741135,79.12724903950136,169.82220088953525
1146.111179256587,397.8391600540308,79.29771623515963,168.55995268319677
1154.8221104942168,414.052801305658,81.70671938582355,164.2923266875797
1151.19354473759,402.81445632745545,79.44917359026988,162.82135103025308
1150.1193115514898,405.236570044955,79.74567166098984,158.23147788018974
1157.6481206365477,399.7170565775044,81.67372988859324,160.240505666856
1156.3059588186636,392.9630038399302,82.45598561724367,161.91104831605548
1158.2724836316054,397.05200411528455,82.4841490064783,162.67198096078002
1159.26885331626,394.9921437484977,82.1323714349989,164.66586016517027
1159.218357962776,392.8707827015104,81.80651151382818,165.66552462562305
1158.7730063773613,390.2558694285284,83.46302171698215,166.95806202310513
1166.7854596675597,382.5064134475997,87.65442793357177,168.08031111168242
1160.5995387291612,385.65458823408,88.80989553381167,168.9211101413496
1158.9559027044663,387.78628671481897,88.46422974683607,168.92137387814043
1157.2160953837151,392.616361862844,87.90527390642319,170.14124648985933
1165.6998508611382,384.71684424344244,88.64702857829201,170.79364386700271
1162.416130918558,384.3855244043087,90.62941237493679,170.5542682131975
1157.7467657151274,384.9357382845841,89.07319152971016,171.08661824948047
1159.4637250039161,385.3105601194921,86.79880864180387,173.49027116667773
1168.1209835669306,378.18578703298965,87.00881052763202,173.24162865915616
1164.6549636235575,377.5835725435806,86.43964145939702,172.4298164473388
1169.1766822572245,373.7012472094707,86.8975835574717,172.62436858074673
1171.6278686033365,367.0943257663362,86.84867519740767,172.8365817276634
1169.5047858741937,374.40505538647267,87.06748941930687,170.9887372090531
1170.8761675929213,371.63900027191704,84.92839620023511,171.02654674281575
1171.7854741757494,371.20223524755306,84.63127308496826,171.54555770762
1168.8666578820191,376.25048298311054,83.84231138353383,170.1206825108275
1172.8237604874898,368.3995587594092,88.1552204621969,169.3384793180886
1176.7134381190763,367.3357969157219,89.69278621420769,171.04382547518716
1168.8042610153404,369.1218376610975,89.58516823187453,173.2336954421432
1158.3062900287266,369.49460861635674,88.81963980948063,173.06117646946572
1162.8909530319816,367.22281034342717,88.47973111024044,173.21892008742353
1168.1434989483648,364.3653973801653,88.21071759452305,173.91359933556143
1179.5062024723388,357.8951695137846,88.6698567999473,173.83278262038846
1165.6740440222056,366.74509929519667,87.59465343314204,174.47225767848556
1167.936076438002,371.7100639573124,87.260973500972,174.297185602975
1162.5247364864606,370.9526323150229,88.0398575131297,173.4879283543815
1161.8427334003368,365.085457331908,87.67354989840906,173.61476021843518
1163.5413953468778,362.5541731657764,88.61580209966284,173.35750255857042
1161.9088718309465,365.2182456686012,89.01526848693506,172.34423945836355
1160.2019559324613,356.40834201502844,89.38670636290979,171.8831682965493
1155.2161192620251,358.336578403778,89.4187384432207,171.8657188177939
1158.9412624593754,355.1134886089652,89.52386336664127,172.07594680427226
1150.32741211666,361.60619655354265,89.7483001941257,171.8481309459757
1226.5254110125384,326.27388494959933,100.32007972697457,164.60844662095988
1137.5227685254429,363.5637220049964,98.84822130659774,166.4873717364375
1139.7145925969262,357.72531960164446,99.14067172073969,166.6279803995147
1134.0824735321962,355.06511173983597,98.99092894622478,166.69383069197562
1132.7356412294753,357.939560871233,98.50662876552781,167.07415908002926
1128.5303567666933,354.71462170041355,97.54821488332863,167.18851784233192
1132.4143604022265,361.5067029069474,97.62405463657905,167.8291020912642
1128.4974030527808,357.2904569192482,96.59580875840794,169.84889230775698
1137.027815527316,354.8748420776831,97.03716313808181,172.5870743998814
1129.632294689356,343.08204860081185,97.27399399774953,172.2564432796449
1125.5196629215563,345.9087080542089,97.25519680252405,172.2522769366924
1124.1893681535616,355.2779532292917,97.05340021158844,172.86712709349854
1127.6440217166662,347.809888615329,98.43283037232715,170.01621971874306
1123.7497596492647,345.95851913941334,98.17664132608266,169.39795507925677
1123.8436612189205,343.40424579485153,97.90869589067799,169.3350016865427
1124.0894533442113,345.01734665960873,97.95704671317868,169.02267693397326
1127.3376920253545,341.4094110079288,98.09428078907354,168.8250102794617
1127.2744520564677,344.34288823737324,98.10343863129734,168.81807337448654
1120.6623861901162,340.64280130339716,97.22646735805533,169.14231742073991
1121.3442045204135,347.30329995126806,97.20905374873189,169.15559788941113
1122.3860126373036,339.67358016175376,95.89116977008001,170.1706671329459
1119.6785406174,341.8347086087837,95.76230980742382,170.2415390540684
1124.1356125550026,344.34127450089585,95.36362631427438,169.96455957872388
1123.110392583044,343.5895472432541,95.35121806689213,169.93820157027633
1124.194435354838,341.6664057898613,95.35071609229406,169.92958249076565
1123.1310595943173,339.5677790049744,95.341215900729,169.91187577837937
1126.58190947807,337.10314645494384,95.32782302813487,169.90663933968273
1207.099630643608,338.38808881377867,115.11740347443435,156.7263804102022
1201.5587712276313,343.99508227896354,125.74767239132206,154.02755415983748
1195.1528064639408,342.09466129443115,136.37914398066607,148.3350922245752
1193.5526198879265,344.1787075906465,141.3327265695658,150.68389898265573
1189.9225309931342,337.55672594465295,145.74579859829484,150.99901499875256
1190.6489853120527,342.3133112323942,148.53236677497495,152.53250014067186
1190.477243745473,347.14351752773496,151.27701534003378,153.03234393183203
1187.582467916211,341.59124494771083,151.74712618996773,150.5498815056058
1188.6246300834196,341.40922370328815,151.8428775117418,155.43972308383712
1187.3778639781062,345.8574249111988,152.66338622008664,156.53020001011646
1186.9291930482666,342.5801877294646,152.15022768400888,161.33635709917735
1186.6579557144244,334.9743411558859,153.94218167794457,158.69259156466052
1186.1755267973665,332.8621405647939,154.39977828909403,155.14418487867366
1187.0927091005212,339.32235044763775,154.29509012181967,155.7976873742198
1186.4284084350986,334.54830934311514,154.9074415072563,154.77473873685926
1185.1903041989763,336.8304124568079,154.82871043521632,156.7782548854963
1179.3112933910088,337.1456708905595,157.3581167610448,158.37821727342546
1177.615821859499,331.734468810384,159.15596907814378,159.10933173047493
1163.7775401627323,338.47871570030503,162.27108024912795,158.24290379800993
1168.099002592682,333.31038405304673,164.0865863148233,157.6613177500244
1168.5682956823398,336.51503499492156,167.24250811712386,154.76518494887208
1177.2016856212426,334.77904570003966,167.03803557224887,154.6450777149402
1156.9442260568899,335.89971180839734,174.02525832689844,152.0875009761856
1150.5261670663872,334.99318010969455,183.94440647922895,149.36089381451688
1157.1919479855208,333.07796202002123,185.64391494703003,151.18510536853495
1157.5429872821542,335.31191229697333,185.96563266446952,151.48128546990898
1151.4819655214342,333.9128626063592,187.36163690606787,151.86945556646793
1155.8889310297172,337.2140734640018,188.13993172086634,151.75688371793052
1163.473961370622,333.82682810206893,186.27263762152262,152.09370819640557
1157.18485813719,334.9461805452112,185.77324079891173,152.53327254102638
1158.717271559272,338.7612169074539,184.4090335314711,153.46650924266063
1165.1736397108439,335.6093963794003,182.43437355031463,154.78852243610586
1170.9478765246322,336.04429527566674,177.98363571046258,155.6719090284283
1169.2106597719255,334.42878872788776,172.4448384975702,157.76328577309923
1168.89205526576,335.62954909562535,171.73616788373687,158.27477020987362
1154.6816469599682,339.33472473996136,172.14630347519363,158.62294106694094
1161.5002859773924,339.7300410708743,172.68087631954293,158.7632462362119
1143.3815331175865,342.25952373388213,172.52205674439898,159.05950728006704
1169.9680568169156,343.92091454092713,172.53136946349701,159.13883933573234
1181.5786705896262,348.73717113964,172.51281550561768,159.13985525559113
1188.4109218561207,348.8172765280356,172.5092943873741,159.13963905848436
1186.9578396821955,350.33223908476833,172.4991259769228,159.13764028144203
1190.003831282847,353.17593818833916,172.48355486979378,159.13646684836584
1175.6446534715606,346.5735139723829,172.25317001199596,159.11589423859758
1180.9900961826647,351.3141423034542,172.24980471532604,159.11521545996985
1189.3160644861625,351.5268209612303,172.24769532112984,159.11533883503802
1147.9988912699878,352.1738313002753,171.97864595188807,159.3775105393451
1154.8380839719946,349.76052690873814,172.4720933302218,159.21814991107155
1140.3760738069243,349.06792372524757,169.49511769050457,160.0399877775293
1147.2682980811862,350.7721189806696,169.4780920757159,160.19938278896979
1177.8904642920525,353.4366790367213,169.47466358690767,160.19703722884628
1191.736527449339,355.8420029094418,169.47272656766017,160.19701670320256
1189.910260697674,356.3390652732055,169.46470777495628,160.19700286337556
1190.4652630512626,358.8562734872459,169.45943431100497,160.19521413379985
1188.0597626928807,357.94704455032723,169.45677812988683,160.19451868474007
1187.2616457233792,358.9645799827537,169.45584218062376,160.19432015667357
1185.8453453530342,359.89811139570975,169.4540151776602,160.19303819201434
1180.9809008244556,362.31138738569075,169.45121645042,160.1915419956095
1183.3613216064723,360.39026248657376,169.45044045805818,160.1913093633017
1183.4036506029995,359.74334430525994,169.44934736690138,160.19100602430154
1182.5722281098601,359.33872965674,169.44872270533386,160.19076160623362
1180.7319463045267,359.11147927847327,169.44760461934155,160.1896855380708
1179.009406666378,360.0750676754827,169.44675367092188,160.18912373695605
1183.0761664434979,355.025737186298,169.12134205132298,160.31153755795492
1175.7739126125593,363.20380074113297,169.11999333034166,160.31039360413334
1175.0195670107119,362.8280816504636,169.11843704406192,160.30891197608733
1174.0156009186244,362.4754847972957,169.11761547140333,160.3083135638819
1175.4488923202334,362.9877397866036,169.114329256638,160.30517911049142
1174.2774978745003,361.78941173234847,169.1133854688307,160.3044034801902
1171.7477965351945,362.733230500317,169.1126960183285,160.30388104964155
1166.8999846544352,361.5664469690239,169.1115827044634,160.30272479052428
1170.147798585562,362.19126764176497,169.1113657465262,160.3025080127556
1164.761964648333,362.8578863603409,169.11074622825313,160.30205299835572
1164.0169384854535,360.26563254008585,169.10908834633838,160.30117238456376
1164.7044869626557,359.1097811592656,169.10879220976432,160.30088259796074
1160.8563833431065,361.5609976118107,169.107954921144,160.30031770882854
1155.8976173478302,360.47509708410644,169.1069284769798,160.2995105633428
1154.391614256252,360.4196747098289,169.10615842746034,160.2989644797263
1158.3790955583809,354.0003256601415,168.73670868384892,160.70951679022627
1147.6242996633414,363.20803760997126,168.73343481929078,160.70854853453582
1141.967137210267,363.4277905350811,168.73317324807863,160.70837771989443
1142.076927173789,362.9968916918846,168.73255802732479,160.7080157896892
1135.8429693014727,365.8046695395134,168.73143566052147,160.70717466660665
1138.0347905671536,365.358712512232,168.7298830077769,160.7074013845729
1136.8815056687438,365.93460278271965,168.72763412944695,160.7065868709285
1132.3620327903106,369.85462249120496,168.72651982998337,160.70104453313868
1139.7926210237333,366.11536412770204,167.35069396848323,162.10807661490668
1131.4577274982341,374.2315627490233,167.24903165699155,161.98977157348753
1130.2051621788128,375.1366734018801,167.24655252784555,161.98897007758666
1129.3125765615719,376.76945867962417,167.23757561731293,161.98464425215454
1135.6805230896614,372.2474161001202,166.77904732626206,162.34320950973319
1130.1099381305157,381.729895905553,166.7743381381431,162.33998884633223
1129.220279787569,380.7166509356853,166.77239369510957,162.339081624924
1130.7251394730765,381.7679788645985,166.77059588920207,162.33859750655125
1132.8899155080383,382.90609668618066,166.76815740046487,162.3373374878465
1133.884196135642,383.6178188338763,166.7612104359857,162.33528845837637
1135.8486269059913,378.17260206688354,166.35697767660312,162.57771909144384
1126.9981004329231,385.5695221501984,166.35526425206714,162.5771304292363
1130.8595810203951,387.0799542282937,166.3547187066949,162.5768660624853
1129.467010270154,386.94436392685776,166.35397101467302,162.57643694321564
1128.0949483275606,388.75037239591717,166.35307405661803,162.57573158046213
1127.9379015064883,387.60516616935234,166.35265694711018,162.57526959257982
1130.7509631687276,387.1929509389397,166.35217917221274,162.57491612672476
1132.3936456103845,386.32581296523443,166.35174930620465,162.5747113709306
1126.8669973606254,389.77431916875304,166.35159340640448,162.57434049301037
1127.7407795260028,388.0082147310252,166.35112507470302,162.5737669460825
1125.5952729251546,387.7853860028871,166.35108144508766,162.57057255765656
1129.3348845754595,388.09629392916634,166.35109067930344,162.57020164058227
1132.2555680423934,385.93952652061944,166.3507355684468,162.5701912593156
1128.4948221576715,389.64139073122175,166.35045483365212,162.5700156869309
1128.260453156783,391.116033237795,166.3494911660784,162.56967765556445
1128.4705030451444,391.3550416779667,166.34892764764632,162.56905677910692
1127.9847190068745,391.472447952171,166.34743000254798,162.56857214556186
1124.013930581565,392.3757981784686,166.34616476341722,162.56762867737154
1125.4062457420823,390.93849173021255,166.3443189840417,162.56584462457545
1133.002853307655,385.8460730819584,166.10831555039778,162.94807774571584
1124.5137496744428,391.6946190826061,166.10769591574046,162.9478732372333
1125.2692203836448,392.73254025543406,166.10541102634207,162.94677769609197
1122.9165621072639,394.1088515338182,166.1038007335622,162.9457308666046
1124.1804456713382,392.85765661494673,166.1036804110797,162.9453062991746
1126.1877525725233,394.05128071718326,166.10334474246469,162.9445194804891
1122.8182853405597,387.3679685487399,165.9086831699395,163.1588939303539
1121.2939200394128,395.17579445352385,165.90701370728436,163.1574654996464
1116.9672174926332,394.11482684909805,165.90671800089612,163.15714368318163
1116.769966479331,393.0379727733852,165.90671003323357,163.1566784128647
1111.75292492784,393.23527296302586,165.90601682834583,163.1557621464875
1111.255276732494,392.2161863953809,165.90595125723948,163.15493820569154
1113.596167218908,393.2624306378749,165.90516586685987,163.15471061392458
1109.4815072813035,393.0609427635179,165.90490475022295,163.15441414628665
1108.9740100546471,392.45024663448964,165.90283971949367,163.15240149267342
1101.0462313296198,394.9635335509073,165.90107555600082,163.1484880966867
1098.5451727897569,392.1654666969164,165.8996942222064,163.1448030890203
1098.549685830755,386.4049274196587,165.81985838857312,163.74336008792648
1096.6979129800432,382.4865164295873,165.58167694187497,164.52887049972955
1089.6095753003156,392.9827814958615,165.5822667393177,164.52749710521564
1093.0157595912497,385.54911124597726,165.35217212723649,165.15771130118696
1089.6336928775108,394.8523538968594,165.34931549573798,165.15523050868225
1090.85258330238,396.6345022098985,165.34909368296073,165.1549455072116
1088.4336846600804,397.66462985326956,165.34370174702812,165.14919395347246
1083.3895138968917,400.77016981798215,165.34267685718868,165.14802968532015
1081.4985936553157,404.23656229004166,165.34027678926674,165.1443412809325
1081.7787259441584,404.7634882433307,165.34044738691688,165.14295937474728
1084.9800056683846,405.2955944818384,165.3399307782053,165.14244512931128
1081.0942097103473,405.79047899934676,165.33757609303703,165.13940934806314
1088.6652977262213,400.6930785164853,165.1252718505629,165.65078876279844
1081.3160834093037,409.30231208757687,165.12395517705508,165.64978053723124
1084.3828735862294,409.64918911431533,165.12376226487686,165.6490931841722
1080.6797055991815,412.9855774702648,165.12006582339285,165.6455642254606
1081.8660424848592,414.2076811955583,165.11807969934904,165.64499859268653
1084.6373523986138,414.32874586977533,165.11749497350735,165.64444175790516
1080.185977512151,416.4248862087899,165.11678095183188,165.642900682781
1079.5897300744582,416.717465056708,165.11651695827342,165.64267727734253
1080.849856630834,417.3301996605381,165.1162632802609,165.64217447123588
1078.3929576385885,417.7329584544124,165.1157663650579,165.6417879494146
1077.2507557542142,420.44757390457823,165.11492635696155,165.6387474167462
1077.8908108258815,419.4376099997786,165.11439386130968,165.63714382287486
1076.6577588992002,421.5248501274141,165.11348412450212,165.6363127728603
1077.0497042082668,421.35258434638376,165.1112029520274,165.6346142351309
1078.4936156816404,422.05749375696314,165.11037110103877,165.6335421990176
1077.9247285029708,422.87120338251356,165.09734240098516,165.62688969987585
1078.5342202799263,421.87605283724156,165.09495554475217,165.6259740010869
1078.8972217643511,421.2749483075397,165.09280292248158,165.62471120474672
1078.401175600055,421.3113256453118,165.08942380459382,165.62394147932693
1080.3426713896288,422.14512411242265,165.0877595817858,165.6229840841383
1080.222265059098,423.5515214707799,165.08399332086844,165.6191392723279
1080.4385767328515,421.47640552232104,165.08303739067745,165.61866791050068
1080.8115931156208,425.23566065400615,165.08024238583823,165.617439959353
1079.6113680321987,422.3044265571833,165.0744345737922,165.6152422482719
1079.3273681990588,423.9414548389443,165.07323830780598,165.6144397461607
1081.812839624252,425.97010480956067,165.07274227050792,165.61426529648546
1081.2909340800388,426.64694786144605,165.06995010554675,165.61304928691908
1079.9743337313798,426.197129308017,165.0682789959693,165.6123153607254
1078.8235924180385,430.39127603695874,165.05293241405735,165.60528222887837
1081.078126129456,430.22381252237443,165.04463779129637,165.59938367898587
1081.8052664114698,431.8900477186535,165.04097380095845,165.5966926636811
1080.5479354614183,426.07581323043223,164.8340370905806,165.933279881823
1079.899754770929,437.64357768808736,164.8333728035567,165.9325327742215
1079.3345431912217,430.6185730327877,164.60598235704015,166.07201406549206
1081.5668257038208,436.6867575067214,164.60344479572362,166.07135901604167
1080.7971732119086,443.4090636149122,164.59733503736385,166.06714459220197
1080.9095581732067,445.99623393627604,164.59225908392014,166.0651594940695
1082.5028916244557,447.00524533458383,164.58878991747687,166.06361598491827
1082.5808862800336,452.0117714533523,164.58531297549445,166.0613531017949
1083.4435477614422,453.0483863790703,164.5825175921794,166.05934946924668
1083.015382295649,452.69831619942386,164.5733465717037,166.05566212160892
1081.8003575889065,455.6391823074394,164.5670999295898,166.05168574736982
1083.0681456788684,457.2142856882974,164.56471839506995,166.04985981489045
1085.1109590864553,456.14522609776236,164.5490901181261,166.04399839509455
1084.5906069497323,456.89507832638867,164.54699103270215,166.04265069876425
1086.336889313745,457.8451278423582,164.54434116289661,166.04104755533206
1086.3402061625256,456.6277929842608,164.54328302746396,166.04037826304798
1085.8167665547871,456.70811991112424,164.53782135170786,166.03919557543136
1086.7732114585765,460.44413599201624,164.53683917083822,166.0385252280586
1087.027817623878,455.9757431434204,164.52869728584884,166.03632260523236
1089.1838160388222,452.37147043934556,164.34296773750867,166.53792497996488
1087.444836882615,457.4314245196724,164.34190064639316,166.53760909681412
1089.3973033983486,461.0347834245404,164.33671285816857,166.5332725715956
1092.1389802998701,463.33873545341953,164.10708798429962,166.61520426410672
1094.8649453135654,466.0855969776987,163.9910151662597,166.72121073947633
1090.4472934843961,457.51106352678073,163.98792012048514,166.7208951914604
1092.6374136042984,459.50500673708245,163.9873060534221,166.72078173188993
1092.2614001179134,459.3559296850329,163.9845444261258,166.7204126484718
1091.523327170923,458.54709277922905,163.98396690775346,166.72018112163911
1092.143802132349,457.7878470601429,163.98291270132444,166.71980589465812
1092.577345304189,461.79137207887976,163.98152207748961,166.71846082841935
1094.6220961678448,456.85746078941344,163.98101472765464,166.71844801881332
1095.156461816379,451.8197155940391,163.7825994630307,166.91909584995767
1093.846701681266,456.5133982420373,163.78106890311918,166.91862148337788
1096.4357716626093,458.7897953036364,163.7790826592373,166.91791852371244
1099.3625169936167,458.19810406147445,163.77842597242585,166.91745772583536
1095.7303815292385,459.4998998515129,163.77758949393996,166.91702623885354
1097.3121829599006,458.8811236023933,163.7771817272894,166.9169967653253
1095.9925112509945,459.3917148458957,163.77662162845613,166.91678192118013
1097.7938381913816,458.48223139350904,163.7763254126979,166.91677268172324
1098.847400821687,458.7215343989115,163.7758267801904,166.91656551614517
1098.980374950546,457.4367807852632,163.77436657421492,166.91632461258249
1098.719720474608,459.1642811212256,163.77238373269907,166.9157222302922
1099.7915390657108,454.02900248700917,163.60060838325606,167.15927551510546
1099.2736730308363,462.3190592919998,163.59946120105425,167.1590069382833
1098.414128831746,463.2021130414237,163.5966722830938,167.1574270398428
1100.0828723147374,461.08562071033043,163.5946656701683,167.1568234101005
1102.52245836669,461.3189909542512,163.5938061394936,167.15657359246495
1104.5643052894159,461.57706712280816,163.59346658144003,167.15636480009184
1102.1222831234727,462.2149242697743,163.59215436334736,167.1551632630344
1101.2356859113115,462.3794156475046,163.59135849794143,167.15463026194735
1099.4566291688163,465.487726708829,163.58945515602593,167.15227158469725
1099.3950082446463,460.18372676043157,163.5886766959636,167.15195538205734
1097.3493818156346,463.29517212470626,163.58834087618004,167.15180075848502
1100.1728215931048,464.41803054737727,163.58417946175965,167.14971914324886
1098.2082798348283,463.19245159866426,163.5829087337103,167.1495421911048
1097.2588345807126,462.91235001526945,163.5828040078178,167.14948414627
1093.9537881977376,465.3794670904148,163.58139454204914,167.14869631928258
1092.8970651564975,463.72108411396795,163.5744750011951,167.1457311762277
1094.2428098137518,464.1012831010818,163.57130639672343,167.14432698927175
1095.0687823725507,464.0327343577285,163.5708100014041,167.14346228313343
1089.5886867431343,461.36158513031205,163.56731599892953,167.14152460958803
1085.8775551658755,462.42817607001984,163.56722465394336,167.14145554850896
1085.2825700606297,463.99935368877817,163.56561538322973,167.1394385871957
1082.5489475013032,462.87856775706126,163.56534794293478,167.13903886025275
1081.1905375468205,462.144477795886,163.56461816354224,167.13584097745704
1079.4419126297585,460.71939047523955,163.56252116691218,167.13338812066027
1076.1127114702172,461.08893624794996,163.56246057388785,167.13316504936978
1077.4193875649944,461.8023362954192,163.56249870436807,167.1330353142016
1071.6126023975016,464.36512856587314,163.56132862837998,167.1306789428978
1071.2448353219265,458.245930814462,163.56039186367158,167.1305707169877
1072.395736356562,461.90648566672814,163.56046012182924,167.12972729839063
1072.1376663863111,462.34260821224916,163.55992602099704,167.12905490675348
1071.0219463759845,456.1660569184451,163.4805600758212,167.48976535487384
1069.0739993696704,462.0733162340664,163.47933200786272,167.48845193018428
1071.3976038668181,461.9389814249156,163.4773420250536,167.48664927521827
1072.7419729519206,462.0393745303488,163.4764754520287,167.4844241694586
1067.6635848218655,462.3126529572884,163.47590313961018,167.4832988663643
1070.2848318384524,461.97133514326725,163.47518149646962,167.48299914071535
1068.6710305654676,460.7939835756677,163.47496020946653,167.48273571953033
1070.518447708333,454.13589017026146,163.35206037256242,167.6152684693392
1066.0510962997012,462.1582315821445,163.3512906820998,167.61470275694825
1067.9722890530777,461.3376712694867,163.35008844875568,167.61381128907735
1064.9025000520485,464.7163205575575,163.3463520258816,167.61221959769372
1067.0548091691935,462.0931627276956,163.34455078185877,167.6117605738866
1067.601309531323,464.1390042286672,163.34420457623614,167.61150545313282
1068.9202751894288,461.8559094569466,163.34322434073593,167.61140704890425
1068.7160031853696,463.102705573968,163.34283888085017,167.61119904818773
1068.3746266429523,461.5899096663476,163.3333147951733,167.60572603489848
1068.5595677119372,462.4326640530557,163.33240807276778,167.60521609245475
1066.510571544127,464.7156356488214,163.33075961192554,167.60369081104523
1066.934066160644,463.7915200300041,163.3278162088433,167.60176257583223
1068.5951161234786,463.93393673940284,163.3244716790271,167.60078842212465
1065.799487329346,462.3649573479539,163.3237226703843,167.6004771764604
1069.3662626218115,463.46055376403217,163.3223312360755,167.59975357590446
1065.6993770289482,463.18485497900343,163.32041898909225,167.59859855603406
1069.8429989322376,464.88650723446324,163.3194787403814,167.59778890068736
1066.100493449402,464.25155023670766,163.31869174015864,167.5975228615294
1070.1208530818785,462.13111260304913,163.31378957224234,167.59668890620236
1066.5889158927841,464.85983614096085,163.31285179068493,167.59604184419803
1067.395770339486,466.8094486855922,163.3103527605214,167.59455212836042
1068.8794899059822,466.15524340333286,163.2994910446098,167.5878206191339
1071.1088784739343,466.3555979673148,163.29879926820678,167.58733591660305
1068.887611865063,466.1222585820461,163.2984988816929,167.58712843466796
1070.8921610415719,467.838320736668,163.29757264850716,167.58640459702391
1068.2211897033083,466.2992483152126,163.296899349364,167.58618334038576
1071.0185820174331,466.8915187942601,163.28531790446453,167.57711608685727
1069.7336585149412,466.023429928467,163.283688205644,167.57636232130665
1071.5744344965453,469.251808810397,163.28292948445824,167.57584978639588
1069.5200069121165,465.58274709966645,163.2822047670309,167.57538126417552
1070.9690367068608,465.68841555014797,163.2820593143926,167.57535086115348
1071.1175171914815,467.0062512000425,163.28166069066555,167.5752951722394
1070.518650390439,466.3604670117256,163.28050077373936,167.57500250344847
1071.8057934145497,465.2234659069303,163.27979397245738,167.5746990889558
1070.1371138098518,465.6754829612921,163.27922151919043,167.57458979741776
1072.2940622356446,463.4063227488211,163.27829609124493,167.57437419987727
1070.7907632269935,461.7805466773342,163.27775414660613,167.57401316591944
1070.746023867603,466.4758547074779,163.27727788626493,167.57360081081464
1072.099395277551,463.7204849336658,163.27566144376797,167.57290343034046
1071.94809007711,461.74798728955574,163.27519844972957,167.5726727491955
1073.5753615915637,464.62534188076023,163.27321203518372,167.57155115718038
1071.5602873792254,463.7443692978108,163.27271848666675,167.57124785286433
1074.053779574693,462.589339881258,163.2691590878921,167.57075946055272
1076.2703449644575,463.08483260384025,163.26863146717687,167.57047054247255
1074.8259285862825,465.72829253957786,163.26736884994074,167.56971354164216
1074.8103346069986,464.68506070087403,163.2659480873587,167.56865761710128
1076.3175513201886,461.7029290603159,163.26214706975358,167.5689084773505
1075.4109265514458,466.22713820697516,163.2618521986715,167.56867120016292
1073.5483056206806,464.6234736706762,163.260169660891,167.56812703903313
1077.3516644945812,464.5704266011813,163.25904615037624,167.5677028528447
1077.544537022589,463.1777324282707,163.2577122480323,167.56745056420004
1077.0245247482248,464.38902246500027,163.2572913316693,167.5673531418847
1076.526623717525,464.5745882832239,163.25548695327163,167.5668379791675
1075.7580820507344,464.6565019121008,163.2507778329728,167.56621596342762
1076.9010431260986,464.44381729086496,163.250352936099,167.5660779718363
1076.6543906717495,464.13390853870544,163.2499669547825,167.56609527779278
1078.5482166837462,465.1220379249057,163.24950990142835,167.56595418983142
1079.1618935054116,464.4213887255468,163.249307571763,167.5659891619299
1079.1506421706406,463.4720294947242,163.24853402973181,167.5657413772872
1080.3539640235301,465.87007820989476,163.2476147346521,167.56519941283855
1081.8014695746556,467.81772178174504,163.24710920937864,167.56503404510028
1081.8754451677396,468.24813510471427,163.24691211600484,167.56480791906648
1080.9614218493325,466.39109849512613,163.2458508765877,167.5645298323486
1084.6836760255808,465.02962710145033,163.2445121143761,167.56430072187723
1083.8039766635784,467.2644112157472,163.24333474521717,167.56394566254778
1088.424078445408,465.8897040908045,163.24287231984,167.5637185997531
