1220.5,926.5,85,152
1216.937249551948,924.3756645087064,85.97118633076383,154.53640833894178
1216.6785685135687,916.5480012136665,86.77790898463044,159.53414469826862
1212.5117094300072,909.4895802142389,88.84356365499897,165.8127215407394
1210.2969751523826,903.7221213002813,88.91512477693192,171.29784789055876
1205.347771870793,898.2625521060347,88.35267153152805,179.348682897076
1199.8291856605965,894.1369240215055,85.74446971000675,181.81700381969546
1196.2059059709413,890.3819590601897,82.0775107032795,186.19094820981456
1195.9904045277465,881.8990856103542,77.33101209451621,184.36248349139953
1193.9136656501976,880.1018275144926,72.80501510333377,186.51605219534866
1189.2920675439063,871.0587884023244,70.94924195303872,185.44742166417058
1186.0465624504309,874.7672651971836,68.83455017313351,185.1135689800587
1183.4731633402491,869.452014213402,67.80019393333262,188.67259116729974
1178.2136596130945,856.7396337501523,69.244080567428,190.10916391882182
1172.7180921560828,849.2035587344144,72.5732899396533,188.12690282270682
1164.8429282395623,838.9306627967859,77.32677625045389,188.00727252838874
1164.1872315249477,835.5525310012025,77.30455533909688,180.32650448322852
1163.9754375395473,840.3400016341118,74.87414054680016,168.39721262451746
1160.8973130050606,842.2413121027134,72.87066972238068,161.56409417450084
1157.7542838722388,826.4945651982944,70.41404532496765,164.41075122243194
1153.6214148371512,814.5010519996202,67.82593005093936,170.19944317711952
1151.7144322580427,812.7766679714391,66.29269634578014,171.81133810720922
1143.0932416351302,803.339411813946,66.6905336159007,174.6391032862768
1135.4258885863826,802.2591229148863,67.22891734790105,174.21702106014908
1126.571336296745,791.5832245970091,70.53224422910304,175.00017679148306
1121.4342192077818,791.4508632681061,71.55982036333432,176.5486973127782
1117.8146825788658,774.6282617509893,72.56015004979315,177.03288707372894
1111.8473629108667,770.6215923197881,72.27218485202533,172.1075736139528
1110.542134788161,777.4341596729257,72.00359245363559,160.54100300559332
1103.1657549356278,772.3730011205856,72.58462990980982,155.69331966745486
1107.1546817751444,769.8819703998151,66.69371924342838,155.23902109565543
1104.6733867328292,769.2365776965247,63.02120473607552,154.07184930131774
1102.5884321503042,755.5195810131471,61.38497402246335,159.8422201903099
1100.2909336184425,752.9809547153955,59.70479089577499,162.7199500019438
1095.1191065070802,742.1917732678569,59.76702716489336,163.26071148069207
1094.7856313600203,738.6240952123663,59.011214979121135,161.57390412934797
1088.9785423673377,733.7494981337333,58.468081508456905,155.750588618094
1082.1760907685552,729.5365501863494,55.45493365642878,150.06074737699976
1077.9720269210657,728.3613796031622,54.29608785904922,145.0736191610642
1073.6805387400857,728.556047661045,53.000419480828974,143.28600544837164
1068.0617525066245,727.1970449031857,55.01766906979045,140.5369849933912
1065.590438093197,710.1839054653202,55.19099414291868,149.67205356982444
1061.1089179132005,709.1120447010612,55.46072401283178,148.152183501416
1058.0125091605487,702.6321023007989,56.95040820641984,149.63226938202268
1052.4528941607634,680.8176499859742,58.94043571115133,153.96484328045995
1050.9084921711776,692.4318128108919,59.15495887109867,152.34256190865833
1048.265664853522,684.299948720528,58.39960658541975,148.98936557031152
1041.1103894282232,691.349478775316,59.085272219863874,141.34773880735563
1031.661690781209,683.4533604587275,59.64561567611538,140.85787601355904
1026.2169218089764,695.8790001454099,57.78626974342639,134.97071493252943
1021.7402159160367,679.2045407074536,56.771649339829324,138.61253847513984
1019.4232384032074,678.9601474329831,57.918752283603354,136.14772636107247
1019.9586716611689,670.692232184704,58.239981276618906,137.93699016790805
1013.3054862070067,673.5854239593575,60.430398548772175,136.0193605066268
1012.4497803292014,675.6229253045058,60.95907203328923,131.46752530186438
1003.4910570534091,668.2261817518905,62.00806609842537,127.81881287017391
1001.7399906355444,661.5008841804711,59.88403147729085,126.99953991115802
994.3408061326238,647.5661091203947,59.37251992147054,133.1542351942138
993.5389847019259,651.7056656702721,58.40645322014811,133.11710889419564
989.7606287989772,648.4003876556584,59.54993324098758,133.99850073836348
987.9545513346627,641.9646199812889,59.17082092726124,138.05725293244572
986.6199250747568,643.5262009480291,58.38794063724717,136.59572790014883
980.4052952198444,645.6485946456504,59.60058445502443,131.54702659246587
979.8209296558123,641.606501570189,59.81400875768641,134.95317620938374
969.3638386036422,640.6273174334434,57.67940721195062,139.67912739915437
965.822718087032,633.287586029404,56.69042789759705,143.5506351238052
960.3844996133881,629.0846374139576,57.85568425370129,142.13684998657828
956.5990476810442,623.8622741946397,59.264769193268876,145.48247340032322
950.2769469798857,617.5556195914114,58.5370509063161,148.43745087027662
952.6264434060836,618.6918601689201,62.41687188771806,146.88618742465525
948.1476547221656,611.4252656050846,64.28884018116015,150.08913465391572
945.2776715801135,626.4375310492509,66.36009667828202,150.0872208570786
942.8500006106427,619.0867539664054,69.26191263827916,151.3902924444723
938.8463653062336,611.3066723856964,67.43654865827068,152.45814259710963
928.6400859670284,604.5173136164578,69.64098705985268,147.73216936191966
918.1624788161379,597.5389210220192,69.27037633813657,148.76199986235176
912.599307130878,586.7030606863411,70.41052242227951,147.70569778970543
911.04549089787,580.9655959566411,70.46873227893687,148.24484022945077
910.530423423992,581.601039639787,71.56319540044859,148.38648332140932
894.8138491249733,574.3245792025773,73.41557320133396,149.92179004854952
946.3977217827198,698.4228478539466,70.3211896164819,149.1032229216024
939.2194655930276,701.8187635847246,69.04508238000042,146.45132107971324
939.6809013750764,699.8428660539721,68.12230633008537,145.7754985685898
937.5934657738943,693.7784943533612,66.31704675462609,146.9848072065427
934.3504918491308,690.4002189470052,65.92995608355383,144.0568309667278
929.2415152070037,692.2672219247763,66.39320879915672,140.09520542594484
931.5007580071991,688.0562477005396,63.44002803128934,137.54192548343883
932.4277934403088,686.3428192861697,61.10218728439263,133.33836903902184
931.3758782645439,684.2028233252868,58.28191741813575,131.40608621100088
931.0333205310136,680.6576750424676,54.49999578787562,130.44274726839603
929.957074601568,685.8792512556786,54.11824826341058,126.23481136992359
927.2816339750145,680.0146529495815,52.41435977860395,125.32213908476265
927.4907264026,675.3999214400491,53.37721958031425,125.87143447256405
922.226289101586,672.2644061862416,53.82272575413374,123.99508179801649
919.1456388972176,668.9799553165803,54.93026831030559,126.19798810499265
915.2188484179312,665.4222794233117,55.07599012633867,119.28425825565735
909.6889336662492,664.5203878974087,54.6992222359475,116.5265388009761
903.3462244062086,662.3054969385194,56.09998755567999,114.64231082271192
901.2116014750893,663.7198722257892,57.76212260007689,110.83460779005915
896.0464332696648,663.1222236955318,59.57131851196773,106.934693604806
889.1986568695687,661.3851713585927,59.73845952346885,108.89871402007532
883.4354396488657,659.182978934691,62.16385868610938,110.00526125295323
880.6792559281889,658.0202715375341,63.056054040311764,109.03711641998557
876.4540374530238,654.3304348884914,64.17368191265673,109.34421246352028
876.3282128701758,643.6292779439423,62.65484387838113,108.7557707126742
873.8569938054454,646.9338334025855,60.09657094180158,109.58178602856134
871.2799820417445,639.5960299004694,57.99513889121911,108.83087302164266
869.6523801572432,642.6071813255534,55.9897718219231,109.79025746068281
867.1480701562307,635.5021557613778,51.61862316318923,111.77735681488214
868.2920874015628,628.7368655724764,48.30059486012459,110.95940038227086
867.4798912385011,639.5463701019635,44.8370234230178,113.17425874975609
863.3480153357357,631.428836287559,45.09835742228729,111.52714077007275
858.152547292586,630.2941534938356,44.377002716000526,107.19182464262795
856.769210472841,631.5646041302632,44.446151377328064,106.85582286468652
852.9781355318642,629.0846889995615,44.19612431552325,106.30873730126856
850.0627516640945,632.8681183979267,45.85020489534953,104.82023865323964
845.2265848632048,629.7530777847971,46.67955075589023,102.26033736571446
840.8301619173737,630.9893037047691,46.56199886672914,99.64516216690106
836.9029346061417,629.038080601052,46.12188648728561,99.07373312925264
825.4611503466925,631.5621141733907,49.00282594830115,96.61645786222073
822.375713502388,631.0123817092298,51.79477680398395,93.17574422942401
817.3880943543045,622.5349794590499,52.32622478946659,95.36071980367907
811.9409884377994,623.484389186868,53.126642499888064,99.04592601795488
806.0064959357437,616.9810104778331,55.172002644327605,98.53875505444412
804.1713773422462,615.0091041840624,54.299392964167055,98.81209276256061
801.9079794422694,613.1376476903217,53.49466334763345,99.08913030953453
797.0139885707405,612.3728104480506,52.13212185780762,99.20877548264079
794.3305373487066,611.4837809142174,50.34197759277443,101.0292877920287
791.9051854862762,616.8464804723861,50.33450176550055,101.98316395846753
791.2005381489108,617.2500240458405,48.16137845376518,104.42251425507513
789.754746767208,616.5804370339004,44.958065260857495,106.94195607919218
787.848899665952,614.7265935318247,43.9356649009308,103.77623302859041
782.6244249192624,610.8278721539942,45.601026318716976,102.98368534810179
779.7384808299004,611.2163927427112,45.42662821810322,103.55344004446533
774.1015876752583,609.2902123449468,46.530009963734386,101.66831283758346
770.5853747217247,603.2928165156429,47.6975157310493,101.04167536062968
766.7505143101667,602.456042918979,49.768222034360406,102.36593574356587
762.1988988725046,600.360985949714,52.21647007742397,101.85981503769933
755.0699244270826,600.4677769824988,54.157706047230235,100.89569529326715
745.4951327897626,597.2861494011471,55.73542407671789,101.03215934644473
745.0656726671788,596.4097211795005,55.60769696348079,101.45575620430071
742.8656275576461,580.2198604584376,54.42246441145467,107.12146577844217
740.0590430438615,580.9403436954381,55.56277546980607,110.59395495909608
727.3745520307123,587.0361314959125,56.798116604739704,111.47197220552775
724.6866871087667,579.6366743624926,57.45064650214765,114.30995468748085
718.5781213892549,569.9827280386951,59.39579137635695,117.20294047394741
711.5528954400504,563.6136231274257,60.62380694117037,122.59994396957019
707.8362052036574,555.1886460058602,60.62852901436206,127.98581379724453
704.4925531993727,556.1329475051225,60.51238280312177,131.11529953269124
701.3196452513507,552.8717818245959,60.454789234874326,133.51905003794752
696.3085631862658,554.1210906883188,61.8617161941596,133.86979880312842
697.7189548537036,550.7518421274633,61.00003435650108,136.34715199993207
689.3758900260943,561.4593220061953,63.75090425209595,133.05154035238462
678.3169009460984,553.1928826988076,69.21213251501234,133.01583866135763
679.3628494403353,553.6382996560525,71.57058220973724,135.01597454994183
673.4625423381149,547.1464931311864,76.10233018997735,135.092399976555
669.6145920817872,548.410069086143,78.27757247823415,137.25448904930553
667.7440348436417,547.2113716386298,78.20915920140533,137.71907898529497
665.0234733353844,551.7991305843511,81.83866154819809,135.90725532814326
666.8163401634639,541.0691166470327,80.66740296041527,139.56409248828112
670.4539229017367,544.5392929022498,80.79726437616496,140.90863163080314
670.5941517836003,545.1901548954909,81.04592851161807,142.5073247439572
669.0941751724993,545.6761730382259,84.29289433464174,143.36959404885806
665.4073162802456,548.1617964871268,86.50872195582814,142.67063379341974
664.2284926857116,546.4179897886867,91.43371388684159,142.06682951879569
659.8737349887997,549.8299084231261,92.35736562195774,141.72181329568406
636.0376370437939,557.8192512923929,93.39351671156169,136.72647823210275
631.2971064349551,566.1233589829056,95.06159497500138,134.1811243209598
554.7885541633955,559.0433545225229,84.95450158764103,133.70768881339504
549.4680836586501,560.0650533780041,80.16671395942888,132.06846983131646
552.0610244709661,561.5520486889852,74.7921812419291,129.91792210615165
628.0701001813891,579.5603745788795,75.23162637349323,119.99868726122855
629.8779218871787,581.7532800220805,71.96310468176793,114.44286756917604
628.314770907523,587.1888594404082,71.51001598570159,109.05482122048119
624.4111770996794,583.3494078832173,68.90933895919531,105.81838645715919
617.82487129868,585.8619497255428,68.99558104389881,102.15415155571695
618.7612249129854,585.8128733620886,63.487561442485344,101.39230881050821
617.0234767081301,586.153101266324,60.232790119056375,102.20060839721305
621.9922462384226,585.350295647377,55.72012118455619,103.87861251972178
618.8846513784763,587.7213175294121,54.6731098638188,104.01052031192549
618.3417853473402,587.8037627885058,53.6769411103328,103.26850334263268
618.4749341543032,592.961399704422,51.849611393893454,104.1170054180628
614.0602753863269,592.7751621429468,48.324272786154836,104.55819508529675
610.855294313458,593.1935100549515,47.555181883471164,104.61214856096251
605.1489893848175,594.3242524149753,48.40815723515754,106.20265734979014
600.8326504227144,592.2783896573691,49.379554836214986,105.86776903169809
597.3833077628636,592.8786629491683,49.62551604651173,110.85048103395772
594.3146435401744,588.4087384233617,50.17355482781413,111.00694194132379
590.8055963606413,591.4569080991776,50.51154032945952,111.50072275255269
588.5894736561663,592.599856493365,51.62364881126939,110.27800848175048
587.5942198478701,592.2924094252405,51.155583137278,106.8485114736284
587.0930132273196,597.4448926226177,49.066591396287905,106.61417405789446
587.2817158737613,598.3714836452069,46.56412699966497,106.47835557931494
588.7815718369718,597.8485345250932,43.937542861254,103.65470182271233
589.5640191859799,599.1486517153465,41.152604982257984,100.73347428317228
587.9449041851104,600.0227748980282,39.455870475639344,100.57097482340288
585.7302687110048,599.2177346393864,38.54457259266583,100.03670724277697
582.4934171744815,598.5221099122593,38.65494592983571,101.02884848455224
579.974830130709,599.4217217194848,39.14340341369466,102.5818039286328
574.8279288568681,602.8493815490274,40.98496595669167,104.11107359359525
571.8058726614724,601.7248340740833,43.08282481670384,106.35346017239318
567.9597564519398,606.4973091532609,46.933530423481386,106.10040876344507
561.8077917802428,607.718825266055,49.15082869527838,105.11573909027857
562.0464671696112,611.4305817067732,49.66785681754939,104.6127327980199
557.8539361137016,610.1388437689468,49.72315355985444,104.12668485901473
555.543979895231,613.6263003044035,48.2485219826994,104.99059263173632
552.1513509925653,613.9382240757104,47.68828749980497,105.53668332549779
547.8682798817666,611.6129306169858,48.59361594169832,106.99450651483272
547.0998163175994,608.0983556901216,47.788732156816614,106.83718020467022
547.4213190259879,613.778593856827,47.874241759624695,107.87300498795639
548.853668916985,614.1517036727312,45.89100133738168,110.63399883024152
547.911146131354,614.5025658602935,45.378085513179975,109.85218110566169
545.807657795155,618.4697789288421,45.945523969395495,106.67769280344064
547.8991076444784,616.8203530281506,43.90519640642855,111.72546737327815
545.2835963204418,619.3607984280667,44.77700879395674,109.52755059988775
545.420339153789,620.4999307719013,44.60915881511816,106.95182654623068
546.5991159314596,625.1114772317753,42.64591162305309,107.87096075481072
546.107539625317,623.3824701216882,41.82848145507956,107.89245271368046
545.5130070800421,627.1948862651041,40.27116116072013,108.38304968201518
545.3153518508217,626.6444650002006,39.45891303882094,107.524639753814
545.3654711759159,627.2423246086935,39.602540439322226,106.09193716996351
544.8211003325512,626.5579146911479,38.80401754993301,106.89491785492754
543.004063529399,625.1020334570258,39.11453809332329,107.0751215794847
541.4791878037995,626.6889389707451,38.75384962724246,105.73596436378223
540.3402456548889,630.7152023235842,38.93899590535933,105.77748327672435
538.9798757272661,630.8356183322303,39.31482743210482,106.16099275275297
539.2874550089089,631.970559268407,38.99208264214495,105.8444826022443
536.9254234078261,634.5427706095868,39.924592758645886,103.11498466651378
536.7427593560161,633.9690733457151,40.236292700035825,104.50304384821578
535.8166011348011,632.545395109298,40.70839271188005,106.3930217238754
532.2484473834118,631.8624290394895,42.80925862666332,108.39962170945438
531.9601088209095,632.8240481727938,43.64421267494117,108.49514442089867
531.7004627498934,630.2998312945845,44.3796150720583,107.48282918356594
531.1145255350872,632.1971369409473,45.284941327503645,105.62031065653272
529.2138742189754,632.193667996303,46.86198608429879,103.84717694757694
529.9469885973632,628.7527160170687,46.65382360276319,99.91708821373165
529.6952204712082,628.1898898024399,45.91044916984093,98.69747801400952
530.4473891272,631.8001908225041,46.05074670151707,97.19871512327566
530.3656205146073,629.4824585867711,44.457758475805576,96.65266543516013
525.7599291606587,629.1888088235467,43.366336293497895,94.40805851871468
522.1879991390832,627.4227638300056,44.90586192379511,92.83119014546318
524.6713674444085,622.1206076145972,41.240440291121345,93.971880317046
522.353660396826,621.2148172971915,40.65784081540028,94.25436545951744
519.8813092184994,624.1719333176331,42.0760539236299,95.12643041246696
521.6783257456514,619.2062261385696,40.67832481157356,98.64325805560287
517.8572046031477,619.9015858959209,41.00196505971276,97.51856302510717
514.999460477224,615.5039931001941,42.95946407475687,99.19233693584772
510.43765319359693,616.8458910677795,47.000901304077786,98.49731981338228
511.9990382256154,614.9206861742115,47.202387499448264,99.30739262959858
513.6273354399807,609.6637408223127,44.00693432946904,102.97894919495742
512.937962752661,609.1168318490467,43.3292514020519,103.3754607171513
515.0525739785761,610.23896617803,42.805085463922055,105.80615740166385
515.861237720708,605.373649959453,41.83636868200077,106.81293183204805
518.2399822887551,607.5045677650281,42.40992506270543,106.6258021722314
520.6237944538935,606.4571711550572,43.86955461331,107.31224117504307
522.953352461379,604.6712423517504,46.813736144206466,108.14454161473178
495.0394495987952,611.4517190090181,44.27967408704231,108.67954264046267
506.9517166707268,610.5450514693473,43.239800197359784,110.51105023697198
519.0396168636918,609.3517233332564,45.83496509754427,108.68365136913803
531.0447350886717,608.2528247169415,47.875810761442324,107.27835658846793
545.0188739404313,606.8741149405976,48.377351389075116,106.42726402323142
559.9136021650651,608.2887179866893,48.35960147227886,104.13383247219141
573.4883880015734,608.7564995719592,48.573421046239034,102.0774183015354
590.1697019093372,607.0033968845555,50.42113088097179,100.8908001380056
606.6066391231724,604.2006173687287,48.9367471185,103.73710869160112
622.3969483261152,607.3146997095314,50.33380898440895,102.32293344989827
641.6898359463288,601.6599010258334,51.25039392465848,102.38642292316007
651.9904677817487,607.2730951451331,50.43332147667252,99.76396024543125
666.5973816418491,602.1570742840081,50.56255834220572,100.13842395765994
679.1398149812608,596.4704155542062,51.18072838841595,102.76849919755695
690.2854746052623,599.7370127422627,49.724655538842384,100.94552866348477
701.1288206743744,597.6014847419575,52.65230131529351,101.44397758173017
708.5265620765538,596.723287924121,55.2659751444706,102.28912981799625
713.5526232783187,596.8253946778611,56.77219617666546,101.94812544941577
719.250118718498,594.0011344006315,56.878927454866016,102.69011692709692
721.667795687331,595.0869956584079,55.19539396485604,104.54770575658549
724.8660926225035,592.1280667957078,57.012640258815864,106.73256713549773
726.290561653993,589.4411001036117,59.07596047811958,110.09591367436273
726.3709444957791,590.8620326672306,61.36587132186304,110.51079536829927
723.0706806099868,592.3658068825731,62.47771458524086,109.81428920506806
725.7907144569157,591.7329527437151,61.1170726147263,110.16211330317631
724.6002142135508,589.7505789594402,60.00474372258884,113.97932862521253
724.0323440062335,590.9861890967807,60.92970893790593,114.62634638125483
731.4023993029726,587.7731459417938,57.91249178811957,118.12547894169526
731.749406974219,591.8269076521669,56.18312506719337,118.08672406749085
735.569685302692,589.8500471678149,52.31173136400598,119.76921333283335
740.1253752553106,590.4225486442504,49.358862682393365,119.48885654056619
745.2927604852518,589.9894056066717,46.4792036049448,119.68131028443688
747.9947095301068,592.0346810929277,43.76897200702758,119.18169959667154
749.7354591476301,595.3069084692592,41.9339825160167,117.40805017673074
749.4391788882058,589.7978187888864,40.997454377898755,119.64946964043389
752.4538972010516,593.2041937985007,40.56926996477307,119.26492730900767
753.6379272723234,595.778378699212,40.707513372222024,117.58222231867322
755.1529636971343,597.3425348335243,42.17314408518719,116.01937765775791
755.6095690984387,598.5528414536817,43.66573229533179,115.19936689509736
753.1748387346989,597.2779126195842,47.0128663721424,115.22323538609928
755.5732879143401,602.5842551220466,47.17040956281056,113.5447753396765
753.9834868078565,597.8062424472417,49.393329056229405,113.70858179966103
752.9441923120381,602.4869913853386,52.25907654605179,112.51038893267642
751.7129536547407,601.1136024490569,54.788642859509295,111.96726107228616
750.6134392950039,599.8857425628446,58.17618507689673,111.17462204402955
755.5665497874401,600.3299121793996,59.660232906556956,113.21991647029509
755.0548173657551,600.6576871468098,61.759765877460694,113.62085299848148
755.1978763964773,598.7071744668627,63.44330420376936,114.9855320519795
755.9233412158542,602.4127655142129,65.6002301075992,113.93117029825493
756.2504177784399,603.8580634296366,68.2322566679758,111.83599831989096
757.5213988740629,606.6922591450531,70.3008362048019,109.77132627110493
761.673888919171,607.9811417225576,71.61697414137441,108.72120989769746
755.1166561895159,606.1373487398533,75.79313596868161,109.81327880103862
762.9622073858415,615.2657149190146,74.15551198470668,107.94115372002997
756.9881150481368,606.6927476905124,76.04605153185435,108.02060474585785
757.7901622312585,607.4732185553376,76.65309257249446,109.08049907126002
755.343517439166,605.6257994700537,77.16797630634,110.07719894800456
758.8496277702822,609.5701830074204,81.21440038985315,109.66105907697141
757.0458823434667,607.1175491253083,83.22177562469943,109.34554359346208
757.1077577427127,607.0981579461288,82.64036991796637,108.27326990890231
766.6609248466025,607.9322001882895,81.98620009946032,108.84132681457257
760.7952297208859,608.483808659145,84.16552597389222,108.14442510362777
760.6122453593658,606.2415294470626,84.01247909785448,109.07413657801635
773.0645314891419,609.7569809410554,83.80929366600962,109.42468660413113
778.8203170001218,611.2474789570482,84.64263702713366,109.36551715926807
788.237382221692,612.0800188359447,84.10064375304971,109.02980905248728
798.3574011470768,614.9304366458064,81.78486013336956,107.19783540458073
805.1497676285519,615.1734720603333,76.12643302595177,106.3204703697271
810.3637096325299,617.1257354148628,71.60067485294225,105.44071310912094
807.4263976959778,619.3929033129409,71.21480636050569,103.0802376832541
813.5098338036645,626.6737265792794,66.91064447859684,99.48626189373326
817.5884985011776,623.4502369248559,62.3219888436946,98.86858956097682
821.8429223984419,626.9614852869543,58.63281058841967,97.37397858666999
825.9512636856385,626.0885757786193,54.55709390581579,95.86321386696108
828.210554236182,631.492523373626,51.95930869944028,92.13822822481711
833.3178642662356,629.2758325484616,48.2395192994212,91.37643796237347
841.3364027259313,629.1858265737748,45.27273184598158,91.33627085909623
844.5270424997195,630.8309503893373,41.65250810649373,90.58159749670949
847.6254757674195,627.989075852548,39.53708253622291,90.4835310278477
850.5097445367876,628.9218441206688,38.02909781230875,90.89489114445138
853.84876571628,632.0273016418429,37.12115991731427,89.76884345167255
857.9400508231438,631.8651489330445,36.766085106733385,88.3930013002021
859.9118331565841,636.720401028849,40.220544958061055,85.0971095304152
860.2191787619206,631.7518844344763,42.27043278363699,85.98630319798494
858.6216247280207,633.0982079744858,45.76740578426792,85.19807384480038
857.6676643972439,632.4179811234824,48.99936638750005,83.83514146864431
858.6218123889975,631.6362647956888,50.173262161264546,83.90892939371308
858.0647841145234,633.726868957481,52.24234397650429,82.93819167051436
858.1375099544654,632.0906160482825,52.19499904704739,83.7863929110683
862.204378209548,632.6732288985602,49.985582402928394,84.1528889818893
865.0044547550611,632.3690920073822,48.24412595167148,84.99779200081119
867.8141176206332,627.8540432234605,46.33802095607543,87.90595625073749
870.1099211270267,629.9317556161559,44.19416267745308,88.75759145913656
872.740677723698,627.5614998420308,43.18775575825535,89.51871776946282
869.8222479114559,628.8579732276829,43.94596841867936,88.1220611344198
874.3830102647996,626.0355967680628,43.14380505158188,89.99701434802218
876.0182320135095,630.6597088826392,42.701249599762264,89.50034460358333
882.494107399777,623.0974071310361,41.11490935432601,92.61507751722662
884.976810667189,623.5337520774278,39.75929652908335,95.42389817621036
887.3922300771493,620.6094692462559,38.948695884874724,98.00982780664265
884.1841360803121,628.8317034852278,40.47043633983215,95.82441042782128
887.924561873057,626.7317422740864,41.20232116421606,95.46744826999492
885.7389476095211,625.6368402773483,43.52224650030131,94.730897749266
890.973235140217,622.7550142824264,42.92060999948349,96.45351273858083
894.2989547306138,621.1359342699999,41.3288812597944,97.76024436527933
892.6496010750232,624.1159038468455,42.532203187003404,97.52304733411839
895.8742354195265,623.6794020890161,41.89269558433641,97.51228354105609
897.7650386571688,623.9121963266546,41.004367471306125,96.05005860682161
900.5796028783508,622.6416432860627,39.49286417830449,96.65496203568203
902.9362886515025,622.4191029193476,38.76967535395168,95.56182733679746
904.7581587716701,622.1294851254466,37.47146069305085,96.48496436441687
907.6869152814625,621.0166917636137,36.90509321611329,96.32836913705572
910.8292141711428,622.2932534787586,36.3775603383918,95.28487483205532
911.9550526759508,619.173573043662,36.09749359990679,93.46340857984099
914.0651447179398,616.8196250901511,35.919352693507506,93.82990369372902
916.3398677409604,620.8577783491152,35.715986149827984,94.09299512750663
916.6909288381299,615.6425083883009,35.431216090186,93.68131531714833
918.7805179270086,623.9230874164609,35.02725617948176,91.94283073930657
919.1417269241517,619.4812938455336,35.03901421712581,93.00894778373925
919.200023715885,614.7748617114903,35.761237901978234,92.98111575313081
920.5060078321465,614.8620236448263,35.64076342609147,91.57418180692684
923.6293537328214,616.7834698771754,35.33427324813313,91.27909204982001
923.6354226039982,615.2099335477725,35.36218091588783,90.20010820827953
921.1978655919534,614.4258360952546,37.333436637299116,90.09947614239508
923.6660782989347,613.8771268948783,38.00820194760654,87.88695753604414
927.1815977455817,615.3577826959632,37.79362449214797,89.04987733752324
923.5904646777444,615.0210278953027,38.80000078885624,88.88766082775365
926.9046433167468,613.177580019335,39.37674093161043,88.65780594219368
929.3699005076569,608.9395060214341,40.88506090577074,86.92601879719929
931.7075707604306,611.294501541335,40.75471489913128,84.99353478037578
930.0754664953495,610.1365937568298,40.48109644684904,84.84817410419771
930.8681811208947,611.6681802712712,39.51657086160371,85.53699215410526
931.5664216915611,612.0043599841684,39.40570195505172,85.15881164697791
930.6307935917819,608.4010017721366,40.71836549283388,83.97529181141057
932.5732587268309,611.3928103662563,41.62176121336192,81.62973038079565
931.2373163098696,611.4826480656477,42.119894200778745,81.5437402704778
931.6493132412206,609.9951366344455,42.09678381289828,80.97261868048619
933.0873463926632,610.6720225820186,41.4795686006547,81.44766918652195
932.3334227836402,610.6885941631554,41.086705528343785,79.11426829332552
931.6875539515132,614.2167355753617,41.50637197980593,77.65895364299791
930.744134578429,614.4356391973681,40.32730389086931,77.00588710372458
928.1974061115172,612.7169614204352,40.31663762773921,77.10275885580988
929.0067897240853,614.6202214275847,39.958256740213216,76.13348403832865
928.4087096444227,612.450773294217,38.85949764083845,76.64358187245469
927.1985677240731,617.1604481186852,38.04078984375443,76.51942982261758
924.4909611957668,616.43790871497,36.19827671869701,76.58409179146625
924.3140256661113,619.4689879649854,35.849192018694424,74.78715170662983
924.4066615509689,615.9152556516118,36.34870164133875,73.68834249947145
