292.5,914.5,64,161
283.9434851251943,906.0369862278924,70.10884612210899,158.9151669350437
285.9262746715516,905.7246434974603,71.98507949872501,163.25668381930797
289.36946127223234,897.444350830568,74.07217203880786,162.73635877162235
292.64775788721676,891.9295394347653,76.47092022461322,161.66111144055515
292.5346405959946,885.8932865068671,76.14542877732725,165.60575880278753
292.47604893048714,878.7032529993362,77.09053865914936,169.30832463511558
293.57893161070655,872.0888297311508,76.98924194160304,172.91727694028594
294.92857149124757,864.8107223484983,75.96608363216427,175.74658662173607
297.76173550317424,856.969789149098,76.2540993620524,172.94387951187593
295.9321674924229,852.1605857869946,76.68423322792813,171.32534522347828
301.1661415145437,847.1981237689834,76.21850130760885,170.91462033733407
302.3720655705286,841.3721453877293,75.74916395547254,165.88311464219163
308.6669833507401,839.1662551627908,72.79583619431487,158.76235604975176
312.8449265196579,833.8097923809768,69.82306131941493,153.31984407857044
318.45057576550016,829.0326903808868,65.17099426510357,152.61116764131555
321.02283739807933,822.8386552922825,62.63664918619972,154.15718299796006
326.7027935928361,816.6508419884327,62.111955577460094,155.3054486587887
327.8176410508738,809.1647923321276,62.09154166179451,157.03315247532754
328.7608617109232,803.9747734044613,64.35944284798532,156.40218691647226
329.9636594383556,799.2098751609196,65.38696582099205,156.1854633878471
331.29641945454966,794.8756389965108,65.3805676095345,156.1970058979315
337.71052237974845,791.0784786867475,64.75784747274207,154.12129320836783
341.2766405258109,784.2626778111072,67.10739064423566,147.59231274667135
342.0236479738939,782.3405330728099,67.82267521743628,142.68181796556198
345.30231605614625,779.4724238493645,68.00819979604306,140.7861713891327
347.0570545434157,778.4452032990919,70.14358566490608,139.10732418197097
347.9001300229642,768.7464074448762,69.93486183202938,141.7775916041188
348.37255970817296,763.5398527523096,68.61889573218743,143.79975698785077
350.22957236502907,757.6910729478127,68.4688197689995,146.05958754057053
350.949670710297,752.9948674573354,66.27515872394105,149.6032496107648
354.30786628219903,747.5192167989594,66.0696545185598,148.95390762898376
354.79947917237195,745.6302054858306,64.42258116778429,148.61401941152565
358.2708244035537,740.6430611904048,62.75890486703422,143.93034661101126
362.1121201639645,739.3212209566765,60.543162775673906,138.599185144772
365.8130323875406,733.8646545357951,58.61223732361694,135.86855449843364
371.27745528078646,734.0509260662288,55.668227483357974,134.50635970896926
371.8026626742072,726.4558680756713,54.59829586449332,134.95377651385428
374.70299279062067,724.5087483155518,53.618439502586554,136.88033553408968
376.0332095634218,719.4206315362828,53.6696103228383,137.64071817328636
377.57604574630574,715.7544419661973,54.93704823854002,139.00953157913995
379.1240317206176,712.0936627374215,55.40252351559019,138.08072400495564
380.2814955315518,708.6641031264721,55.98318306945155,138.34035258475564
379.97054766773266,705.9966926894455,57.4369535453167,137.08243830198217
385.7160588686547,701.5552010432735,56.36945342447609,134.78285171752185
389.28787909890633,699.4557789612338,57.681148893954145,132.6113746757427
388.13204711139673,697.1399524779837,58.69239903358788,128.3791640430904
390.30185305455944,696.0416521808077,58.45584954621053,127.90077922094213
391.45333174800993,690.7825097481652,58.29099844113982,129.55205806181849
390.86127996466155,686.157106110472,58.458541838362635,131.00067282923564
390.77177767599534,684.0217089960363,58.70095885939786,132.66327912106686
392.55694490481886,681.5382984010641,58.09713795600234,132.86453200434073
394.71158566180424,679.8657844680592,57.77368284115746,132.74018337201153
395.49624238947104,673.6206134489878,57.44113050502441,131.78058237514608
398.47178256427276,673.6686035061028,56.38104084513479,128.46023076491537
401.58241434296224,672.6117486831056,55.232981181487375,124.1222849365173
403.9014469570159,672.838212618602,53.73736731998048,119.93609806857867
408.5777299866056,672.974305113358,50.935445519257364,120.52630165479378
412.01216898968954,664.840221953416,49.51631897412753,119.6564633694635
412.585480032206,662.4025168889814,48.88843145189455,120.98166033452249
413.8278789635089,658.5224672468652,48.64771806905675,123.5483198584249
416.1549825232263,657.4952051396635,47.707418734691046,124.82494453190562
415.49224031179125,655.3107975592275,48.59070954680381,121.90939772552431
418.23293168959583,651.4493072236487,48.36948910165647,121.82400373596869
419.8919836551129,650.5383610019568,48.36309754244961,119.6810988463651
420.1354594158817,648.3650088731231,50.00189733887667,118.19412793257138
423.22549616460816,648.5743965851407,50.32395565819755,114.46075332771707
425.5178554763254,646.6000724126224,50.18033305745277,113.06675071893629
426.1170141923016,642.6541519268849,50.188593024703785,112.53215008754552
427.51203883219614,641.2466936061359,49.8461232344691,113.29530002846656
428.01666856782685,637.517922638603,49.657435399824216,115.61710840571098
427.1074497390922,634.8339231702495,50.651336394103055,116.57148505566371
431.0522182474719,632.3276216498194,50.777169282022015,116.63910518763933
430.84005703056494,629.6934930699217,50.72209541423169,115.83358101037763
434.6631159933146,627.5720002743799,50.295933630656634,114.20801728315905
437.7561300290272,625.568434476308,49.00306547475239,112.13026011658715
438.3590668851575,624.5614416174335,47.523815712288695,107.54696445058259
441.14887573512556,627.4862799822364,44.82787561821217,106.56418314865378
443.29338352773135,623.6802301552627,43.12005744644146,107.51889113524048
445.7822584950903,620.6702513723574,41.414676323358464,109.37137241011223
447.8292741080286,618.3705699815698,40.834199884295614,108.20652453883966
447.33019688023313,614.5934018823095,41.875609991850716,109.03944962347624
449.4557915364061,612.5875082404049,43.1597823580483,109.4635445519566
449.58127600195394,612.4762266819602,43.533528108433494,108.91988580088386
448.2799799281624,609.2288861044054,45.39711037991256,107.94168731666122
451.39651095999193,610.4465105066632,46.309011710934044,106.21598911769
453.4851672458218,608.9320990754137,47.25819975736607,103.64138130378882
453.557612887613,608.4601663775502,47.10572763975665,99.56983369877989
454.16638371605467,607.0098557112686,47.848601335198296,98.88094845717023
456.7645197454392,605.5130420918891,46.99693040970792,98.59995883073262
459.13745062025606,603.5249642369613,45.996874473414465,101.0518438115683
460.1584617828732,599.473304603422,44.97064098346202,104.92984008377678
461.559372261809,596.127811832157,44.21481473776289,106.73459089872124
462.4370706874595,594.9439126162038,44.01192421450644,105.65099574174597
464.8724650531335,592.954539375339,43.21148952572176,104.4493212176259
466.140863213055,592.6009441899732,42.416102007677864,101.2531303270255
468.3657760137676,589.9489142650359,41.53608619450692,98.42059962569296
469.7350951225679,591.5278089202145,41.69354893351344,97.76523822812658
470.62316669859575,590.182919756309,40.72099149979499,96.99731729599714
471.59760125512526,588.7714281088927,39.7248827230011,96.12453293876169
472.6689543866039,585.0284448474997,40.08507459823491,96.89140621717101
472.7648166229256,586.7282161630459,40.20067609580386,97.96692785899955
473.75491992498746,582.5769063530377,39.95158548912133,99.44536363498116
475.9848231775845,580.1619946039729,38.991539613526626,100.20944046839469
476.7483554664746,577.857999138034,39.660425635083385,98.6625282782174
477.4589568950251,577.9440148848006,39.9100079575649,97.24536648925292
479.59434901445843,576.2095344115005,40.0569265838746,96.10354124654546
480.52567156773046,577.5226219160603,41.242632485333424,94.50032049185134
481.9126685365634,574.4835059123913,40.63021163635524,91.84800448410422
482.8379444084432,577.6178163310468,40.53639576216549,90.95831713285817
483.9721967296806,573.0817212788419,40.36345918201228,91.3259523179947
483.51120861029466,571.0857430581813,40.19283747304204,92.37807615626383
483.83862969781876,569.0655705454752,39.788545479134555,92.93857859370078
484.6025519743039,567.4584800351158,39.317977095489894,93.72577079250408
486.3987264362117,565.7229814525983,39.00762169884748,94.66126348610914
484.0230691102332,563.1724844569978,40.76147901776121,94.24526431953407
485.13991093957793,561.9460831844842,41.980732982033985,91.57664748488247
484.68772203412414,563.7904470886933,41.72087505118263,89.08876980322032
486.6827578332493,562.1056098708757,40.76439706813136,87.19588174604624
490.55474153791675,561.7916128437819,37.503183542427564,88.91371108653605
492.212743804414,561.9174622626762,35.82351839115695,87.75059876243031
492.3048777251422,557.5297564397875,34.80539759230085,89.68647358462563
493.9691513959486,556.0408673634108,34.66258732427949,89.42367249271436
494.4082662307565,553.6598385925961,34.28979627798275,90.31586151387702
494.76740091136634,552.9540283183617,34.02586462873466,90.99035646508685
495.0145902078474,550.9793985165863,34.41357095065355,90.96322288905174
496.4404531191822,550.3790111986557,34.441454844841154,90.97416117636295
495.9372900819043,549.680652024519,35.7798369421969,90.75126502432252
496.34939437373083,548.7833230861075,36.1885726060845,90.68401821259158
496.9496944389814,548.1006098452091,37.22782154009866,88.88781452639641
495.7091644517085,546.2536382170966,37.97802001070208,87.87098170959446
496.16082142388944,545.0277012969093,38.375715959416425,85.84283223107366
498.1231429412484,543.0329605305844,37.838266407583234,84.11004700933427
497.1805238040416,542.6415302821451,36.12430237852077,84.93180294908154
498.03234684521493,539.8019301018575,36.21286683264168,85.83899676727619
499.9448835396939,539.4882075937456,36.23697066664052,86.87017194957319
501.2358678403296,540.3451552094008,34.86656273352412,86.21030491642026
504.53465528717817,537.7053553313035,34.31924029249953,85.40076152880908
504.5972548610179,537.0570921079138,34.41814384836432,86.98168494448375
505.1608132869411,538.0205212444657,34.79721498535964,82.51895427540396
507.47526637175224,537.4613442433113,34.82317666626702,81.05329736553819
510.75428330689846,537.4708129471323,33.97429260377651,81.33975089974436
511.05576899369476,534.3215132804386,34.391691955656555,80.63101531446098
513.7703432689585,535.1997047760241,33.69435220773617,83.64768879268641
513.1789925110419,532.3522454158143,34.93893593958643,82.94822780034528
514.349832159197,533.0313341736039,36.09049877720783,81.56467339073552
517.3624824828721,531.0099602265293,36.349592414025025,81.20407450435928
521.4510203015336,531.3663350160716,34.70268343902335,82.79218588117473
524.0947126856889,528.8234209675294,34.268506120490244,81.35885969869572
525.8902014520055,532.5098086463513,34.54096213841878,79.3952021019206
526.3872284206057,530.3304488293074,33.50725306440453,78.84535498080324
528.7859770695096,529.3262658746037,33.42200410094195,77.85737215003797
531.5855431787794,526.9562730431061,32.53485796364062,78.13212194179484
530.6350718690121,525.655313738363,31.637714907688572,79.57656116709578
532.2168757580212,520.4992470915707,30.778125486521738,79.12986182258183
531.7964888134502,522.0631485817145,31.108533942351254,81.91239692133327
532.861283862388,519.3329931741539,31.074666447496714,83.91243275526183
533.5550159362124,518.0842378493758,30.79749237099675,80.88720336154117
534.7184081680197,518.3703723437599,30.31074877535383,78.33721613741508
534.3174318603691,520.2397736276951,30.839325382972987,76.92582549630967
534.5482272321782,516.6442129030485,30.83494365341042,77.26648766925618
534.8411164522438,514.3811846844228,30.87168393911414,76.17888392399207
535.1515988234027,513.5372285030762,30.324071913583914,77.7678749265754
534.9245347116607,511.6918633014105,30.65898098815107,75.23607023180185
537.7575260018965,511.62121360925755,30.207077047483978,78.67325002087063
538.4973647878415,510.9789894131884,31.14565426809675,78.15640822670932
538.7894539264681,509.5417289840259,32.11362980662027,79.04020768725607
539.3880393573559,509.9521741087152,33.234907568371426,80.93624528821212
539.1371425310014,506.0197049696841,35.404348765462025,77.22845942704839
539.6842296321975,509.5319080389413,34.901042133274615,75.44498136849184
540.1672625499515,506.98545253434656,34.886489734647846,74.55755304820133
542.1853944436655,504.6720910409347,34.15868094160325,75.26588080295889
543.5173708495514,503.6346711524933,32.65519712056314,74.15605569395277
544.0429843472941,500.86331247941814,32.713977631284806,73.91974793559481
545.1779570842834,501.0500216103648,32.3734865381952,75.51990619716149
546.9879554531793,498.1009670832436,31.75946053128728,75.22795261061682
548.2568821663363,497.81293367358694,29.95775980171227,76.59197096615758
549.1963602357545,497.4309213618386,30.000373347181142,74.43854325832942
549.9627150226778,498.038219631881,29.355757756335343,74.51244975716762
550.8405022562525,495.55859129020024,29.073899070198248,70.69970303963747
550.1893456470392,499.3995866465665,28.13522866784234,70.74065114582348
550.319986244564,495.99614231275365,27.788666087741476,71.66314309611099
552.2479614900095,493.2433877153695,26.660968924337382,71.96354870145545
552.8663134221127,491.57115517862036,25.958457315747182,71.89514347583517
553.8259811234963,489.23094444621216,25.85588869854228,71.54440878836968
555.0754437180758,490.6624809162252,26.42580362775528,72.71068916115144
557.0540792370721,488.27184468424264,25.942768049135104,73.76479503380025
555.8133062487032,487.2242952393472,28.257105368243018,70.68114735208074
556.2652738788946,490.0448165381955,28.77507640555687,70.25308001172289
558.8037194708899,489.2688199405074,27.430123228148524,72.33517909936441
557.7386169276921,489.90766993541524,27.035655744621145,70.40292996250191
559.2095254305796,490.27657080941077,27.92365623113141,70.70485668934035
563.0526832731852,485.33056981189964,26.264630020492046,68.811006363507
561.7704004864141,487.6328162904642,25.463387300219686,69.60268023477775
563.0814207077859,483.3816361162038,25.327849118474823,66.90954078755429
565.0415702622752,482.86990608360435,23.68336076814888,67.4264411126238
564.0654527589796,482.21963685227183,24.10667654828371,68.72669797138903
563.7656387301524,480.93941334338825,24.087013864512585,71.11397484319801
564.0101664844683,482.2883383668962,24.545842091628238,70.55594438452121
565.9785218406246,481.5337029371233,24.331363360303648,71.88747497710307
564.895932743042,480.70214919031764,24.57741892725737,69.63666396540549
565.0560898922157,481.2585835698082,24.33331082528476,68.46530547032776
567.5119418520928,479.95999302835116,23.93368012830679,67.30974555819718
568.1002071767577,479.2780883712941,23.615356240863434,66.73867100297596
569.4085563419178,478.84806132249525,23.857942452156525,66.17748662413732
569.6415527699506,478.34929171749354,23.872673917520864,65.5968861075329
570.8397783211533,477.2873530993652,24.1535667538279,64.88531176547434
574.6028756953812,477.7574922466604,23.588311340376837,64.08396460333269
575.9112465429331,476.8601298165921,24.22222221443672,63.54950434326956
575.982029711819,478.1721159291468,23.506142482123735,62.146840870373765
576.9963916130769,479.18778514984734,24.26351102623332,61.13900477113034
578.1407077996918,480.62153487146094,24.022590241000835,62.821170389099365
578.0957279697508,475.9601774441871,23.711295487576216,63.50087402930595
580.2364956372936,476.5501609290318,23.082143646714492,63.40156000956399
580.5395146002714,475.58335348886055,22.972913054115722,65.63280811996874
580.3214967014451,474.3568872313181,23.248936221224945,66.12126424728363
580.7534996061952,471.86243303990665,23.9378770549819,62.67277150142503
580.8981533983697,470.95720114550284,24.065159609263297,65.95784015969167
581.4236684626886,474.0032744873478,24.25193917731569,66.3023564948883
580.6376009206782,473.901707148628,24.497865848012847,68.80580682766464
581.5179587572619,467.54173077434916,25.153894670342076,64.98218452043982
583.2430991646604,471.2721017056934,23.746619252907227,64.44495867503795
584.2320846947031,470.6260901617786,22.40720626471792,64.85068329987956
583.0511532808932,469.65568121716586,22.93196269556658,63.905760097243224
585.635021948633,468.988479523829,22.310668934169307,62.545167908757094
585.7743761882816,467.6899307218963,22.452857669597513,60.31295588713546
586.6953440998681,469.5424832714357,21.492484137258494,62.79667708492122
588.8598332416313,467.76315882428514,21.023414957346972,62.11070095709324
590.4694707077781,468.5272036968581,20.084317335394186,63.05609528787083
589.8702721297877,466.75924089703943,20.9413026171913,62.53617939751541
592.0876409452349,466.84512055874467,21.090906092008247,61.87588501087172
590.1115334247528,469.48711296779226,21.52045478745167,59.25557835391078
592.5647224937309,469.09313613670815,21.152676358610783,59.55771401616708
593.7679333870956,469.5272516248843,20.40777976095125,59.322932884563286
593.2438429056615,468.96850433905644,20.101552495548724,58.78733447129919
594.2678473934291,473.2393453079557,19.509626271711667,59.39589217213679
594.8273877460906,471.7522524580437,19.679770193355804,59.96386584165134
593.7562736676605,470.3321086590441,19.94896845964797,60.578586667885325
596.0136322784849,471.2695505315814,20.255901813959298,60.80548312424419
594.5230840545846,472.1954409977912,20.63293407327277,60.86908093193078
596.5746144153298,472.0353375312668,20.513154004094694,60.48231710796906
597.8269291099643,471.27340625420095,20.13404542659577,57.94074928736785
597.7707457802761,469.655834846801,20.006616856287707,57.12601534221971
599.309061289109,471.54255740311515,19.81542802682059,57.96919902405405
598.4658130216279,468.352495813092,19.94069134204503,56.909891933287184
598.1380661850708,469.12433153332387,19.941622826249695,57.6309777038575
597.0818603263956,467.6011375913223,20.31907149792451,55.69121987088552
598.3801265418404,467.2039505937253,19.114797785771472,54.33712052379791
599.2528620576725,469.6118211104942,19.62882653323748,54.52118110405328
599.3044347598367,466.31938245982366,19.601132360827542,55.31563581697027
598.3168563303971,468.07530568239315,19.631168640160908,54.22400788259898
600.0146903380682,467.07787501974803,19.5835477970377,53.016375660597106
601.8789093386123,468.5311055444178,18.674146742947883,53.301290686049306
604.0333289741866,466.4164354928755,18.252844647579657,55.45586257732883
607.5336602424918,463.6491691616546,19.534248180409683,53.02376674708375
614.4964958487369,461.7325926706369,20.15042036851213,50.82907427603423
625.5045491527127,462.11140444679523,19.337882218207646,51.89348182772623
640.7424479529014,458.1221711004982,18.982915635339808,50.95389848117959
656.0480801344412,462.27425076922503,18.159307309760756,53.7681352087447
665.9176860284858,457.72262677535133,19.85029973073904,52.32926607753724
682.58817968354,458.8613713146734,19.806681629927283,51.10421234026309
694.8605016628886,459.22257955800626,19.52933721492041,50.843271549433354
702.9575117337287,458.8570667636639,19.4428280903201,51.50082134944855
710.9471440447306,456.348744812829,19.35331065784067,52.21622681487368
719.2072144510057,453.46537710182537,17.93628453163323,52.80916996710677
723.4689295718547,453.47831181648155,18.296895743220297,51.737579135916505
727.7792688435887,452.4845439730451,17.950172785489226,50.19475611587334
731.3655061940883,451.72057634532837,17.803081114664522,49.58413248625851
734.4612089699316,450.17442906842746,17.37806389824479,50.29765523554394
735.1997712953201,452.3679418347264,16.932763438683256,52.31510290304517
736.7647711200009,450.522814304791,16.95441597688498,52.183269893609165
737.358565694168,451.784489871311,17.242173897664145,51.39472697352479
740.1765233849517,451.16449807881236,17.940338469841528,50.58130315873562
738.3883989408374,450.12180053194794,18.001378158038,49.86199777484255
739.7928285184903,450.25407810059085,17.66313598912543,51.061156548695905
740.1988418881425,449.39748627174623,17.450003832641976,52.21189688999698
739.6992033510794,448.1445672698729,17.363083744566104,53.35843620103812
741.4693226771728,449.2858714511896,17.292252218859655,53.808654439989695
740.8932239490085,449.12443403737234,16.620041373494097,53.19054129288255
742.2710629931322,449.923345549227,15.944404106090548,53.8090031505175
741.7514900634966,448.4886585014174,16.578084253371465,54.14144620857609
742.4309366725248,449.60317226982363,16.960482372989915,53.719600782400235
742.8486579170724,451.4909222891333,16.670268736160658,53.38972122318706
743.4121159053834,452.23008166870613,17.68077955508654,52.21871841834037
743.0364768892549,454.0032647261304,17.351870597972592,52.63882079105963
744.6687749207252,453.5180110699538,17.16701806957242,51.01375231531405
745.9149650730758,455.0598678895458,16.610031459817336,49.23033878602354
745.3361361130966,457.0193736951494,16.404137114475706,49.4171707053917
747.8083677872532,457.6555644247033,16.184005780507146,49.25879905597016
747.8938779157112,457.7262642406476,16.387451054776882,48.96328409074465
749.4473992259176,460.67346191461695,15.629665079813414,50.1809103413167
749.9189696834304,463.2808938008501,15.624641023551655,49.175020604705566
751.4377370694739,464.4852881938348,15.703898291246889,48.41907160293246
751.2618300279337,463.5369096464419,15.683424049224607,47.753728539367216
752.0634146540164,463.63549994458975,15.337355043295553,48.31421613757108
751.6184825067298,466.0791293591567,15.424649463493125,47.84824157923724
753.0452764678595,463.9775075809165,15.0763027009457,48.87965974440111
752.8185844148628,465.6424605406521,15.013626866406959,48.017850150922804
753.1367988452174,468.0253018054094,14.89371946967493,48.11463170047368
754.0887491385151,469.0384651327817,14.93688867775693,48.95277701895659
754.5523151937988,468.3507332029278,15.068126267669467,47.33720588497039
754.3503404566057,473.0062278088589,15.34877554627651,46.4244929739857
753.7172618705144,472.5912469787989,15.612302694304748,46.28888825311263
755.7582837275452,473.5594169434119,15.447241266016107,45.85863549126033
756.1363173196963,474.2694416069994,15.631199533237313,44.88405349962264
758.1619907829823,472.8410459758589,15.506435338007034,44.104353964527576
758.1056977309771,473.824291615609,14.879553349627955,45.01644463793521
758.5981868479945,471.69964971518203,14.65737209814482,43.33466016338832
759.3878906246202,473.2317166864166,14.321411999748214,42.13874919604256
760.3720457096227,473.65307863133756,13.993249275961587,42.99861670162805
760.7630025700125,473.51119201450393,14.522306392217136,43.25964652830315
759.6423254270595,472.18940012995824,14.759533557332578,42.303051714703614
761.016019557603,475.868191371787,14.926429489322906,42.87929048929216
762.404201980201,474.34087271515546,14.511514863316966,43.15103563303376
762.4242069636368,473.106236221569,14.532262156848454,43.335907101271665
760.7767414423181,471.38844903721866,14.670572856605427,43.181976383300565
761.6133076185472,470.90172468201445,14.333106583480545,42.93962254799243
761.588967914259,471.31030502259426,14.580275599400842,42.27807322802288
761.4792134263104,471.0023510767172,14.748761065084269,42.44942800995978
762.1171512926952,471.05276560332317,14.33633697341561,42.93808252690103
762.1264539840713,468.4053138433046,14.552073958861783,42.1926456910811
763.2566790909192,468.775043372429,15.119888697092936,40.15661467606909
762.3293606286388,471.8311668556865,14.517886400837373,40.38574838013642
761.8321989516344,469.9244379865707,14.327078800834864,40.717232958503374
762.3933515764481,465.88256843837837,14.55823682802735,40.063211543640634
762.3625057732264,465.6023372561582,14.550657151678614,39.79627919429334
763.9313212815368,465.9156213140115,13.945855976918427,40.78180732168778
763.0151018866359,467.727323228984,13.942819494548871,40.8964679197245
764.521864710409,467.5112030707685,13.466408944215285,41.42476681790711
765.2051515630263,466.48807270679384,14.154653619876553,41.90300643118499
765.0805846694776,465.1296058219805,14.036349421968502,41.1312980181542
765.8049002193044,463.32946925926376,14.04077608925343,42.23024244738015
765.673861671904,465.2606444732373,14.225862987328444,42.35289170768225
766.5939289242198,464.9691743744926,14.611612290538195,41.42368804314161
766.5790556363237,465.6056960681336,13.953326887533152,42.8522332951117
767.0635190561784,463.76523246548874,13.76783275381116,43.13789325667848
768.717396636309,462.75592123289397,13.678701044988369,41.88723860714842
767.7827034974401,465.2780788155497,13.62825771056821,41.28386720368613
766.9614241367416,464.7081462464615,14.243057946658507,39.84350961180593
767.7034811573651,464.3229188113359,13.8656145392268,40.23913247365122
767.4027348543627,461.5813141429277,13.683342520701405,40.352737359195295
768.6388198068266,463.6726933814902,14.110855981919359,41.27968785082702
768.2019049086756,463.4258880756012,14.410700674387886,41.34959634148507
768.3918759231242,460.5738275340248,14.178022060094657,41.33734818720893
768.3947787335937,462.4523960473865,14.59533512414861,41.64919647823233
768.491080134496,461.6843791818224,14.52860973484648,41.5456925923868
768.1705655254898,460.75790988732666,14.594397567428242,42.10648544487955
768.7234280612934,460.7308847570372,14.38644717873528,41.16563148977454
770.0148960154842,459.2306995717442,14.047073989620952,41.95432963321102
769.2685324596717,459.20931978061515,14.482608112463726,39.695369367180334
769.6082366836489,460.7031717643961,14.145529374688197,38.873060904202646
770.3492481531259,460.62821074548185,14.687043971302232,37.83012255692864
769.9619640938572,460.9487430648538,14.191359243235803,38.30867271901255
771.3001023766675,462.222258718501,14.12353351168251,39.93304198461446
771.1392538329146,462.4627779003414,14.186700313129784,40.61735926932127
770.599906569764,458.3171447215447,13.587101094847224,41.21888978406018
770.9298678878754,458.48932697880923,13.989730915048773,40.36476306977498
771.9504759520571,462.47702469786054,14.369650612113107,38.62493974300632
770.4822898847144,461.7259105570178,14.93250139816362,38.46322758848389
771.9322136286827,460.926390578105,14.161984678629024,38.197242236560754
772.0911140804507,461.57336315084297,13.762932777635552,39.295967524770404
772.9070638808846,464.418546822535,13.666133419144776,36.68917833144444
774.3106798571,467.2427245319144,13.728528895339991,34.99532043591116
776.0978438232264,467.13954200815687,13.386358854652082,35.809517438146365
776.3707872185212,465.89617793526486,13.422985388993784,35.20183126507381
776.8442618574926,466.46471390864156,13.120784921567132,35.67522711432953
776.6462640219681,466.597814194989,13.252625860988939,37.84543294834609
775.5921156320757,462.96670882583453,13.673257939231062,37.420510220854524
776.2386590936007,462.1043990265016,14.084583169510413,37.01320086652579
775.8522389320841,461.91990686212546,14.337700109768113,39.08036449762258
775.5039380232387,461.1557046910722,14.947095521325291,39.57155587613802
775.3847170120426,461.06635831864685,14.935894528460171,41.23459637032789
775.3061983032028,461.4434841862304,15.239234530622962,42.40959924706538
775.8242893593522,459.8353297457093,15.089098733112703,41.577688279634586
775.6256061924341,460.0952524453369,14.040249357763365,43.253037561079914
774.2559589801315,454.3668883796267,15.179118505938586,41.474528458587244
775.661322615392,453.6684559791746,14.508520108762479,42.178765477721605
775.5872202284834,456.00417336350193,14.236449275002126,41.480388154977064
776.2432954151228,455.3332004331072,14.6122204997848,41.1724150389438
775.1316918331976,455.6456426982442,14.335950281295617,39.79686239065445
774.8266014866118,456.5987903306632,14.431949801365846,40.42350425996838
776.6460018058752,456.3578824632705,13.841211359129186,41.01383724816344
775.747876291731,457.2195203265951,13.657814869635608,41.47593138035867
776.6131382510199,458.2945610400506,13.540989596813162,40.464164702272086
776.8617083720945,453.26837771176497,13.3931774495834,40.06601656596396
776.564243340325,453.90400687062555,13.92312474935741,40.04403983050255
775.7290998467789,452.713568382042,14.19053520174699,38.89535183250298
777.0620954298162,451.51061883954293,14.199641752001245,38.91301316338104
775.9706815022786,452.3705889951624,13.786901093406799,37.975623491163304
776.5016785990977,452.6113278930125,13.918670646624811,38.857811751619955
777.5682328660963,451.49176453285145,13.909349182348086,40.74747002488733
776.8035266959497,454.5316824560258,14.522214486260289,42.41666724788128
777.0176814133617,452.1363436464429,14.192703784020415,39.38743090368787
776.5038807187211,454.1981123807326,14.159897897878936,37.73906089127618
776.3523033458185,452.75139732377835,13.569178673786986,37.74881918953703
777.610592735427,452.5797720247241,13.957681475364282,37.49533733524396
777.3518965204102,450.81714434954665,13.430352230407333,38.12897400299066
777.6188284902894,449.3447678713031,12.520596052355803,38.632753116319485
778.0421182861797,449.29241178589086,12.521969528346688,37.02988528536561
778.0523571316878,450.98177951040464,12.162672408552881,36.755279151824446
778.4430029832077,451.6288696345782,12.069987354541174,36.40255142040303
778.3188541468791,452.5944673728065,12.727244447103551,35.89531723102435
777.5997634923649,451.6536656923079,13.207298479165306,35.1123977386544
777.8473275710736,454.222902949801,13.322688580152153,35.24940509304476
776.7749453922019,452.83646992485166,13.176488080366955,34.222079933505846
778.9095793721787,448.73877637778304,12.381241943803623,35.81236811183125
777.5798787161818,448.8221992223077,13.006250081080706,35.99018648334663
777.3389181750368,448.0654207159808,12.955988742654487,36.55974653929184
777.6516131260321,444.907867606081,12.480183945205741,36.788143685859254
779.0305507313868,446.8585771560143,12.580617789912111,36.59274139152508
779.4200994609402,445.4187324983984,13.090088984613912,35.583582062994495
778.1762232500217,447.263967152439,13.199345322715198,35.465535128197544
778.308281510153,447.1934713578276,12.886971947202635,34.526846728139745
778.9133157947352,448.6140312468412,12.483689603647772,34.89718397573922
779.3863771945989,448.2475937418557,11.859553420107257,35.25224575810492
780.2079333159979,447.4140552279388,11.630556514305734,34.56788845681376
778.9498011715351,446.72272367834637,11.893993053270432,34.52726761462571
780.8868125370713,447.8547852866834,11.378261127616447,35.463528604050595
779.4364381152841,444.66333867605056,11.172471323826604,34.07377778784189
780.234094410498,447.37449389090875,10.988045655993739,34.21781411729702
780.8096149465772,447.0085140499911,11.211338382090435,35.140239692840154
780.3125513230439,446.2398039556407,11.728069658082198,35.538967188345154
780.385968705822,445.27938005933873,12.125524127424162,36.07464113505651
779.7180165591963,447.34678674587565,12.199330639398166,35.3745455690115
780.2530302608418,447.5050822228128,12.02962066929668,35.31655015009328
780.0941939173026,448.2147493198085,12.186447524380664,33.79926658571128
779.7718298820712,447.0410292956021,12.270317880273957,33.409967218386925
780.8149916446542,445.6771115716081,11.990050363600364,32.90816192808516
781.2407841943275,445.2367347381888,11.662102633145807,32.60289150225224
780.8498712209296,444.7162224409428,12.539201669513638,32.06133304764812
781.4952054232918,445.0815974997302,12.314229847856865,33.05884960240924
780.5930882043539,444.82972558909046,12.045414891779078,33.00509016540929
780.2836258963733,445.8317346829368,11.687479124274807,33.12018255871251
780.2416583753925,446.1577821048126,12.074667660919054,34.25976669995573
781.0302957787769,445.56853893958856,11.65855611155301,34.11219766921639
780.9880269076396,447.19917683141506,11.871865275188902,32.64290730965508
781.2487366968821,445.85875903075777,11.24674865817406,32.390364351125
780.9839292931658,445.64485539691765,11.347211996810225,32.261214989917995
780.5242280122008,445.9775848035001,11.220549975382426,32.07544891886145
781.05951424018,445.7963499963883,11.07072611058852,32.03286051782496
781.3979004336994,446.10299440864105,10.796571311918669,32.23548027902148
782.0824721144587,444.92892105699246,10.735675560943358,32.67066957898605
780.5650065316901,446.89356002022635,10.935172193966967,31.600237561655412
780.7743119790289,446.8016610035236,11.162017391773986,32.29074084331333
779.9997989995551,447.34116054571217,11.781415216000791,31.122371554018862
780.9886224959408,448.60473167353194,12.293481871401159,31.00552767701604
778.8710306425527,447.53526701487846,12.450874512276485,30.62224412153714
779.8652677655366,446.79635614550693,12.335273833027031,30.068409031708917
780.6839174070499,446.07065137391857,11.526299682585122,32.10091258485856
781.4260599617884,447.3697983446282,11.05449443973028,33.442926047858954
781.198215144412,445.59792845928706,10.958235740071427,32.78860291622596
780.9694837765207,446.63439188330636,10.839926849575303,32.661360447135074
781.3131303293115,446.4609349998446,11.364463190330934,32.71830528393635
781.4248304653136,445.095189238143,11.930430596832588,30.929322179708073
780.6333957179971,446.335470598266,12.046086939677476,30.812946560018673
780.847106670235,447.2843174002993,11.578372985253292,30.62316909821944
780.123057312022,446.78896109553193,11.28313646598115,30.678337585535424
780.7608554787623,445.3367293272764,11.703341910755558,29.18555630761299
781.5229115684975,447.3017062302463,11.241368008542565,30.31741190978238
781.0781226131305,446.4034520759388,11.59095669817438,30.766818770153535
780.6149185328329,444.81823985483976,11.39148514851994,31.11849785236223
781.7322748626195,444.63450131896684,11.251064783827196,32.37061951378201
780.1321968616757,444.44252588713755,11.212643433156046,32.18170539858726
779.266700823859,446.00326374087877,11.22325939917701,31.208422284386607
780.3625702893553,447.8327430571972,10.96281222742643,30.462624819688273
780.9383545167274,448.337597517862,11.01280030638895,31.030292910337074
780.5083025645126,447.1439114031504,11.057104309481568,30.530533047062946
780.1905781532976,445.27468140420905,11.059954192691855,31.232569386417477
780.5470322604555,445.91837643424157,11.10587729683512,32.140198906666654
779.9604215088631,443.8228756064263,11.209128345874024,33.07734223430134
781.1367566400321,442.15270556496904,11.353081642801193,34.28856561869947
779.9449076535569,441.6126419704042,12.050792279229277,32.71290828895182
780.2144382353512,442.0379431613948,12.12161616172135,32.39752091010057
781.3207110913703,441.5173650371227,11.97581856896019,31.87912841174792
780.0548513097671,441.74575848816386,12.031592976331984,31.87592728755375
779.0456803083243,443.9056791657777,12.251342868208232,31.606846737730237
779.6577167007076,444.4820488122349,12.06159316583609,31.29662900047402
778.662074008217,444.3136544136586,11.69617197263172,31.915754969124407
780.0730098206755,443.14519884504045,11.955512497605831,30.91997643032416
779.1488803577797,442.52781879465596,12.087666349063351,31.542743215472775
779.6893998835128,440.8243736202958,12.033647262145728,31.54204876310321
779.0501360809444,439.0118366984834,11.91565622592239,30.986917339192303
778.5067206516769,439.7437657781863,11.885409172385195,31.222605080949428
778.8086048085933,439.08070652536003,11.895139168678574,31.73894003850709
779.7525564076277,440.44034356831924,11.632957404290247,32.32423109871553
780.1011941511545,440.74944701568717,11.651116560058188,31.825088147258256
780.2058160507229,441.5812019311867,11.74734049840556,31.481344412393522
778.829209162278,441.52297965300244,11.737894026642461,31.584541594851736
778.6186535898789,441.0117033559012,11.94239051620598,31.517649521058026
778.751042907189,438.5574352178533,12.323654071508571,30.11339910540293
778.2042899974591,439.6793964382934,12.05042705709192,30.00127695598182
777.6221768987548,439.2201885240548,12.03014998894082,30.331512735502677
777.410426185289,439.06608118294827,11.936708921650506,30.505480051512652
777.6375690413918,437.2984251638857,12.324264428017273,31.909528201312302
776.92523245715,439.3002964493881,12.718595876449903,31.34102032327331
778.6099294589241,439.50443191473346,12.711894201260383,32.41359551709212
778.5463013924331,438.388860255718,12.997948308996307,31.108278889908373
778.1256629790261,438.64990626114854,12.775050012970489,30.250471899774567
777.403617096238,438.8463355608024,11.961804348357704,30.116927034413344
777.5792666832331,439.0583802161724,11.530212126909888,31.406502323287086
777.9898809447329,437.62258825660774,12.001962012045706,30.12205150530168
778.2646911365255,437.6142700491914,12.019038587674919,30.357163609440754
777.573319261285,436.6073742547417,12.668515714258799,31.170941444857394
777.4752579030077,436.21873068090883,12.266654802534466,30.51046732345234
777.6859749864037,437.31971234964755,11.914980007028547,29.551142216112822
775.264146103429,436.57313297206866,12.239112491707214,28.58232921618354
775.6843124919129,437.3675454489201,12.398223645807395,29.51761692760192
776.8009840531992,436.51522533544926,11.763241679099398,29.707500060344753
777.1506480728797,437.4507134971306,11.647147170390518,29.878991576194508
777.0882502959547,436.902408459899,11.314598395883811,31.20350534581584
776.8426883263833,435.1326126948159,11.299292179452944,31.00702707651042
778.0602116971899,433.7104160480802,11.602261191284143,30.736756198865578
777.7700711650377,434.8277381848296,12.511588189824817,29.955247254182808
778.0771465294953,433.8361013028599,12.154733041264397,31.072817010161927
777.6673230840108,434.8982997650335,11.864217472606807,30.366307414295324
776.7216375539311,435.99309249984424,12.181765001044297,29.20171894579918
776.2827271615631,435.05611174299116,12.124969299926384,28.948639910100095
777.8300122501643,434.9945655245579,11.673171711666951,28.35582974183891
776.6812691591514,436.5080961365038,11.837967111397624,28.020651638179892
776.9083738254309,437.20267310875386,11.830677814989151,27.455229260289144
776.5345109298102,436.52579577121605,11.724589056363717,26.899283688306745
775.6675162462246,436.7378154568752,11.741724781312907,28.71955471511835
775.4669408498668,434.53188655389937,11.978398386327378,31.258928227770742
776.5228152974979,434.245475136485,12.163918415862426,33.743705734286195
775.1279531944666,431.0267758517866,12.089125718413564,33.11701168041043
776.0553195534037,431.7014333946594,12.355186413945372,32.618609508008916
775.4748434191059,431.73229159357425,12.69199414850995,33.90466264544982
775.1574009789413,432.3994492347227,12.782110816860802,34.48326005132056
774.2990815444568,432.1319709638075,12.658919400243022,33.7614980700812
774.2980499843588,432.7715561503088,12.50348270989505,32.76852088952438
774.3619679493371,432.86431187853543,12.55921868739454,33.903551061790616
773.4299684520646,432.6420188014813,12.436161752131259,33.01948472059816
773.8396338560124,433.1844945988887,12.857092342357063,32.048644765451094
772.4698027883169,432.47057409739523,13.613041816109753,30.638660892195148
773.9002415305088,432.1454626278923,12.996133853920693,29.068561073122368
773.5273554795999,434.02034737351767,12.401515547512755,29.78488604289629
771.9624017307069,431.9757130139444,12.351462723217807,29.17818152589699
772.625671410585,431.99244843792184,12.258953992363352,29.321547240983463
772.5170455775309,433.11341045760963,12.040737051787461,29.221960889031855
772.0994333862561,432.9315453649267,12.148147215400343,30.710782886610758
772.1795964385553,432.1516212811497,11.975073340381396,31.809785894175
772.0706255830611,430.500815060843,12.11763805048626,31.262903047669298
771.9429290948992,430.67523989246234,12.191915014890121,29.57253289215521
771.4025112526513,431.46620920850813,12.488136355350711,29.277862310334932
771.7076454107388,431.9765047375232,12.007382292990892,32.06187020422493
771.1392836207998,429.72594393466585,12.62692048975442,32.32644494326608
770.0850042900869,431.9302439498416,13.013963659646953,34.413226958980914
769.51247331496,429.48161344798683,13.726217409752815,33.97848534606409
769.6676976325684,430.9267988428994,13.913324531289028,33.68579492156375
769.1282309117867,430.55212872364194,14.42405826423694,33.70275757240027
768.3225872653946,431.78539228227663,14.216718344344926,33.1179980874641
769.2521342418962,432.8744888260736,13.601874587870665,32.878768948615246
768.603813299499,430.64236437924404,13.960636282363101,31.19129732360536
768.1703318079425,433.2627164639032,13.749009975445528,32.02273835860905
767.701628523933,429.6236965224288,13.91234597540942,31.320758379689025
767.2212098628133,429.86708975710184,13.763772982550444,30.344828483280672
767.8775192240498,428.5327884246461,12.930774107543073,28.855296568401734
767.8681205792057,429.6285088662098,12.001865839004978,31.735540912844115
768.916178661273,428.8460706825684,11.888774826183216,31.415119462636774
767.7591337685676,427.99592077542104,11.8222928913959,31.49502623330588
767.7506907498727,428.4995771550692,12.476546461149727,30.124122540139727
768.7674601820372,428.90872323828984,12.876952820645563,29.80511797642088
768.0119681156748,430.50469229834687,13.333820413625428,29.5221219340004
766.7803485089867,429.68904765003566,12.958697262504662,29.312410191292262
767.3581890825884,431.5653962900276,12.320901645611709,30.859040083413475
766.3685637875965,429.34705096753254,12.53415961254636,30.471393952649343
767.0406364874599,428.2874325467473,12.594632416869308,30.480951901148618
767.5145900389905,427.35377553213783,13.139321457069745,31.64529104732458
766.2289745070267,427.4689141858801,12.343001439657574,33.82280425560539
767.3182807542959,426.6869623788078,12.68311903192003,34.04815159597601
766.164839311404,428.637498275035,13.193238423742457,34.08461765989507
766.5960769571435,424.97230645266137,12.852659733442387,34.43323031730367
765.9564397472403,428.3863471915364,13.075996114815204,33.82614695200007
765.7067852093837,428.8911118721224,12.913754405597867,34.44140671276993
766.902402404206,428.1779884367452,13.108705309156662,32.73230822199416
766.028703908044,423.8598341645299,13.35266946719782,31.96728149946287
766.5845968869643,426.1532269197811,13.61288015136056,33.91024224411959
767.0003546695657,427.4166879674652,13.436011945794114,35.104703437421136
766.5439319814499,427.92207415328556,13.171224872709605,35.957969697436084
765.9907359651196,425.81860917043286,13.553479764345067,33.92229310824617
766.0489777243129,424.45559314858934,13.612371806046813,33.62298844777994
766.6181246066358,424.7990037943076,13.47848216748626,33.690612647374785
767.4661567076597,425.5161827670124,13.002928067709066,33.869356388410445
767.5062634266648,425.7232747765686,13.123848608582781,33.71331514922844
766.7686522491238,426.3333006831692,13.117880118706527,32.39352651291757
768.2613825246825,425.2435101455187,13.715681469770333,31.219562567381416
767.3430624059139,428.1719656300258,13.529909659532485,32.159716827769685
765.9710038039809,424.7767789223388,13.949572003111633,31.140706656155352
767.510527016102,424.5132072336601,13.217087566730061,31.3599459838462
766.7658303721634,423.1154776191187,12.825507623785168,30.520820036658577
767.3544371003264,424.2945386173809,12.154525618497935,31.24500556365701
767.2178055921379,424.155606973051,11.379507016487501,31.782254123658042
767.354071023944,424.552240814932,11.239432303619838,32.86586228768408
767.1812470744575,424.1475358132571,11.405594343587236,32.52299741480631
767.8332425958587,424.81492101489215,11.653044824564944,31.328660341890576
766.718934372412,425.1406984114598,11.687298895392065,32.490600098845455
767.8607427968423,423.1498259890401,11.672336898963694,34.07292382702241
766.942155048666,421.17264756124297,11.775239549134994,35.30517319277037
768.490681851144,421.1514604536158,11.933064955358264,33.87106440336657
768.1110423135634,421.6984169037352,12.164910081105047,31.806440716517628
766.9915095216461,423.9852180487203,12.449856506308523,30.656684669601518
768.1949595244429,422.3378701536932,12.489755671894692,30.319244587031356
767.924459073128,422.4772225301702,12.422413516848785,31.246044065019287
767.3660530432227,421.2640987703269,12.188094895136324,31.260368768672258
768.6274261553299,419.7402454049882,12.415035299269949,29.79861384958575
767.5076305390866,420.3784102402297,12.180448947846413,28.849168515224502
767.9607697808855,421.70144852747717,12.479906732666404,27.558407463652323
768.3697371398474,424.1778147428478,11.940956552594635,27.126861810369896
769.1675085087996,423.62253878949434,11.968062390030944,26.55076668242889
769.5597920553947,422.7096048292941,11.821346829702415,26.83632789963608
769.8343160122927,421.5390055421448,11.945514443664571,27.60146236973628
769.1480542717363,420.9147136200959,11.687611502429988,28.20777580582795
770.304327006215,419.98520753965204,11.693519983901645,28.155379576298014
769.2653441245087,419.97743673727103,11.71072407814978,28.990087402291394
770.1560130122177,420.5009583269209,11.860472797772122,30.269525462540066
769.7310170908316,421.1923566695184,12.253609640276249,29.255620324079242
771.1322096265918,422.1308593261266,11.664136018376244,29.794224489594235
770.0977891262826,420.7888208046602,12.045870629657616,28.89922760579689
769.6725676737336,422.03783224298974,12.002362093176819,28.937847766297523
770.9513685036669,420.10868382451724,12.760276535698324,27.006186646946347
770.856037287162,420.86781692059856,13.002666001271647,26.09842459218911
771.7707757699509,418.6151305765546,12.799731230580864,26.590113228741767
771.8828822716573,419.4267124390286,12.249726433104481,27.31496621008054
772.1768395552667,417.6369615735604,11.917047704996268,28.723638849781146
772.3605456459815,418.60634630771364,12.061494617363238,30.835150131888614
772.4834140969023,417.18912689646834,12.294779508874273,31.190363104414676
772.7623339438826,418.314629254398,12.210282819240634,30.6467861328261
774.4256344039269,418.3536748485647,12.85455633796441,30.587660553620662
773.5579594214873,416.40484985807774,12.463663106836862,31.191208047276902
774.7051836238853,416.4253905332847,12.780982742271597,31.033129712048808
773.7044429153699,418.98772942618064,12.941726680009868,30.556007535869895
773.1389923543592,417.6902046415329,12.739637348217085,29.973976625689893
774.4553155581923,417.3731902192977,11.852233594931523,31.691971941622562
775.5365836618755,416.83003530356774,11.407689018929695,30.804029993280324
775.14269388816,416.4301174804141,11.524311958814975,31.50073075922524
775.6366523749308,418.12236132442644,11.983064530646466,31.625555043579816
775.2963119148985,416.26877596383156,11.813663466817511,31.12357795889787
775.8271908519571,415.92280284250216,12.459893931631285,30.252082593374137
776.3825283638305,415.97192581034165,12.354016799308326,30.27877236808763
776.7513405769232,415.0242870648453,13.513433839797877,29.804548321939222
775.5577354280239,415.80346362898155,13.819234149897811,29.927925294061765
776.4202171516821,418.14309058760665,14.199793883615289,29.24806558436621
777.7049419987301,415.7606537785655,14.376352329392288,28.987003503173266
777.2773263172583,415.6539153715462,14.419572002523466,27.6007121506881
778.1877312482794,415.27317313642726,15.457685558279206,26.18172221519308
776.9542373051991,414.6425044081816,14.344004361958254,28.687710974420014
778.5522279201751,414.8913704708144,13.61206510148483,30.434564294825428
779.767989456362,413.99806938063386,13.628315062149497,30.50906753865605
777.7598690682795,417.52429051612273,13.804900854100985,30.269361629440013
777.7522044491487,416.8061914641763,14.340017196883306,30.18014954462391
778.2330315074447,417.6084131193183,14.670840902465184,28.681861577696665
777.5715340137527,415.4999707089831,13.859658314566413,30.171537713901287
778.7952438153364,414.2870437057675,13.582919750369253,30.914001358714813
778.8198365503006,413.63803449013864,13.336663661244684,30.403100940006677
779.409802759547,415.85010469388055,13.611981771295778,29.18219933037311
779.3035694969883,417.31769691539415,13.379358369501109,29.23656887896204
781.2827604693457,415.9144863369665,13.38386445062227,29.790877815630807
782.3440946668134,418.11447665234084,12.552933039131185,29.311275411172193
782.1167464578224,416.0279905577239,12.23692466220837,31.356229251670495
781.6789969835273,418.4922509249842,12.894375870154422,29.817923325172806
780.7660797605272,417.77663300825054,12.949652061971328,27.94411188641468
781.0779777740851,415.6987763497585,13.63691904494266,26.492445896821543
783.0599456675719,416.5389829569186,13.799980087039998,25.598710772881258
784.0256714808944,415.6632667924604,14.214751356507492,25.546359374021364
783.292528660057,416.64405080662425,13.965197264242901,26.296751004374148
783.1735333484017,415.6962558101502,14.454719280067387,25.062648332748644
782.9224627310248,417.04426961167337,13.890911904629014,24.567629255514724
783.10785069964,416.2985689514463,13.758579568942586,24.936682679322168
783.5408058391108,414.5441029136241,13.36139878198696,24.497846403648722
783.6378837080083,415.2020754674541,12.781236071260526,26.491260245181493
783.067284543098,414.7616528317635,12.717008516949278,26.937731403471197
783.1569894517131,415.16403317721324,12.945823867799355,26.81179842911125
782.7488239717284,412.51663191012284,13.139494795897999,25.927063765229885
783.4461189318168,415.47698345018387,12.504162411429231,27.38575931135003
783.1931916676791,413.7942330328092,12.237902053297383,27.462079982019688
782.6818361305789,416.0448092292573,12.703461682411024,27.292780264855494
782.3932567201882,414.6055369534468,12.781880146921827,26.966370002001376
782.31698003936,416.16145721651435,12.693148670074947,26.654604131945668
782.0500684376597,414.83846878264205,12.102258210823257,26.863839956260946
782.2529019359358,415.95015577163593,12.123081295998622,26.924986161409795
782.273866360087,416.15420966575874,12.313697533080564,27.17206064121485
782.0904200051249,413.73356745190756,12.347486437439489,27.34736988781996
782.9756384503034,413.5228727186482,12.31527665307907,27.22770777475919
782.5512693864861,411.69732106535145,12.262605256391149,27.48363130967904
783.0574831515131,413.5871172985227,11.903015524831805,27.680880835164714
782.3278177670367,414.3710326485412,12.11041334602262,27.04101486331022
783.464384595606,413.1287465152183,11.97380167559419,27.7161933603876
782.3868760321557,414.54862847261603,12.256482352341903,26.56795625243604
782.4098753624309,412.86546797226765,12.252588426170895,26.556108889853128
781.545150014326,412.50293222380697,12.277010864640442,26.401088779388804
782.5317703243662,414.62813230550364,12.194363780078458,26.37750514029811
782.7019967230185,414.1409979084992,12.207642228301827,26.323499877154962
783.4194888647924,412.03656459387713,12.186465724562241,26.6793393821412
782.588501068393,409.5673231691359,12.315410182515304,27.594652624035618
782.7813805385234,414.98714846013934,12.538498219411894,27.417846565146245
782.961649180585,413.5363268995604,13.451500745151368,26.025181618235884
781.2031672615444,413.63343177688205,13.372559821668771,25.982980168592867
781.9961555139391,413.2009159222209,13.401539748260657,25.904733383792657
780.9577551755641,413.63736345975946,13.308252174871862,25.992466903523283
781.7834519331203,412.69267854813245,13.206724598112302,26.33835092784699
778.5854465740384,413.7945149349129,13.466082835243352,26.125357334296673
780.1482177898112,413.74554493330544,13.70999101978878,26.270176311528033
779.2100621552443,413.04411581814315,13.466841398097804,27.02345425453818
779.0086117157264,414.2519351321966,13.414361156984853,27.33985054819603
777.083510649923,413.5407668631794,13.420131721025342,27.299589292041468
777.8207245083622,412.82473814421905,13.531651514107173,27.108465640979666
778.2676160058448,414.5732216002953,13.784096578626695,26.922133526324423
777.0145357908292,412.8240541651174,14.232813841407708,24.687103085406548
776.5197600761164,412.59006102642354,14.414600871252343,24.233453239414363
777.2681451621871,412.1276068149913,14.473215425634836,24.132487603346267
775.3613056417797,412.6227571304554,15.567164724687828,22.130341023814758
775.4719564135069,413.8251257558918,15.145887043044976,20.845286504969465
775.2620232037689,414.8315592352463,15.13611619178621,20.540724275400038
773.9064185765643,414.6880786102309,15.192210108394772,20.121496087696002
774.4509682723781,415.9686875708295,14.546028910178022,21.279107293482276
776.1165099448531,414.5453322253615,14.031138944671547,21.054476447762003
775.113653352395,411.5139694262818,13.313981242674949,21.80859647541852
774.5661562649459,414.6734754861778,13.395009234461986,22.18581238964516
773.109731129753,415.63949065954614,13.391377275267077,22.187989727000605
771.8049425751508,413.7328661008497,13.391331827379279,22.187265616676836
770.7019645435904,413.9993707221508,13.391258333576927,22.186897202355354
772.7122315674802,416.22128675803174,13.28427019811177,22.316551055953635
772.2315111694218,415.2402602090249,13.349129956776272,22.230120387528075
771.0212206896327,415.31376553315295,13.36028734375269,22.276269310227025
769.8554353624116,414.74543785603106,13.95883474314681,21.761412514912607
768.5808557987743,414.0189542201323,14.35733243605026,21.516999028609174
769.3683606261218,416.05119734474573,13.925271926138883,23.003102093103408
768.7706751146865,414.9407909892258,13.990739825777169,22.68145334539416
769.468756729779,415.4447604642774,13.675455686836212,23.554848415980636
769.2962154922218,413.0036694770095,13.693365270116473,23.504188783802334
767.9536955793498,414.42011807433704,13.360863933027597,23.888871876896175
767.486543866053,414.91921444080776,13.189893044908462,24.25403832244617
765.9613917630961,412.20562504204656,13.388482908446514,23.485503438235217
766.2421764148545,411.89675431253437,13.388636432496615,23.484522752650822
767.0022253656293,413.0953478491004,13.481070027359198,23.12706629856737
767.0505842980333,413.6583884104933,13.53742328394183,22.943083724300074
768.122219305963,412.9451408475825,13.539601641417333,22.93656066486797
768.0958363574184,413.03784147004376,13.539707277926002,22.936257777664142
767.0643193471158,412.17156252362906,13.541936490375095,22.930601838554587
766.0619317011875,411.995134420332,13.542142281616682,22.925052554189744
765.6921999073195,415.33040367946376,13.53906621290121,22.929988161499836
766.2046857595952,415.8042299708249,13.55901219605467,22.494317843756956
766.4647994529876,415.58751482774204,13.02505051735587,23.109068507527745
765.1225902417045,414.65184927265545,13.123224916456877,22.690723116888982
765.276348354463,413.72714571863304,12.43723664621101,23.910967159228242
764.4965906197862,415.39322516128647,12.977591920857511,23.58161216358043
762.2049963409415,416.00462739965224,13.188381481134337,23.07058400625605
761.0612437775154,414.0661328360576,13.225321723993117,22.83411123835282
761.2881716768886,413.8907731839941,13.684714231004818,21.256645058055227
759.7046429562679,414.25602046100516,13.657765318185843,20.919424053049877
758.2270027117294,414.7246618660612,13.467728300463992,21.286792270716397
759.5665481321942,416.7526826154106,12.8277823608646,22.7011684726046
758.906763127467,414.6079760036999,12.218743925945041,24.268179916224156
756.8474064714052,413.9229033323015,12.183318296925194,24.31966258344976
757.6944377413951,414.4643959699514,12.297991722276208,24.682357848551995
755.8789204249975,414.1514517891749,12.304057055696447,24.730011641693757
756.8985629599375,415.7682294645085,12.272112112112975,25.330011193067804
755.360515037779,415.6078604109067,12.690747422656635,25.09515501672149
755.0861694590416,413.48396712349313,13.08400436394144,24.694451184544572
754.1363793728754,413.2801799834632,13.125806407883958,24.635298720390256
753.8673152335884,413.7967596361392,13.749756428034456,23.982792039584012
754.5140575455905,412.43853414989553,13.785555900949893,23.908226618394963
755.3482546747196,414.0112410247522,13.882476780310965,23.64501516818955
756.4334692563059,412.09137740521805,13.862405604040669,23.65217535136096
755.2705046516446,412.25864042201465,13.861953959196693,23.64781857665501
755.7227352050409,403.41987009710743,13.634259882120901,25.058499323183085
753.0368794234138,414.7146444925089,14.40877753344537,24.383658054508476
754.1687575989829,414.4902226443109,14.5385762266427,24.36540805427771
752.9133236077172,414.5882582600121,14.64777726183156,24.404223471438627
752.6529111419753,412.11277648643454,14.66615578509062,24.731146850895882
752.6094759208177,413.8602089064436,14.925497052021907,25.462052830650414
750.2490928728997,414.593371966381,15.02990551662747,25.99033493425638
750.8593277440616,413.54901394496585,14.98685160957515,26.215504642502676
750.4421436771374,410.3975636076429,15.059867621955462,26.22414474598506
751.0163238611307,413.747430531807,15.02670978294087,26.584145255729275
749.5413229663859,413.3860132538535,15.022475913570101,26.5450349398353
750.1567762059667,409.28367473299085,15.019442630232094,26.533429200794433
749.5561144654586,411.5287026236968,14.431947415363123,27.36070806321737
748.9639733742674,410.9724776635437,14.243196149173125,27.536696947893894
748.658412712247,411.6749515580143,13.94062587243956,27.835781572231753
748.49840336753,411.5635121652898,13.324249536506436,28.91938629200871
748.4918381593959,412.0190109514781,12.784164475825222,29.47914179457429
746.4873083076558,413.65932847444986,12.870024207686587,29.370243389661024
749.7167585691762,411.4521282867804,13.062694968470174,28.49043832820267
749.0771776144707,410.5759055965739,12.928734059109544,28.64196533589201
748.8779675783042,412.5448783958566,13.286301082771278,28.462254983978774
749.548580435944,412.57783351990776,12.975555881061098,28.4058064207882
748.1453369494033,414.5097136073017,13.103766961882236,29.44191055083708
749.084795808317,412.3567045018459,13.416512340329108,28.960335980898094
748.2945354876766,412.6649065565425,13.587821365336428,28.149439975994923
749.2771492433699,411.5369476244559,13.288187628910586,27.700470479118078
748.9018897967687,412.0423029465152,13.303094324337977,28.024348253200422
750.4956436261868,411.38967371534113,13.177461009910157,27.81407637890601
750.9346986873211,409.22011635579065,13.191288545264142,27.737237269821307
749.7417783842981,409.5364852800424,13.191867024849515,27.732111824410726
750.0015640963248,415.8306967335264,13.348937707333082,27.53556513682288
747.3942723115022,418.7028573345706,13.529368713839776,27.53831102286376
750.0941438790018,414.2783465119723,13.578941875791516,27.43113798231931
750.0295482897834,412.7099569849315,13.579137183087147,27.430069341820246
747.332571084565,412.0012582887532,13.588900299913687,27.418287585020142
747.9615005719442,410.8356870035076,13.603591371832012,27.393821155568624
746.5201994749345,408.7654968716064,13.626908127150775,27.332493321821193
747.2133722084782,411.9189499674892,13.705087273924494,27.1296135804415
745.3303733968324,410.9940962638469,13.71091015385905,27.12074505855661
746.3724966275824,411.1969680019437,13.843464058114463,26.926898236969596
742.8482457995926,412.87923653819524,13.83851362142773,27.00563647899927
