1760.5,509.5,74,80
1759.9742123911624,512.6558566381157,74.93309329824831,76.90367893564107
1759.829119737252,511.73606878005734,76.27402334882821,74.12773312307931
1759.1086114771817,514.8190734704575,78.865502687755,72.23124509272293
1756.5490173117944,512.6310874840901,77.08029943053445,71.87166954076582
1759.7660525862675,511.32395524240087,76.02471979201468,73.04173320182966
1758.7975316514992,513.6205315636712,78.40702744425407,71.20163046299493
1759.543297022275,512.6375915017132,78.434820908625,72.73544535324304
1761.354395794315,511.000041460385,77.62691399607868,75.14734391984214
1759.048876420749,511.07660385131834,76.41091851095715,76.37762631824208
1761.5251454973609,510.1240466931652,77.61447042984571,74.25971016294002
1759.6281326402643,510.24016199303105,76.09474796367627,73.8233586772451
1761.298830809807,509.46828690966595,76.0364747263529,73.03014971989771
1759.3335127688363,509.7369619215389,75.93371771454449,72.63375356716288
1755.5590232183933,508.42024251371834,74.97750824580145,70.36932416474275
1745.3402633074577,506.6465950802201,77.223739045939,68.90125093911325
1737.5545430527247,504.9060844873071,74.31122882649413,71.32779085168457
1724.4895095229306,507.28607699004425,77.79857240396566,70.03465307503998
1713.578973489958,506.49609412998615,83.66861259259562,66.46207139083404
1685.9710070660317,504.52472277777593,85.84428357228148,66.23502368280867
1661.467583207352,498.8759731104984,83.11046445998596,66.28674470544934
1639.8179585651485,494.77595244927176,78.27048860520887,68.54922896250798
1616.7627516620096,494.8200109238736,77.89998061441592,70.02461713753152
1585.588368267804,492.102948338386,77.08559400222946,65.31933882968613
1562.4049769922938,484.51123992411954,75.13322202700854,65.23727718625125
1531.5880008089173,481.18581315599124,73.16736155136797,66.50596995076306
1503.4982200005848,481.4340863184457,79.70458320679009,63.24859460877728
1471.3696340927625,482.10983503023436,76.53309630592487,62.384845224792045
1441.4781398901698,479.15968545422106,75.1909352959722,62.1647483082797
1413.5075703570817,476.7239861206831,73.90275650350034,60.3377093184298
1383.769958132114,473.61848327404005,70.40619549111375,61.542525880617625
1353.7663743967526,469.9697665624974,68.95557944938267,60.642068726258316
1330.7654122539361,471.1641186766136,68.55264588684963,58.39765768276706
1310.1786553923487,468.3286971218181,66.43308235455837,58.98626675376036
1296.0582846148768,468.35218687689144,68.03574335759136,58.14212409888846
1281.9861147235958,469.0436071252656,70.02629449639923,57.30207571816355
1264.9864245397766,468.7798416054035,64.92895515307961,57.93971392147427
1260.020612243986,466.5037924980458,60.89527481395426,57.38747078557587
1254.465153336157,468.38440529871764,58.82760903118081,57.53130298393656
1247.8467769663503,467.5007501272468,56.56201017198873,56.940598868421596
1245.6447454408462,468.1182329925894,55.22993288442231,58.296481798059084
1244.8481701716566,464.8319119933101,56.54142677774404,57.86712527983054
1242.3495699936846,465.54503205834726,56.1160928221849,58.56614555472289
1242.2614485262523,469.00638327218894,55.17152590109147,57.84251123886901
1241.3164460804257,469.0814678144756,55.25313920969531,57.4824601381667
1240.6515205014705,468.7995242293555,53.23701440678786,58.477153879942776
1241.161346303605,468.30293317512206,55.34353611037337,57.60551510713573
1240.2179929047388,469.32725088700835,55.12583219506377,58.73981375705645
1239.4744135336696,467.8289158907489,55.94024400781891,59.80226964247042
1240.9049671341559,468.2296724516885,56.6615666208443,59.57961643347241
1241.1772619561532,469.5569954444028,55.74726827684618,59.56623590238655
1238.6614370781965,469.248609710748,55.17705427145988,61.397058168027
1238.6026702304457,468.999595285466,55.78405959120591,61.49057965265425
1242.6465228008942,467.60343626756946,56.12979805855279,60.888086076221896
1240.0882506673547,469.1880690295885,55.27263270498008,60.84475528249584
1242.2299125029604,469.51622476977013,55.668096844280655,60.35027024808972
1242.1973155238268,470.5033864688252,54.48372233678633,61.856584829795906
1243.5745266655626,469.4883552641494,54.512077717736005,62.12143206890781
1240.1892056999798,469.1877705641479,54.0694971731226,61.773623216882484
1235.2308628769426,468.00217302998664,55.0524584053186,60.48749827968024
1229.569436269761,469.6899951933466,55.94782676533477,60.58434109765021
1221.5183919460321,470.09008091849387,59.217238848994754,56.95627606968567
1211.174335215279,472.0082072112207,57.2222991167246,55.42271028849724
1199.7484335101062,469.7816638228927,56.81046462659809,55.68758544221852
1186.6612490713471,470.3973626502598,58.513759820672135,54.1091701201333
1169.3443500720246,469.73805538231045,57.453718061866404,51.99730891901973
1151.6887297460785,466.72022889996487,55.353200154712425,53.89209330604233
1129.7349877447036,468.3011647668768,53.11773270672697,52.949444701641596
1114.3638978639333,468.9034255421469,51.69712297023502,52.956050865411214
1089.5104855857496,468.2672255728185,52.56850654917194,51.644543383470335
1072.5042780114711,466.24303202727504,51.89006758904772,52.618602136924494
1056.1944307256647,463.8320055917901,51.85367263608558,52.42689621260736
1035.7918064296268,466.6475781768169,54.67927741750911,50.65072008969753
1023.3382368276987,463.4542855626929,54.64605013583877,52.48206862262991
1010.3854150000008,463.1442071786701,55.98715191658282,52.433150581744
1002.7217503783542,463.7306458456416,53.90831113577073,53.865816120251196
994.8975939961543,462.7775221243993,52.19645927369232,54.618770298804975
989.4007086060352,463.2897647978027,52.43925222324077,53.58458976756134
986.588641680579,463.9283024282968,52.5710315651787,52.1938182658638
981.1666548079465,463.48454117404947,53.96026668296377,52.156035480001606
979.9584172567392,462.28772642685755,54.45161334699389,52.08150688793293
979.3141606105988,462.7699394195564,56.24336830162514,50.89907009718273
980.0563943966189,462.63779647753705,55.14106480465253,52.45150788552357
978.6270326334687,461.0822591833469,53.80092043042342,53.35882264223919
975.3600625872251,459.9419716398318,52.60183884323906,53.9287984592073
979.1491557473976,458.2509695497137,52.53123118877986,55.35328188202034
979.2807453191456,458.09871336477875,53.724849935978746,55.91843011806269
977.0900789498057,458.3541755742341,52.80994945529399,55.29548623122278
977.6983809862339,458.5075819922298,53.335124602085514,55.90421177219518
977.7663717831977,458.69075571818115,52.951168793335114,56.455974914653304
977.2721917303412,457.85865266430045,53.12130562456526,56.38980054232344
980.6047759447016,456.8269085386592,54.22051871011335,55.383246035515555
979.6291948100296,454.94238696112745,52.83172270467307,56.882612449789825
979.6828333094339,453.274526918019,53.25696841068624,57.55453613333044
979.3197764641474,450.15415931491134,52.882437977444624,59.883141976342024
981.2597358863554,450.5096204513384,53.78133516054828,59.14830110382333
979.9057653422769,447.762008373106,51.88103836206672,59.716775846374546
977.7066982920302,446.23557761527763,51.439095369574915,59.082300478839954
978.8287403214343,446.9513546078549,51.03699981802447,58.524879265503955
979.9957736477362,448.14167073565534,50.82866116590334,58.35981368139886
982.3519836671649,446.3219643227229,48.72989113148466,58.920856631827654
979.845156165472,446.8840722122169,49.95565782918878,59.07685859822515
983.8598410796923,445.4479449779415,49.08835409111746,58.592150580901176
979.2161291417368,445.8723496088814,50.51658404864983,57.71643795696115
981.1536287261331,445.42031399080213,51.373758025116445,57.54989617818298
979.1275857203692,445.63526330876886,52.229646367907634,57.43096246118375
978.8787696557124,443.44797456724086,52.34335371325409,58.04027146983567
980.0051426344471,443.7138612416172,51.96660261177324,57.705560965176645
979.9690010642598,441.773954386036,53.14729163990148,57.2482041884418
980.249586678507,443.6100659210329,53.85344608646827,55.93302280438738
979.5854762195615,441.79473129341545,51.68773106024461,55.71610840762061
979.6886862332834,442.90483250870676,51.22311458245009,55.00256587032186
982.5514985844926,442.49597876372803,52.588149910399636,54.559468661523624
978.9696285617549,442.4508426477997,52.1093170786662,55.206589184898874
980.1487519304017,440.50875092572704,52.73533570460674,56.47551799398188
979.4578254110303,442.54134478605243,54.175055735899775,55.8344635206564
979.8964030122589,443.9457517102184,56.11239358227596,55.38873613689127
979.9961020279386,443.8064365264843,56.00631264644109,56.14875183286456
978.7007527885036,442.22878947570445,54.02715212100542,56.71809314544287
979.0890640090003,442.5789310007032,55.78815356756413,55.61536721090106
978.0407197810226,441.9618148899488,56.11310956653408,56.719197043145144
979.7932746489597,440.4977339610826,55.49251907072993,58.70989158823518
978.8942960941614,440.6563446344646,54.37265556424716,59.500285322951555
978.1633295924805,441.90896620029014,53.721180429263924,59.33803948101526
981.1393156690606,441.105394646295,52.72493036786811,58.83678709114349
979.6584463519248,443.5890894551139,53.01611448812881,57.549842432581386
980.4433215556472,442.88093694423424,51.50102401267773,56.9562046008932
981.2351039574861,443.1290920320113,51.07981377734265,57.48816422688259
979.4063224436179,444.4648753907876,53.52647480253489,56.250168393160536
978.3667679108629,443.97980443612107,54.03489542238218,56.39679878301277
982.2279678557113,443.3907403700404,51.980893477317494,56.85473690970824
981.9787591321951,445.67009535511994,52.35975579946363,56.56897263005165
983.9036492387265,447.0769680631624,53.20728828191717,56.4714674784735
984.621689284753,446.81424326881483,52.072558179669386,57.44053068365508
984.0932133040303,448.3556219799163,51.224850107844695,57.44383380434665
984.909736206553,448.39443158998597,50.808796100805,58.20307232758745
985.3402204287163,448.0477445816783,50.89959463040175,58.89100089702144
986.7960919094785,448.7846776779929,51.63096102425763,58.15340663763459
984.8460340381016,450.56962896936375,51.274929252097394,58.93374802041253
985.9954131186244,450.0068662833238,50.821369903244886,58.9947463047024
985.4505322451414,450.4381888455249,50.75002064435993,59.45091187399285
984.7423968710594,451.22722896548476,51.20071611724617,59.668496097063226
989.0563825429334,449.6599566126565,49.25706213954028,61.990541210316884
988.4281493365173,451.8843534904714,52.5381736360571,59.42032622660816
986.9408997562929,454.77574483520124,51.71056045042333,59.45138645593353
988.6881865103245,457.10571394899114,53.87473221244992,57.60378242025256
988.1459270271263,457.9662037323551,53.95155701349211,58.964539140940516
988.8250409517638,455.4483953289071,53.442465973428824,61.38407795296189
988.4520178667316,456.1428929805464,52.986215698433895,61.05136155528813
988.7341967683262,458.41019623803936,52.998385162682055,62.5849880140692
987.1039651653697,460.6687938963876,53.69951301435906,63.289625206498854
987.0585996188878,461.8420429920636,54.16503621759436,63.948914341670346
989.0931693739058,462.4890165782509,53.53198616460952,64.3321764594182
987.9469908060157,465.8273583627201,55.32786240762508,62.64124713341732
988.9393458086902,467.295181336117,55.77910380303487,62.10282904057571
988.4772358203357,467.12772884982365,56.792256594620994,62.19036589577827
988.7990630325899,467.49768311641304,56.11246882808071,62.093097050583125
991.6357579821705,467.2257748635993,55.352043202262664,63.55979374491034
990.426443452061,466.4101077913771,54.42753594907998,64.74750197388757
989.893854650287,470.94514764505743,53.351071883703305,62.74675935411085
990.9469150331452,472.2131642845224,52.40030120844665,62.66298587171437
991.4149852564277,469.6278274457593,53.8807856700943,62.80556952222642
990.4713589939636,470.63360303410235,54.1246007231891,63.127573156000835
989.7434896951156,473.4912084416097,54.738788909934186,62.4343303607905
989.8582643639542,472.8606521824817,54.679155134039746,63.552897990214674
987.5154736108744,474.9182317276641,54.182201799693345,62.90483348257775
987.6466613701965,478.19323257052804,53.9835512139408,61.5897584177651
987.1347536584478,477.113427992968,53.2234350324385,62.40165239600097
985.8112058144652,478.38553462227384,52.90488630940226,63.230497638314276
983.3863206350129,480.60860898496696,53.248156212618326,64.56675270763054
979.8373143783808,480.7340826094088,53.431746193071376,65.19848506223524
976.8522954054781,481.40077289617085,54.61996883252996,64.46549613573882
975.308500995812,481.81048302676624,55.922608927147,64.7229631485217
972.1782813632981,483.6339788292869,57.643627405284136,64.94537741829438
970.1784324821668,482.9921331239012,57.66137432749556,66.09627382857667
968.1332592447247,481.8497841339826,58.44182888824069,66.18240687144213
965.2802934381909,482.05542875726053,59.32766036834657,67.02769955076046
960.1782996217721,484.0345023058688,60.159759245423174,67.31530685885005
959.5258754352735,483.8190633139268,61.261516932727886,67.64261381751157
955.4555701122677,485.3042382262742,60.364266540321296,66.98223518439417
952.0055002616253,489.0046603695505,59.247000949481674,66.21603253599625
948.5052043964375,492.26323182010066,58.494168854064625,65.1412320054056
945.9562679130612,492.7024555959099,58.39555391508257,65.06906475574505
939.1335454738779,491.69559836542265,57.31804887889825,64.90488763453287
937.3750861637484,493.9704432303582,57.68558986342088,65.0351136557931
932.4917715315157,494.7731028244349,58.64822382967208,65.57481503595864
929.7174357157046,493.9341781128336,58.48618189799918,65.54040522801512
929.4324086645296,493.7717393887383,58.029447349909034,66.25243194579934
929.8690599861783,498.1928850795892,60.0507591088419,64.84203037683291
931.7928708557197,499.0533189750582,61.49279391380611,64.18275871620001
938.0752258695886,500.1479420741477,63.54813166665999,64.40149849451326
948.4530255169005,501.043130469227,63.312867927988506,64.93084258969812
961.3535202402331,503.6028984363604,65.11527949657842,64.7912689222888
973.7374482194891,504.74372548686915,67.93856392191027,64.66219114084784
995.1804845284088,508.58311961377325,69.42367589952241,63.75379246788326
1017.3798170650465,509.6693798997645,69.75671058887542,64.11033266413637
1031.7093827605922,509.1394080852078,70.5291300424042,63.96380958921248
1044.53745056857,512.0008761345719,70.75473648145368,65.59936442343371
1059.3205645453716,512.9923718217326,71.90617950638823,66.33661542093259
1065.8156703949217,514.4381235990155,71.33228922160401,65.24373127940913
1077.0661594886083,513.433484622256,67.11372912020522,67.93225225802408
1078.553827396416,517.1169123014107,66.19946615650585,68.89361633439395
1080.7797454033039,517.1505261585105,65.10962325284844,68.7875696821518
1077.7347889604307,517.6901526560393,65.71239762448533,68.4838527626239
1075.5938719755325,520.131480132176,67.00443476618202,68.5937753610161
1072.5333817252924,521.3600234198068,67.7320412433736,68.87528687061615
1066.4083578671803,524.3539294252114,68.44198652788043,69.37923203849998
1061.177617806567,524.727761361934,70.93979864136148,68.11409404964635
1051.4556372368727,525.3140622950779,69.99147119977795,67.1624522582896
1045.00107428567,526.0461734748426,68.22837047074488,68.55345820146601
1035.4211732638175,526.032333916497,68.87308338319633,67.00807678199865
1028.3027888084991,527.6431253456101,67.24208077797168,69.36557626720068
1020.8597450892088,527.7723422982707,66.22502587689013,69.66886474577154
1012.6990452530177,526.8712347397345,68.99778876595171,69.00568139605224
1003.5421709598621,529.0473112449492,71.78435582085858,70.08932869791566
991.200687195511,531.5471555543636,70.72979976284776,69.8950789847622
986.083066095837,529.637511022287,69.2221414136981,71.47728234563291
976.4235582151937,533.9677702399647,67.77628254035643,72.5674044968195
967.4080710331489,537.1955249539069,68.81809799918847,69.78248231990244
961.7285629526342,537.0197044071,71.08984859477418,69.39447046805671
952.6087949946293,539.1964862462652,71.27471642635135,68.50318344694156
946.7508785831536,535.9768191503293,69.48288044092556,68.3829669387642
938.2342613081772,539.1678633027707,70.11596271850426,68.05408764260011
935.1524514096154,536.5556602872722,70.1528284175289,68.36459279485265
929.5055193596454,537.125196399176,70.20002488230014,68.79495007395778
924.6880516492057,536.5681302228566,70.74945858812998,67.7398249090817
922.5509610767441,535.2104513445919,70.31345932336623,69.05208984535105
920.9532571327147,534.3242786493017,69.71287077193992,68.29297349503798
916.5204608862812,535.7945229336684,70.57453573191887,68.63223653743685
915.524468685342,530.8235646762854,70.70919417593413,69.40822968328784
912.2681553429102,528.8000693926202,70.07644454041522,71.84521007248044
910.814871110893,528.0777308919762,70.52503278280614,73.24196023310458
908.5501075779828,526.2313497049324,71.53974740557814,74.17688560534458
905.322639572016,527.5927947460007,72.07905088721436,74.37562406153586
904.2574597308491,524.3310828995184,72.72713666463551,75.83664531434249
903.9494173834994,522.8874999406844,74.04188913725693,77.08780345241844
904.3925243007803,524.1456811372601,72.77332973454332,78.26354219342925
903.132436258178,523.5445642012459,72.98819439260464,78.51058809824843
901.0194779272696,523.7437146001423,76.3943306602103,75.77428957690243
899.4784065562106,523.1100553115995,75.727827858833,75.45266475969586
900.1694103903634,523.7578865676439,74.34348611420849,76.84479330160195
901.7732338712983,520.7189751568319,73.27281013393012,76.37094544016173
899.3657376620923,522.7408340706448,74.73627553396003,75.2943466589224
901.2096495557827,522.0672821545907,75.65662250359773,75.47860807049202
904.4545056447811,518.7931590820011,77.3922882295114,73.98387248136501
912.5726531463332,521.0265365802575,75.55402232829744,73.5351121663181
923.1166847616537,520.3019981396467,73.39045875365753,74.62885742956063
936.0150955954082,521.0990165414157,74.7188629876191,72.81936005668268
947.3873910758447,520.661170779928,76.4910414385379,69.0109236982013
961.2345547294661,520.7286521517277,81.55779149636034,66.48616794076038
987.3154476437368,519.749128806345,80.35301527616714,65.82418330969152
1011.3177868516906,520.0690429259106,81.7786406885686,66.91249549249237
1037.3944658559421,518.7518443753982,82.7242262437193,67.72754306451105
1061.4692400031422,520.9026072087355,87.07081012041441,66.361413856296
1087.8629828493024,520.1092034365718,84.50688166025841,66.47859091422251
1113.050828311784,523.1234268633451,84.54417982120029,65.97612121952461
1137.4519363062195,523.7910059552557,84.13961573787108,65.7573204436139
1154.1005871681114,523.1948362496104,85.1439399184267,65.49177893927121
1168.5667666259128,521.067954953525,84.39768057486265,68.20766485804432
1185.8921809395436,521.2258203478453,83.81196610887608,70.32537066413813
1202.1282654675458,521.780324430361,79.7879775215115,72.63897411421371
1213.2882622242912,518.3687028865854,77.00362486073568,73.99679481055995
1214.329051893944,520.2167012320086,76.75600285502189,73.48252082992482
1221.0008545727906,521.1616457328307,76.8236831629475,72.87384122129657
1219.9049646029673,524.0235114694466,79.84329771205284,72.06169433541456
1220.4412452516488,521.6031267997449,80.6937820506932,71.78060992569615
1223.7906478220198,522.2151906471645,81.85509591013965,71.17582828598071
1221.1368361554598,520.3899373506267,80.97828974909845,73.14855229226717
1224.7982642620846,520.5451294268013,79.36376492141555,73.8615350207173
1225.395593136125,522.0580093413049,79.22743014720305,73.30481122342707
1225.3203950629932,521.6818041890839,79.11092916685178,73.81083926921195
1226.9783759433246,518.6803564310246,78.76932678550712,73.53309594738838
1225.7479875327112,520.3927839964401,77.42252566844942,74.40189632966856
1228.6665956551292,520.8591918901649,77.36247838499798,73.84735637921322
1227.1921616996613,518.1199169548382,75.74535210455309,73.85424361553777
1227.7169855327072,519.6121448053386,76.58516532086884,72.95504107704645
1227.540808644727,519.6248631448348,77.21799394353353,73.06006402997889
1227.1726719267072,519.4280251426547,77.990528581587,72.01331862296175
1226.8614888363093,521.0300335261378,78.3502126627179,70.94738242664371
1225.3341494835718,519.0354194553416,78.03770125321466,71.76155144522707
1227.6155550437443,518.3082924785324,77.80231248186743,71.46723325871588
1227.2325851686685,516.1332983341239,78.05574787067759,71.5649150539059
1225.0125409341726,515.374356178738,77.14259949008235,74.79039168034711
1225.5141529805176,509.3919523711578,77.8762740824618,76.512633698186
1226.0035473841042,510.62605582890103,77.37351439109702,77.56732465321848
1223.667248251177,511.55003531340293,78.33733406677005,76.69843913114565
1222.4196508631753,511.7821481663965,80.1001070919398,77.24649142120637
1221.847843562837,512.0531307987106,80.03170465745131,78.22900894921005
1221.574661351613,512.4857157346433,80.0924985722763,78.60902738230493
1221.6429052774936,510.6647576679419,78.64253723379774,76.74004173965183
1221.6506923910315,511.6872042852798,78.62557219991334,74.51516503596582
1221.562180022647,513.8674525814589,78.34115950968717,73.13942449368909
1222.3186015462338,512.9033609803878,75.44934038328587,75.10223279501507
1218.7305905288008,513.529942277334,76.53220240736157,72.91908645141604
1218.0776253538043,516.4849543896677,77.58688909480793,72.34380430735989
1217.4868856123633,512.8465319581312,77.14862937490437,72.64163637918
1213.9300860148926,516.0012194709798,77.00370892822568,72.18957226266056
1214.2453581416917,512.4766219853557,76.49740196580532,74.3393363320948
1212.7252106643182,513.0780676611104,77.88151712741242,73.525280731908
1211.7713279027878,513.8419376957811,79.13616735735489,73.67224848742498
1208.1559917400975,513.1520238353976,78.22574953716789,72.7376794108564
1208.4286794095976,514.099468912093,79.12121404766941,72.10577059261293
1207.198609975199,512.7286233905359,77.7023466866116,73.49531597755634
1205.193071176738,513.2213307275558,77.93170606248364,72.55100264206925
1204.3159759273562,513.2833099543066,79.7308683607554,70.69134784739401
1201.4814458203803,510.915989666258,78.01813699843072,72.47967800848491
1196.2469660176369,509.49178934743,77.53451652870002,71.56691522995854
1196.247657439881,511.41245067640705,77.43034898047003,71.61958805081593
1192.9870619868357,511.1201320870867,76.93035571066162,71.69563046872952
1193.7804523794184,511.88875064966555,76.93625772718613,72.24826142295841
1189.2898266241762,511.2866680092527,75.24647885995161,72.09421010944311
1186.8281076577289,510.91154138995347,75.01492328721076,73.19482140237042
1186.0395132976923,510.51482215682483,74.89120800761944,73.46544224778424
1181.1815712134226,510.20650447944263,77.5798337590472,71.8504183420991
1180.6917857917495,510.6541742838496,76.09534121035577,73.2304246802345
1177.804349631528,511.1025714831926,75.38207617078716,72.99039765121259
1176.364326110294,512.8720629163579,78.69571559942156,70.63237179321067
1173.1343441586666,511.457867247487,77.30582840482577,71.25511737766469
1170.226330353424,510.2847682840623,77.01949598394523,72.925928841251
1165.1923728407867,511.92338876996735,80.07036258430534,71.63515437492407
1162.1010088288235,512.2056225713529,79.46260147079687,72.52152744236265
1159.7709233588075,512.0229599153455,77.93199814305405,73.56733842179491
1160.1843041953423,511.786779973191,77.55504227805305,75.09094465818804
1158.3350240406958,511.2503397128363,75.94553337656038,75.66182938983323
1159.5206762271312,512.5407557165963,77.88060720540872,74.06991313055137
1162.6280215448369,512.3271023550656,80.02177900386476,73.62871485944767
1166.294742134937,512.7957617799763,80.16699455551145,73.4866070553166
1175.1308085649289,513.3800611822726,78.06752076336427,73.72013689251725
1188.6755561140778,514.7971015974456,78.6521408443696,73.35842859446092
1202.5457917885176,516.3811874435617,79.06301282937427,71.65278176985954
1214.6923993798262,517.5067633944136,80.81363616835863,69.79906378074291
1235.3115216636168,519.5404925300423,82.29666127141462,68.9793575106693
1261.558504794642,522.404104229425,84.9040111009417,67.84962716101029
1279.6952739131737,523.8108555319833,84.52724144466545,69.69959944468386
1306.9119067383708,520.9423066124737,83.20703127673107,72.37600380851903
1320.0409983562524,524.292369150178,83.46422697749053,71.10717979223622
1337.2754457826895,526.4488379317261,88.43018341876336,70.72959029179138
1354.4170207708885,528.3772700307766,88.13659695374572,71.42638569702775
1367.1348120712325,531.7565344230629,87.42698736207402,71.27860016310258
1373.61008261372,534.1028036300188,88.42851860242979,71.92300969166314
1383.4208055429594,529.8977778607178,85.68496195795849,73.25837096254581
1385.802564479081,532.2961557395241,85.46805452019274,75.86431067286433
1387.4770130680813,532.5297568349908,84.51672010692408,77.07108393528927
1385.5809116972505,531.8331618008724,85.36966254695679,76.74427129756278
1385.8128863683007,531.4665263640406,86.9270071397065,77.96637026828546
1382.5109024221993,532.2943083414273,86.85842585283281,78.35940127227005
1381.8952275154836,530.7188546036873,86.21060199029827,78.33413271359122
1376.1120567519204,532.6078396113436,85.82619159345643,78.19364441975739
1370.5332122168584,531.5676242506473,88.69208631149604,78.02440209606075
1366.660695619703,530.656664771788,93.7837322118245,78.23170918171374
1364.229511375489,528.8089488145456,91.84232179785057,81.2188457075082
1360.4808720965268,528.7236838880423,92.10877187869272,83.49815319819297
1356.7365200380102,528.8324072482192,91.55964214519831,83.66453141574264
1346.441464333746,531.4979059024632,92.6695783006287,80.90550210807132
1340.6693359765534,536.6288324542272,93.50575915318066,78.79565289858635
1335.5155842279453,534.1624605673283,90.86040893061558,77.81331497560026
1331.2170840952033,534.1135794383088,88.93584801093718,77.72621927617448
1325.2519805982347,536.7861115341569,87.41183427053767,77.88579238311164
1321.8940680001176,536.6774380980427,86.15395319666658,77.21855242785023
1314.288641203392,535.2736841390689,84.66423107012301,77.88479222482715
1312.684211503826,533.4945940223201,84.84336326927311,79.19407248910625
1304.283596339381,536.6767207910497,86.46029898840759,77.80831682384931
1300.6844357658965,536.8524323187689,87.72004215204757,75.72087573808031
1299.7926990859155,536.0077020493497,87.0453185004994,77.96417054652042
1292.1793368339293,535.3248360207278,86.06508458416258,78.39672046534153
1286.121974802689,536.0877757042903,86.12659136119282,79.19984761554285
1285.862020528286,538.2364180787683,90.8841162507735,76.33714709473452
1282.964007252163,538.337346152753,93.42580451100568,75.3986308651413
1283.179531064361,536.3537352200947,99.28017548369658,76.0810826081601
1275.5109006748014,538.7629989560752,98.43420590482896,75.14994342562294
1273.912324678817,536.5227414410149,91.22623587868969,77.64862917032079
1274.1321235659864,541.8421124616733,89.24891342207357,78.94756372906183
1276.5883509299797,542.5793791157928,90.0597952275017,78.1336104033269
1280.8028377591427,542.249481617873,90.19112635375717,78.65769239430149
1284.9025175645384,542.1128614242829,89.31362048121944,78.24838492476371
1286.3243252602012,543.4949132804051,88.89561716877512,78.57668145044737
1290.819272477493,545.71727784004,90.65322871788672,78.21053281024149
1291.9536277146171,548.543171916945,91.4951531270801,77.52158428796727
1292.8812429978475,548.9371195846553,91.8546855958291,78.00021745816585
1292.6088624472175,551.6034169988108,92.33545546121559,76.80346597459376
1290.890405947906,551.4563817275284,90.09379400944897,76.73075646332578
1287.8922411404003,550.8478728489555,88.67759892444676,77.93476883371629
1284.851408994605,552.2577469497726,90.15670047158937,76.24642763916626
1280.0894969513793,554.9828734510528,89.56548421376412,74.7883627335229
1279.6173053218022,554.8544625969208,89.36016414649183,75.48658668017903
1271.7939368261123,553.8327553291842,87.0277911964455,75.60040918480844
1266.9659268613254,554.9646608313071,85.35529391518622,74.4833314286567
1259.5465050581415,557.1250500139091,83.86040650023313,73.43981376779249
1253.845333868122,558.4363522572872,83.99108347437567,72.37613845967954
1252.027880076428,557.0993072627431,83.80871428974612,73.06028822426522
1244.5712479078986,560.7268940224124,84.68228024216782,72.88224428684336
1234.4519091628576,559.9473586995102,85.9437928146293,74.52766039762196
1233.9210126868104,556.9827313243419,89.17992501054476,72.8348225085536
1224.024734810183,557.9573726684932,86.35745858330881,74.27627857520886
1216.5810788111776,556.1508343305911,83.37017672629597,75.97698758724668
1212.7184608979496,559.0093603901086,83.41853618003627,74.92907953351614
1202.6378292956329,560.8549563970912,83.4839397958642,73.54991419554104
1197.389415444959,562.8657090884435,84.01156508880995,73.09906576810545
1192.2988548299975,562.248112884767,81.5143573595164,74.50511732446623
1187.8747915812485,561.9329820813832,83.62636321718048,72.53448513434856
1179.3048660865568,563.2459833107449,83.54377188696664,72.45198800889372
1178.3886406804543,563.3032686853223,82.16728246380094,73.57175309587393
1171.5026956082434,563.4480116728872,79.25501403637844,74.5264993813793
1169.0372267003593,562.2371693515688,79.91376092015025,73.38110588537975
1163.142146108335,563.8984681424655,81.07625813813192,74.55358544504836
1160.038559848701,563.0356309962592,81.41073113708657,74.05455116509233
1159.4236293124302,563.8212470225686,81.4130313687304,74.51802789784662
1158.8589541016418,564.3176043655159,81.70381593136847,76.66092243672178
1160.2479362505808,563.3436711663282,82.68678073406036,78.44378686561149
1161.7579520851152,564.4635748403472,84.68839724700439,77.41905105822951
1164.5856757612462,566.0415046545064,86.99915132387433,75.99532632650084
1167.4433077954013,565.7229982558741,87.32358817572035,76.88661988952728
1175.0937540973941,566.7524187862366,87.69931205401639,78.24554726830186
1180.2176145682283,566.1341529074812,86.76396253418196,79.45200240047774
1186.4405529376213,568.398486452952,85.51559767615228,78.55801661191714
1191.447343523518,568.6843706476756,85.3435439268982,78.23477709197866
1191.655758634267,572.0610423024937,87.39330646780598,78.0533277458913
1192.2744186904115,570.5884424116241,87.35102205136059,78.88896308269314
1191.5607362992846,571.134958055135,86.69551235246428,78.28493919920186
1191.255766036297,571.0358219152686,86.42321680899,78.08051098105153
1185.6732377537944,568.3226833272871,86.40154942013245,78.95681698275145
1183.392122030798,570.9105500369042,86.35725797615208,78.5935674749454
1176.441726881881,571.4444120266993,86.74995382482399,80.22518834649654
1172.9756707300828,570.8314421188998,85.86782781275791,79.97164560585193
1166.4116241705055,569.2766026382175,86.78056387894675,80.4359106237934
1159.2890956181423,570.6837622165974,87.67487555840995,80.34176647043769
1155.104375017834,568.7096122517456,88.87362788487542,80.43322423691947
1143.5735357570888,569.5792898522841,87.72408272837306,80.67544128646193
1139.210646770353,569.9707647252528,89.20673669615658,78.8322363239857
1130.3517697608634,567.970118875581,90.12796499142416,78.25410986669664
1121.7943701278261,567.4609781050292,89.35050027161554,79.06752310449187
1117.2206141068207,566.3639582961554,90.3284078724334,77.86118884736283
1109.3907733578853,565.3924421353008,89.1160720403407,77.92679809319928
1104.5466906935922,564.9066657085973,86.41137860103876,78.63626781236982
1100.659728662983,563.0365572836239,84.01800370439096,79.73059236529389
1098.9574482767182,562.3006886170502,83.2205484102267,81.32693449873162
1097.172147405003,563.1956004986299,81.96900042133569,82.29952061542332
1096.989689524627,559.3484785517787,80.5391786299435,82.91054380096807
1098.6596713480296,560.9448468162552,81.21494372844091,83.37331312179674
1102.7095139582693,559.5014077773965,81.65630197790108,82.73929664039557
1106.51290524323,559.4087925893418,81.964002806855,82.5105859897781
1113.1575887487795,559.9098217690047,82.97387368304342,80.44556222583182
1122.7596496636868,560.7571388054218,81.88515440439173,79.71276699427256
1125.9631312276078,561.5559554655248,83.42783304237645,79.65356170101859
1131.1207553878166,562.2294894881544,84.60147433529264,79.07932062738837
1130.2560118022332,562.6862326269165,87.0180349176047,78.77331147947869
1135.9678912713068,560.3679850863723,85.4392525864005,80.3903631153639
1135.4992296600094,561.3784906050995,84.82410644740787,81.79842810363839
1134.3417285915896,559.864861302287,85.27254080976661,81.78703150082785
1133.7969910037011,558.4836047086885,85.93504543136342,80.68961155749632
1128.555776664563,559.6901924553287,87.23998029360678,80.13795909819075
1127.2012608955224,561.5816215243194,86.3152532917099,79.82305373209145
1106.57889210784,565.1081843269484,96.8286013196658,77.6888949005629
1109.5728681309558,562.4538125916093,97.26755994588939,77.65127729046031
1096.1273139826646,564.7577785858562,104.809330980023,77.5469267741303
1091.0284204498143,566.3028897109042,103.8772862934971,77.86233164164136
1083.210637192283,564.8719216515342,104.43877550410065,78.48339299197693
1072.462391479485,564.7658350900515,102.8170671803029,78.3512154552285
1067.0813958445062,564.9828816203014,104.78061772075614,78.45921926069613
1070.425549326386,566.5203684032333,105.9370269707924,78.92469504963839
1062.9273782359683,568.8891347538298,102.96011018323037,80.38557467519325
1058.700965192637,561.6124752282554,99.9383399964943,84.25043084025992
1052.828558345169,563.1443794581635,97.45844076343676,84.30386736920343
1053.7238676653817,561.7133270552686,97.35392211714058,83.959883330687
1048.8883509433338,560.8847757238478,94.08111189489547,83.5062475529725
1047.0665206469127,562.4937925048667,91.68342904506406,83.67927554693753
1044.9124624407707,562.759520028634,89.37792142403148,82.38159975492258
1040.1631268831172,563.477680004523,88.28703967948024,83.68526888362521
1035.1596350532882,564.5690185869507,86.2808484490082,83.36824251738162
1028.446262719131,563.5970073364973,85.43429352044423,83.97006147854454
1025.175002149226,565.5291258783955,84.97830738209367,82.1852646252299
1021.0140130984273,567.5926409416778,82.96162963201778,82.1218616084242
1016.9716455691522,565.7162306025009,79.7611241864559,83.65986653559128
1012.17132821667,566.9605900790681,80.77637724471231,82.97440476994876
1004.4032428688423,569.3077855510477,80.54596939218132,81.430610605839
1002.8619093980269,569.6208141477914,80.82151409965266,82.0792493344685
998.9690817807289,570.4222739787981,79.63317575928205,80.3380091290595
994.7569344044321,571.5326148375739,80.51294407089648,81.0979637910203
988.6171307070848,572.0739627402213,79.26001259140438,81.51511459418377
986.2563814484079,572.8256572713376,79.95070331099522,81.46114779489375
977.7904252145627,576.3692335531546,81.66884334161833,81.99777283117686
974.801774619611,578.4737556145434,82.50026241365237,81.91309999857546
970.5926496517635,575.9817764914246,81.13240995198473,82.56958455190164
962.4683218560407,578.3089583502191,81.9224061487457,82.58171183129222
959.8357823783505,579.7332436933973,82.15749869280361,83.27341564639003
957.1560030633649,579.1984273832641,82.3551272906729,84.36393304868845
951.1460044645205,582.0121128823135,80.84519771556225,82.88049531896269
948.9656920822739,585.4610413396534,81.79895831536396,80.58392117355086
945.0102883339239,585.980304197582,80.54910672909585,80.3541926472046
935.7794223624202,588.2492514469052,81.57072703924601,81.53871795422528
933.4212067184917,588.0285544089692,81.89590861246312,84.61088802355357
930.3115558964992,588.5019962960216,84.47790530487458,87.74298983988706
925.156576890374,591.0638792008045,85.51936381627188,89.92037386216458
918.6913075073866,597.2351312272025,86.51809918160338,90.03549067649104
916.8869944732622,598.9433046989367,89.59214245591748,90.73793685459378
910.5589109876365,598.7246375455294,87.92110970433053,92.16546429883309
906.9351501103316,604.5373465445992,89.13232144310149,91.40462490925438
905.287780920227,609.4545389254213,89.9674359280319,90.50981290624456
898.838173617461,611.4513555301605,89.05420993559238,87.08184337911099
896.7151338635131,617.2788128363961,87.80578453077788,84.98480448430287
890.0406613897852,616.7541678377477,84.1337101621718,85.20770881467038
888.356407962503,618.4064126552724,83.02919929035147,84.2943990078346
886.3530032722757,616.6327515158597,81.89100238606031,85.93427144607523
885.0631606140583,617.9944672928153,81.45371739963187,85.33977498138445
883.0543469151129,617.0545431510736,81.75400607868,87.17808338058047
881.2794763937716,612.6731447785226,83.32482399825338,88.82876294760845
880.6845329965262,613.3012897050453,84.1813366880703,88.44514974850907
873.4470642695157,614.3417071865932,84.07395253051082,87.52032459196963
873.0840702096766,612.5569092155297,84.92347999424912,87.61754241520993
873.4029330304321,612.2085710583018,85.43236720460823,88.30986546797604
870.4605064274441,610.8025117957033,87.14760413441778,89.38591480373353
868.3649902759661,608.6121621293156,86.63536924376595,90.70582449427016
867.1239192253714,608.5112338797755,86.48169112896342,90.08191169357369
864.3630653377278,607.617806528329,87.58712371679047,89.8445517723501
862.2419242810685,604.9461931863294,86.38772627880647,90.22994492406741
864.0335984133188,604.9909371689553,85.43503208924045,90.59206613306644
862.3895966577048,604.9587167055163,83.44920811402673,90.88095629648933
861.4364618127122,603.9225379413333,82.62175415989924,91.06358747046346
863.5147188754418,605.9544792398119,83.66546221644361,90.9632019879371
863.0896520811034,601.7070851540738,85.63994662895249,92.95140760227703
861.5815661554923,597.3504701766915,85.74729453402583,93.9605245653319
864.0555227750058,600.1512078717057,85.07142530070905,95.13168057829063
864.7842314012802,598.274008788728,85.44800166165987,94.54723595862427
866.6592702549216,598.7194618640078,85.61954831548596,93.89751302886557
865.3706138603728,599.3959245042217,86.54256830743083,92.41701101326152
869.8018320329654,598.6716795113973,85.67362564604156,92.0103514422148
871.9279726574488,598.8869764021257,85.36804812562221,91.52478368914839
872.4403122947998,599.3517418442185,85.5789368459563,90.811684990148
875.2385600595886,598.5296756101004,85.27013094613616,88.96070757911754
876.1532044568761,599.8774140687426,85.85765447804194,88.67861270713075
877.5642424783921,596.9003228793347,84.77313651629063,89.46800467053573
884.3096085181302,602.6457907979143,84.0452857549574,88.96958609170774
886.7373221974478,602.8346538009689,87.34097859852895,91.05988821191308
891.6554823774611,602.6942158553336,88.8285258519854,92.88389979934323
895.1149910232289,603.5569732467195,89.85413975917787,94.23320165321977
895.3740259835424,602.2233794876499,91.88332521250794,94.93510926142301
900.8870243721071,600.9367897637774,93.42231556310838,95.3365342747405
906.1444795886601,600.8720031515203,93.98187751230329,95.21731652969258
908.4059350649391,599.8346306060914,94.84222270355792,95.39548726401486
915.0084041983969,602.775413580744,94.48717071912492,95.78032790346454
915.4447253052632,603.951722418619,94.03644339790584,98.40398622900068
919.1490478648645,601.0781236821481,96.10310078645743,98.51488619522178
924.6359959113328,602.6088088637987,96.691171112086,97.95553127248746
931.5164716642987,603.207359969641,97.09014029853316,97.76296617016683
935.0076396120472,607.2929062844901,97.23917609706423,99.18819221801871
943.1360408923064,606.4236941601451,96.74388218612846,98.4376573924007
941.4607425270068,607.2711168272822,96.06834905185409,97.87860188510274
944.9570390491308,604.1310650572348,94.61996019687629,99.41373615607017
943.487125544583,606.0741160884509,95.72523417166019,99.23915447431241
946.7699389161602,608.4161467629152,97.38464160688946,98.19539882861258
946.0332903064615,605.8958473829027,96.84121620937023,98.89660495832275
942.7837175055198,610.5260492687954,98.65712848319774,99.22950567348215
945.5991959830156,610.4226392590874,99.47004964641673,98.53226560700057
947.4626067473306,611.9547731560925,101.95580373111025,98.30795022032771
949.6692259121577,610.7141378397043,103.02517252428238,97.39076636588831
953.7662293199209,610.7942893520512,103.19360817428398,98.13436297047616
960.5075586485641,612.1417515999769,102.60756985537257,96.46900431186454
964.1222771236269,613.3733857673033,104.93427610526962,95.02888671829763
976.9446008408029,613.7621846440545,101.72992988249425,96.76039175694271
983.4393885497223,615.0805151154939,102.28040518605752,96.45282924282077
985.1518376082838,617.3571168844148,103.92561824469428,94.13709057457362
993.5896461179159,618.7290559055834,105.8831499517492,91.46215170640471
998.580370714342,618.7214528931438,110.34051843419496,92.33678295624158
998.8504782260594,620.1850622633744,113.64957683598803,91.99819141071626
997.3174175263246,621.7581480643718,117.30924735260086,89.6209633284179
1003.4333255898698,624.3391756769929,122.14027853081998,90.4040860035617
1013.3342636587963,623.6832060299653,119.4087998950722,91.67709491298962
1018.3697942691338,623.7876029965649,118.39585710976775,92.61201472089986
1021.9245554835878,625.2811251929691,117.75982769495398,92.11067984889584
1032.443704128411,621.9368536589718,114.0757851212414,93.81643266346747
1034.51151954204,624.0018635454882,112.65746982857138,93.57721787323263
1038.427846229993,625.9882971312911,111.75468162331995,94.04934150813605
1039.3559511889644,626.9338272031293,112.00420735021147,94.0829919517029
1046.3059327060266,624.9987357665209,108.71161995818416,97.31492471453592
1042.7922578303308,622.845061622282,108.8431674253268,97.79285501887179
1048.5090380041586,623.6943640000425,106.62403730045193,97.75567689533602
1046.6156042804066,626.0272480929498,106.69511764113524,95.92594575086414
1043.0250944517861,628.256257675807,109.77416811789111,95.57549910816215
1044.909686598935,627.6367262835861,111.12819029690914,95.32740705311356
1048.3472906956897,627.1763617978079,109.74779647318351,96.73925728791625
1048.3219838776017,626.5061545824492,107.47918244343182,98.59941331722996
1049.5159199948437,626.9353232151551,107.08109393732013,99.21790690598205
1050.2264194322352,628.9816358749147,105.64817496887991,100.05612683568197
1049.5862017624095,628.1493455595819,105.68170803224436,98.78426508558803
1047.3505881258322,629.4032584244636,107.1766640761752,96.59430489221656
1051.090676998493,629.0229586782503,105.86972748447374,96.55221722055734
1051.9155876405098,628.4117903229146,104.50842992703755,97.65861196095298
1053.7660347109686,628.7294742525262,103.57608698548057,98.67195532832147
1053.2176286886781,628.7477059294637,103.82832222387918,98.86048446079317
1052.1211755586448,631.2713281521737,104.11742698171284,99.19115402360876
1050.053402577522,630.3094488659756,103.6568643759123,101.14279409367006
1047.0688573160749,630.9431363827315,103.05528807989168,99.16545576359883
1040.9440019358867,628.1455454376484,102.85174387306137,99.35071888932609
1031.0115064039283,631.4608827418904,102.49535942200214,97.90913264544528
1014.5027642459418,632.6762851857638,102.7222773352832,95.80273903259808
1004.4090481730632,631.009543651814,102.89194781304559,95.2080198938059
986.3116918111017,633.7201723296745,102.9760784024655,93.25222016001287
961.952570510056,634.5757854315625,102.70551406199888,91.87412971288998
942.5395723140706,631.3637910778563,102.57063748602812,93.45169918420335
921.3089690802882,635.0111090233353,103.07426499227469,90.87974901987516
902.4987373492844,637.7126771680948,103.61408766186624,90.27800473423193
889.5265470773561,634.960985432752,100.45367406413686,91.04943823359699
874.4766045330551,632.8903999007927,100.40573045087687,92.42403419960985
868.1598406946566,634.5056037655609,99.07026469960155,93.52340176778482
860.561250728961,636.453708697437,98.742160528905,93.43241279219788
858.9348199802163,634.1355526557469,98.225673919672,94.1176402855944
856.669018232682,632.4871801531792,98.37054972734191,95.97597801427722
854.4737383353608,631.4821160112809,100.45520836195982,96.57887538447935
858.273220703526,633.4778042822418,100.71004110232218,95.71158511068728
861.4205484698907,632.230076350549,101.37769357673072,97.93207415680197
864.3743581882292,631.4549898207763,101.96994537111057,99.40535138021804
869.0444419932189,630.359285099707,100.10864672851781,100.76310560358499
876.8131148273952,630.8893183779862,98.75681896870779,101.22139701352528
885.7422377634525,631.8402228638955,98.83378434397963,99.61143812661838
891.8844570740939,633.4318676896671,99.77856450997916,96.79325235241149
898.9157167290311,634.5983280414779,100.41300173714097,95.87763619317619
907.5650786789713,635.5704115653643,101.29928576588763,95.05842060057847
915.1827953120046,635.2623052194466,103.25558635977981,94.81983885134554
923.7716370139553,635.4107750101787,103.38652528712026,92.97821575220053
930.2888504197402,636.7076061234836,104.71547124942084,92.25721262580974
941.5430238561587,638.4840758567864,104.4678160836819,91.28921766742765
947.5520681766146,641.3728213925617,104.5550196280578,90.17244986184059
961.4305769664057,639.3841168464462,102.60535771860074,89.89403238139009
971.3041524384216,637.2333555731057,102.65193122421181,91.77743165855091
979.7224204542038,639.8543756211645,102.76241802516469,90.29603333071091
993.4053931128694,637.0997139278401,103.95238924085108,88.82991894690076
999.1555639115737,639.5274784165041,106.16320957578482,89.77711406578987
1013.6745492872403,639.7479211569364,103.34785268908209,89.74375167268617
1025.9239910216484,637.9112112022189,103.3526058938119,89.07585753553506
1031.3971350299184,639.4554666142873,103.24447732877344,88.89495547394193
1040.5654286329848,640.2562188401378,103.84823530685283,88.91813554847278
1050.1847421901623,640.6951729691929,105.45005111572986,88.92013412028265
1065.533051868351,640.2187064639595,101.89857325214933,89.51194814395262
1077.7091620298077,641.1236184953466,99.1127392473077,89.61465025108714
1088.4060084555806,640.2409006778859,99.4437245263263,88.33362760393086
1101.5622988451107,641.2688095909233,96.56591325957837,87.93550536644472
1114.2500750897627,640.541376933484,93.92820629423309,87.92903394873835
1124.748047354341,640.5150903517952,94.512870775464,86.57581186895129
1130.0695594339895,641.4840180926705,96.54270741470482,88.00924408205752
1141.3414161907729,640.9849109083729,96.30253950268417,86.88722897990652
1150.2881474636638,636.9440864790924,95.19858033637573,86.61107539907704
1156.914419040624,639.7159662084582,97.16903345718809,86.2610443701684
1159.3316332508728,638.092780347554,99.76228364877213,85.92584167286626
1157.3953645016272,637.3081836887865,100.93634369490755,87.49888916195627
1161.160823439281,636.1184919984377,102.18286364964416,87.08297351397496
1160.2757891059568,635.977955591996,102.46724459483309,87.8034518877042
1166.118981146176,634.5921260338245,102.51795012959536,87.75001056618241
1169.534252093557,632.7052217421244,100.6976730717009,90.83126826026353
1174.6837332825291,628.0123993919902,101.29810858608869,90.54325223625914
1180.766095125496,625.3359266398281,99.26700489081139,92.19521316508413
1188.8242589669846,623.7843031244157,99.09751557915462,93.76517968384829
1196.394616699375,623.2103516674856,99.1648676953698,91.96141267153433
1209.3277050589463,622.2889135536138,99.22764584477292,90.36314407790016
1222.1099365009745,620.3860968907428,98.42347568007915,90.07224434197113
1228.8016793237741,621.9666497723917,99.00054602424282,88.59126038204445
1242.64469371922,620.5461122415978,98.34081223424468,87.2847733031069
1250.956328745747,621.7517303926585,98.55201651751159,86.82754826436187
1265.1285732261838,618.477538005199,97.20573707321245,86.52746645975009
1272.6132836301283,618.1429180994188,100.64817268174333,85.16159274953898
1286.981257479269,613.999573425005,100.39245269005761,83.54908706314222
1300.7212578698475,615.1019002718823,98.65949229613221,83.04135334121497
1315.2319244316889,612.4889831733109,98.15842707784307,83.08783666682854
1327.9864820549158,610.8853762564967,95.96569326181101,83.03826252615853
1341.6644408637849,608.6409976652286,94.74782682550439,82.5668272143874
1349.4803996115259,607.6091358244302,94.97072240339692,82.6860001666042
1361.1702308366334,606.3204836569901,93.02470377657548,83.06557067990812
1363.0662678508802,598.2179379773718,93.82920791479842,85.02764808690836
1365.6086810268487,599.5156227103943,93.85552916853041,84.62305740039739
1368.0771345209828,593.0150326023117,93.72749241654958,87.21268684379282
1361.707712139107,589.2408733459201,96.71691476147373,86.68186931927292
1358.0869444489863,587.7321718348909,94.91526779034726,88.98304538711233
1356.5202715501293,585.123319542284,94.44290452957614,88.11979168690927
1345.6449642730731,578.7531238434086,94.44024761231753,84.76245296531198
1333.6169846696862,573.3609550878471,89.94341879394987,88.26031826019832
1322.7543583898057,570.9657971430127,89.99724953163707,86.49022548602343
1314.561692362896,568.0328379972829,90.5668481907637,84.69501364130147
1304.2941004386432,562.3016421690606,90.03638848221414,83.87444590700916
1291.3180644669937,558.2544803294318,86.94329206848418,82.8594598648999
1282.552490623732,556.951910624097,85.06223254907655,82.84084608207723
1280.3887901310545,555.6030921601324,84.5870621846418,82.98090881091471
1274.9484059498016,549.3289678465757,84.62745758299383,80.67703626113978
1277.7908765592858,550.1729270228433,86.739475819982,79.32608032327148
1280.7747722867255,543.7931921856382,85.30196299360878,81.00241459431723
1289.1578164310208,541.1043188758177,85.22672039472116,80.34800517547471
1293.7680512837326,538.3861455571298,85.83351959978351,79.76393785180178
1299.0738298577587,536.9197660241376,82.65743591850546,82.45221375582194
1310.4066344721748,528.0542420525584,80.27330862677758,82.88173163664945
1316.0571083338546,528.8507441830405,80.85573732144171,82.46394287061216
1325.0013155389477,527.4672504493255,81.0972876247166,82.24178163667804
1337.2367119770968,522.2428681832457,82.43968877415344,79.69735870065927
1345.30040587313,522.5570339419224,81.73138658333811,80.16752361467265
1355.5804336529468,517.0825894955111,83.24513910691272,79.2872827075048
1358.0909874469933,517.6562271619748,85.12261072819172,79.17616098817436
1369.9404877139366,517.0745931542974,82.10777679630456,78.05870369646979
1380.840397699061,516.6060223463784,77.89158921922956,80.3376331405955
1391.099125653693,515.5766371456057,77.60888798742761,78.4140635518622
1393.0342786808085,514.5963316178475,76.97387300266502,77.1609388355401
1401.1131731356656,511.1711503369777,75.95454728880622,76.6184190778801
1402.1967475399151,509.11401862906484,78.64693048951338,76.50340526988951
1410.5809346437893,507.83604883187127,78.35461159403522,78.14501194094333
1420.7212281517807,506.3231494868735,76.54219594119684,78.85167338934315
1418.8368078389876,502.6524012707174,77.43564944418281,81.0140046302809
1418.195965190559,499.44799126228907,78.70868279419867,81.49303584282168
1417.069910849162,503.2154790142787,81.0188121027239,80.08373778783991
1414.8166636907843,501.2539626033217,81.47204123740084,78.63954114802598
1411.85181697159,501.3529892418201,83.56705502638854,76.4606272963891
1398.4318323033272,499.18424048811954,82.52728367112687,78.85377667516998
1383.2998612283006,500.81085765081514,83.50025887170051,76.48800515420226
1373.8501142651253,501.22097386135044,80.46744513252074,75.17375674971547
1350.792929232462,494.5965126609741,78.99791738664157,73.20879999436536
1333.0833909539635,492.9051704210901,79.3144052470272,72.39658240899222
1308.334432714238,491.0700664609129,77.9689010509584,71.25663600143528
1281.0024262034156,493.6965425321004,80.30204278275815,67.7266329027567
1256.0264940331006,493.8290187098234,79.52654801664278,67.55727710391542
1229.6919004463832,488.0383332063075,79.06317337133689,70.21554997992818
1196.135869051889,491.5211892859065,77.2557473976659,70.04048379550741
1171.9910233257392,490.7664725434579,77.36283875402205,68.85469785180246
1135.761115699001,489.05713473122796,77.86817551965203,69.34334087877752
1113.2309810681845,484.69881899817995,75.5216566694193,68.585493911517
1075.5989070067094,481.6682278071061,70.07942452705163,72.22151970255649
1044.4379762218273,483.1114009982282,68.84318333207248,70.75981416864948
1019.9595314317033,482.7148591348915,68.87440455831043,69.28154365968153
990.2306525716419,482.38263957431064,67.02177872449151,68.32857341166175
960.8625090355852,481.0812115840863,67.401424968886,68.30931552260468
931.2295006126792,486.3618917637783,66.99103057760192,66.73650319772172
901.328423864453,486.6961284695979,66.20050957168303,66.26683380627415
886.7808591148671,484.5779716859636,65.58581191672849,67.17231016941105
863.8738594449674,484.37009384500436,66.01439689406466,66.73107052452792
849.7267060607242,487.244412464863,65.68750673846975,66.09866507380048
840.4093914591389,489.91574919236814,64.60625306566743,66.8023747020734
829.8912867029978,486.22718503560327,64.35982403960975,69.35228561573359
826.3494091098005,486.91583373823266,64.75887746299898,68.99413367880288
822.3193497410152,485.76231991834334,63.802115060397625,70.3420061214165
820.9073794166774,485.1466348698974,63.442609549347694,71.18077863664737
820.7371802809714,485.5729193168531,64.56367768770563,70.07913701340078
817.7670694463757,486.8411392172135,65.71818697879955,70.65335779512071
817.6592025826455,484.90334565322974,65.4707502038047,70.92603237396841
817.1659569811525,485.5528825419804,67.09608392610252,71.10600933677699
814.4685378162113,484.6636571694726,67.23589761788676,71.89930328438624
817.0874485720785,486.63449163936815,66.12611755259061,73.53225179253529
817.4112731920684,486.37381740401054,67.45368835698517,72.06221240461312
818.4219499933681,484.0030040918303,66.05251893417254,74.29783621425335
818.2065391037496,484.99954967916005,65.26710463956765,74.07452515704924
821.5570024074672,485.47142671297627,64.53317050664359,73.90708083469688
821.3123859014189,485.88250953947636,64.71993390441435,73.83252381664374
821.7706664577041,485.38268249602777,63.722943637276536,73.79633408079559
822.7695109776067,486.34949831680535,64.5652100751803,72.90835972110497
822.8951029931935,487.81119802582526,65.34424739997581,72.48652609642696
823.5982587027996,487.9894063379509,65.02699195327548,73.71573497242107
823.5797208956316,487.79683144246667,65.05385616333851,74.23289783115455
824.0324793672557,488.9248322989151,64.81849079037544,74.45366767038976
824.3115070226995,489.27900726681054,66.23565402649581,73.9673439578961
825.9245613259752,488.6396695712639,67.07358819500594,73.88485482385072
823.7145790400159,489.98618796017263,66.82752567414805,72.78209313837985
826.1445404105979,490.5731762107408,67.27702500609885,73.51829443598834
827.3918064331342,489.7924718674724,67.23642360380862,73.74765861680979
826.1799991510555,490.60309907339825,65.25944636909549,73.41454285974976
828.6634535344659,490.0661935658412,65.03314466385542,73.98921528831825
827.0698094277217,491.61397693418417,64.80234211555265,73.80774235856367
827.3851792776804,490.6614087642931,64.84937554504889,74.3768111660424
826.9306629498371,492.57405340793684,64.33985916006776,74.5101558873159
826.9957901253454,491.6134740756953,65.40899816596156,73.93975592975409
827.8259606434693,494.32865676368596,67.89134193372666,74.3431778768362
828.4605432619531,494.36413300850154,68.26433035414996,74.98780043760809
826.9830651547907,495.7554878016154,67.0173888111073,75.16401249649797
829.6864935667029,494.349783603146,66.54632579534575,74.87018394717768
829.4319789055578,495.9552559591262,65.63530587201706,75.07657863949714
830.0017709804531,494.92433447580913,64.64625466553875,75.7825310532285
831.3702293908568,495.3237993514965,64.33066827188102,76.95318742344834
830.5074056567828,497.27044330721264,66.00531873458951,75.28523263556508
829.5317759004097,499.35253830401166,67.2709489252413,73.33047318573969
831.1400707790312,499.9792773053881,66.36691548948616,74.5318396351511
832.8240446973979,500.87515598135735,66.56524318748504,75.463912305589
835.7141610842144,501.0266252902083,66.50545714495003,76.48083717377098
835.3253164006551,502.4944599412886,69.43382812445256,74.88153625181482
835.410884677788,501.8854052147284,67.7164886293067,76.09147173105794
838.09203021863,499.52680732342935,67.64617750843061,77.3028682282393
839.8491574753452,499.3190428744452,66.03638997600001,79.08143912991667
841.2917565460076,501.237912642534,65.5456383693066,80.21050435278322
843.7598521380935,500.58172876432906,65.29583509361467,81.37832494837119
841.8280242668304,502.9302919658801,66.26855135675089,78.94750963426623
846.2159666781467,506.760895003452,65.81543368928241,76.86047019565515
849.4259910374722,506.77989748549385,64.81324000913872,76.37171440992279
851.089772267128,508.5295496888833,64.93109998147243,75.57710984218352
852.5813130539124,509.0435963771787,64.38279449232309,74.95174571713363
852.1666305570942,506.12763157922603,64.36437543153016,76.14590694446738
854.2329177096485,509.373889046764,64.22947857987444,75.0040428202253
860.696139461914,512.1424812654161,63.989687904001684,74.13448929745215
859.9734371176132,514.3615498738187,66.17341237403681,73.62064930284467
862.049965675692,514.0342920697674,65.48697390070248,73.42316005852489
864.8056674141105,515.2491004399815,65.93480999367102,72.7038299473604
869.9046510057696,516.3737592189569,65.73537159239979,72.44797024659442
869.253263439915,517.8448288124931,64.44269914465045,72.46338316457553
871.0958719112544,519.010323643062,65.54783525231417,71.68766815642326
875.5485592022042,519.3760378302864,64.75336041038679,73.00318660170225
875.6340471782609,521.4690070665282,67.38105868307596,72.93052137349483
879.3766269772185,521.1034703876765,65.55378826546401,74.15968087154795
883.0458789591629,520.6501808371227,64.64540676581382,74.1789341586288
886.0789628836493,520.0688387453852,63.54674514680268,73.34752292517544
886.8460000229652,522.1307642846614,64.69952221546635,73.75128286233371
893.6867092724956,521.385626448503,64.52154902407219,73.75385858376603
892.305606872357,521.7582616549319,63.486256944151215,72.95276054526627
893.7811394622536,522.4775751223102,63.66608142623981,73.4104781864522
891.0525981015852,524.4957998177698,64.04606042904305,72.53054327691467
887.459956802353,524.7523839449559,64.00041616804643,72.23289457670853
882.3241275084462,522.6548259696922,63.441667083935855,71.09766033157129
867.2971242238442,523.3052910945825,66.63065705505625,69.85134439011827
859.0832645632755,525.7661965977616,75.10617958527422,66.11236817774031
835.7481518557054,525.360860207744,75.26649399925573,66.34259130925928
812.8145144920661,526.2991057081769,73.82243283697346,66.48581628710605
789.7052055236229,524.9527618345423,72.23010611612895,67.42459573934069
766.2098188633479,528.6370184982607,72.05508702214307,66.78169369059063
735.0724145135688,527.926725372676,70.36972870956926,67.37001502041664
713.0184452800147,528.2357717065976,68.88997262982123,67.86172510845411
692.0896260224958,525.9332555831187,67.22487805294287,68.73722683341046
678.8422389861557,527.3943086492873,65.4287775265316,69.4920346906485
665.0924823197288,532.5403388244879,65.74932147282637,67.07409177888287
651.5592191198178,533.8031919710073,66.58431946461288,65.53433876153234
645.0834679517922,528.7499851188206,64.58106614267862,68.68613493728485
641.1328626152754,529.194969829738,62.29231363337453,72.17488803594426
641.0874447324773,530.0338708564755,62.60769671949766,71.60537075063414
641.8966803426259,527.9698671488225,61.99812792300593,72.2562084897435
641.4611461539118,528.1333061550562,61.99567056141504,73.26906072875985
642.4557714084723,529.5356504016958,62.8097692890627,72.43778002968766
644.4241542764098,527.7767934872686,62.8697903022069,72.79408105306729
648.1189283932358,527.8239826888148,63.283598732127345,73.18451926556418
649.8286066228551,528.5024499297764,65.57239397496853,72.59954596230952
654.8826431368227,526.3302846304059,65.29236259052988,75.29993077778069
658.393334575125,526.7721222263476,65.05734010607308,74.29703651964348
665.1481328306064,525.9593293279834,66.8332554003753,72.97983785819753
673.7915293851215,524.0863526226169,64.48263757977108,75.2472007677838
677.0121669220564,524.321492871964,62.22818752314586,75.5846286049443
680.2016150670712,525.9610680165665,62.312380207787875,74.56524169306766
689.4818055478563,526.2396748758807,61.21525292899905,73.6084644389004
695.0317593375047,521.6978173544647,60.841151835646286,76.75957308281878
700.4935926097519,520.4328521662127,59.79924451709613,75.46605517909032
704.5273830554759,522.6410744628631,60.1080779469008,73.835292664956
711.9280553900866,520.8915872947841,59.001862054467665,72.92745037828335
717.202968971225,521.3175380080577,57.77325928104551,72.50426009398588
722.7281250531256,522.302663942717,59.07686524422515,70.41140235915859
725.6034763270743,522.9578099716833,58.78037700241477,70.66822507377103
731.609770251041,522.5055409550371,56.62876069121988,70.14988047564339
736.3829958979405,523.8013937872023,56.333944961129106,69.0459994764951
736.3939910014392,524.0306815301316,55.49892766468882,68.27680207185
738.7199866321953,522.2671288084836,57.186381454367904,69.91920919046363
744.6557578439465,519.5797133148917,56.18725368676131,70.35580447552013
748.5811344241135,518.1263352404119,54.92959418904957,71.59216371722
746.4985888219397,518.7949193924048,55.691676650126865,72.7203658423131
749.6276000394599,519.2594728749722,57.38260946857758,71.80633008425427
750.6947104057972,518.4788291000863,55.77494617960892,74.18676553731976
750.0997266681393,519.2667595992046,55.80948699813373,73.89568107206472
755.0953983700728,517.5549585922477,55.76149913574156,73.59591480856045
751.9905468636873,519.7901066798094,55.81045041745898,73.66634399230134
752.2660955306966,519.2583795954182,56.99018673741212,72.34378435540265
752.4563421050142,518.6086001373799,57.66594141074833,72.71122291615609
755.2804119597629,516.2681599278484,57.01797571048085,72.9997314314642
753.8470544970477,515.2576883714605,56.727386190048655,74.04956086212962
754.4252728140788,514.3777383581245,55.709449757415356,74.41715680650276
757.1955744207116,513.0998798151684,54.83170970868653,75.18931019461277
756.4800230819969,513.9240690851483,54.41312211285046,75.80232350234868
757.2901449828796,514.2353225656819,54.777633074228376,75.92047632532066
757.3016724665006,513.3120529168019,55.264401521494506,75.05812446858786
758.0449494365948,514.5803029209628,54.92775526856825,76.15588263370557
756.6480281677376,515.2423741104246,55.77189255222013,76.69864202461622
760.3046591267745,513.2513054851787,53.70776985767364,77.19571877101458
760.9863998098666,512.7236517121949,53.06447715718859,77.64353491031068
760.4663946327285,512.9610045375839,53.64454893905955,76.78666565048906
759.9120343078749,513.3979826459396,54.18114945921314,77.24717576779311
758.2085040920531,512.0969294750047,55.08628019299391,76.73477196973731
760.1676158109616,512.4525362470015,56.24096050087321,76.75528646520169
758.9173793459872,514.2173995337888,58.06102926587682,74.00347361143125
759.2960553375493,515.9334200907477,57.7083352165523,70.99235245597237
762.0722363183957,513.7209087088833,56.33136930952499,72.52734287397183
761.3159413957212,515.6461567380262,56.4612907021387,72.20735007688762
762.2217033809695,514.3382199618197,56.22386622816939,72.51415166644568
759.3640037733835,514.3546734820452,58.23283866966225,72.79199920329226
760.5400192414693,511.5387241962796,58.51043155247169,72.41753586945185
763.0262771545895,508.93329715814394,56.864592578947246,74.21080000337533
762.7616336625642,509.68359415093505,56.923549987472256,75.39232167707243
764.200970763189,510.42475462422954,55.65640885899015,75.54433665576362
763.8675047252726,508.91628928801526,55.10295755257512,75.86932045838371
763.696394153765,509.11760287166345,55.40881929844926,75.06930270806504
765.0240498195986,508.58956215002695,55.31173232731058,74.41252157936876
764.5853706840867,509.44700586132757,54.510553766973864,74.80947791698065
764.9503366857368,508.3434570611425,54.99746805775203,74.23781315424678
765.5458261427226,508.17185658924234,54.978590596002604,73.91800459616826
764.9543120063673,507.2933781184307,54.83600818986269,73.14276560942977
765.5786374952676,508.10632437205953,54.69393571915816,73.68636182191392
765.1218621354944,508.39479356841633,55.19276419259785,72.53207680884348
765.3561734804606,508.3716770414674,55.64640871714569,72.3715532545394
764.9860246931898,508.53822706636015,57.04285520375125,71.90147013334192
764.3338072630718,509.8656830921842,57.79673691123724,73.33878491056834
768.242014563177,507.91181681200715,56.71081615160081,73.22017953894414
769.1500637950314,507.61651769458257,57.02004658125594,73.05665274612201
768.9841811979686,508.59716832343526,56.723498949024346,74.15641058983752
768.8154837621944,509.49496234977613,57.810208951849404,73.83052821068978
769.4645147843389,507.7320061600117,58.38197771389047,74.1078037943489
769.9284327445793,506.7579874608858,59.28838295901569,73.7069940901944
773.4843620784994,505.8955915393845,59.16817049905666,74.55756115530687
771.5687655584709,505.8293630057785,59.44861526471949,74.29837543115619
777.9972160536948,504.2449596239604,58.57865071355509,74.87892018546512
778.2540259099638,504.98092760008865,58.597604226901474,75.10776233569572
780.7442886532923,505.24874810905465,57.476775786099125,74.32564207129667
782.6077170201527,501.8937993862097,55.8690119696332,75.20928493311541
784.3832645354878,502.3362265208434,55.41091567419968,74.8659534480603
785.3176557398862,502.2871478302146,56.632309521751864,75.59847991285284
790.7742103437399,502.2403450913263,56.40157891173331,74.85164652655679
788.677325657741,502.0081799912357,58.788574681593715,75.76606263546233
794.1598386149894,497.3503456542777,58.13867289561823,76.8973821819154
796.8632887155495,499.00181482620616,56.859779637249744,77.17439831612398
798.0103127063384,497.35700176695093,55.813244404070005,76.33109726347679
801.109851669267,498.2457004178207,55.67804655265522,76.11197335263586
803.0030226455656,498.25118532228663,56.547890948007556,75.00513800025772
806.2490783981383,499.216726463648,58.557909272282,72.8621487663213
809.9767672690426,499.2124721534112,58.11151867483844,73.2218471759183
815.2919806420024,498.630050542572,59.54924437036617,71.76595911278031
817.5810738690047,497.6637291167509,58.400124875215134,73.35819798403719
819.9305187547283,498.1428424154123,57.53445343520774,72.99911400519807
822.3340960718558,496.9042044592603,57.68547297622641,73.02329439295039
824.7600466202837,498.6111672090182,56.57012390380494,72.3199999460638
829.073469137505,497.43936796178116,56.12773706091135,71.46400544371818
832.7554649256678,498.15021827129283,56.12018805263605,72.45434853269151
834.3176938394962,497.21650074132975,55.16644228145218,72.07842386148006
838.1598582999342,498.81481266149007,54.89684353463518,70.18921770904022
838.380565171086,498.8883407217036,53.76651006687345,70.56572827936353
836.222345945512,498.4004441020438,53.797931606591476,71.47175526515416
832.1612960168329,495.90833581589175,52.32456611519487,72.25731322078826
823.7255847664339,495.55304169048827,52.19246083743957,71.79815499625755
815.3102179130101,498.1899174191809,52.574735687892385,71.42086819174256
804.0617535873481,498.1458902653503,53.12906260782975,71.48453102399347
790.9800115798544,498.06616917514214,55.97418874051689,70.88443871778345
773.5091555517681,497.88848680380113,53.97086271531117,70.94118101380383
759.423190848186,501.95701524196517,56.671336984640945,67.46658748711579
745.5380563619854,503.73048914730157,58.91409917745814,66.17928805072665
731.9415538016744,502.39060469841263,59.59951575538196,68.11229379885452
721.6444703594678,502.0086476739039,57.88961658745259,69.06316642988247
716.5901285571217,500.9669121943539,55.02425996541767,70.71733908299754
713.0069169975094,502.6475268246261,54.16340698224526,70.54109036639649
710.6024735522175,503.31551326886216,52.39968691427717,71.8574937419954
713.0149474630527,502.6558055708985,50.84599068136463,72.38695706135525
709.4113667671966,502.88196194155876,51.10824490163627,72.19850967824192
707.9551577414665,502.46538238404383,52.75506829351376,72.31228750610774
708.5729747489956,502.9988038301058,53.45264324626124,73.32871972352504
709.7993155030698,502.45089287582795,53.266903987404206,74.75479154732656
709.8239847980813,504.99508496529506,53.74781844991668,74.45421329331857
713.0031428564682,503.5453783494343,53.210550976262795,73.6163657471001
716.7885405512382,504.15624086009024,52.22154762314805,73.46648537855538
716.792384304631,505.43636288743636,50.66237492490416,73.28182588678547
716.8147698636814,506.2812801319803,50.28547085791118,71.2572076729288
718.0331012514431,505.6875447066823,51.22397073459332,71.96647148329886
719.2476141909286,506.2237089776762,51.43327289120731,72.13913659118515
720.9539191575933,505.6732182637468,51.4017438450549,73.42228235893097
720.1015278352188,505.06818088294017,52.15165666167364,72.5702556844808
720.6959552601534,500.2831203462639,51.29554714323396,74.685301232661
722.9273450606674,496.5877603874769,49.932538475775935,75.5047573261109
722.5514384232923,496.2986126002818,49.58089753840923,75.68433396891936
726.4272039733646,492.48556640358754,49.50576968372644,76.53475104950162
727.8165785973097,492.42044692368563,49.11510041978123,76.71967038760025
728.0026983825899,486.33914002301697,49.24928798253234,73.66793944280562
729.3979021277355,490.0175642471046,48.6999911135051,73.04568490545404
729.3250090364428,487.99772412552335,48.49341847928092,71.09617671915034
731.6681003787169,485.33834854699694,50.12953582246787,70.10510999996433
730.8688533620303,487.39455203330135,49.89749166705727,69.31424213657777
732.5119654421019,483.7543421623637,49.08662856384183,70.27782372931472
731.9576345214945,482.48235615836035,49.93147551396309,70.57157502985194
731.7267460599853,480.9545735831716,49.91001128276372,71.11290931191112
733.5919115367766,478.82906075114204,48.35004398770819,72.60991520649299
735.445232467437,480.5987509670732,48.171997002959316,71.51468381379371
732.8639415318081,482.88548845763455,48.622216227809155,71.24108869333942
734.1933009611964,484.9271094236809,49.21436820621087,72.05542655992846
737.3215877550793,483.64076597666946,49.16425127997774,72.53995804846097
735.1973079015322,480.92793087640143,49.63967411396007,73.47496450496554
735.2119543386572,481.57318361322064,50.046101103169306,72.46353513417264
737.7926157705207,479.9545072013866,50.43616947337645,72.67444205555421
737.4761092900244,479.51888931890596,49.34139424149325,73.37058107310033
739.5456545228815,478.67996112385885,49.21091678087843,72.6765683757573
737.7131167796146,478.11582668023925,50.21624277170806,71.3648106719158
738.5385410610257,479.07563001193205,49.606628310903616,71.18310506703466
739.9188170305185,478.2257272947596,48.34713095903204,71.79550972588692
740.1435601197223,477.9178646653295,48.316284260507125,71.68289337016381
741.801981329831,478.6216141779163,49.17025585133311,71.18357763495368
743.9454187285164,478.35446606022657,48.252954039620484,71.61228829611157
743.4016324435215,477.9259068198712,48.74582943087397,71.37604014615414
746.4598327325824,475.96969866278323,48.25434766754293,70.81291290463426
746.1030511748065,475.22804871223605,48.5672801441207,71.54748432089553
746.6659228989884,470.944314205533,49.22799323139067,72.8908431572595
748.3155722436045,471.30836569580816,49.42669860346882,72.10888684527345
749.551266918674,470.6238387499386,48.91126754100514,73.03725590506227
748.4383371628456,468.0755463410022,50.15929534650721,72.91723533462797
750.5781241737383,463.88226259923766,50.35240936536548,75.3772301343873
751.537524333249,464.26316400585813,49.8018529380353,76.33900987293583
752.8492050495694,463.1194222934869,49.3913550266366,75.93267225590027
752.823084949922,461.62247443593526,49.32745146428638,74.98420445874524
757.2779834617955,460.8089131068217,47.384445315769895,74.81354456124319
758.4667971003987,460.3725798832211,46.48290991622967,74.14437162858778
759.0997451316363,461.0787971251322,45.06050719083038,73.82990077232475
761.0705098044361,458.1687499903152,44.947323741578444,72.3239868833766
763.8907654451681,458.6318027570129,44.95457824835213,71.14611909179114
765.7089124925249,457.3594119873277,44.939224385087144,70.04423406664708
767.9502100582882,459.8640953080973,44.14225799564759,69.90725693239219
768.8951873243117,454.32561199131527,43.641462443166695,67.93520363405653
770.8989336199936,453.340789664083,44.74960286904294,65.97612811082597
772.6932809506294,452.2314747297375,44.155105390440085,66.50112174705274
772.474002263428,452.7233356423801,43.902557874641346,66.23140931480253
775.209291377205,449.07605973044707,44.113440083783104,62.84849550548791
777.0960231069641,444.9674579144906,42.46229112895803,64.56850611810286
778.9047763800963,443.90114809487505,41.85760038666393,63.73955619196911
780.7389098997234,441.438186909998,41.71842535514911,62.90449912292988
780.9048785159234,440.4710398427558,41.44783293537121,62.76362438132668
784.1466634995047,440.61508361524034,42.04644838764361,63.51327726960794
786.4695606963525,438.85255870078396,42.50531845180756,62.834600447002764
786.8413231055716,436.1514343806092,42.454809724863225,62.5330399394677
787.1893250832294,433.9703276312618,42.53897570142074,63.07154481495036
790.2904788042437,431.46167336073194,43.6229179474815,62.02657202550589
793.2969979143545,428.9460628895297,42.30862539733427,63.76054194799823
794.7735393043824,428.41729795152645,40.91948311493013,64.76667884794345
796.0284300655687,421.97073124730315,40.01798927062991,63.8474733577204
797.2016681578218,422.8588912877594,40.76021731460198,59.89575540597243
797.1770822383249,423.5624441947873,41.89318659700555,58.27110757800475
797.9283640460078,419.9302145251043,42.46167723564543,60.34221357033098
798.0166673286441,419.55839715207145,44.48307003917877,59.32210050480272
800.8280138637817,419.59908168113725,44.564742618550426,60.49484381829597
800.4423436243322,419.76709657331384,45.6378191596248,59.36676355723837
803.8241598118708,413.4144166922128,46.66578550398123,58.36513104238054
802.6479974471323,413.6630460766237,47.12122485689502,59.90929151999229
806.5740075217165,412.2270680311839,46.072372522668175,60.06517927913474
805.7515024007929,412.24246970344666,46.24199124810882,58.759590507536814
805.8986503973152,411.478480329983,47.000385914305156,58.255846105451326
807.8576617346014,412.0381954515743,46.6188724863683,58.50990330372526
807.9613970912422,413.2243101403164,46.46570541370291,57.12574513222054
809.5004123260239,412.50010260438944,44.94845098072742,55.98572752421339
811.4916251157578,413.18288360508456,45.264000196826615,54.59740382898528
813.8107153452108,412.89511780305145,45.833947820801356,54.87997325647289
816.9165626143279,411.0155408013821,45.05824609161226,55.74714381760387
815.2760317891672,414.8198324647317,45.81963082931586,54.322516123142115
816.7069008974987,414.86687679968384,45.520345496575345,54.20541019467082
816.3302221304292,415.7744321737327,44.55845899375736,54.688631530192175
818.075514725735,414.5142851461345,42.07433369785201,56.39428065061831
819.8830995816643,412.8854145220848,41.33570272556458,57.474701420849705
822.6161295050324,415.19818283921956,39.68288957774064,58.56884995664284
820.6398626208991,416.2884163240623,40.29443305261249,59.12228395160169
821.8187764118168,413.3024296438331,40.49554743261676,60.01123197974874
824.2668042951763,415.4020907742691,39.99575734095444,60.52335663730539
826.1379798044276,415.2893791174504,38.95128851507374,61.004066320938485
827.3797687355033,415.8095301051753,38.2670890532918,60.8072820918331
827.75102192013,416.59374850850304,37.40898488510204,60.92567701059109
828.3290773201228,415.9595274459445,37.83847890454231,60.91680204931722
829.3109882834046,418.4988716730101,37.10886850964957,60.27825959186963
829.6933948573773,419.3308000624231,36.61117287930914,60.136799994092016
829.996614475794,420.13715312606655,36.63383124973059,59.58486805905744
830.761676639414,419.2073706608295,36.91994004015425,60.01730577819842
831.121461841583,419.26447442493827,37.13904012796323,59.401070520098266
831.518606794447,420.0997864520664,36.15136071190442,59.31806722228994
833.7004221635373,418.21719694557004,35.58224965143046,58.08797210382434
835.183704219986,416.53307105090505,34.51969332990969,57.036959519727944
834.1382847937008,414.65727738297994,34.76863056662003,56.80745305279824
833.7666695171041,414.05069108718976,35.180599253581164,57.4550356914356
835.1162287365014,411.23861449319713,36.52973277451642,55.88039511474016
834.2390647861938,409.9313296258178,36.60891053032468,56.289741742217444
834.10212764437,411.7058435757396,38.07375123969068,55.36358470895095
835.290453076042,404.65431711010785,38.844735045758725,55.727541120538135
835.3075912931822,401.69836050491676,38.65856333164197,57.37483435104062
837.5549995224901,399.3469959444547,36.536241592121,58.52065943937045
837.5050835161804,397.40548184971794,36.62268878043537,58.156156360728644
837.4842425370992,395.9335658823502,36.08376789384918,58.17202721027121
836.2024886843556,389.27776520538833,37.68396220276719,57.411087638260824
836.8938047606125,388.8875260215506,37.34845041813827,58.3771206005571
836.6927591582768,385.917609589107,37.09004563360957,59.266273930405916
836.965450229972,382.7591764267056,37.666901404097715,57.15777394648293
839.2077607044473,382.319466423011,37.49546749818276,56.810625956799356
841.618972428177,375.77959038848786,36.73907149312655,57.71102828934725
840.7820081136535,374.0934916659081,36.92670868531902,58.52224427157951
839.8728912589893,372.936407736775,37.01644083201168,57.93434941473241
841.5089173028426,369.54286022179264,37.7369185425238,58.28222681656895
