646.5,687.5,24,27
646.8161796348062,685.0949602777721,22.87219727454337,27.138568200601828
648.5737163786011,684.6476724171276,22.19986256488123,27.237867074419064
647.9913448256708,683.560705375323,21.45489559917232,27.40682559060662
648.1983445126021,682.0492640014356,21.398428790208925,27.14923731354736
648.109509316246,681.1741716221059,21.162424493544968,27.07038115711859
648.7394371775546,680.8522435933138,21.092529325747513,27.802917586051763
647.0663475714082,679.5523165552127,21.76895957350138,28.005263119504086
647.3368095674808,677.5688347408881,21.83618194483221,28.196935224001372
645.3122963300349,676.5593808211321,22.015332545953612,28.103811923564216
644.2552310819647,675.9969684332726,22.21397543774744,27.97297105092145
644.6566637476363,673.9416131902959,21.88665711989143,28.2892465832104
642.4197378787798,674.9159698694311,22.24404971542937,29.064035129698397
642.7018480301568,673.1744681792961,21.970597771384966,29.547281633329355
641.3778249850227,673.0362407151813,22.632517363673095,29.2620791066669
641.3316841880007,671.3842898523316,22.7579070197623,29.31273864860149
639.703297280447,671.6109437504048,23.391795260225635,29.676190165131207
639.030288138752,669.1747704877852,24.022125031137655,30.476116258845313
637.9343326248204,669.5697160269553,24.8289897842206,31.058117842338568
635.9189962768492,669.077481161838,25.102119793478956,31.564050736211897
635.6063832303395,668.9173573264663,26.29677599341751,31.415381755521658
634.1192665013093,668.4384778824086,27.142615656775153,32.13906271653869
631.8948909503862,666.2147203605308,27.46713568802548,32.863920815141014
630.9398873054022,665.3732907056777,28.19760242924313,33.28485056402126
629.5576887919069,665.1264970443228,28.721167478221624,33.71301197392799
628.7605760033861,664.4933120567126,29.394602488061757,34.13820971390503
627.3996237439903,662.9891614243809,30.01153792959517,33.65507088852843
624.4496648491101,662.9255605391289,30.725181814277246,32.76670808061233
622.8643710355155,662.1334643032997,31.313928733195105,32.379205954202845
619.9752505040638,662.9705240646878,31.183181798148514,31.714729333923096
618.154487726062,661.6944328446932,32.02525257174058,30.838248057371732
614.6436652436747,662.556696646674,31.41881620270577,30.31329450897563
611.9517592986055,665.6236498955262,30.457350344095502,29.43956059767075
609.4886334917793,668.0492020187855,29.5896123069488,27.879634626567196
606.6650726523026,668.882067528299,29.198469348177817,26.958808936673236
608.5566534167094,668.1352182940792,26.85545105847146,27.53677986413515
606.6512573242771,667.4227376012155,25.939167211446016,27.333697189180295
604.4274551347106,666.9492690696422,25.653019488791045,26.394655582031636
603.8992562609119,666.2709816672244,25.33051188398887,25.780976667130293
602.513155361952,667.6271698060121,25.424252651563595,25.16860043604519
602.8050548946164,666.1076612489873,25.600898078032344,24.640641017806487
601.312387058911,668.8572187312749,24.812812734539342,24.535395427285117
601.0778022394943,667.400732976485,23.85599691675975,25.573509953393057
600.2908329366171,666.1664983990656,23.78429892920564,26.071554061697725
597.6602363966815,666.6944407961073,24.52300138112213,26.566263147922413
597.8111515585911,665.3110865420313,24.714156633539197,27.61159253285724
595.9090304275867,664.1807571920248,25.530946083034422,27.76401408754913
593.2994022865661,663.7010429742272,26.867772716387933,27.09606439610968
591.6036188511641,663.5310181806303,27.21425510576231,28.156044873178306
589.0828061106073,662.2670192994966,27.323650210964907,27.7498525955183
589.7997210385905,662.8949303273538,26.664655741591282,28.797776117251892
585.675124624966,664.1516264982744,27.254196626557267,29.044517264534186
581.9954646553917,664.62968920547,27.63813635706009,27.856498752966818
577.9184109024673,667.5965739440683,27.799469118531093,25.930531499523205
575.8234095343679,670.9774743506262,28.028977469249188,24.360822102085447
574.5692422359674,670.7345073855873,28.118647583667993,23.427500255842723
573.1264538801179,671.4582339828734,27.75697632515621,23.073369257838053
570.170343550426,671.5018449099475,28.559601049752796,22.20942677161827
568.4202297911978,673.8406456132025,28.832164132431068,22.16440970450099
566.1947591066229,676.2632530996044,28.783443456297007,22.81194050499269
565.0490258950402,674.1499217479322,28.63588176846637,24.597725452313483
562.0508022898048,676.8193377223037,28.964915559819232,23.855480292275086
558.3160800536018,679.0667688149995,29.237979880064504,22.558310693198344
554.2652253832699,679.4867362848888,30.414844505932283,22.006039992226473
550.5583377897862,680.5049028754139,30.879964236011777,21.646242934550664
549.2815964432651,679.3568010695715,31.330746375792756,21.788545672906572
547.1696832521685,678.6900139932701,31.769060470419763,21.924890475801618
543.1971267991654,680.1848967122673,32.97454942891497,20.810658435406644
540.1987605469993,680.2811258999872,34.56149277851252,19.652304131096813
534.9019226691904,680.445452449597,36.027563458423224,19.09825481864387
533.9309365304409,680.7023257592593,36.532112084789276,19.063206830603463
530.9032671489806,680.3841138226071,36.70311632555688,19.18329123045259
522.9753758814107,680.2081985679408,35.1039231778827,19.799660273476064
519.4017439179098,678.9884408754286,33.64445326404227,20.61455414861899
515.6241075004634,677.8573740637535,30.844398447512816,22.403047429067747
516.6489719198534,676.187207086159,28.7231896487828,23.62989404525152
512.0520744900488,675.1181216864751,27.632808743640844,24.343224587099748
508.5519261266471,673.3234273526401,27.75662596789247,23.806950878102892
506.18723783153706,671.9553956762118,29.17741960589442,24.1872206220201
501.16635114822157,671.9365489210227,29.923053626726585,25.11359633417087
498.9077118121843,670.184784466473,29.306291013216825,26.355260190142197
497.3920535051308,668.200571989837,32.103536238447134,26.294535066104416
495.0810828773738,668.3392737986239,34.28306294598495,26.70075864262158
488.05860952218563,666.354078260765,33.041796254182316,29.212447464421874
484.1147464227151,661.5048339475823,32.22672437981063,30.15684487382255
483.0747667066818,659.2226431848219,30.42831873132669,30.916468671303914
480.3355399931768,659.0327769580464,26.509655245821982,33.00440919965534
479.35304025323387,657.3996995390659,26.160700423110207,33.632259300350086
477.0167235330778,656.7708937501753,25.350490508136062,34.13132791966314
473.3230316594678,655.414993619895,25.254910758741254,34.25750558645066
473.429729792881,654.3765059631639,24.981574159525618,34.35647310295774
471.1016503570754,653.0916642314392,23.211197079294713,35.1505612149067
469.0117503300819,651.8477848011229,22.431670007298436,34.313930841649224
467.95918646036415,651.6196758138715,22.871275428082736,34.852301801693464
465.8418295586959,650.02429519578,23.65939231625873,34.69485547586832
464.40058793953466,650.286387039571,24.77438980089796,34.00541970070158
462.0851766078208,646.9664405622358,25.855256415843986,33.065402594185436
457.95021871441645,645.5106800198495,27.423020169228884,30.56405618126006
455.39677078300565,644.0468414329296,28.634072920265154,28.58187961438218
452.8980574334541,642.702285464923,29.642415543302718,26.424324469374447
452.0725666628506,642.3920070494153,30.06656325607267,25.3795373395716
451.5120339181957,640.0712494845121,30.225285872372467,24.14535062526248
448.5670104804973,638.4707083462174,30.744171831673533,22.656123622110982
448.6810116134405,635.7374424867753,30.11231066830541,22.56930281447811
448.8744727363316,633.4880454214044,29.71330941218907,22.603467918738843
447.7360901968245,633.0944809779247,29.354874283872817,22.491839294213676
447.0275678904352,629.5567500253419,28.4127844709241,23.99074961461917
446.5686855984257,624.817886192235,27.511252432218846,25.845515439624542
445.99544876277923,621.0830884911487,26.79864273985509,27.484725601948252
446.91469266716183,619.3896147829207,27.586718447608753,28.83057275618758
444.75959141612617,618.6519537647152,28.52537029911289,29.455161371863063
444.59517939108673,617.1898991863791,29.149072849403417,30.566770162197876
444.4763144248173,615.4700209719117,28.8049475910358,31.939092761033084
446.40846405660926,614.2574111234296,27.84819390838166,32.68349076554817
446.48520618313904,612.0859061208082,27.038252054549023,33.85795241211362
445.34219569217436,611.7419819904349,26.467313087637447,34.45032517207392
447.01881800653325,612.2991509844819,25.661310212988283,34.327365402101286
447.7230940465751,610.5768659519676,24.555288747783848,34.496847511369495
447.21480943349434,611.4250152682727,23.724053038395873,33.86441771609243
448.63708728578086,609.6305559225165,22.3444445950278,33.283405698806725
447.85287738468327,609.081388416134,21.487815758816954,32.83389470953425
449.25484139067174,607.9173954062857,20.997572516835376,32.10966425541647
448.8355948087267,607.3118097555758,19.795357493066277,31.431697034701507
450.17889466488606,605.2167420532385,19.369399645528976,31.33390625596783
451.13543185151246,606.2359672573753,20.41194222310068,29.487587679726268
450.0594752262343,606.995732260982,20.99137998457534,28.391414247807415
450.2101318564056,605.0626598776871,20.649360025441197,27.84410561345081
450.9796951949222,604.1810555660529,21.531808806268657,27.360804222098235
451.30968917228887,604.5371311475327,22.64127125315006,26.67193860935408
450.4278304710138,603.7377792647294,24.04308699865242,25.749708611191593
450.30959242191415,603.1347378399965,24.86206855099003,25.346962030770634
449.3964670902034,603.0220434933198,25.60524712088819,25.158627786414137
449.57529811297206,600.6777229394029,24.808605757148385,25.51208567440321
451.411304683337,599.9558244603394,23.55805748371424,25.59754701494245
450.8878490296099,597.5523682867921,22.868073537924953,25.321735266378653
450.94982341263847,596.9258881393166,22.348363885119028,25.603836021807712
449.84890223041464,594.3708332746893,21.859608226363953,25.385388248943123
451.35388517678047,592.7679776334712,21.620623166210827,24.822019513638907
451.4477502302912,589.8333132853967,22.005341314294895,24.657841304283245
450.99026723450794,587.3667857720422,22.207093175399358,24.748246571024225
450.6543428898296,587.2725324845552,21.877993005806626,25.208221398043335
451.14054965996297,585.3834341778609,21.955762227940625,25.407373062223808
452.2626555886059,585.1780747004038,22.14060845574929,24.7651176241912
452.2239869532972,584.0463296965881,21.62323394942365,24.16287594087734
453.6178411607809,583.7273422725309,21.825085674700517,23.66646805917165
451.83677343358596,583.6964593024917,22.324030237845463,23.02863645617789
454.80212664352837,582.766325700924,20.803852675393166,23.92199842296335
455.3059193167602,582.1266105648128,20.852633477586604,23.66407736530529
456.0847132121297,580.6930551717707,21.560499950421814,23.124679811077648
456.769191007089,580.0044283066421,22.193608166833585,22.4545154171389
456.3820783827539,578.8674566494508,23.015910127750686,22.34599069585186
455.4559035105622,578.8274325738062,23.475967125215632,22.09932962353762
455.4636810833531,577.847227004043,23.546933096347562,22.085951267759356
455.89924799457935,577.8893216117059,23.38347203401012,22.587805109422106
456.7224049983017,576.5589606639495,23.661364680499375,22.81800304851722
455.43401494758547,575.9874384223872,24.013894901044157,23.450675269661005
457.224071983413,575.1949034627951,24.52801148187711,23.510606672375957
458.17080755390646,575.7233287010881,25.929856776294173,23.538840428101462
460.3681572091982,575.1055998795802,27.056887854954986,24.42984742202051
459.9990533145778,574.0528490201477,28.22505917887919,25.37396307989742
458.0974009367633,573.0611993672408,29.27717903595657,25.885778034694283
459.47173284787135,571.7234616478213,30.48275745220672,26.24460421576277
459.2540655032432,572.5809578755249,31.661682724973016,25.986692071339597
460.0270369905417,572.7076129491485,31.78202383091984,25.882470417796874
461.2805032372719,571.458147436545,31.327814669760762,26.627520080320835
461.0886130858256,571.3118090651891,30.881403280019804,27.10643135464293
460.73949197296474,569.5216740400649,30.761360961215303,27.632260110694915
459.94913097057645,567.1492867031213,30.27461695597033,27.0820202262543
460.5418252139431,565.02972713054,29.190217253618624,26.811945631119883
460.20061150845964,563.1996559834655,28.52381084711631,26.539993875188898
461.12718342016626,563.2435804362314,27.856799648482834,26.03671597800811
459.763850521175,561.2108628675888,28.526877351433015,25.180972836688316
459.0085045586555,561.1330421724626,28.98591711738311,24.33749452894903
463.26564822629257,560.4614255075264,28.203897445323108,24.509662720210418
465.2248520886487,559.2537653888434,27.89250585842165,24.79191411982204
464.2561558403875,559.0950499994256,28.096722978709163,24.924176704147516
467.30782973342696,558.8273755312584,27.793966806692744,24.883008958403728
470.029092067072,557.4676933184317,28.0959412712456,24.56084339671208
470.95770619781626,558.1831225092432,29.522102855794447,24.034072125855218
472.5549584704567,555.8654118914346,31.2675293482095,23.994821931623733
472.5172418812703,555.2858936345723,31.809093193606973,24.288383953385868
472.48230838977594,553.4086905428114,32.79703660027492,25.215302173181556
475.57620914186,552.3163487409217,33.652403954925504,25.749333615092162
475.9737593530997,551.4020788026374,32.65094931080553,26.77156364231518
475.8533164668969,549.5479335174573,31.97216787132554,27.434595710768725
475.0987118778707,549.786218325817,31.659700453392837,27.980940594387487
475.953697977066,548.9659086611364,30.660019892242158,29.775937751157603
476.77950189367454,545.6423840671221,29.850930316886775,31.353410633803037
476.08593501959916,543.2269307566319,28.941402836724155,31.682303704407072
477.2275721826594,541.8527598503299,27.684105546049537,32.76835600316378
476.6885618856329,541.4960257892083,27.634452580078474,32.37034505352027
475.7900643536643,542.1832877408739,27.153373663521506,33.713418355151624
477.20813166245,537.6422051141144,26.636494857001594,33.5114788680082
476.94089407934536,536.5581776064921,27.382151212526345,33.10145728575459
477.48939386623204,534.5217585686,27.94320557661817,32.49247574730588
478.03489389933856,534.7368890960836,28.18896647865541,32.16758201669829
478.19496323410954,532.3582711046212,28.259184838588173,31.46580262557129
477.5567761655275,529.4058347685949,27.625495969369588,32.02344269991606
478.80911703788416,526.9758796850122,26.56825503394009,33.2067669114994
478.8608465476964,524.3367226114731,25.804924295646344,35.12007411200826
479.5219718455222,523.0062172818097,25.3067212353681,35.7813818532411
478.0833898719073,520.7660318773197,24.96999538431749,37.23461991329844
479.2765301663852,518.4617654208303,23.43185448294815,40.453586081853025
478.53058950333707,516.5977681487423,22.637046437704583,41.95124983445045
479.44940254069417,515.4209077030351,21.822147635189708,43.948350693113255
478.6197803112227,515.3308317973679,21.177078514340597,46.19892079004937
477.577417832739,512.979379244456,20.64769799459231,49.32793757560152
477.0300300446428,511.4824962930556,20.863961540827653,50.80367205027156
476.5159276540123,510.4642691993122,21.64888473831924,51.59290984438283
474.5766283606297,507.8220038925277,22.50717757276,51.54921560974487
474.7677000165194,507.45954119748836,23.018993296740582,52.230511642288846
473.17066233847595,506.4117016901804,24.78852086092121,51.10355605658816
471.24647470705065,504.4373383338719,25.291243807860212,51.27247621073877
470.8843142985871,502.2279963906438,24.701467942101942,51.56884770829277
469.95430816308794,501.7331019595705,24.23224291546879,52.22486601254811
469.4588991258424,500.79448452889676,23.88419134570739,52.486333800995055
467.98141887318315,500.0226717155834,25.116466805081796,51.65766056119412
462.353379374172,499.9572001818733,28.53632148430652,47.85384757017526
459.8904548630386,501.840285622641,30.282594637106765,46.01374584805125
