1430.5,363.5,400,228
1383.6417227066872,360.0887262509321,416.28283285379814,216.20351622566702
1341.2225785113114,363.9036007633458,424.71271354894134,211.32818375275258
1314.3325553989218,363.32198766093836,426.29447952313024,206.90733145305552
1301.6027163048225,369.6699828348036,415.4752155962241,204.17138534768006
1291.6316222662354,371.202525320644,409.93974788461844,202.21354611174658
1273.4453865122082,377.5026668438265,402.12732244345636,199.91712515711106
1251.7482489205643,376.91227941513597,403.67527576597683,197.58024056776503
1258.3305896082825,374.5597598180967,400.4599612412228,193.8997030797164
1240.3057023898982,375.02710347491404,395.05161958465,190.10544643813466
1247.693059394081,381.17784729135525,384.4391471659976,186.70692237391935
1226.6919790027437,377.2176195812372,386.43115832890066,187.69700506943764
1239.2761947889012,377.4324618176179,375.93140260719036,188.2833530703667
1234.1039669661716,376.8785333336514,367.8290703537954,184.27035171736617
1242.3190232290326,377.85401070081286,361.97539943275,184.56053699860013
1231.6415061126559,378.21379395117697,364.79750284835836,181.1252891549163
1226.276573375692,380.81923002894183,363.1663519567285,182.94539607013633
1225.548928764147,379.06681407737136,360.1999844621996,184.7660488747043
1228.8982254397965,380.6680784592961,362.35259980974246,187.4030796410343
1213.075268797109,376.48966754701183,360.07675630578956,191.65699482031687
1211.6470265366206,375.4359191647503,361.97563715734873,188.7728506130697
1208.6386754583968,374.4647443101322,358.8554790471506,187.372308896846
1201.857212371151,373.59499967087334,354.73164204861246,185.9107035541579
1207.2801388370256,370.92721373461103,348.35292957752733,188.421306088333
1205.6061557763287,366.9802327782364,346.6652158049338,187.84321471490443
1198.345424259059,372.05821092113035,344.9149119483217,181.8903041747992
1200.764742196105,372.2698664345166,338.6549481638828,180.73737408944922
1195.772316591002,371.9613453743927,337.8359424897863,179.09934594568668
1185.5053116880226,370.60832953674696,335.6124010423647,175.27719169306081
1190.0162797473245,366.1317678939656,333.12026316839024,174.103705069481
1187.749131621647,366.60546866806317,337.30700060808226,173.6819000790561
1172.9849001611549,363.7539393622409,331.7360547909043,171.85273325965875
1171.0500524524207,364.26485215836294,328.38510591962915,166.6394623095578
1157.1294344601215,362.0454233350239,323.935159447442,159.92197665036127
1160.865280889332,357.6757340460499,314.30001070349476,160.0145859354531
1157.2308718680908,350.17506530519233,313.5556261345443,161.3696631197572
1153.4131699731115,352.547390354409,313.68419174612126,161.97102512790363
1146.9293161781902,349.6829888698809,314.259976712239,160.21874497589394
1142.704982103801,347.28522169976975,307.5346756492927,158.75623064355892
1143.7890530286556,345.6995684910262,301.33302675565454,156.08090761868976
1140.3921292613127,346.6398602385036,298.638882166817,152.942932255477
1142.1706811258816,342.1438010338758,296.0200650963969,149.62855877722552
1141.3872756065036,343.6783533326761,288.27734025035,145.72510350143244
1144.673272177591,340.2441184663601,280.27807453147636,143.92914797220402
1142.3664583462341,340.4694858110714,276.56727219695813,143.58511046307868
1129.6964284107057,346.0959904662988,289.805632660835,139.33769987391338
1111.39446299025,339.0065933421774,293.7572699694447,137.64898352304613
1113.6199622955282,338.2469944441498,284.83465919504624,137.46199578968623
1105.3367642849494,330.88656080310267,276.80976462484085,135.9967306964227
1089.3610245883967,330.18980891343466,276.6364926110042,132.15061840893358
1070.3854402712725,327.15557575408087,277.6271194418832,130.60529382290713
1085.2466677673674,324.01075208475424,269.8261228112598,128.75049411738186
1073.6950038790635,324.043787169445,266.47758361645504,127.5152314084323
1089.8828639657595,318.4241274074274,252.5475857083315,128.93045032027138
1069.8500947140033,316.86767762508015,256.6816884991084,126.9604020927947
1083.3868107298838,317.90626229592823,251.3082455673147,126.50074948135429
1074.3853517800287,316.685709155244,251.75463036607135,125.37314570729477
1076.634624687154,313.34324584455175,243.67953861791648,122.60787107769502
1082.7111752919602,311.76008935613174,236.93007524566968,122.67766457633553
1083.1208660612194,313.87437842225097,229.1193242900021,121.04177623513635
1090.5260680818387,316.15908052654254,217.7442147049374,117.51641356417173
1084.894916878886,314.60673385036347,209.97660292710816,113.48545914053845
1088.3497826539028,316.3598805862084,209.74559491871037,111.30994732632186
1084.8743084282662,317.07257481062015,206.81431290392476,109.3681715515497
1083.886778681038,318.49062574046087,199.90135597690784,107.86549783381422
1081.5107965401735,312.33712059928376,202.2217092459563,108.68052345275962
1084.8795079726042,312.37833104725985,190.8508112436018,110.85068954285595
1080.9139811263303,305.40068304580535,185.8769533800143,112.24018361324093
1079.4908081206968,306.8758691048533,184.44729179110735,111.83322952514968
1067.9175249763416,310.4888801200983,190.35140379207695,109.5737696009632
1067.0241302900395,309.7617107560737,185.42718354611395,108.57247313649934
1062.7588646272188,305.0528803721517,186.50153402136925,108.35668955141446
1062.4873742905968,307.1017831935794,185.95686131534202,106.31585144419208
1064.0481627372285,304.5692197917853,180.13920030641987,107.75673210195588
1061.6736869632423,305.9537220343447,177.49410399157225,108.73309808720641
1061.6783104031983,305.79537443385624,176.14464983685906,105.00999296811543
1060.717566407621,305.10990197056503,175.80572875538104,103.74976272521985
1061.4808180102639,304.60512715604375,174.32763860902386,103.00242376281889
1064.1966238313191,306.9162013020816,171.9613198944654,102.98298145800092
1064.0184283535236,305.71381779652825,166.9695650075086,102.57065390578234
1064.1020411148165,306.42448098259797,164.3373535339895,102.51341787783394
1073.620850284619,308.4380832634079,162.6469323819515,99.9392145602876
1084.3816676730403,307.63415840245415,160.3253583161802,98.34508861562891
977.6945732101838,321.5680234392673,163.81882728076152,89.94561968999992
988.0835691114279,322.14307780344717,167.42708997511335,84.30709799173475
1033.3674441033181,304.439353003391,159.77492400503405,89.77720267631507
1037.0838340360199,317.23238773847066,161.16084241013556,86.74123037560837
1053.6882174494249,323.5247451425441,164.70430421851165,83.29028811650696
1088.389608420389,321.9030306890055,163.95201005351163,81.01681789565873
1127.245386370219,317.6830150735561,160.3623170710751,82.43842486357981
1127.2692424786187,332.86864143748767,169.07083600957912,75.63291107500471
1141.030808993997,331.00307917098803,176.02587102796167,73.12796843918132
1180.072427171906,323.65199667904767,171.04105216406015,75.87418452512674
1182.877874326978,324.7610162228849,172.1045909224411,76.41333973310644
1221.6643763031063,307.59321540355666,155.37038301719704,87.46151762402351
1230.4451525553295,302.8255764276956,143.66248330501526,96.14845182173119
1330.682747183964,315.5523388859557,146.4521950603886,95.50552034234295
1326.3047255277982,310.79403338268213,150.2590471584532,98.28537083157596
1256.6907616668732,291.0937754282822,138.44358344896278,106.27795554516686
1244.0700612035073,302.54494629085667,138.35029083457567,104.76928641132702
1249.7923742330595,304.67575011377744,137.3606976170728,103.96472326216411
1266.0768996174443,294.153220696296,132.2806899419227,107.03555204491948
1255.2083529257804,294.8972430118593,131.00322975987854,107.2361420312752
1266.0499655703898,283.8676945671822,128.0711284722941,110.04927935160046
1278.9471408140678,258.6893299006888,123.66070631031805,117.88292549507588
1276.0108386245324,262.1044396193274,123.03366213373992,118.76240990375324
1193.2228800982368,299.41625688981526,130.03500990958358,114.23873373140228
1195.2963867251678,300.7691243372942,131.23585714925886,113.29903449242867
1187.0950329413472,292.8302037478729,132.9188267795351,111.5793256288551
1184.9115947869373,293.5022552429671,132.9742594948309,111.51242042215351
1198.4630272950926,292.46465340046257,133.18774064714134,111.25758210729664
1201.5763666426026,294.28388073369103,133.48433582460385,110.90881712320945
1197.1195414169933,286.33318921516405,135.2804006985722,107.66112352352415
1198.1010820103525,290.3903584543145,135.53177767981916,107.23680297748322
1205.6064981517131,295.82606452981054,137.3417639140687,104.50366879454253
1202.2027370421654,285.00414618996217,138.0164549164509,102.88488554145441
1203.3000230742546,290.91212827832805,138.8449247162135,101.2838008668414
1202.9247221945277,294.63145393719856,139.9564467572208,99.63426613938238
1215.7677078991262,299.8713015274245,142.42937228963908,96.45463689083907
1211.2342383052344,292.63894714782384,143.56879239770433,95.11301989084521
1223.2565371770831,300.60931930114396,144.27526200211565,93.97081168486937
1228.2890350991959,302.27676826041477,144.4221590336705,93.6939950369536
1216.8408335732668,301.37692553000704,144.77310686667747,93.18137598871773
1209.5750739140635,295.5198266621776,145.5635760395901,92.03822557188687
1214.1868839857548,293.0674874720448,145.8202904206587,91.7554344251407
1212.9860367318904,299.1315266318048,146.00593904201,91.41616871234434
1222.2537652626356,301.2958748105349,146.11368450289083,91.238840336073
1223.3360431256706,296.18250746907,147.11164730152404,90.14060599000221
1222.3369184412177,301.0768808197618,147.1702081366118,89.81696118168131
1215.4808466622524,302.69127295926717,147.4089034677098,89.47718004488189
1230.833557303993,295.67916826968593,147.875261741921,88.76701899272605
1235.688218224956,299.42774993743313,147.90327393183242,88.73599865347444
1165.0532387518601,211.33683106905528,151.7434767036268,88.26709999150728
1161.2197236231916,212.87318802200718,151.6520557514114,91.28353365405157
1170.3219685123308,213.88141797241428,154.1821914294267,91.33702320363662
1162.5950976414456,216.53227150979183,155.0091792424119,91.47549111688727
1147.8728780823467,212.23509877480905,150.11073090479474,96.20405559528321
1160.1201640911725,232.00031518721656,150.33741723589887,96.24944846274667
1166.6352418746171,231.1781915893894,151.40240801685283,95.92122298299846
1160.0266588873196,231.4460566522722,151.59573297796103,95.84220482545935
1147.9235588051245,223.1544291888204,151.41511000347754,95.78289818056506
1147.790502661532,220.352708417961,151.36139661140547,95.84124239355044
1153.0237726616956,225.011605258518,151.39038826148555,95.89428704312593
1167.923309665277,226.0618015975638,151.89299487207,95.86611370187738
1164.3828712811414,225.73379004533138,152.0112132342658,95.8774426530098
1165.8429700448771,226.25162063452788,152.08011216120977,95.88967489941793
1168.3252974042,228.1823504588316,152.10203360902327,95.8927647878885
1169.6991771969517,231.5876328174615,152.16129871555353,95.89978233807733
1172.4607394887087,229.6288296027556,152.42266997616747,95.85142557223283
1155.1385449193742,224.9872393830728,152.65536036138795,95.85425871202088
1158.9026634015556,227.51667791632872,152.69738635326127,95.84097903581633
1182.1118766086474,225.41294806177658,153.19303968878714,95.74123540111083
1166.2328613847446,221.42928071225225,153.75573924369468,95.82660563650424
1150.8502654209242,218.18686361352565,153.699962258341,95.81404884261748
1141.7798799660823,245.91976243953266,153.36441368716422,95.66443217699991
1138.380197805578,259.0599521848407,153.42876763727858,95.4412142295034
1128.699384647066,258.4426568524762,153.54783117853802,95.2565712284057
1136.7380981258557,260.93082676606446,153.6037852483375,95.20287945020374
1026.6687160552422,234.72005479360183,155.23528539054993,91.45212336006361
1021.3690524487083,234.5281195614609,155.99297497940051,90.19409952422261
1002.6061377029863,239.1525526655779,160.42777814463787,83.40864807492304
1021.9772623581978,245.28188784196522,160.16492209780188,76.13908309710962
1013.3666249374709,246.80363574819177,162.64304199390486,73.70431766626987
1018.1516002383056,248.10255286206223,162.59891765691296,70.72251502015287
1018.1709810508379,250.0598552514038,163.43676315435164,68.50602519493611
1009.2497107681497,251.0812813418597,162.84573353175307,65.09645363215911
1004.9328781360942,251.19855756922138,162.62771939224302,64.44723199284836
1013.6427340136404,253.45137762945959,162.5663891999938,62.46587702892698
1001.6478008962779,254.0511229988649,160.85953697763586,61.24025040174685
1014.0471362267945,254.49729623014264,160.55429308924056,59.74858203974816
1006.1720909937812,247.49361226997655,157.57016965866572,60.7608216099795
1014.5812079151266,252.1955946337605,156.77297845914902,60.5363115683234
1011.8174079881771,254.74151168497698,156.37189908862763,60.10958038735937
1037.1443878988377,247.37839630660187,151.40038844118186,62.24767992695228
994.8860892752643,250.4149940479856,152.72503671361127,60.67597200101193
1006.7778898437134,252.66085391685795,151.25559609599452,60.43307919161839
1008.473179323059,255.76799471444562,151.30876851658252,60.319782487490976
1020.6897252935935,258.09545597191766,151.36873686642363,59.7084111473924
1014.7449918086136,259.9630837714059,151.42074597498186,58.71695857680286
1008.1857188502074,261.1650723469818,151.7709420063429,57.490313632020204
997.5585946030515,252.1255254851289,150.33121938836481,58.0146056387365
1007.4916992080167,254.0244170728511,153.38234879180828,57.24896174775956
1004.1038767920179,256.53778861048687,153.3740751858232,56.64384377347271
1001.8927540890254,256.63248714726916,154.7877435821725,57.13005608186784
1010.9331502433922,260.01356218420545,154.48112917812531,57.049089675774624
1000.5115363971571,251.01631841498866,154.08081017037125,55.91928735356502
1009.6998696011044,255.87747866115018,152.2268449415332,55.90098489084855
1011.6534481099839,258.29715455623403,152.05050307627704,55.83147025331934
1004.6607181277157,250.73768077883986,147.81858075036064,57.69703159075849
996.5621077687633,254.2695674133013,148.33596358057682,56.98036751465616
1013.8154102297381,256.1653753412956,147.9018592696175,57.352429260087455
1012.5095106764668,258.8331790134029,148.34285132909875,56.16728764503159
1004.9519500174146,260.2620838456252,149.31281381803342,55.14558829551785
976.5393454774998,251.58432570971345,148.03064502834212,55.5010552076173
981.317729836016,252.956928423048,148.8247287246723,55.32059896638819
998.7587594403019,255.08047263815268,149.55891036002558,54.878297458967815
1010.736853086586,256.91546797514167,149.04898932795055,54.78581360283842
1010.1103881684012,258.98967325321235,148.79591371085047,54.96412412560743
1006.9850603487694,259.76810055478626,147.61116799418463,55.508669104975795
997.359780903071,259.5573754812891,146.92432097608645,55.713340563770245
1000.8892080126021,260.2932869458757,145.35289166123025,56.192023428525204
1009.8968260188715,260.7451728072251,142.30309163277104,57.20964157482145
999.0766301690305,259.51265754174835,140.83861666041676,57.848698527536435
1009.395438641413,259.52299635861175,135.65030794103257,59.84894445357566
996.0617159654639,257.6194825521694,128.42730202656142,62.32772726735703
996.8706551683644,258.21369996135155,126.94154442274407,62.11661281355573
995.8049132179357,257.11729106734555,126.32748841240333,62.2118389598004
1008.0499873730178,256.66529105721753,125.63113731814195,62.146732823202434
1016.3316119111998,259.0189488033617,124.8887538713461,62.38240176066963
1010.3596303632535,259.9273602904233,121.96414233857746,63.39316863506829
1024.7214559004065,265.58612724302805,118.4737737312362,64.88791519340238
1019.7105628052907,258.69824183510764,117.6986025058005,64.57291427571947
1016.9054348622392,259.54747134274834,114.07108088389937,65.5368753289941
1035.4260061269704,270.76116584744693,115.13685977767682,64.731314988837
1014.3374541722501,262.2165507438321,116.04257805112144,63.3330587851451
1044.5567415650435,266.32612070126993,117.31285785132532,62.46689101841779
1015.883663596494,257.7026810606043,109.29477358597217,64.95581465051157
1033.9375453617617,269.1003843773031,109.85833537745857,64.45490130059896
1015.7918607640145,261.64349882321926,106.96909357230386,65.03391704841732
1028.92182586244,273.5015880163202,106.73427586389849,64.98229470667904
1030.0985836121388,266.52780847807963,106.68950616840112,64.85046591834808
1041.5316890896106,263.77264082772564,106.71198904758293,64.83017583892585
1025.369452838236,266.08495593799347,104.88131153640542,65.42319143465116
1028.1459065153624,282.7301724115543,103.49575579678421,66.09123913570379
1036.0575378749204,281.8498531828021,102.84425391517811,66.30661885217935
1045.8092804096266,279.8075170885065,102.99966150595667,66.20688714290812
1024.1761628304741,266.5030936064393,101.80584107468611,66.66569652455343
1031.4157492125582,260.74045010977915,100.93578930243596,66.50601340436558
1035.3320265833202,274.2687148856577,101.95889308777788,65.65455720285826
1026.251415528546,261.8585162064477,100.21014235909169,66.02814676786831
1027.5894237945881,269.6123211057247,98.65948955727731,66.59807132829867
1017.7271424768423,266.7888024286181,96.92925189298656,67.07647837478976
1012.630434748381,264.07428557917524,95.93014170497426,67.10078981717098
1030.7875061196723,271.8401569445299,94.42865087836176,67.42669276848648
1023.4158345704167,269.2011974366154,93.86637297915088,67.49091347123499
1030.2770580236513,263.9597105600912,94.09078864138073,67.11294516250987
1036.79131153409,261.63889190500805,94.37651825554794,66.77066171298188
1029.5228702012037,270.02463928114366,93.58433579331795,67.01180682648004
1018.1375215492644,268.2281118902225,93.22075424064006,66.98021475496414
1028.680753557714,277.4351498846284,92.56341016659084,67.05583433213428
1046.5871891757881,281.1882090434321,93.01808053266771,66.81547760291231
1055.1283104110385,280.10025227825525,93.19573170232317,66.7228775921033
1033.0111542400527,280.82153721349493,90.80989386696248,67.64311377496888
1043.2577605134709,280.45594211571694,90.57434505130617,67.82530586916042
1023.6136894372147,267.1434571874754,89.66932395775467,67.28582473132565
1024.9439149444595,265.1164859128756,89.3058925659616,67.01585609816546
1026.3747230053173,261.7934474654628,89.06536569119625,67.17544606940791
1027.3824717077111,270.8532122021462,88.32867612756986,67.31571594098853
1026.5034241663632,269.8719745699026,87.01784549761587,68.14547759808787
1025.773713259752,269.68138374672907,85.81393684814047,68.72418600697395
1026.5064848474508,265.82189047401556,85.73475182709582,68.20742267565866
1023.6403355387403,262.30280488583384,86.00588423012886,66.76039923909673
1022.036473130068,270.1439619183087,85.75038108029243,66.78722795588853
1022.9321598056831,275.9100688233392,85.09946636752146,66.8391375555128
1027.8920775218412,268.2833811539736,85.39658350453603,66.17678978132571
1030.8289539099103,265.6326356471426,85.00958976526684,66.38488578697805
1033.5782735473892,275.27580578333675,83.91738503858589,67.12982355301581
1023.728870018119,267.9237880033705,82.39051958062024,67.98122453517375
1030.5149248199764,261.4325093374178,83.15403000577493,67.03334657162789
1033.8532930474526,280.00098561927774,80.89948764642654,68.56771985870861
1024.8084588707936,267.6061035886605,80.85699430992331,68.36920896797432
1022.1895493744126,263.02375706119034,80.9189479584726,67.90525729400058
1022.1252320301621,269.1115307819324,80.704168497322,67.89104608465423
1029.5881204382786,269.8530247753477,80.33329005401282,67.9906735466343
1027.526835842295,270.16593333524963,79.98689613039504,67.98934256188103
1017.4800335290226,267.9321371940969,79.69973002666431,67.50547413287013
1024.8546137509488,265.1928984927908,78.98097910459855,67.18502187159777
1024.9748030049886,263.72607974057496,78.80371363856524,66.70265007308585
1027.556527596396,270.9623429785839,78.75370851103357,66.6744838443457
1029.005117700447,267.33468215332573,79.0419177854742,66.37614984243125
1029.893002806718,261.5569870349353,79.21780735490579,66.12499137562452
1029.840626499516,270.00538740023944,78.74799202312559,66.31075211545198
1031.701495268076,276.8613454332842,78.21616997168002,66.66596032916048
1030.7521149101642,267.00304952719756,78.25163499699131,66.36935929590058
1028.2681966046937,265.43903333265575,77.87097051367967,65.76313500535439
1025.8954035481916,275.3572123528285,77.60736556842387,65.93979248827996
1024.460481400758,273.150867860001,77.51437277508852,65.90839709106544
1024.4110162410243,271.4809104057399,76.90957121762365,65.97125980798678
1023.2693769480603,271.2287491102954,75.34963142543641,66.61544963633354
1026.3422110063577,269.6206826870954,75.23186308137942,66.59465957695849
1031.5992514417767,279.64148254009336,75.36201875281553,66.60093693351203
1031.8317194053368,282.18846279041566,74.07126088140235,67.54567926231742
1031.4501728280084,272.52952199482246,74.06094334766964,67.71293801948175
1031.8137268062703,264.95835645605115,73.57838003400624,68.10358182966344
1035.449243343872,270.7312738429279,74.32280464887948,67.46203617500454
1031.199262343911,277.9235266406342,73.55378544620702,67.99242847873617
1034.1606115468173,277.785145824765,73.36413837869132,68.31915827867357
1038.9365194271027,282.96889888512504,73.27484829531217,69.05597540846243
1028.3057968885294,263.58574132733725,73.49672694857068,68.35843103905754
1028.0257964077246,272.43082032502485,73.37131243823676,68.40189452871087
1031.3346630363687,278.41174012724866,73.47746390821212,68.3947295930859
1037.8957117814914,282.0434316751282,73.63200370132542,68.27100173190458
1042.9894959729716,278.74894548384793,73.74911021180738,68.22209741059712
1035.4483827770594,281.3573492260624,73.66953283476245,68.2989520766772
1037.348329092748,276.5187767924161,73.63268124162975,68.24393003895737
1028.446302350389,266.98500044495995,74.01120377166093,68.01562819872748
1026.4686554983614,269.11812100731095,73.41986503706362,68.37757476790009
1021.4414435639017,266.1920916640109,73.6703339070591,67.82661649234585
1020.8764142395206,262.4841619118057,74.0575156709331,66.76959131934142
1027.7868591684662,263.669010837773,73.97197397557213,66.75727130193718
1027.3151817295786,273.26972704524627,73.6522669662292,67.07855744785755
1024.291857239382,281.35342383629165,72.88681253501936,67.81381585652628
1022.0140682845469,271.3523458561638,72.6815064471787,68.00898710155275
1027.373531717487,279.40414825356686,72.19318643828521,68.17468267802155
1031.100801655873,275.40701925873145,72.32532944915224,68.00497621355103
1017.821429168058,267.4125271069151,72.68074274911909,67.5541165034048
1025.744490347878,268.8909909607786,72.68732865906959,67.54620234926753
1021.8159784645974,269.3250194541763,72.74042032009379,67.46851052703337
1023.0488857659731,264.2047189087473,73.36166205846914,66.60059068632785
1021.2078897696383,273.12004176087146,73.21449194830586,66.53936838272922
1021.4381972337619,269.90275612801787,73.29263912618573,66.05558180426299
1022.8839045691157,270.55043516204097,72.63045584042135,66.6368974338066
1025.680392024872,268.21863623133015,73.09710832114125,66.19872831284344
1024.4702369533688,264.6982282681447,73.98105048954832,65.16855857182259
1021.3399550185817,273.35913956031993,73.32767884768346,64.8782550728984
1026.3162662694417,274.19740376403115,73.17244710081388,64.97159031988951
1032.7156949611974,285.03661088676483,73.27726562263703,64.86272979089902
1034.298307363555,287.44179472411975,73.23632136799408,64.94251800866594
1027.7849913532064,282.25316595480297,72.03458798652197,66.479286163335
1028.7952045635973,282.8762771297171,71.87291224654236,66.64609818828322
1024.6605482373807,281.81756558374923,71.37496785089725,66.87118775810046
1020.3645035676354,282.98422386368674,71.09384415554678,66.98298182542399
1029.0424045737832,273.6008228639609,70.44877276021387,67.36238860323999
1029.1613229398379,271.5074514610608,70.62052783661636,67.22886189948991
1026.2259180532135,272.70026857143023,70.45815723632965,67.30962193672211
1024.914080339216,270.42695619339446,70.34892180246165,67.2107595988746
1026.0954389813467,272.72201954967755,69.48098983555037,68.11040154102183
1025.9443879366033,272.42805127483547,69.29945133974273,68.44078327337535
1032.313064768359,275.39476181197995,69.4863443270106,68.26235172261799
1026.2651737133756,274.5926239404917,69.48728091647324,68.40551374066487
1023.4005106802366,274.3086948338358,69.73231224157023,68.29653740151264
1029.9827935361689,273.4864057204052,70.12861443706743,67.99405939169273
1020.5111299571028,273.1539639123058,70.2620894273789,67.94256812863473
1019.8570110332012,272.72634274921296,70.7481220104013,67.53965611720507
1033.2161832283284,278.3180726266885,70.82624992924751,67.51217003457151
1033.7387518018736,281.7187898613326,70.76244009588484,67.6776457305698
1022.6813119138767,274.2122825751756,70.69967584764157,67.99362655675138
1026.6138813992825,284.4994974279576,70.49034363173514,68.22581725034138
1029.829124877846,285.6948214423345,70.37427074627713,68.33632180623317
1029.452494206346,276.2470774294736,70.37041305728079,68.44615189503283
1026.150475176297,275.0705030909081,70.63324265503367,68.18467308594603
1029.144276373109,281.23365794204364,70.62707916322418,68.20880753540987
1022.5493854040169,277.37870258428006,70.96286724885617,67.78034180253896
1033.4020705770981,287.6022731976351,70.23755763537554,68.72389264132467
1023.6876858545653,270.4930835035658,70.24716250873071,68.3962115279007
1029.3156929559684,270.90778443245165,70.0599793127449,68.62989602897457
1038.0269470188973,277.74820444220353,70.05587830162939,68.65875260957694
1033.4609251930026,265.04038332004444,72.00075991358236,66.09121288183803
1045.1201161682943,278.4318526854295,71.9735127909616,65.92435317380915
1052.1282604451553,278.21028070841544,71.66594212043792,66.26744132233448
1064.9680442756953,279.9703909065721,71.67947124045955,66.22870180335411
1067.9378230972222,282.08912197686413,71.67977213658612,66.21760355898923
1085.3348037106102,279.8495415003723,71.43954667924658,66.51930320114296
1085.2114645046763,281.12990860225204,71.34960177468707,66.61697216175773
1095.0390147779156,278.03673894621716,71.52331598524349,66.46190019388965
1095.3368954491998,277.79327780877577,70.56307652774379,68.01427677591012
1105.923371536985,274.9427130940833,70.69298459404861,67.89436748130157
1106.6299715833359,278.4648214699044,70.78217213409513,67.80875697787404
1104.597972628602,286.490928317689,70.47553115665126,68.34077752189252
1106.8218995065968,286.55284867923876,70.28291722664083,68.61117556126658
1104.2839194431192,278.09626763195956,69.94596370178282,68.98621184469975
1110.6980234541215,272.8895892735111,70.30243592355532,68.64491393065423
1110.049103100833,275.87164534511646,70.97106527578933,68.17378677829606
1110.272996152889,281.9685375625129,71.33586511086723,68.04412975175582
1110.9027661441146,273.40331680173205,71.6251629380449,67.78857685685772
1108.1292567983514,268.86983499566674,72.6106553382519,66.85602063463762
1118.878002950526,287.11413476101126,71.77758041864877,68.2965934575255
1121.3130444185258,287.1273509300848,71.74980591613892,68.62624847531609
1110.1946335735377,278.0775806443218,71.73329907019782,68.6899612254962
1109.564197622086,277.01682347468625,71.75736798746011,68.63374363958062
1109.1615378175254,275.23931945808994,71.91970522465027,68.6614271067959
1109.37842836104,273.9061298132446,72.07146274644617,68.71562423388197
1119.5805421789817,280.1939061722834,72.38883680178571,68.50243147816734
1120.5065712796309,278.6400577054691,72.60369021745369,68.4668446410291
1129.9891297127801,283.9283533279931,72.79449123678478,68.34641762824135
1122.0271688463367,282.56608430315373,72.6358739120081,68.51103302080644
1137.9059958611688,292.31863021037793,73.72236928575367,68.19845672684022
1139.1843250849308,293.6246694332074,74.2919963403727,67.93202580036876
1129.5141259900734,290.8150286824258,74.32451063549826,68.14198238659816
1128.6153219038017,293.21704742064384,74.13089624489997,68.66138818396776
1134.5467646631164,293.68475488151114,74.53763232698417,68.48414034322933
1139.4988939660343,295.7409173882394,74.55957499804613,68.55422050719635
1138.9266128004213,300.3466707688542,74.885482649183,68.54363310773783
1147.6504127682267,300.06591444614315,75.17191603639957,68.43989515615826
1147.4596477558641,301.0776559129221,75.72595823811037,68.23084331748854
1150.3021687329501,300.34862454476183,76.1589553224481,68.0038629109858
1153.33504883273,299.28755973266266,76.31380255532893,67.98645527641973
1148.912919585346,300.73875151929485,76.70835125838833,67.91657382815467
1144.5405453515,303.82888896469103,77.19721090778056,68.20914550219426
1146.4299615106265,305.1179988549341,77.53812783231848,68.18291897304825
1146.0164872919854,303.2618939740044,77.78366993621755,68.13897039840892
1143.5062641063885,298.6967613038652,78.18212853621587,69.22393314353926
1141.4520337598356,287.455993647054,78.40919691084083,70.23281878587684
1142.985020388662,285.6374049079078,78.96737866064404,71.25689602681949
1144.3580744282574,284.9211213335467,79.66368182627224,71.10006984691816
1125.1888334707091,279.82223440613734,77.42648252502654,73.65135187354167
1146.6524472536405,290.27347043509036,78.14316931144315,73.7874666024225
1149.7377627130795,297.94397586563286,78.4504772754879,73.67990297882717
1143.9820911732918,294.8142981920156,80.90046637301054,73.89719819732927
1144.4634721026982,292.5612890175386,81.71255839869849,74.13809133103132
1141.9861320693683,298.51332774808947,82.30652500266648,73.62792660460124
1156.7701757929578,294.9275799842141,82.62760188122385,73.41794404354526
1150.1736273947547,297.261970059648,82.70333688183945,73.35463266969617
1150.5417634870785,296.9801855665499,82.7359495043342,73.32922011316748
1150.864652045435,296.86374622515143,82.89881290272753,73.19547651769206
1150.9929724481265,302.96978348028136,83.07398053685453,73.08172390596228
1149.212582064811,298.8979527655491,83.70724568373605,72.67654691841979
1149.2368402132654,302.74371886157246,83.87173198545347,72.51449040693257
1149.902467833223,295.86539039589974,83.84645166022847,72.60012404392377
1152.8627052110567,298.9036234063734,83.90588173369623,72.46254905022535
1157.86134718667,298.5013045135435,84.27184994568513,72.12733334481027
1149.5435200496563,305.65554978997113,84.42886477262718,71.6665373078727
1152.8568264364344,294.533494805463,84.5663121022439,72.43504209987779
1155.8466619283233,299.4771288249454,85.31437820106011,71.99118028937646
1159.877486368992,293.40982936092576,85.48735822988597,72.00981415275518
1152.4051370966515,297.0076869254016,85.22023972208353,71.76267051906315
1157.8232346917366,294.75124236481196,85.38483323895971,71.63160838384339
1156.458160800513,297.01771610947446,85.53919941903024,71.41949331624848
1153.8839361566327,295.0952257645637,85.55490037778709,71.41436053589526
1158.3417662438844,292.89549427308333,85.57467584394088,71.38906532760987
1155.8651793757213,290.6936782653217,85.8060411817671,71.21534398677225
1152.1694775488515,287.97152890408626,85.48237801547315,71.48481181682455
1156.9115727156832,286.5076648016503,85.70040562564641,71.43055993759116
1152.2211299334,284.15183665116814,85.49727560147807,71.62495820824935
1154.7568390936715,291.227099875441,85.95647463976876,71.13165447468843
1148.7380823053754,278.9298358757574,86.9528926990999,70.57783453657062
1159.5863852950429,275.5647534797043,87.52937517039025,70.17247292701497
1146.998278485264,281.7779482014619,87.69439849475884,70.03290824778688
1159.3004900016458,279.56524573332894,88.14611658101175,69.75060011685063
1136.1982889384315,283.67397689358245,88.94224727870274,69.19153113991955
1150.160796550003,284.9996852607105,89.01341345095726,69.1150967944883
1139.4762947364693,280.9567298370721,88.984074404414,69.21755268340617
1138.9033766827176,276.139304269286,88.94809275513384,69.36641346382758
1142.212759093957,275.2952596644737,87.8103588976713,70.38057480685133
1137.2457986969043,271.3549754445287,88.20143973016016,70.18019330785143
1134.7543997092478,277.0215056328028,88.97570107522888,69.4966116381045
1139.6200992015333,281.442146417163,89.19355777869562,68.99749441716368
1146.5840810260058,277.38244672772527,89.70401877191071,68.4735681251165
1149.0020705733455,273.2992307327873,89.99302494594782,68.16400003745625
1136.7462440063005,267.6201488506339,90.48359680367686,67.7407485746073
1138.0347592952364,272.57210498980834,91.48632151020414,66.74129364284431
1137.5035767085717,277.7504964646322,91.70462697390455,66.3536067625419
1139.1760788537345,274.38442451695664,92.52859133057493,64.33328028398108
1128.4254397671707,271.8448380464165,90.20588820524276,65.11201511287362
1131.0771126370998,277.6824787637824,89.66080189520993,65.16491358425854
1126.6224429315416,278.53560628010683,89.90748246933455,64.55015892419817
1128.2190113510248,272.737848303937,90.13565558256069,64.29009009871186
1116.020714093526,271.5913723023606,90.4330464701848,64.0607413816722
1128.4415501742546,274.97980547264257,90.97389949908384,63.544048443813196
1129.84888617679,282.2847347418388,90.71066686825827,63.47750621364258
1129.707580277581,277.88292942702986,90.63206557289593,62.95295788743762
1125.7134826080965,274.05292299566815,90.59916795281079,62.7474509288905
1133.0354428731555,278.35263823959787,90.84713924254302,62.45285708182734
1134.028446117913,273.69109128749596,91.00180913571108,62.33693255315391
1140.4388429773242,277.57762236649955,91.4361839471855,62.01891591453841
1134.4727848622565,274.8324666474117,91.24926183411024,62.22198974190255
1137.484491683254,279.7625943320377,91.33245656274713,62.11662157806626
1160.353920631127,274.1184912046443,92.07135992029275,61.60662033464814
1160.129356996773,274.4776427182753,92.27686355859085,61.448175332917984
1161.0212012872305,270.88975454172225,92.62269919322381,61.28402619711379
1165.1286027841547,268.4632702075889,92.98675755452332,61.219119031869965
1162.9958543534533,272.6337912849092,93.54394475767195,60.8788392659342
1163.2711339127823,273.9288364870695,93.90725011147238,60.56850016540059
1162.8796581603563,276.3172648767589,94.70679880143433,59.963918784543424
1160.9095037793672,271.54899112869083,95.54456384709079,59.04084907133338
1166.6710552700167,274.5246588132032,96.67593962262406,58.72304645012884
1165.1448035416893,276.7260156244753,97.1743011256848,58.52463545174225
1165.878035363961,279.65741861899727,97.46527964459912,58.188219907268675
1165.0264582676666,281.9824303851483,97.6718020765381,58.01196532899148
1163.2636103417972,275.3346749896049,98.00881245951473,57.77035636062147
1162.9894415620245,278.6966246847175,98.1701597997371,57.633695964616805
1164.6487631870689,280.2673466821273,98.45769459751581,57.41968622199841
1166.6395602601447,281.87724997588475,98.8313660116782,57.09869374136876
1161.6251421955646,277.1805873544166,99.28802135125233,56.704756033620704
1163.9916082690552,279.5674876434113,99.5389451964096,56.489900745158934
1162.0233806039482,275.5717007521525,101.59263841734449,55.922686168091545
1164.0909133803377,280.2368760172351,102.42850518747227,55.236573053968556
1167.4664272894336,282.85229614306473,104.78221186750136,53.95851960924814
1164.15230757664,277.483321873708,104.49005345352039,53.855937632739604
1164.5969764208796,281.127448228011,104.43134539239364,53.904542390058765
1169.205723082527,281.5763574249234,104.81929555170896,53.89719258893269
1161.260767984295,285.11071080230715,106.88988648166844,53.40800364124638
1162.349294859142,279.80949469166603,106.60822123042985,53.37558203688943
1233.3470374721737,270.0714407685815,98.93883316303577,62.247369846592576
1238.6028921350867,274.23220735786896,95.44101821887605,65.82128059451944
1232.3170958514381,252.77337448941614,90.38692350380953,72.1578475900137
1236.826184569585,264.1808141947899,87.65564139779151,75.10259641147408
1240.5310968756942,266.91839685961804,86.93418325362506,76.31485716225428
1240.5885339948227,268.26661388278734,86.5633881416907,76.84901308186139
1238.7729634027392,267.40315589676624,86.0284335651101,77.49784498520418
1245.259676284056,268.9471796983796,84.15849754034528,79.14077617755417
1239.515679293617,261.84421916833554,81.27198013848178,82.32454901333374
1247.7085071857362,263.27775059399096,81.7889556108527,83.81615891143923
1240.454740058422,257.95899105998467,77.66088834648676,90.3270788573032
1244.3177165842062,251.50169061547047,75.90031073439687,94.43067418057237
1249.4431290730793,264.8035676716828,75.85830482093398,94.49337793066572
1244.3047747681505,247.25220738304694,74.2205294650885,98.95348718392344
1247.0062209510847,261.1733814018105,73.98327092078006,99.21635130202525
1242.5438093563973,253.2119401331627,74.61283327691137,99.95652270210104
1245.7543886175347,257.6841385409515,73.73314288452195,102.64287369522224
1240.4888194951684,244.8713814645435,74.54707010720874,102.17417612709292
1242.2509640641467,247.29106771672772,74.55582072794829,102.00843214511139
1236.5532548421493,244.18966108932597,74.80458036774233,101.67420666046709
1238.4563296455792,258.1195062651775,74.33412039020578,101.96931482163949
1229.4622250200136,248.54348047896468,73.72927305045545,102.03914248784156
1241.8880413126333,254.76973068216356,72.5695700071137,104.26815946637117
1242.8809625680572,256.6657532970079,73.24588089968358,103.25400078954216
1242.7748974744725,258.0162247782994,73.82362783721898,103.042120036834
1234.704127021295,248.92901659395642,72.79514200054399,103.90640502189964
1238.2224092051256,253.5286346991702,72.42344192993293,104.54577536839182
1230.8208447938346,257.67816371218316,70.96582142656239,105.20370089143648
1192.2885767245089,223.214031271248,75.77621205492953,102.32638362680001
1241.2734379781473,248.86934021494238,76.48394886945353,102.60969003352238
1192.7603087354985,225.13700818517884,79.64705792494482,100.44959342245863
1190.6895452240608,247.13861522953056,80.7670578813416,99.53336005420452
1229.5357578632793,245.7597886258568,80.28242042521612,99.54609558302897
1242.1935866010217,261.08906842952683,80.08303082317366,99.59392739837247
1235.5136744039494,254.31946105881482,77.95761419910386,101.88455550847407
1238.3439333448086,241.9923380850358,80.10437071503941,99.76043459670059
1240.9053547456117,256.9644781086867,80.33420269083152,100.00891461314013
1241.928566053235,262.07372864343404,80.34851909693928,100.43041504063078
1235.220374235668,252.78016183106803,79.79233211374502,100.9069735834919
1185.2287364377607,247.46526283046862,82.16556755452963,98.13986187223288
1184.128614679288,254.5567071947192,83.87481762319516,96.3775280557837
1181.4764779187146,253.74613412221032,85.43943286775114,94.76972858446709
1234.589406645855,259.09876084735737,83.25351252648052,97.59064529045509
1185.6492126518033,252.7121303145674,88.78107188363226,92.12694096999164
1225.7321481109036,266.23556133273365,87.11446177846015,93.32182815150456
1232.8405068316792,258.8745174622664,82.32564645404864,98.91001406008142
1234.8191299595007,262.98307207985005,82.14104096519833,99.49015019340861
1238.1183178180584,265.9453759225753,81.21393679147852,100.62536918974037
1234.0361750813352,259.73748268715724,80.14604603107853,102.29810121242696
1183.4428267103674,234.01306070365388,84.8580405207513,97.29651914617202
1179.2148309536215,243.33519193155934,86.16621870563995,95.59357123846566
1180.619762918413,253.46473362808845,87.39408843122159,94.4471963155724
1178.6625253631862,257.6070212773105,87.78935556822252,94.11221067486835
1176.8121223758858,261.84752973975543,88.0401504422605,93.96715771750597
1170.8639418375112,264.822596751864,89.40487543268401,92.82976810352207
1171.2726980402085,266.7931970672662,90.644055810302,91.93795475864502
1169.7347330461512,268.1556121906086,90.99104191024514,91.67635444678768
1175.1868466099154,251.6763681366419,91.56756498991166,90.84182203851644
1229.1849057732286,254.20099231630968,90.66331312685655,91.7730855698577
1233.6256054411303,259.3913614801929,88.88516687624431,93.8231360379264
1240.4805811603246,270.1200999847664,89.04635125655483,94.04126538424696
1240.0449850888097,270.0220178854807,89.20451351543618,94.07064279335523
1246.4022371333847,267.665890106025,91.59772649079636,93.37168522520906
1234.3888424315508,269.4081390667835,91.24478910376504,93.54591544695843
1226.5928329204191,261.6924126784385,89.8787011131608,94.50459098717334
1213.7740222719467,246.0032901120168,91.34656580623785,93.03921573660496
1218.8147311977536,254.77949952725305,91.40753381542876,92.9036831475562
1234.8654264601378,268.81670583066045,89.9785616202951,94.71439066079927
1230.1821416721837,268.9267058543159,89.6426148584078,95.10538296211801
1225.1113993598804,260.2467936574265,88.23790971348635,96.21834539643507
1233.3585358133096,260.6112855738434,88.65843119155652,96.17210840225793
1232.062870834415,262.06239269716275,88.43476049482504,96.87343602260444
1234.007175100949,264.91537510735634,87.71696292697409,97.41615223588089
1229.0339974070757,256.2142810935268,86.64242862385527,98.68472790103621
