655.5,316.5,93,87
654.3166130157435,322.55686264378505,98.5746505501241,82.87723255188946
647.4643511935448,326.3944010899118,101.80464475729671,78.53821050252392
648.4961713614019,325.9294456285729,103.49163946471744,78.02583353192064
642.6388371092381,326.5347610451348,105.90964608531607,77.1340663665643
640.3804933732686,328.474242728632,104.85904591669873,76.19088763156259
641.1067432262578,329.0153861288161,104.24672281072422,75.39632426331505
639.8561517348759,329.0032684336153,104.19529664440158,74.0274311264418
637.8984320728861,330.9817372721775,103.09747129360775,74.25955957017403
641.1665992994059,329.7320575252422,102.17856727751818,76.40836626683762
637.2876433474803,330.2055617860468,103.06588662846373,76.33979643699037
635.8662101562013,327.1175537857416,104.31718381246246,79.17232412889149
632.2689813373731,329.5557253289023,103.91074167742072,78.09549343142493
632.0943313867352,330.7811890549809,103.75000266144329,77.693577569864
629.0434630870371,333.8243041323599,104.43061764016878,75.57313180046557
627.3364257523642,337.1851764674748,105.69625146110964,74.09783307475101
626.0145771626829,335.2081127483675,105.39580062461866,75.40753586952938
624.0932967834632,338.02049375638524,106.36331833796363,75.19455893830441
621.1680962094291,338.26508329294813,106.0532593305369,74.13114273337672
617.5460263512941,339.517284273949,106.1208869837036,73.29393417140852
617.1016166186225,341.12324284086833,105.47143122348368,74.32500722797286
615.9733765698697,338.8910479924137,106.40399937377023,75.91997142568252
612.2296062614704,341.36483050312427,107.76807049796894,73.6367493070444
610.5108986907894,342.6001585331666,107.76459453366405,73.51708295471978
607.7093077017119,344.05364655856164,109.61478278658242,72.50554407122294
607.5998758452323,338.9377963538709,108.9461518491273,76.45374633041735
604.6250604618707,339.958463173844,110.72069070607853,77.25125018525907
602.7115805275707,341.4887264242245,112.25181257335413,77.39209961571069
601.0014455928053,336.0087200802395,110.96813733503441,82.31326086499914
601.3303951331748,334.821623964152,112.51476857552967,84.79678135395977
597.3534746151379,335.20307481157397,113.76826649675147,84.78338316325627
593.8378041568235,339.8749140259631,118.19099954895339,81.32844501719993
590.3189253750306,341.7211927908313,119.02425448860305,80.57021794214596
587.8857777102369,342.24459001483586,121.87584021988016,80.33099191217624
582.6238006322976,345.02871350960675,123.07350110766427,78.88006162972789
582.2876271736149,347.64392561808677,125.3304779903994,76.23763542035215
580.5689851703119,346.6594050256999,124.70381361399919,76.18887867727753
578.0140368330234,349.97769087439457,125.63208561272283,75.95887640356457
574.8183230991189,346.51462161272536,122.34150974255843,78.6245959897496
571.8831270996153,347.95413070746,123.03305060236306,77.6707215243008
570.331746647097,350.5099346430998,122.68396551232988,77.57108171491993
566.2884659009185,350.97096468906125,122.46532118661227,77.58310244263942
565.5427323208621,350.6019600910487,124.23225097322518,77.45931916290411
566.8312118626034,350.4115859046573,124.68540944853186,79.08719807870494
572.8957615944673,352.1966166074688,125.63201634169049,79.20155928961447
577.4288853623699,350.4050255372962,128.55657522995588,79.08575878982154
586.99586140406,354.2037753339718,130.15793488544716,77.88634015253129
598.1490668154627,355.22166667449926,135.1926921244193,76.48934941469855
610.8649408726551,357.88184166089854,134.60071897558277,74.01765641325062
630.1204733543402,358.89088369214085,131.52852737311943,74.95939113932701
653.154172864821,360.95432623314355,129.29458227037875,75.69612548944242
680.4243300207702,360.3583620734466,127.19091530958389,75.43604131885911
711.309941993615,357.56129703090573,127.22288905131575,75.7594220998987
740.2599486946262,359.0906993185751,126.0647767575442,75.99663510982325
772.4071715506252,360.21960237256894,125.54547906523305,73.81455962023361
809.2861301168069,361.31630671903986,122.39835046612602,74.9715444539886
829.4279720130314,362.8830324947352,116.52639358781843,75.41226916239333
864.2932564331221,364.21757417924,108.82785936322057,78.45370173593267
898.368461966048,370.13940337193674,111.72567101261996,80.37875534536084
927.5768062124127,364.92486897052805,110.45903510933341,81.3495528717389
949.0007490948785,368.29152701352683,107.67501338345717,82.0528011549233
963.6233880943365,368.00321500422086,104.72660432727136,83.39703701255954
979.110473855236,371.00902692127386,103.91922431364074,81.26540694275944
1052.5727847207772,353.0600658377815,96.67274932424155,79.4435463569824
1071.5700804805167,359.9195357198782,91.77304372039835,76.5573464246121
1066.8605384571952,368.4461458387223,91.4334851624177,71.93277771124941
1012.2324323436716,370.3309617416253,93.644492005509,71.46245268936477
1003.236717185463,378.99029927634297,90.68321177191139,76.45857999377971
1005.774833356141,381.71067229961136,90.03690668636051,77.72949633664646
1004.0046521130345,375.49417004276995,89.1117958509451,81.04276183810038
1000.8614467176153,381.98701581863736,89.21901801823554,81.94723017141945
998.2012945074323,374.10935843612367,88.12501411185352,86.55363432020118
1032.701196892149,377.31392068565015,95.06062550771341,80.23943695494705
987.5078170209705,396.57796189388796,92.77745539183363,82.84658696352867
988.5913116047076,402.8148472873242,93.58344458332408,81.22348322694225
987.9609957303599,396.30641261665994,93.2646273809151,78.61295835277673
978.2676513741351,389.1474345248046,91.07882998976183,79.13359757799802
979.0474277774529,388.0621859888775,93.46401049115184,74.91052940207567
977.3270579653815,395.47711379791895,96.18614596335243,73.61079912551207
965.5593499110381,391.5655422374059,90.21343581447019,77.97295910839014
967.4347887142835,392.5510230335683,88.99242051009561,75.32397331650805
961.9712559987387,404.28687369552716,88.41278920106771,70.77982581184718
960.7019128224359,405.2512495654378,89.44940048765551,68.17401951892288
957.4010105506626,404.179240645618,87.51960953493759,69.4793659863218
956.3241447124302,394.3122541705476,85.96327834678638,71.57608445692958
952.5203394982184,401.9845581831324,84.68330816584523,72.38064309150256
942.9530625627954,402.34059297611486,83.76842041896387,72.46043761678271
933.08175648808,405.34559038586053,83.4664880254332,70.52738845607568
937.9590545381226,412.9493934419937,90.19096666760201,67.91931139268664
931.4259968956746,414.0294358983708,91.61541618121993,67.22217851258743
926.2636234504166,413.1599603365195,90.03426235310886,68.6648855276066
922.7832545080751,416.3949483300475,89.49870570693216,68.41947545160679
916.9757640781719,417.84693951405694,87.63750678890662,69.21620980933918
912.3404927795908,412.06101937288406,82.86119612001215,74.42130288784365
909.3165615889322,410.5972501404558,79.48896183902178,78.20329039381232
908.3926202626747,407.1491849148379,78.20568895835225,80.58467331106019
905.2936997634645,412.142416882711,76.5771150911348,81.27840087284812
902.4885686935086,409.357765213925,75.10267268459081,83.44039633203383
906.8772604034083,420.2154006947534,78.9883775492598,80.55406112682942
903.3501249680255,411.0606990699771,74.09702368554865,85.2297543559856
903.122457092788,414.2997220961035,73.5955486166911,86.72768340847658
909.5174636560424,410.71845310759875,70.75011493147488,90.38191094077388
912.9216270861182,411.67385271678444,69.21586578098066,91.98366271379237
917.5962121416671,416.09616983377606,71.57627617001137,92.09201759680037
918.5740813047966,415.7259273597086,72.14614605481029,93.22766209631402
920.4192425211554,424.94558760042986,76.70381701179286,89.91876513029433
917.0335404433241,420.5468576758321,77.2580579207893,90.89063614069804
920.6208480043105,432.002857908809,81.31075755498819,86.94957590887681
915.467953519118,426.5225300805373,77.69895253758972,89.73983071331398
911.6436125863239,421.30106072452753,76.05476206086948,92.20136099683339
909.1657040628088,426.1719351212158,74.57376751268687,92.47771502531953
905.4111470498165,420.25047311283487,70.48248612913122,98.2054128320124
902.06209116208,424.9917402468378,70.37829676938206,99.79321798435188
894.5916057491145,432.61325944264263,72.38792361771996,96.43689660716328
892.7078162193993,434.5084472223587,73.74602138236024,95.16871726647173
883.1696038102754,439.81628172358586,75.58981169390856,92.12657633569552
877.6273161923434,435.68076103733245,73.8938817797557,93.94279877994674
866.7179031325343,432.73465459746456,72.586137898222,96.49255272329881
848.7177536872083,395.9470695045999,74.33770050214754,88.56408600052012
842.3942489410089,415.7161838513407,74.61351839518403,83.31650875259797
840.4822458656971,406.0357193349273,78.23747153729771,76.22633823951122
834.27539412429,410.6430663487733,79.24326442900997,70.82261366965493
827.9391191743159,419.3615470685669,74.88174795183598,69.8548865114338
824.4997021704104,429.18487465448425,72.99704850051135,73.97368620236402
818.4404589762491,429.42529565282325,70.84707809239929,76.10621718572305
818.9074546204304,416.60083265429614,72.35047484569708,74.06255972323385
802.8127465444404,434.18573990230175,71.98257476141625,76.73184431963014
794.6049155363498,428.60474499005073,73.7893268495972,73.20240591777073
792.7610053141495,424.28218966978415,75.62841434815925,71.31717569599867
768.7240670608104,433.8918097910289,76.00571025878176,72.2123187812785
771.0029205487783,432.8643780472354,76.01024308262774,71.08316922598198
767.0835836913649,429.16493107531414,76.09103828152155,69.20315062988215
771.1009646226752,434.69966841905125,71.02581209799656,70.44812254290383
782.0974720531718,443.7994064712724,68.22725381971958,71.79096657521502
784.581048638266,442.6172072267836,69.48291157757032,68.62033641025855
792.067268007446,436.1766104300624,68.24635416363279,69.43607305918775
797.736179308922,437.96954382891073,66.90234792596428,70.30126732379547
811.6643770585911,446.4885912218465,72.10361313892346,64.44716014638897
821.8524239326792,451.36031197241795,71.5591112350171,64.26387775388905
838.3413027070819,454.0394206808827,73.02576387717413,61.27913996966124
842.6974257304119,455.4498459615383,72.47345072525302,59.08313212394194
861.8195218385679,455.45135403390674,72.67718868510411,55.842136677445566
878.4312881268594,466.78860790334204,70.27020766927372,54.76127299288268
896.750834490788,455.9330133768232,65.97318596462928,54.951789575082714
914.185782241381,462.39482130004336,66.17336080869691,51.309760798446696
925.4981561170275,465.750265976167,66.08480258222022,48.61437041357389
949.2507878651934,472.89105593645445,66.25029700414127,44.56502418940103
962.7837997031519,480.09458555394986,67.08610433088614,40.26189530733577
982.1866163812358,477.51377898639447,65.89861859975807,39.516001408671826
1004.8137435422146,481.990396196025,64.53245735903938,38.46194493989226
1022.0393438190468,481.99227137216,62.406324408319655,38.4288771483491
1037.2198645990486,490.29806370403975,66.67666791611288,34.69751655236332
1059.299989223831,493.7457744145818,66.36058222924851,34.72163547416257
1070.5499315999034,499.5638294293259,67.66109349053501,32.74176155403053
1088.222314056413,504.73212522500273,69.23487252101471,31.41035355880423
1101.0517767781673,508.77821246389186,69.92904951589944,31.723221400951964
1112.5149474477557,508.9894367103471,72.1855676942745,31.362583821414617
1130.2653047157821,513.2834987548888,68.64493409357529,32.96406748128864
1129.0635217624201,513.9559942121346,65.52839272837231,37.48784396829812
1137.482496614977,510.3224513523854,63.11639156937788,39.96176404400318
1133.9845232719974,509.33707087225724,61.948106346486085,41.04758144986285
1119.9157924326676,514.8123341242656,61.27682745721917,43.679584660095955
1116.5400700059963,512.359508608252,60.231411869893165,46.626713170495506
1099.4661585568817,510.3758415802742,62.43628462950159,49.51720332737535
1093.3752761394267,506.38730063822123,63.56002917206277,50.626362408828435
1072.6221334217787,510.6718845619295,63.53445469898801,54.33800388113611
1059.8480356373225,512.2353068922092,65.23959341803015,54.92991208587358
1044.339720220936,508.7371485539709,68.05080745722276,55.67942662828884
1024.493321221615,510.73119390731074,68.73601665043891,56.41043253730295
1005.1115397385855,514.8029593091761,70.46672737109354,57.519678334615065
976.2597234376365,517.5536319851902,69.85118756392023,57.86185789745899
959.3207256045235,520.5071382513688,68.4010764630675,58.75836029978847
947.850273440808,518.3748518797116,71.85934083332563,58.06708151290111
918.6812178671837,522.2410465081143,70.96286180478937,59.33045896468328
905.6681478890763,520.7105944455383,72.40711442582867,59.41228152298399
881.292227836454,538.4872237196669,71.38130442578492,60.602986862927395
866.2895664703365,530.3350336794554,71.31924406552864,62.205883301046164
855.7622494956851,533.7736566554272,70.22984963736462,63.37227017253154
848.00438246824,531.8692287262039,70.1514608445214,63.581877921375145
830.4465322324338,531.1396260719897,69.35558353314667,63.68007047023493
831.5069700622139,531.7792060167951,69.41544277218372,63.655252131429734
814.4195594944898,535.8496092998664,67.91082047891909,65.04727317306194
817.7027479962611,531.813801230349,67.94602667850894,65.0445934335131
850.3161358274813,516.6647489550865,71.30941412412976,62.889909495290574
854.9176554543071,517.8038334568511,74.30901734101633,61.45236273818118
856.2045217903028,519.6844466122146,78.84383754900821,59.22013091284721
859.7233359240394,520.1181622339124,80.48065740831424,58.391409409212415
855.0769802494485,521.1646922332783,82.81814768196676,57.485956804203774
854.1863129765112,523.8025665205729,87.52255987017449,55.818247034487946
852.7688069663974,521.380021278905,91.99569877177689,53.58048278257992
854.846931864786,522.768808775235,93.08088531309812,52.91676070914902
860.8570086300019,523.2903620135928,94.3964014335228,52.32344090782748
861.5229603995468,524.4179464507184,97.10318361872889,51.42860711497111
868.8304822170087,525.0868628863058,99.48401933867898,50.252114973248986
875.6054948391198,521.502358212061,102.0103691159357,48.54878707654943
878.6169467356988,524.425956998942,103.18942818038654,47.702325572816214
890.0823051417769,526.0731283316185,103.80658552102699,47.95935578208676
898.2918851308754,521.3405661829432,105.23174709847811,46.45456526096925
904.9171062151393,523.9425381032863,106.28885087438312,46.18002506518274
924.0184016556241,519.075431009091,107.66283162399039,45.696939367014934
929.4451045546822,524.8431780714691,108.21193634688079,45.89495395428567
924.3953321490194,531.7433295565068,107.90134022203476,46.321018686588964
927.4773397502044,528.7474770223052,106.11123400458723,47.142349948568985
972.5067458731918,517.4444871502225,106.18995602871081,47.15848973717484
984.3446946097674,505.4432471450883,106.6577163386092,45.61540931208941
969.7987106186656,529.2141804603516,104.56962509325486,47.14355785217332
995.579252086012,519.8592093433825,104.25378693068023,47.274698262833404
995.5961477043603,509.4181797105529,103.19757789763405,47.575987155753566
1026.3628030989644,499.37547634078885,101.42062207552799,46.599793982693015
999.6975061864661,507.5149099088219,100.52160575614893,46.63199748245103
1014.8510937019656,513.4945284732024,95.1715049994376,49.737376301614475
1010.4472350013887,505.8484541623146,89.73986399054269,51.56918143616443
1019.7048130711516,495.6494033337617,90.20909426444815,50.8750381684251
992.8450425121725,503.32640899014893,89.43737198461703,50.387003519434764
983.2016150070208,511.0382915699734,87.47603834472727,52.0260162321475
992.4979697403172,502.5274630761708,86.71250460515525,52.54770482149077
998.2495736297635,484.62450988444897,86.84623641701143,52.15299154659171
986.2404082289197,511.2470817845327,86.55497586634338,52.04569136912709
986.0390093455735,510.64993628484234,86.18915490727332,52.217115380940115
982.4301749688907,500.03102156885944,85.58486786966877,52.34495524775105
990.814969830033,501.13992006772645,85.30516500836602,52.149877130725535
1016.0480816057415,508.2611443461722,85.40706174859976,51.618496035722586
1003.5206958419344,498.9185569163012,85.55719108410086,51.34622763035621
1009.7682639561326,507.23834506296873,85.26341776900381,51.377076098933955
1036.0179300538684,498.0659990578777,84.73989116601443,50.91466666282133
1039.9563611710516,502.73805281604456,82.02981745331894,51.51101025114612
1051.6275763100716,485.280854128564,81.33865055981829,51.48994904229801
1059.260527754138,484.2854010734486,81.44149918505718,51.538817715120196
1048.4952525966949,484.9700820858857,81.51883156779033,51.399409496705005
1055.410520043833,492.97137997757625,81.41628357111635,51.650306558210346
1062.8111531804616,493.4002621645421,81.47612836720032,51.58726185427113
1054.9165423761253,500.9308023305784,80.7225287167245,52.45693548030605
1046.7696372936596,489.5683609324493,79.91948119057267,53.40054656610418
1064.3328710189276,496.42471596641053,79.21772837056342,53.81776105159019
1073.505375813927,504.0877367856376,79.01686437517526,54.05778332979303
1081.7674903454015,522.2106477179542,78.77883673046423,53.05754489096354
1081.78232356035,523.0692332120864,78.61929985821884,53.17047595399646
1082.2637568604566,523.8219711657082,78.60729119259393,53.186242719669174
1081.1858186439579,524.1867332465903,78.59227179101555,53.195615600183466
1081.597270893114,525.201067033301,78.57756693036123,53.19682651091532
1081.0558514663242,516.1123284493075,78.45700611165739,53.258425537943566
1079.275028919016,515.1455190020831,78.43048096200815,53.26119965485958
1070.56135305079,593.5673917949317,73.78735462307296,55.308735061173465
1097.8872337006867,595.9640950083576,68.08915340708691,58.041390983648604
1115.8131907212496,592.8724223005263,64.9970107979085,57.93642318171612
1145.9501661932327,592.29500027182,60.540973552383036,58.211265502569944
1170.056583657232,590.3744239324154,57.37517016626276,58.61663138819899
1191.7853984884955,590.9011764373421,54.98753039933013,57.09048771570136
1211.6743454377893,593.2624373733681,52.93647984105945,55.14619596833951
1231.896906098595,590.3288718569452,50.37678517014184,52.20695953639235
1241.417172785056,588.2550813628434,45.7818743110143,54.14473080776027
1246.7394833635626,590.2895766809904,45.30744384385447,50.76010817902326
1250.6592382497245,585.9250115774327,44.177863668940404,49.43001403374713
1250.5576968191142,586.384032071377,44.83910111339709,47.12107014421257
1249.484329459217,583.5418344889753,44.16041699997025,45.875401933285126
1246.1993565109542,576.1810857639085,42.01204164657444,45.81948014650978
1243.158962422043,573.5704188540886,39.257031915075714,47.67063211531635
1237.1343267721074,570.4788582123264,38.64158158242436,47.07219246924534
1227.7306282208308,566.6586115218266,37.54942657087534,46.85029330543833
1221.4693819687775,565.8305983550707,36.959094817246864,46.99230856785405
1213.3788952191614,562.2703829126234,35.96704378172126,45.35889331555644
1203.4518576568635,560.8561344997497,33.69937234340679,46.12881131663846
1197.2547522817074,559.0189277901526,32.06940562503208,45.74271492450353
1187.7580726926099,553.4512072343119,31.75301679619599,44.42882916779037
1183.029190031601,551.9085065802581,31.665645532120855,42.00825511690584
1180.9628111866637,550.4715369337372,32.441334774891715,40.72807863348849
1176.2797670406947,545.9874447516906,33.251548623426046,39.148438520847876
1177.2996783865196,544.8699800586636,32.954170455860265,39.11472081599899
1176.37017966315,547.4322435885537,31.8536042751187,38.48340204929104
1183.8351639542052,542.1826729695439,31.314493367828565,38.078524139508005
1193.0108861327662,540.6276653603846,29.322617321461816,39.30721088265033
1197.9181663276208,540.2172955181128,28.95446592712865,38.99050462360667
1202.9099962813632,537.472453386537,29.7769198216277,38.2108688629497
1211.1924291358155,528.8059654143334,29.63122112171765,37.30288749337634
1215.14367892533,529.182442914946,28.600169248501828,37.81964979409944
1219.3620794785197,527.0339539085358,28.871265534685257,36.99038717121654
1216.666891863213,523.7007033452013,29.601072972323813,35.869728838051586
1216.0981318923562,522.7271208725958,30.01245650437269,34.98170725046307
1213.4952953594204,521.3664286742791,29.4851093952411,35.52356225910748
1211.0970406073689,513.9921651918338,28.72461028343858,35.668050632633054
1209.1972454052195,517.8803762302382,28.01419819527831,35.70902543743506
1204.4350750823382,513.272410864763,27.74950949560673,35.65500446284288
1198.619287128261,512.0811103528831,27.29697869305845,35.038857567327746
1194.1962378560515,508.1608176967444,26.059895095480258,35.85076703464121
1187.4383608973665,507.79965317228954,26.401636498376455,34.01116427988483
1182.6837014486607,506.0536934921994,25.28591206623877,34.37867151425528
1176.9812729565879,502.14462567184626,25.010387423675088,33.7144465553527
1174.3543997734967,498.2982263989463,24.328410884247358,32.61927583114173
1172.0351678788384,500.8451309985333,25.0020241207189,31.102323568293215
1168.4694133048613,497.3911763803856,24.98208939381,31.231590688144184
1168.308844844525,497.30037309530513,25.059173430593024,30.975322251670978
1169.045004151666,494.0592071613639,25.872758842003943,30.26834480428197
1175.4731698644052,495.2820324394881,26.18329691276383,30.041247316784613
1188.0145831464129,492.2717440015616,25.97939860567055,30.033583511676426
1194.8964774293443,491.3843447656576,26.13761701229892,29.076730035023772
1204.5317181972453,490.4030916045058,26.985797888649483,27.674852060535567
1217.1653596528006,489.0334635941295,26.46684694488426,27.916239160879996
1223.292851276843,490.82955220665775,26.10727490640872,27.90390949656293
1234.088765580709,483.7933629987876,25.265634056176552,29.24111331838247
1235.825981168401,484.84643189788494,25.381590675293612,28.955027949435408
1238.4461210229272,482.24083371360615,24.520985511563968,29.715253792207605
1240.2103737740256,478.19247146291735,23.739365666678403,29.804228380561344
1240.3217783241141,477.1457981813883,22.73693531695092,30.258804996252127
1237.5953009898615,476.268546807029,23.1869404520801,29.376034377316564
1236.6099114602262,474.89086532616943,22.881436675792994,28.630173603293326
1234.876205623231,475.9525822212969,23.431326160391354,27.679845565494706
1230.0620558940636,474.80301734021486,23.21797440090046,27.221880754448044
1225.5913846134154,473.9494393191783,22.97684803003012,26.997116375964566
1222.9667789713899,472.9792598397312,22.966338404272186,26.194536127252455
1220.611440872801,468.4348071011592,22.492790904592326,26.872928472909294
1215.904031315393,467.22157576227187,22.47452975492106,26.761319299694815
1213.4483216346584,466.27106338885613,21.66185395079887,26.764777171974963
1209.6364552863347,465.0287849262274,21.535080563154583,26.32637959643835
1205.639441469381,465.578150668867,22.09948317469077,25.273262422798574
1199.8926116146886,465.3955498648811,21.722517288165356,25.430870580863342
1197.2386263836672,462.7272969136303,21.46454561093585,25.642261442205545
1194.884743324391,463.4276171706417,21.277604251506418,25.516596405562574
1191.1631605328414,461.1640666510251,21.02919207508735,25.744345965488108
1187.1624223170968,461.3306481101661,21.439537586424528,25.570429383156913
1184.8946732592574,458.5395481440644,21.565144789940756,25.451992691100433
1180.8411502763388,457.0522004629315,21.411095417658743,24.89730884084223
1177.0087303595496,459.8620347107216,22.305362783625394,23.601030806555944
1172.3685074359626,456.9312779309586,21.651605930025497,24.15455716831991
1170.0185843576603,454.21800262916423,21.19810612926889,24.787480406669133
1167.0855609026235,453.70592563700194,21.34576861019785,24.389654316231777
1164.9860951103801,451.6936569416277,20.4321943668777,24.24458500414574
1162.6264368863028,453.3406124301683,20.614755239144195,23.520545640208226
1158.7101688361688,451.4709426786017,20.671394217373237,23.4626372730113
1154.0194078220247,451.3923068412431,20.201980187759602,23.78734135038244
1152.9469220839007,451.26490888764164,20.57613751407623,23.443100346642154
1149.9698899711384,449.5230881818343,20.99415660640862,22.49646970547821
1146.5537785509198,450.451217726071,21.201043299521334,22.100667229939948
1144.5921391149714,445.1944679786601,21.43747192152896,21.883390426658146
1141.6563437990808,446.10098614172273,21.250166498175624,21.30502824776297
1137.4931842088095,445.6385896403775,21.270166672746445,21.044901190613977
1135.6923068860124,445.4482138740758,21.2202550538495,20.640210142838953
1135.7690675429683,445.3732142995836,21.22392539200655,20.471759775857397
1135.2045498006698,444.6355633220951,21.056210385819448,20.67015303390966
1135.0332374963098,442.7962583136388,20.78171988713969,21.038690185989907
1135.3160707655488,442.25890604604115,20.677637503776836,20.953905061235705
1141.693300510751,441.95641827807844,20.578473858043047,21.03884256508184
1148.665653537241,440.390418989989,20.722727127353988,20.965450734363912
1153.881252353367,439.72762967425166,20.70101549103748,20.652302639778284
1159.3742384916663,437.0045538054594,20.577750547827762,21.045817098017086
1167.5979258623063,439.77347875573895,18.809785906564507,21.88951720413156
1169.711941162253,434.81408048619375,18.909689144312903,21.70923707198584
1169.9317627805456,439.2499500680547,19.326522692805646,21.345788116121
1175.518192415109,434.6485390572029,19.446870231530205,21.229620454666012
1178.23043039571,432.9703980165011,19.211157902285244,21.437933070935124
1180.2462099948668,432.5696550934605,19.06892121468917,21.211640151983282
1179.613856254791,430.80388512626564,18.659829998447986,21.749360033071866
1176.439775267016,431.1812017423717,19.236102178143174,21.138538346729902
1175.0895447643727,429.308210978755,19.218190911993492,20.77777727872355
1175.24039163165,429.8336979746862,19.117035439220995,20.678709618434564
1172.6069122412162,429.2933598599592,18.929972562999705,20.605221704189763
1167.9550751413299,428.37647556472626,19.084787363391005,20.26198058432624
1169.5128222930475,428.3332375676272,19.218149959906896,19.953273785127543
1163.889692808826,426.62558527730744,19.06099299448573,19.792532947362936
1165.9494670659074,425.8539628521724,18.799095814463023,20.058574877475436
1161.5453996291135,424.0294978594791,19.098834754936,19.714196969223742
1159.051180370126,422.9199194791376,18.32837272829993,20.757922775532712
1158.4391746918463,421.08064854792354,18.804891235232315,21.032615403930432
1156.1210024927243,423.040246875923,18.783053673439376,21.20109355425307
1151.3855409856217,421.71288039484403,18.785483074547663,20.710463864930784
1151.2652946860376,419.28336251038644,18.379183483860313,21.045345041414954
1151.2813942620307,419.19152293706907,18.18952392351882,21.358502115618975
1150.4413610172232,417.4508067457501,17.886061517991926,21.43204516226817
1147.2010001144715,416.83347576299917,18.0146308224367,21.1408638704117
1144.7426760390244,416.05235972344656,18.378218894422467,20.42095327177907
1141.97028149223,414.86097901744984,18.218838738939862,20.33387213218553
1139.8339330041977,415.1528671109267,18.717173098754458,19.8518858383699
1141.6507596127044,415.48471397717543,18.849030078624956,19.76533463033396
1136.895012282769,415.0211014492778,18.94613407282197,19.574735973897184
1135.0977355060115,414.0808009910187,18.804144644933537,19.60694605337209
1133.4555153094325,412.96706557431355,18.418848716966586,19.918546680622004
1132.7416140488865,412.8662981370794,18.908778287279194,19.795010514579776
1127.2996564451055,412.742001640974,18.706856877100616,19.8071189544907
1126.2639991855033,411.3062370451028,18.779619984105988,19.667130600388944
1121.7362733007885,412.1173601263279,18.799567884525963,19.40613439309987
1123.3435157696342,409.93515910695425,18.820394858825367,19.48331431793791
1122.6535244151078,409.1833271830511,19.02284245515891,19.400195436525348
1121.9171287109284,409.48919194754524,19.103851843869776,19.354344564489743
1118.242692665829,408.7922330345587,18.85791601954781,19.52578311915359
1117.885981621192,406.37007487498806,18.762717567892256,19.77587235453386
1118.378830697081,407.95883827767597,18.899856722048394,19.587149190549084
1111.6692755163122,406.5645921534071,18.77837583494788,19.29825567034912
1110.986284461414,405.60809021908517,18.696051715036607,19.506799160359737
1112.5995958034318,406.1530691536755,18.840647220967465,19.332314549141298
1110.0079729302295,404.0609335396569,18.76846061138486,19.383495751739275
1105.7149315002846,404.7125951473781,18.54598960058968,19.578671882217094
1107.0723068220232,402.2507832624657,18.349124003192998,19.750044403884864
1106.6057814086216,401.83128586921043,17.336997307115645,20.72422990726008
1110.2791228030674,400.9688029696279,17.445377036638256,20.558136593501168
1111.8429377276548,398.9414652596572,17.56266024615429,20.164787964657958
1112.2452447467738,397.6404343724525,17.664262682153293,19.96273848637674
1115.3933615900337,400.4855220272997,18.83268888429353,18.541610763547183
1126.6554276983702,397.7724331226671,18.061296553205292,18.995423710997844
1140.5313780845977,402.1726574831358,17.571345938008246,18.99506509674455
1148.4383681948887,406.9726130878232,17.304437256972452,19.331354465498784
1168.370982012215,405.8511839530649,17.479294331947745,19.746512631082837
1181.7977113985967,403.6046366230673,17.47067262575659,19.58302619859828
1192.1568658145957,399.4703860329571,17.238267673067583,19.788664333191612
1200.2682541195463,401.2463690744294,17.187118519930763,19.542678618083755
1193.0345756957165,384.275739044787,17.32559674508854,20.353995132928315
1204.356803161618,387.2022983786664,16.86632154622858,21.310700566712217
1209.4436471269291,383.50905754140933,16.713756110788907,21.4067443806954
1214.8493198942335,381.9637136377204,17.188498451846332,20.653397050973297
1214.041150678603,385.05600279750445,16.77578190001595,20.922098377151105
1218.309975371595,388.76338229524174,16.15648371117115,21.409506359762133
1219.7441317585726,386.2041222870808,15.120868075274053,22.344575622337217
1218.8653292071865,387.2107977227213,14.775708501116874,22.640638595989795
1220.3326549292867,386.15627485098923,15.04535592374351,22.102096939104015
1217.8243749421251,388.2411106251923,14.845295941540684,22.22073359988084
1219.6685211700228,390.2476281232402,14.995476073804287,22.10712166935914
1226.8971452238059,389.9950174241061,16.383152538323785,20.394784980283404
1216.4528901229137,389.0306319688229,16.74647718732203,20.063118669917102
1224.3475684913503,389.1147934890812,17.647331221951347,18.955566291873318
1225.6462728460892,389.48968539387147,17.768146925809038,18.557875464138846
1223.6912868161687,389.78224628711587,17.675095956224936,18.504798611605054
1225.3127974786307,388.74129213578345,17.717589940382265,18.480067257515813
1225.2556683917076,389.212884031294,17.95112246753172,18.246313473256397
1223.3903019730117,387.75238576395765,17.939685926970974,18.254525916552385
1220.7523859974253,387.5243063510268,17.85405217286293,18.250684557158554
1220.8253515841461,387.5414719243889,17.870705580076248,18.210286392675304
1219.9807813445168,387.6652390774343,18.0614111650506,18.045302038354233
1215.5635135543203,387.33973449538684,17.795118886505357,18.29403697261086
1214.3395122314093,385.77373568863595,17.81275228915443,18.292359449606188
1208.6330548235,385.8381836625639,18.35070153092066,17.77100327191974
1211.04914502756,384.4858601335832,18.54865093839443,17.467760250394452
1209.4145854287808,384.9104475321197,18.816267033588357,17.12678558343457
1203.9524977134463,385.3710690196254,18.75930895356158,17.027465788451202
1204.2673490369548,385.6049216241837,19.197477408646144,16.823991049075808
1193.5054040980372,381.9055147331299,18.536055416023686,17.131829997768488
1192.2658386512194,379.8039729893379,17.3221704583061,18.56068249876904
1195.205809633896,378.5897688437747,17.37871138184267,18.610182068137167
1198.0604225272043,382.6839758559091,17.413388638016748,18.582946322355994
1199.5998199119442,382.88122184442756,17.44115091372609,18.071554058353065
1198.9613576287438,381.0984512987628,17.418168335506813,17.88802293150913
1197.9092441141956,380.72719055715146,17.40639668876017,17.80143015036243
1194.9425451358015,380.2448785190571,17.43143572856246,17.66884405723471
1194.0744731968666,377.5310252045434,17.60824477673196,17.41736179278574
1191.5387872524434,377.8104486953674,18.07325927379471,16.983419028095433
1192.5101457333676,380.0100615737146,18.330210427470334,16.510601994711156
1194.9315043094796,378.05390552123447,18.36171884832999,16.436973426911912
1195.5494650812298,379.09100136470397,18.3923192765883,16.432256902718294
1193.19316282788,377.996108989734,18.264165062399044,16.853875240646634
1192.6388975896036,375.9152991515588,18.12904723266968,16.972156697351622
1191.5036013116844,376.0372325577923,17.95893676465147,16.90251606632502
1187.3199210126882,373.4256021429144,17.454817791504205,17.44589467084265
1183.3181146370819,373.5579626430688,17.504170818245125,17.13209536171827
1182.7457524443278,375.2444331269094,17.634141148778586,16.933673047063007
1178.8940893216122,373.66595655880144,17.489694476540986,16.946965908781007
1174.3923284220057,372.5242637173445,17.48878219889751,16.805606116000646
1169.096698707684,372.4402516986633,17.35285616379116,16.891065547831037
1166.587882611838,373.622924303216,17.366738958668133,16.878357289641297
1165.4584310644766,375.40221601774647,17.36675028295677,16.878066507618588
1166.7988288356578,375.30218265243207,17.36705439664577,16.87763941033036
1168.0318427312293,375.4501662082952,17.367032912013894,16.877503548254893
1167.0047970191472,375.8250873770138,17.367732012943613,16.876738945100612
1161.01642686856,380.7742071343438,18.745037045324203,15.709645758726234
1158.7546494082183,379.19531075826586,18.55886837344452,15.90384728193912
1156.7066098033538,381.1542829381696,18.377007515687627,16.085924659188777
1156.384195575926,381.76890595195243,18.364336058031554,16.083800848622047
1153.7579066958178,382.20491612958625,18.351779088130375,16.039048198229008
1155.7688903924034,384.0248361136498,18.280628986856183,16.081897620538157
1155.071514013661,381.9354050683802,18.28085137406269,16.06060803048427
1152.3501565530007,390.44731260184506,18.838774436896216,15.409556189849415
1152.266189054317,388.8263767776954,18.900726266676706,15.345463783200476
1151.5544141363564,396.1616626617661,19.15248140295248,15.36121033243649
1150.4160409856572,398.81808231382036,19.06433005079475,15.343047141562565
1148.4489073483453,398.800808508183,19.0340028303367,15.355992280157793
1146.0616634341168,400.85524577533,18.918585873791795,15.409306731699923
1143.5008481193267,402.5252454648654,18.84396862623955,15.399730989696641
1144.5736139231765,404.64496337300534,18.95651608733724,15.232442010790606
1140.920563157596,404.4463001217905,18.96220693527985,15.197025887680706
1140.8023030987242,408.6925039440403,18.813566249546263,15.39624538609411
1140.149044929473,411.2645840191511,18.66885281709861,15.535539562146596
1142.3985700982832,413.30863928725637,18.560799937760972,15.686352749720445
1141.9999038216283,406.38086306742684,18.581030770426302,15.647670605563714
1144.639948406789,408.54874713273415,18.57846273317208,15.593850872192768
1144.3799977042422,409.07171380475955,18.56598630658269,15.585155643216154
