1483.5,444.5,32,70
1464.4580528776855,448.7622907277549,33.343508379601175,71.3061356874559
1452.4603770497288,446.4114150196361,35.35681609104262,74.53619982446955
1444.155931559752,444.98546796158746,37.69440207612547,76.8803493239173
1436.739645837297,442.64786170876135,40.30196506685112,78.54257276960675
1435.94360610699,439.4701064791597,40.38138472703974,79.93728458681855
1433.5646517167886,440.4049677459081,39.8858855608706,82.5339974267603
1432.6320829939718,439.53359152033624,39.262777035208245,84.71079561367236
1434.9805948333758,433.9632151776169,39.36577239605633,86.88517779103489
1435.5556157919684,437.3264174443292,40.247253345073666,87.33393738212098
1433.2814389148953,437.36462979438795,41.171860717997234,88.2643344609285
1433.8903284775804,431.85140003038646,42.236050606496065,90.96507932988396
1433.3145108015885,430.43878563718494,41.71360577576809,91.9717873828481
1424.5727815798682,428.2597908948086,42.06379091102613,96.51455776271166
1425.2845608275734,427.9344719495199,41.235869486181784,98.86573722460389
1422.3941305587934,430.150446902608,41.7866375432984,103.23795303495433
1421.354242118199,428.2645695937389,41.6385848616725,106.61753741324043
1420.310020882316,427.7200071635205,42.095007421574614,109.77610934346407
1425.0174229523273,424.726058778846,45.241501703626156,109.4974418592945
1423.754335760078,427.47471144559785,45.51128009451928,112.36321193962966
1423.881326225403,427.01850418521815,44.36189834607298,113.28697651695099
1425.1834103354795,425.23422336015153,43.910116433340534,112.89192613130126
1426.5439727804305,425.0001457638484,43.890161451539,112.40935394490162
1427.2550489787166,422.9145742642124,43.278323699669706,113.43180766892894
1432.0779342418123,425.2563681580049,43.0654295682763,112.998916640945
1430.6195977577233,422.15764612887443,41.6296626903522,113.28184567461778
1430.7448238221084,424.14632491061633,41.039629678167664,114.29273973143574
1434.436187905506,427.011011141687,40.970135495374684,114.12641910779804
1435.4760509792357,418.3514015479054,40.452997666382814,114.95177825753814
1435.8201891125548,420.8229752627248,40.53288016557836,114.54896265676652
1436.4245933383806,422.2908729613728,41.135728685237666,115.16630188068054
1437.6163538666115,423.54577795918044,41.033464598274364,114.44132981534327
1437.4085856707432,425.00312151927284,41.88237039070107,114.00599415324784
1438.0217455882478,426.8590772594537,43.79888935036466,112.91202929653858
1442.6047267270421,427.5094534286984,43.49744188963652,113.33860345267857
1444.636940744847,429.33601811195524,42.2922533248024,112.73631785446895
1448.8587547917073,425.4503983096421,43.39372747951808,111.97115693635588
1451.135050054907,429.32493624630246,41.83939653725356,112.69970560176216
1451.0527745225431,431.15391406037764,40.67533825343278,112.05365125914713
1451.3683533567455,433.306170813608,41.57385021690694,111.70465602482813
1450.6470884109845,436.4300544077665,41.77157367567023,109.12799640806062
1451.2103446039762,434.78402716092137,40.940186562267826,112.33936055857467
1453.1380672764271,434.9559300746553,40.59077730714789,113.7027271311689
1453.060062713701,432.1759346202365,41.103461059188845,114.97234768382066
1452.9551162663797,432.1170338885063,41.47763742593912,115.69383596392461
1454.3391811654694,430.41348483267967,40.57256100973339,118.21213986066448
1454.873646967743,428.36993735024305,39.80426495536547,121.54572612895133
1455.220871511596,430.21356929615433,40.56369565363003,120.7735591664628
1451.87402017811,435.9130603311365,43.069835045496426,118.93424704638176
1448.6186733104996,435.18131478676884,45.481515335594246,115.73699345468444
1448.7282698660874,435.20721290309393,46.52298544675182,114.91674566552345
1448.8912585480628,433.942328586053,47.88521929643062,114.7791170286224
1447.043330531464,433.1592202162161,49.12795454744543,113.05303055217539
1445.6024946372463,434.6469259273033,51.99390889090712,109.90768350950378
1444.5934761444196,433.81105559745237,53.233507057265456,108.92442320947973
1443.423320372947,432.3994418999333,53.55121723474625,110.76218683240225
1442.1796021308105,430.7093655237552,54.526745598765444,111.75127112055655
1440.1263543881055,430.64341541302497,56.08918943100993,112.00169395161907
1438.0148926706217,425.7852608422301,56.50873025392187,113.7244634914673
1439.6675360257211,424.41501786687564,56.42228501750921,112.87828984100342
1436.604665031276,427.46607430220433,57.21771987955044,110.36696644315288
1435.301396940259,430.1127651595591,57.96623122206054,108.37297049396031
1433.6460479378047,425.36145223199264,58.03175660721864,109.35617988755024
1431.7587992040787,427.2683607404905,57.07291015973129,109.37296255403515
1429.9730631574632,430.07457803045025,56.738218825271645,107.91742720868822
1428.874718075685,429.7753231599162,57.49722346041783,107.28206188365962
1427.5453603658434,431.23979576106933,57.31637639138721,106.43571186959252
1425.7208885732484,433.6977445806994,57.7559327019525,104.74039366331837
1424.6830655168908,434.1511347873299,56.60391251126386,103.42960559246887
1425.2968038639533,432.3422080375554,54.53910389678941,104.00946885831539
1424.6861215883885,432.4688736831083,53.13091808567091,104.10856191120045
1426.9008368457085,435.0080366384182,51.348922443447094,101.38447203052988
1427.6463222501905,432.35091118219333,50.022589370540416,101.50517479214669
1428.5647474311806,432.8063122432758,49.742217219390895,100.14758920550557
1430.6079796225158,431.496345155241,49.387750783775196,99.69098755221532
1431.1034958706193,430.9742121716421,49.40934809522818,100.15435062983093
1431.3655389874173,432.10498517975327,49.7584591559817,99.59012670885721
1432.8926385029451,433.37710276874566,50.18743095387977,98.2414015783846
1434.4849396429079,435.45813104554225,50.33210351031313,97.11167193377872
1436.306391183038,431.98441610508894,49.5317591800849,98.51029406503275
1437.054886712655,434.7463409396115,48.98920527425978,98.3094019199861
1439.5839886654699,434.7568679160847,49.744554444399625,97.80382123528398
1441.949358530388,435.5769742716718,49.84063909461777,98.60828470794351
1443.321152279272,437.8801062992537,50.30664370847077,97.84660899329762
1446.5520021509037,435.5768502942438,49.44777111073868,98.20756722013962
1449.4643279551465,436.61833004696354,48.0175584297514,97.55610204807554
1452.0656933092368,434.9220283809921,47.2613958523364,97.99399134104836
1454.716400490326,432.79428388570193,46.82348080264046,99.00353739271662
1459.422933285513,432.60309911489924,45.717632831662456,99.60192216911429
1462.489500015131,432.9594720264414,44.57454900746292,99.82438681739592
1468.0493769797401,432.0053618896799,43.95156488522615,100.2722180399125
1472.4359619771126,431.467617658764,44.68097686745415,100.259665298865
1475.154746690806,436.51739448962235,43.24818802564384,101.15213399934126
1479.2476113990454,434.0519166040954,42.28169725063128,104.03294546038558
1484.3762463856826,433.7030261974114,42.210665473193885,105.10970061678051
1486.6877562216898,432.46571976645066,41.570691320575236,103.96852001657379
1493.1654795016684,433.4755586335556,40.51885080100048,102.92826687781141
1494.2379851664825,434.6694844334973,39.85189422053104,102.50920357450852
1495.0371551209234,436.0294705887796,38.81577906964244,102.16534571802724
1499.8596095315431,434.5479213537475,38.31940028964076,101.54447239485658
1500.4951716919916,437.45166869087564,37.3070714807499,101.22693664295747
1504.9613792175005,436.1155101871701,36.4307568920205,101.35263574640815
1504.006883892614,437.7270045562626,36.70579842718168,100.36581954851505
1505.755518142547,435.3286501009262,36.010061689897825,101.43470291841066
1506.6191054778515,434.91193206566277,35.4248611383362,101.20000220771198
1509.576329466397,435.89871692453374,34.277673309219935,99.87361560089802
1510.149641238236,435.73728067440175,33.65888457347667,100.36016535088721
1511.1487644232689,437.09528199675833,33.69086122886943,100.19013233209574
1514.1757133180045,436.52127147452734,33.336374171175706,100.16919720097857
1511.7248989667207,438.90298448490296,35.0787001366413,96.79407954145233
1514.4116548589282,437.72288050121136,34.41564414879521,96.93652819989123
1512.4966652316177,437.0294484067832,35.909446801313386,96.5408089323609
1513.7102001658056,436.48070876463413,36.17977672364478,96.9208451947645
1515.2697012410445,437.4054462670932,36.40388061851519,96.63259881349646
1517.5077471366274,437.3093333232006,35.97889765336934,94.92238931159352
1517.1488367913146,438.5519278762846,36.107239679538324,94.84890112566069
1516.9147689240042,439.0841556834979,36.40248116949989,93.48207704074463
1517.0269582606713,438.840879358125,36.82894632485681,93.87331620941735
1517.658987248855,437.50247157966675,37.251950199970736,95.1121665913108
1518.9488595935945,436.3459005452685,37.07266320094566,97.29407801931293
1520.8164175183567,438.29257983169356,36.175757994840964,96.56210803176815
1522.3906532498079,437.9294404367499,35.655254876464205,95.9343427008367
1523.8479010412168,438.1362093549099,36.7157222185279,94.70207600656852
1525.3343683440587,438.63879078727126,37.47568083039853,93.87519733809583
1526.4662669091126,438.43344266702246,38.49358778388816,92.87929180820593
1530.3017313346204,437.8839422786298,40.29564771256663,93.18683379893773
1528.0410568920295,436.91132179148354,40.83291027145934,93.14480058710816
1525.514278840727,438.49868560036674,40.46030605366114,91.65926659777678
1526.1298602837273,435.74887863718266,39.70516710132299,89.88110670876756
1525.8366971154405,440.17460775199896,38.93375796470089,88.63638566419931
1525.398725289976,441.06822118393694,39.99733660120841,86.93988311962634
1522.9217917320796,441.298403103252,40.8772463808611,84.96957564312038
1523.1990234900634,441.3980506746322,42.841162745036655,84.72129302250836
1518.4482295261912,441.02955250508796,44.23744538954409,83.00222798701029
1516.689088137024,442.9828548199446,45.68838319853558,82.98278723738672
1514.096535003584,443.321638315971,46.99757217591111,82.32071164680102
1511.536195998483,444.41002981030044,47.749147459375635,81.92249790809525
1510.9805067164932,443.6751582448,48.39953619064407,81.00163209825543
1510.2310286284396,441.94332140495186,48.83733533416837,81.0389715709531
1511.8446399630873,441.812377037282,48.98749004975571,80.51880227751089
1511.6526227109862,442.30938501598604,49.756494085004746,79.22131962570451
1509.805429040055,438.8483004279176,51.25949242894866,80.95456729485531
1508.3117689459575,438.0684882155592,53.78147381479485,81.72789735535137
1507.962006388979,436.4925774710284,54.859844245767334,83.52701015101336
1505.306836391519,434.8560396371779,54.653939934142684,85.3830893389557
1503.6390213929783,433.36599352307735,54.15385919219331,87.15994479470251
1503.3093476281847,433.9083892708389,52.66958634839021,88.5353755223189
1503.1432076199817,429.4903030733441,50.05776051168513,91.03453462335642
1503.6829039816403,426.98770008158374,48.37999830778756,93.22513203498045
1505.056516675305,422.9637930907518,46.204465289602624,96.28780418069852
1510.6444879998949,416.85784569193396,43.79882796529023,95.76037158866461
1511.437835885616,415.6570491632353,42.29599012815599,94.59988157563683
1512.2791384242648,416.9804691682492,41.540226126286676,91.52552211139454
1513.0692439988536,416.43237597991435,41.089352621693635,89.50834774028407
1513.7355098021749,417.0081026713298,40.33125524735128,86.60256845746093
1514.075568218724,422.26635709371357,40.460579476166984,82.08394037412032
1512.7153806993022,424.61653204206357,41.074049445272394,79.31276393899363
1512.636953985861,429.21748322649086,41.5874425319425,77.10857337865961
1509.64764339011,436.3009432145043,43.354714658993615,79.53974045469768
1507.3485400711709,434.27344792278893,45.31375183076275,82.11084241445545
1506.4354693069374,438.29271401539347,46.32712561922642,83.18039077502543
1507.7113498220665,436.372100965478,46.78249000764006,83.63348859921877
1510.6241140393552,437.5997545872247,46.224047257029056,83.13670037117076
1513.0956552172263,437.98754566664826,46.39323516866291,81.02409847100714
1515.5100444396905,438.3038521063173,46.09809530953558,79.87208708032938
1516.6266373860358,439.6234259332073,46.69808041715322,78.55685608505682
1519.9198580232078,438.8614009470303,46.841604834241366,77.45144942614333
1521.2304733732733,440.16576512553206,46.33307616997166,76.24133138408527
1521.8776324607052,440.32656864654064,45.22541593224761,75.76798837120236
1524.475129833034,441.4556937587583,44.53417248270429,76.08265622672448
1523.516754219657,441.1305137876947,44.16750205959735,77.93098075236779
1524.28458779917,440.2812645367934,45.22188982527487,76.84736022759664
1523.672154334835,439.85843293904435,45.456675967611986,77.06805769528629
1524.0805986600765,437.78912698289747,45.68410213564138,78.35997918262386
1525.643811934834,440.27486166958687,45.619406080981705,76.84660668734372
1524.0853187784182,434.92221225318406,44.86408449533419,77.15002790539998
1521.5843217597442,432.80038143149136,43.842317611409655,78.53501262902809
1517.54980105375,430.7650131280393,43.98827288080467,78.39445906147327
1508.8957633148002,435.1760891518205,45.33877715041626,77.19780725364063
1499.5202432699755,437.3376208729884,46.48580214415551,76.28891145556025
1484.3476070220704,434.33358685608323,45.83963207737826,76.00395163502827
1473.0307332769162,435.470022454376,42.93276935436148,77.93870144989303
1451.431832578116,437.5082838400223,42.79426926487493,77.98095300503853
1433.4410070500198,430.69551366814613,43.743626876857206,77.92673176125017
1409.8145954617914,431.25847582078046,43.5844745171186,79.36869078350598
1383.7385033175747,432.06642461556504,44.34238166331819,78.64262146080385
1350.834307775782,434.3041208635526,44.167001302966725,78.15471028572722
1325.1745137500677,432.3802400817382,44.54829577659724,78.39573457068494
1293.4203981076316,428.10340589960543,44.318754783535255,81.2858505255932
1262.6486957440945,429.684772191389,42.80195019502273,82.13794936030388
1228.759183575303,426.2108719526901,43.5088431145528,82.69536569778703
1197.4295298879565,430.46113468324324,42.54748193589343,79.96351685973315
1165.9591275913147,430.5271182520361,41.20733865592004,79.12965872650807
1129.8051731635128,427.8143464787616,38.729004885332316,79.77597470305841
1100.9443475090634,431.34493027135443,37.06967725093672,77.46223010696752
1064.9839241721227,433.4569172201163,36.72332848237286,75.4116617511163
1026.1997785674223,430.8725641740476,33.87958933988729,75.7630252541211
1000.311041549336,425.59741125946255,32.60476227469736,78.81745414573356
970.4078641868734,421.6695894169472,29.736339268916517,82.55974746993051
946.6860399359273,420.6764765533321,27.845328585778304,85.45801176463326
928.8390511278252,417.831792803366,27.625655211851477,88.08072091894067
914.9060648934759,418.90461106607336,29.010808501833683,87.61141998106211
902.775591414549,421.18350231948784,29.40326882656261,86.43568987825341
892.5700687833747,424.4538475441042,29.6029742577509,84.8190049169286
886.6664364617035,421.7280619375497,29.703101526768187,85.85360446917304
881.7320528147958,422.9681336417482,29.732861588215854,85.72062311811199
878.2201504073175,422.350994104297,29.630170700764417,86.06607059457366
876.8806161213378,422.61833394262374,29.559724935124837,87.07306794548066
875.58838538498,421.6980795168575,29.135934733266254,88.24564662054571
876.8247526492904,420.86435213931514,28.00277781600897,90.24288025116091
876.7967535247432,421.2570816120931,27.450020207125203,90.87409673354517
876.5190390342009,420.9311525381285,27.28078347609282,90.71903341816042
877.5495936671192,422.4523972892284,26.79649331691688,90.2203271070545
878.7145501771845,422.8571584375389,26.603611882442287,90.23206760435878
878.1270858173159,424.63738884118084,26.933226713996113,91.19540643892392
879.7566675083974,423.65651702936435,27.28293481494382,91.31635214292405
879.6575713589191,424.0968276066073,27.277666266181974,92.32191719329252
879.1354291092716,424.9760598035888,28.279067871178064,92.14670951511431
879.4356144436838,426.05936493613854,29.782933397934098,90.2218897915883
877.4750267531134,428.801035230315,29.884508499313377,89.51124603807921
878.1073984128723,428.122198165873,30.844693456578764,89.05099401438798
876.2709711560809,425.5283474333345,30.069027939763473,90.92221634247653
877.9114031429157,423.4989665242815,29.94653457186,90.61647894319
876.7480869583478,424.60311564479036,29.503264983899072,90.65986851232802
874.9707797575153,427.272841753183,29.900844316848314,90.13612385228052
874.6661727121635,424.202572355128,29.546991959867874,90.19137805752908
874.4151487049071,422.11049387854894,29.341090366381906,90.28624157459164
873.2280082100065,422.5486614252268,29.39348011748792,89.98546474496557
875.3134093790461,424.85791337509664,29.595241672313204,90.52079048612102
873.4138560607619,428.18079793218146,29.30948938967221,91.10234516707855
873.7412481899022,428.18340131722306,29.14230294011226,92.1902953201496
873.2406006678705,427.3153605151487,29.578437411431477,93.0658460160096
873.1223199930499,423.8243491814925,30.93839611894522,92.20716295959909
872.3193999046233,422.1495859717061,31.768547922542524,92.30618418439578
872.2412649688799,423.8580230866482,32.291071147607575,93.87804158333549
872.1454956620803,424.37875504001175,32.06896794368504,94.82540203740987
871.7650333480077,423.8050068953669,31.895057916051083,94.5271755920906
871.6253862386801,424.8169907044213,31.741352734498314,93.22529917816536
871.7022200729482,424.4141361676513,31.030703093889315,93.69531955513845
871.049747127106,426.3651695629934,30.42252247053542,92.335614762423
870.590163906264,428.37004165469926,29.274084394719942,93.55288429763753
869.7764934649447,429.0332564063298,28.362208928372958,93.98302083385673
869.4792189286111,432.94381226045334,28.15321720218151,92.95556992129896
869.4074573739978,431.86925940135205,27.38232875444899,93.38896682388294
869.5479935571266,432.56261879765646,27.170758195552814,93.07281088437054
868.6431767952099,430.78959765565105,26.80255390773094,94.08597035050667
868.4965573906271,428.98133614771007,26.612400622963793,95.97471962840598
868.0270016228884,429.714769145169,26.906758969331158,96.46215835243557
867.3509036124741,430.20272971889256,27.054820368311518,96.90396979251972
866.9140948492352,428.203079237013,27.3230323876385,97.81870429676442
866.0931904466429,425.47959568376973,27.670220377575724,99.60726622793567
866.8720007785282,423.6175501935407,28.054145400879115,100.03227993997334
866.4784744213392,422.25857806850047,28.01285556834233,101.43180737749617
866.974167115612,423.21900625016,28.118312091750248,101.28883431748025
864.7487268103717,428.3335526973982,29.01870846812548,99.05436913750734
863.5581139472616,428.4503592043865,28.620949948241435,99.48694318986026
862.8236053181853,427.41759508738943,28.385560177295115,100.18946941770207
861.8055924426695,427.3902777512714,28.49527249416215,100.72397380656805
862.0178865899659,425.8968222681831,28.493003798091642,101.14184686273207
861.6573209574826,426.2550614598462,28.639267297164338,100.22173772670304
861.8764257564784,427.05491220668387,29.06581264898535,100.24974463913485
861.6515712398309,426.23196432729515,29.363531056753637,100.20093857509639
861.1682989450741,426.91891471389835,29.141063939872982,99.69635834162808
861.1657057440609,426.48252523159226,28.727158949189054,99.86558447285212
861.2918631983819,426.58868560852227,29.041954441556612,99.43447313372491
862.0983540847418,426.1117611338636,29.15490618918352,100.22252219162692
862.3159266340007,428.1665363180069,29.270818833841325,99.31080000230861
864.960511907253,427.48372090856674,29.033689675515483,97.53603036250075
867.8145051446603,428.30352290240455,29.9930728771121,97.82931645151083
874.0849690705185,426.9047995397841,29.389822236205703,96.18039242072479
883.7056510841335,425.6344477946339,29.06447244292482,94.85510682365046
895.9074227801757,426.5351402909925,29.537680555494234,94.86220797655639
913.3405123384154,426.8747432333194,28.604870673192316,95.44695086931445
931.3467365099358,427.29822504179543,28.224921525350528,93.78986992170545
951.8580312590195,427.32048113888027,29.992933667349348,93.77441125845556
979.3834344975254,428.4646306609204,30.34808510225144,93.4681871455729
1006.6097900037498,426.9691669201797,30.73978078111147,93.2898892083637
1034.4871870771588,428.7908065619659,30.88703101217881,94.007730414159
1063.147575373626,429.00923890905574,31.63527519774552,94.24338596425383
1099.5847606281964,427.95133891392027,32.2239741376718,94.66578753005172
1130.47772858769,430.2166819814835,34.566820001350976,94.3056527954131
1167.9836499561586,435.4072866546315,35.2566755441004,92.54300236509883
1205.0829612071404,433.0547696825782,34.86875958944686,93.55789828255574
1243.076915610828,439.46755690242776,36.901015116981,91.64515887058124
1282.1192487241435,438.2250502435823,36.00982981998572,93.02295501080789
1321.016026441638,442.56791104546744,36.80669516384121,93.40205575249378
1360.874664743944,442.7228496329161,37.51798531532546,94.50103733256327
1407.9136693912121,442.209164608611,37.35120283745215,96.17907860159953
1448.299891540173,446.3881188782385,40.31828018718791,98.02894317126217
1481.8668534404476,451.35542766527135,42.294736647022035,101.09511917630519
1516.4838368260882,451.11088017054584,44.09280178618529,102.30790063540883
1542.506340213804,454.40840389618734,46.278845752175386,104.25608148074599
1566.5250871373732,452.3198099967529,46.12327882967297,106.87571896534394
1584.3021029909821,452.30877801337095,46.68390500690714,106.86340280200804
1598.880535215747,453.7984768236464,45.974389188913676,108.93936062343505
1609.766562865158,455.68508088346357,44.849249487308285,107.70880544723414
1615.8076418431663,456.8954770964486,44.61988592655051,108.8659259217767
1620.8325874703964,456.30059724418305,44.60144100569602,110.47058879620542
1629.6804899301546,450.84675615972776,42.84784836556199,109.88770705433646
1632.5630991638232,452.60874816004605,41.09462427464018,108.3640431600324
1634.4077017524444,455.1579725905658,39.14352743156437,109.83610905668488
1627.576737201316,464.82664565028267,42.97334975161891,109.16653642494381
1629.1822678490341,458.8071904317972,44.83372972963583,110.4864836413811
1631.7759098646131,458.14431063654513,42.45116936973632,111.55539399917978
1632.5654655937356,457.7371953873504,41.03067976713684,113.88837681104513
1633.4947936242625,453.8757742609346,39.52382006621744,113.58137923146518
1633.5290198076455,457.08744845639836,38.892403511979495,114.87425723325724
1627.3839657562662,463.01019627383783,39.85382794471499,114.59342263528482
1622.944373136786,464.1220278763892,44.771253718885006,113.5327881605528
1620.8753834471886,465.06964049949437,48.37542802216054,113.3649223964529
1618.5053955655915,463.4946715739489,50.11417613223354,113.50429754949265
1620.5934279402034,461.9467866751719,50.54144982063178,113.63310026198904
1622.5062891759246,461.47426154086963,50.909054382689376,113.71129938307081
1618.9468661666117,462.3329838392906,53.46698045607145,114.06876990704743
1620.9088006003694,463.8589119179846,54.84420024675153,113.69537943654666
1619.1788908135645,461.51967383334613,57.135813254409584,114.6208798576963
1615.9214919410035,464.8033955639987,58.72942212233722,115.21060221435661
1615.139877224164,463.8831210527211,59.029298263028835,118.36290003153685
1612.4602596321345,463.0332934096342,59.03645738737883,119.94624232564476
1616.7097823148194,460.3343609815007,57.9575991895976,120.73139238352
1614.3018676013244,458.83702772902063,57.87133057810385,121.76640219447654
1615.2655574495427,459.2810527815392,58.5845158536242,123.5807226697837
1613.8327194709145,457.3391796472445,58.79130569075408,124.60686236537512
1613.8191969846573,459.0909161006806,59.36084378006474,125.62898411243461
1610.9917818151107,460.3901249901236,59.54613553361978,125.94849945671245
1609.4452373537165,462.0610588064379,59.88929813006298,125.14732346371098
1608.574114760477,463.0162301063503,60.369347659070414,124.58853734571122
1607.0685332556588,462.610797105743,59.55183427435914,124.68395403408937
1606.7582795351634,462.4975796492897,58.52143504720888,125.65437662932914
1605.890317283834,463.4655578764956,57.32731605643448,126.24376979270636
1604.5210038639316,470.34250015910845,56.75495679296798,124.78713960102328
1602.3976172915602,468.6906448162566,56.07733266911282,125.109928611942
1603.0906448287842,475.2764896811898,55.045009402295754,123.96943720631523
1601.541735601401,471.9483358044472,53.80414792923965,124.8159281466219
1601.7002727992005,477.6499329353143,53.07044459773216,125.07967965855883
1602.1941168652825,475.6132501572634,52.384873201624245,125.39403351291813
1600.7624291706195,481.8614347390048,52.17925145460403,124.3729536020963
1600.238594801887,478.6587315547681,50.88061694944484,125.50850603499114
1598.521806430243,485.2075252434295,50.60368587057849,124.31438825748299
1597.8662887076318,482.05647929142543,50.78732990388299,125.69520773912507
1595.8125719563945,487.40740785934423,51.084654720144854,124.9620971786479
1595.3208496337522,484.58737328057487,52.47781454997251,125.38593993701265
1593.5502269079027,490.573522456046,52.47410883608546,123.59026317252687
1595.714777300129,489.1884925413339,53.42722587309815,123.55742824300424
1593.4097698460785,487.6197563173574,53.067891850818015,124.66058993514864
1595.0817061494372,490.63190224483014,53.5084911969314,123.4381034521946
1591.9652709518582,489.7821485618563,54.5313543069343,123.11583475410107
1589.837767659496,489.16179300696933,55.06941750401987,122.92274361574488
1592.8515931443706,488.0285935958996,55.72263319445139,122.0021519018297
1586.9311952165685,489.65059702672113,57.03750470111108,121.03089984298828
1588.9244248618425,486.8847090687117,57.22276982410118,121.34378072218396
1588.8968024930673,481.95300777690886,55.35991427610726,120.8566288061541
1590.0148271480662,482.2478821037645,54.37066770271502,120.79109560857049
1589.6815586226874,481.63093876471544,53.96521829775762,119.92348341355387
1594.8557943680728,475.81552616071394,50.29205612031522,118.03145360950654
1598.0854616003153,477.80383872573145,46.15129072498315,113.58075845204169
1599.4816518100852,479.21014614737237,43.13281965683234,109.91482924074964
1597.214211969398,479.504184131653,41.22396647125423,108.95149287761087
1598.3130326177138,482.0551506824464,39.304597038388465,106.9308304396873
1598.395201765779,481.2139002228964,37.79806798627827,106.62004171006356
1597.8744350671761,479.7482110513603,36.692057629507715,104.64837289785481
1598.4720923908824,480.5457779073997,35.122715224155705,102.86336279954031
1598.013191969647,482.01982768270074,34.9247355013662,101.84438616572007
1597.3129349293847,483.458928577687,34.93189802247795,101.94077566363617
1596.852907181576,482.9082097754227,34.973950319087876,102.39623092247135
1597.3481032200777,482.61099461843986,35.248251902982815,103.00117726687758
1596.9600421915602,483.4428178527642,35.25248360088062,104.00780164722566
1596.2400144424696,483.2427518111871,34.99414382101216,104.94131386463503
1597.091855132982,482.3373690948616,34.89435627152626,105.2764782916646
1596.7856182803396,484.37064599169895,35.055095641976926,105.74655700533039
1596.6063531368634,484.0237628938605,35.53783072350598,106.74447439707404
1597.5941101776093,485.58230056956296,35.80449803985498,109.1265723970085
1596.8584171241362,483.4573361368036,36.42746153366174,109.94627839394896
1595.8921660135752,483.15964796730134,37.027766645686825,110.4831172421637
1596.827171948213,483.42242545056314,37.02173334361351,111.14356017025477
1594.702205619268,480.40884733633595,38.52076978664611,108.98931961249014
1595.9271475817081,483.06827171310556,37.92723424106883,108.89001269764304
1595.2114055381082,478.5224776421132,38.91853322824137,106.76504662896816
1595.4055606502782,481.95269341059077,38.41739832545943,108.12503256833477
1595.085009984905,480.5993188672718,38.01543249286926,108.54617936596193
1594.0283495281224,479.55170108757636,37.725816789946066,107.66411000171301
1594.865456888193,478.2388704959572,37.68580763757155,105.3278907497223
1594.1690905265648,477.4504669865437,37.62468395777498,103.1284943674791
1594.4322571355551,478.0690275866155,37.38957173216376,102.98365593440747
1593.6895866900488,477.6248112558924,37.29049695306677,102.3797560788996
1594.061407805349,476.679476392056,36.978042173003956,101.79153807390418
1593.4302441803588,478.1272011284244,37.40096128139271,101.51079189874343
1591.519999401497,475.3318385174355,39.02361428088238,101.96750197362528
1588.5287568633703,477.4024706536288,40.50431275176912,103.84104264973479
1586.7276338533259,477.0761543617732,40.65185889044818,103.87803129430498
1580.3735892634431,473.8735349442873,41.03964046716737,106.80357667797662
1573.1528491589124,472.3935222185534,41.74673247707939,106.4302311501202
1562.4216257661433,470.13658679305263,40.6326720026284,104.17460245496731
1548.5451165412794,468.09250927834836,39.080687704796986,103.6287304838844
1533.9469071380504,468.6381161001639,38.12987887868047,101.2559458766888
1512.6375046129497,465.832370987108,36.943653146761875,100.17528460363633
1490.5679854927662,465.50925046436413,35.31036542337279,96.44471992706701
1462.8504149815508,459.7885226312028,34.231439407390674,96.67124967031367
1434.873590657358,459.71356064512753,32.8877488967935,96.31286410898008
1407.1441000906443,458.5102197176973,32.01421256790722,95.80153865793967
1371.4446970527738,455.66485622693256,31.192463131915428,93.79337214181015
1335.1663213619174,449.51637784653434,31.20789687329978,92.5080527997072
1302.3125090975038,449.98747380449976,29.858177825071238,92.90602705898912
1260.4062064803356,456.6001797605254,30.281028205339936,87.90899741694255
1226.4043336506572,453.48991052618726,29.78118217085521,85.98995348291734
1186.521842198347,446.41904849011905,29.251983895047477,86.41999190840255
1148.5391252165582,447.9034765428129,27.835741048612196,88.87998785359933
1120.4844825300443,445.37920784252714,28.849984824793353,87.29085581295475
1092.989852008775,445.38356035510435,28.9445882890387,88.58395921842117
1067.168275412139,445.9389914471426,28.52440124569852,88.4718717121803
1052.781165106864,443.9153150198663,29.96933887805522,85.28031933455381
1036.036563164324,444.26995843613895,28.616156219870362,84.782166076648
1027.58072170421,444.93095006477193,27.324253179000912,85.8151387624506
1019.0064937370794,444.837283468762,26.546921742803463,86.49284721847106
1014.3473430682428,444.1704887176475,25.936274974157957,86.90001199527012
1010.4141209907792,445.46490814715236,25.303075740608463,88.93086877535555
1007.1543406238204,445.33759503478495,25.056173419404857,89.76356397273372
1005.5190915255707,444.6465881376731,24.83490031098136,92.11711680549234
1004.5280180325645,446.3346594148792,24.867767796428886,94.46084713808582
1003.8730821945929,444.6902628899015,25.612118175458154,95.66468834334856
1002.6828550061701,444.1980691451786,26.30202147620812,96.8125096128353
1002.720599122382,445.1317698876443,26.598690581571947,98.2990965694371
1001.0985173619092,446.2044627500039,27.729657655924346,98.5100911670418
1002.1076233048149,446.88209857658285,28.90464875479368,98.04448357129371
1004.3521759062487,443.4878007993341,28.1924053373796,98.40744617696298
1005.6512312041858,443.6673422699804,27.59745100354801,96.91868201976246
1004.5464186062035,445.16440391084086,28.450824070192596,97.09193553664846
1007.0981016932092,443.26899786307365,27.605836198330273,97.85552518865632
1006.4682703875799,443.7420680093686,28.3260552603697,98.12841393607849
1005.7537633500043,445.36309846400354,29.16141724263892,97.88101317940857
1005.7473302989022,445.82346848735403,29.83958952325183,97.79631711815631
1003.1891883447083,453.1302900991317,32.51193230773198,97.67982203886203
1001.8968377014893,454.41782616187805,34.20239754583395,97.87911035787566
1000.0819435420823,455.38032170781776,36.03309348804224,98.2705900351912
998.9826356970257,457.5175213372904,37.23041340117254,98.00718184155954
997.3342073735654,456.016649998272,37.25211542009919,98.21902753605906
998.5507898240674,451.069582130349,35.6516218335606,101.96576037543353
1000.7100818138607,446.34725304273803,32.20337918894141,109.23837294968124
1001.7320072572871,448.16664546460566,30.10590604314325,110.91797515431078
1001.2497020801223,446.10217345613364,30.332139165799035,109.14767303694542
1002.5064450212013,449.6632277697464,29.626566429107847,110.77005240104435
1002.156393249317,449.9831531559114,28.649529493591686,112.0925530531456
1000.4937526590361,450.9641506029252,28.780273053623375,110.93096248149845
1001.1748190237981,451.41065663104337,28.961592330187266,111.86339455152628
1002.493272098859,453.2801121146356,28.71875875406647,111.56764146030247
998.5888749070685,460.67447697394925,31.38664372250143,106.00671559031633
1002.3776368330683,455.7264529387453,30.77637235051753,106.97751074327573
998.8932024031283,459.0796722942408,31.184055427586642,105.19733135970847
1003.3792927842626,455.19289607750693,30.088381509996694,106.11492346112831
1002.4411108874687,456.17643552037345,29.2461916255532,107.37273136937611
1001.3207273309347,453.42498675945114,29.180257842629743,107.70116875194714
999.7726641636664,454.12494860309795,30.18112277599743,108.15836919175192
998.3765870423949,453.8123547302488,31.06057692423864,106.1545735802842
998.3746170799994,454.78175224572635,31.44776123206024,105.1161649464244
997.9266478734291,456.37198109677405,32.0095689985282,102.82856034243487
998.2996763049956,455.6581874642269,32.808256575432274,100.42109575672467
998.026813318558,452.9370699801024,34.03954570397795,98.40808010805095
996.7564409383991,454.59500020122914,35.592401086113256,95.79942806480796
996.1056705791975,454.8678662058898,36.76956120720221,94.50567221121335
994.5777144670184,451.2957326505246,36.45235611704059,95.87629965465842
992.9504048387457,451.7238407951752,35.154450083012065,98.27845661816508
991.861218283049,450.20393544317886,34.66123916919509,98.08438325956016
991.4867830597651,446.0624433436145,34.423771636853495,100.7047489565562
990.4563970904914,446.37887034490836,34.113581098606886,100.94840438490726
988.9407734587344,448.0648743129321,35.128566707204456,99.85925510247567
987.1573925249428,447.89976429077933,36.75211206977117,100.73582586905235
985.8922791011473,450.2287654927391,39.02661074986567,100.63439684180321
986.5164892935453,451.69328822515604,39.67331795192641,99.7008336896402
984.4571403649777,447.23670079241424,40.56573408058091,100.67312282943908
984.9228076870367,441.45878926056645,39.24563455452515,103.87096105240377
984.5806164434695,443.30746333950174,38.14042126229462,104.45274339920269
986.1207501660145,440.04324408283367,36.861838056261504,106.74474553089212
983.8492744572062,447.34830031743127,35.997771640008295,104.05526258810954
983.1091414811185,446.88049193792943,34.46896102876474,102.38522786534963
983.0622387061214,445.5425435545179,33.119123380790505,101.50261058104645
983.5073822555008,447.81461379778744,32.168677730040415,101.13299078552302
982.2899795783883,447.94720286179614,32.070930677386755,101.14007938304397
983.2432203053759,450.1884029015898,31.120950008193795,99.56379836691977
982.132524539243,450.22073318435406,30.5780723539874,98.19179855317347
983.5426933857618,453.8653812674906,30.23367989846065,97.88704541244131
982.635415804604,452.7409903578301,30.51910849300134,97.77547748696651
983.4735323925532,453.2355094716678,30.114753365166067,97.23704817267651
982.3874466755597,452.48728389967124,31.33066260966897,97.28385046481296
981.7577668693083,452.00675165914214,32.49856226526269,97.24916699931269
982.1008866728909,453.25318238739476,32.406750755448755,98.0010123784146
982.4538934342088,452.2302016086416,33.54908628404834,99.86434263947979
982.7788527086258,451.2685957776338,33.54471872642666,101.11122415572098
982.2461173540365,452.61846276784684,33.21727741723661,101.26755855978081
981.8601836113768,455.21826790583464,33.630403290566775,99.29503024306041
981.8582123533238,448.0520459296718,33.807364220944855,103.14513386398446
982.9099106022682,449.0930884370708,33.64442012351517,103.32287826403922
981.83808831193,450.4638671019164,33.762774693237645,104.53222284072474
982.4825928257802,446.6455338965229,34.307397409845436,105.44014531477389
979.2298656106756,449.0410346191668,34.376027858816606,105.73974211789837
980.8480786229419,448.7225460059585,32.74257532438645,105.9583907011239
981.0355064237267,450.4066495310333,30.77745817431027,106.42191343123864
980.8661561655038,450.4464916416995,30.100532680388184,106.55616697210124
979.1124526152057,451.618599094701,29.947104731570754,105.2719229323754
978.7541071976175,455.19806787170205,29.791471599292667,104.34253649191169
977.3529312842304,456.72692135621935,29.938869613238353,102.86684233158931
976.580388984708,457.87076509789017,30.665805360156458,102.45079080282434
976.3275021000318,457.76740754124273,30.342025714887058,102.09749029325106
975.96231571783,457.6950899663395,29.976574090845073,102.17075430604406
975.26465260049,457.8418905092443,30.08496597581896,102.6222014338111
975.321942912707,457.5406074682133,29.579635329483217,102.46596118625202
977.6341189697196,454.5740390120464,28.862993936032723,103.95911009903736
976.0224790060169,456.635010330928,28.97137254071572,104.80363036145458
976.0978507683502,455.53891515057296,28.093822773238784,105.47579260032578
977.2732000724767,455.48940081291084,28.255843475840315,107.79425710352982
977.5678817666491,456.8803369018821,28.0502170120439,108.16448216705342
979.0909978365937,456.00776044723455,27.69006520242018,108.29321853032712
979.9155255665496,457.5117552202708,28.209049147288113,107.8778048350384
981.7676118897133,457.75183454240744,28.46313427798166,106.8279479177603
983.23479452118,454.62693456389104,29.700776975910607,106.10347956268711
982.1675422711514,457.9673905531944,31.144328472925487,104.41825088139768
983.2437666830577,457.2619945729624,32.04499687266737,105.47696643231299
984.7346110815363,458.0297239964205,32.865295067863286,105.06274104878193
985.131692377659,454.49429442309946,34.39987860874409,107.18519459655565
985.8142316687904,455.1954135430063,35.847571339585635,108.091397558459
986.1911870140348,451.99765684238474,37.21786298943111,110.80200999321028
987.986841636293,453.55120266488575,37.48204549216908,111.67735707777081
988.7043628723352,454.7818034024572,38.38418890911401,113.67992192865458
989.5593193865136,454.9922045279984,38.639491728790404,115.3735251209312
991.5759863108663,454.756718439338,38.35238107396874,116.32674179801369
992.6826847753371,458.2481949262609,38.6103294120749,114.68374483173005
995.602535139329,460.3680508781677,37.03864508787987,113.52657446457113
998.2488468816741,461.66490520211903,36.04179687856718,112.42827443895519
1000.1960768586899,466.124984510559,36.39012471298912,109.64597977070889
1001.8190511629349,469.7909683106513,35.24738202237033,109.45160405150509
1005.5715773200044,470.7532145576028,34.612343084186314,108.83253557143925
1008.0820565649911,469.14380413958474,33.664178486542994,109.64153102442603
1012.5837358061863,471.8573159888536,32.770355009370064,108.59476133428292
1012.883181705413,475.07174301561054,31.964630638464058,109.82038757525169
1018.2189203846663,474.8652105062942,31.623774615767644,109.81337780925506
1021.7767883458284,470.54183459900355,30.01314545035536,111.76250329689582
1025.205036693628,469.5883995445978,28.959816992011575,113.61834110959305
1027.7545021811202,471.1705170290367,29.112652412299596,117.14752874739102
1031.4662592025657,470.0010941110801,29.892575153825092,118.1060045736586
1033.9392009910162,478.66173701829547,31.634544565217993,112.78325638145418
1040.3904336438338,472.9567885665923,32.170936513683046,113.80000387373155
1042.8790549032867,472.9240414595783,33.78025963750005,114.31159026901886
1047.0523908824478,472.71737365339646,35.70019818965026,113.75656100058731
1049.8952703110756,472.2344063507502,36.23439462199158,115.21024890698999
1051.9841987077452,474.43680005393827,36.46237504568844,115.21934410415236
1056.9872426979928,473.25625536973376,35.60169424429766,116.3413396657655
1059.9849911267522,474.3898606525423,34.96698157149009,115.95977975654114
1063.3295238368205,475.90293050562553,34.485807390287285,115.171934087152
1066.2163472022744,479.28632913576365,35.016623632344675,113.91130539706668
1069.693922125265,477.5788449451046,35.63461688574346,112.50651483603741
1071.6792038633384,477.02551127413585,35.05399863173878,113.82987093111473
1075.7269396966926,484.9318376249756,34.69625287246842,113.23999614917174
1079.2462152278165,490.1620517965227,34.88722864965829,110.47791197522915
1084.5351824360268,484.3199566656693,34.15906439487865,112.04607609195648
1091.2031437738556,488.67241034700874,33.509152292903586,111.27162352762258
1097.382848207053,485.15682295430673,31.841153779740626,111.7180556765114
1103.1631992331706,489.7333223435709,30.51373973809256,112.73274204978685
1105.5035857912728,496.4684747038896,29.8588710402275,109.1955059065759
1113.2438798002072,499.47414155517123,29.74455077728797,106.95866376968827
1119.0889901641028,491.5937683704037,28.41509785999773,110.78632232773154
1121.8228345830419,497.25126322632843,29.649603414113745,110.48421947038128
1128.598738045363,496.10115892883647,29.812736683825413,112.39303519733546
1133.9248787146994,492.3193789332489,29.862391773638223,114.34372788243121
1138.5514960567916,492.05330359970355,30.638937735424555,116.90938410593294
1143.745017819307,490.70280522620664,31.315268860987306,117.82248451675727
1149.0747228405237,489.09728209945797,31.070541141388123,119.46853419082477
1153.0187815654983,490.91344230196745,31.907798620472654,118.60007667760456
1157.513930599357,491.2974430753628,32.086008669219,119.94916099517972
1161.6175250687897,493.3478798504639,32.006216113910355,120.81084943941403
1166.932978396444,494.3911748826434,31.64550749874326,122.83507928119218
1171.549603122689,494.35504256198607,31.249155380248098,124.70204078848481
1175.8413330813466,497.4480207002155,32.19987550835696,124.19907357348265
1180.838209696462,495.83607994679005,32.50580736244682,124.53415412982571
1184.8260816647485,505.8752953219154,33.65300927455992,122.88750725807255
1189.2818335466811,503.44830366368336,33.325082763836356,123.62743555188754
1194.809808959281,499.8948330793522,33.587983286921556,124.08137368774845
1198.658050460825,504.59604299900695,34.31848683575446,124.53863270814917
1203.1733586819503,503.21597126436905,34.55204952476274,126.46426642820876
1206.7078770413216,496.4428089757038,35.532621816271906,127.32967017607858
1211.0021788847255,499.06977234954115,36.07681452324993,129.4476084040634
1214.1214028492136,498.1116521152794,36.9557021362145,129.607610148334
1218.6130267181336,498.1546166039176,37.695859627615604,131.00065156815182
1224.4855091661252,499.6241107522271,37.570267182105084,131.3184563886884
1229.124227911782,503.45289204052773,38.1139592220742,131.75890555644366
1233.9533907586838,502.36700542119144,38.49974211540561,134.34232521294288
1238.6897379088114,502.41266456120957,38.69428787786597,137.4456106677638
1242.4772442205854,510.1250390565464,40.67737857870818,137.57470797021153
1245.0745465044947,505.3593120762875,41.870238453366056,141.60864833851804
1246.5308238597136,503.39962728070884,43.63507485152596,144.73610400610775
1247.2353810436173,506.0565680500432,44.89160573435086,146.0086221561599
1252.0715626817548,504.0451312466266,45.6999249086189,147.861256795456
1257.8917186215613,504.7584171563893,44.64640749410907,153.00369417949156
1263.4042405057285,502.98379902872136,42.96578383340032,160.72209517533128
1272.0965534027287,506.43512292099456,41.75111880208827,164.05135728640704
1276.502182184299,507.68827696660776,40.74852542118887,168.17908436970694
1283.3141107907315,499.5368747564901,42.629402896901766,165.26746992437802
1287.2591748190293,499.867020419075,43.61725070313884,166.5796865478968
1294.006748762874,506.7063521574619,47.212717677964,163.59487513710684
1293.5196072288688,514.8667301837371,49.84875962600812,163.2310783035438
1295.5738478356143,517.0018771647636,49.67513182932058,164.31942291016213
1297.3635203063623,507.54086067525736,48.19894996891021,163.15835674473396
1300.6438380039742,516.414369632692,48.064108840382545,161.97286394411464
1305.8802624086295,515.0527952647452,47.95190343298096,159.81222504774124
1306.3746109269873,515.9785485599921,47.76099549104037,158.87537950584502
1312.661069131112,521.1067625503987,47.60554415183329,153.30164952736274
1317.6183591857175,525.4460610303552,47.34283247622005,151.59598978658693
1322.3457649586298,531.0607524584625,47.18804581234767,149.2369485801728
1324.1030642372452,536.4589839830265,46.333155067534655,145.58784563212376
1328.4884870612043,531.9862601835251,45.44546316042002,146.2595031491381
1333.4495634118175,528.4863659869135,43.84411051553206,148.17223932337424
1337.77629237247,527.9948071984805,43.157189470286404,148.98241421876466
1342.4193322540384,535.1909364749622,42.92125194308443,148.89694950373968
1346.7143973415875,535.0874611963595,42.33049391777316,148.79429028046403
1349.6515689543955,536.3792507324936,40.52328135891538,149.50068565103732
1354.0132754286738,534.9571843442477,40.52911339735421,149.92129811007453
1356.6644966092028,539.2875479968544,39.048624752806205,151.30609734916374
1361.4296143355448,543.1210985121635,40.14099726338774,148.58390089250344
1363.1876734820348,546.0870279988271,39.73042267631732,148.6038244193636
1368.9833270968534,546.0111860689451,39.78628923143746,149.303099667342
1370.0301708836764,552.3444374694475,40.06076786378963,147.96923932159632
1375.497039423124,547.7494189488444,39.9725457822284,148.69941563431047
1376.1688447981894,552.1632668747143,39.78100157836313,148.5093277578651
1377.4141814259062,549.6087471463031,39.64445228233859,148.6629386220368
1378.8838728743647,545.5723344085333,39.32846720021477,149.30493810349594
1384.762174845266,545.2681032954257,40.18674348083064,149.86087070136915
1385.3509643904756,544.0867279762778,39.743188596821675,146.4451637232277
1389.500908156195,557.2628607473044,41.28463861407135,147.53527175018988
1390.7896448292374,545.7365017293162,41.537983792673614,145.77550122750486
1395.4177409849947,548.0616014065251,41.35737832309111,147.66556866534313
1399.014153170043,545.2649345482325,41.30889893448576,142.12552750955217
1402.6827428853296,555.1355264877669,40.86284940270503,138.82377239057706
1406.335884753664,558.9491494781488,40.987310356384974,138.8388929311645
1409.1386565304874,560.5651732023268,41.61760471888897,136.9160884056853
1413.4648930148453,564.5018538879232,41.25139333353998,133.41064919040107
1416.8454718525718,570.2153103587423,39.950846671864156,132.15795712732023
1421.33960619569,574.2420884679285,39.5555847182049,131.84709762907394
1426.9335433727724,581.9628296456336,39.57870722162451,135.3065418974928
1427.0722172712585,581.7310336320432,39.49462479376564,137.08247458280144
1427.1452318405857,576.9426604278146,39.393684033868844,136.5497494287674
1429.223020647099,572.5261745722796,38.17802960746546,136.04061696171655
1429.2453601479608,574.9695206891354,37.08450856181581,136.3843221854503
1430.7737056075018,570.8541429743473,37.1002208267999,133.51975525139898
1432.316462812277,574.580198906134,37.062529313289645,131.87160380124996
1432.1170504413724,572.7936744285943,37.2615301439303,129.84710421096875
1432.2706964549402,574.3666653196966,36.46060440652978,136.00490970658717
1431.872720651899,572.192029034632,35.949725524119366,140.79658837306843
1425.7275180436302,575.0693637677984,36.82015168993664,142.0428546940436
1426.9982443526862,571.3310958783869,38.92184375466859,138.5236689201742
1423.296634438276,564.7998105293818,41.008069767267266,131.58471008528215
1419.4876501860506,566.6651852563862,42.73981138610992,125.88618339222447
1417.7153089622739,566.9431765032776,43.81172828950607,123.83635460521262
1414.772715934316,565.3254001045653,45.333635069597676,123.23166299275712
1414.5084032883865,564.4455356059981,46.91882225702678,123.37428513870762
1411.355420381526,563.4088765152289,48.565661007784286,122.20210585527651
1410.74946833872,562.9084398411882,48.97404258913206,121.91422276941736
1410.309614189691,562.280318227648,49.425296274317006,123.41876953474855
1409.8921943675693,563.6209240230742,49.12540767818942,121.89235366842212
1409.4426182237548,564.6402066953359,48.52104756592149,121.29289606358428
1411.2162862402445,558.1792836545599,46.60265274034864,125.98105341972803
1410.8376670436767,556.9403126193806,45.0376322670309,127.91775271632652
1410.9287361939394,555.4781470893545,45.12186625479153,127.86958844160682
1411.0123863995718,559.4310572879135,45.47417550015555,128.3176027454459
1410.8605882442207,560.874660351126,46.288069386509584,131.16114858446832
1410.0943896728081,558.0270371048888,46.604964010827814,132.9367232394248
1409.684093484476,557.6588145289968,47.61824601132206,136.10693099452322
1408.362691057249,555.7891921137059,47.393237624147375,139.9821039765063
1408.1824798338528,555.2964539970573,46.98613134299971,142.24332756255285
1407.6757470554373,555.9728799401648,46.87957196929422,147.12500346529384
1404.02656817857,564.3593520210118,48.86462439902316,151.24202775933912
1401.9245873733944,560.9332368629364,50.99926906893184,155.7996635857997
1399.230819036012,557.2421795301459,52.895448409621594,160.108736518657
1397.101053759666,553.2099472089168,54.65105330568749,163.14092212041268
1396.5045514939238,557.0064811871582,57.264743262732466,161.8748307557297
1393.204187571367,555.9770602082982,57.864866862950876,162.29342236850133
1390.364451147011,549.4238254898179,58.61735282667789,161.68451947671272
1391.0347869799086,552.5909478761962,58.612234570341926,163.34441013124655
1389.9963478947143,551.5711716850963,59.2141581970271,165.34744854182048
1390.1454166849583,551.4036318647562,59.5447598728492,165.95250517048564
1390.2020566355343,551.843136542742,59.80030088590975,166.0522177565274
1392.999354400116,555.8861954716963,60.45855535763313,165.1881336054758
1395.121566932934,559.8060993949922,60.156089470672335,163.86824428636876
1394.547819729262,559.2709727885974,59.11447812829195,164.71055668417364
1391.477658951461,559.7014640412181,56.853182584250234,162.31540404462515
1389.2941325519275,557.4715830415723,54.01849504498425,163.10690520322768
1384.4716004619684,555.059807285267,52.29846074145102,163.07923834034216
1376.9500506737368,554.7048013821995,51.41369350985077,163.0047685535542
1365.127516847565,559.0591121852785,50.32631902538741,162.21478071606055
1349.2184516562081,553.8404645145491,48.52670272365624,161.49564167086848
1331.5098181325268,560.0692492593588,48.47420848046164,159.30268427892406
1313.8316789342475,554.8571558105369,48.15848646213226,159.10364029750514
1289.4363725787227,557.0501283528513,48.42786157528795,157.33733202251037
1268.3934586457558,551.7689228120935,48.63664813189768,154.99872113096137
1239.383227281602,543.4983595677326,47.874193286024976,153.1165185362475
1217.471613012836,542.7351467951388,49.514910850473484,151.2786606742045
1199.2278789916895,552.5804899389005,50.40834581831056,150.18322130884965
1178.867579947011,546.2845110715095,51.16281657722712,150.52288604118337
1162.8382739921658,538.33568469934,50.6031238208179,149.41633539766468
1155.6977026209652,544.0832592835291,51.23645539302391,149.07175230664956
1143.6861798273287,542.2088702829799,51.766568421766166,149.02588825577612
1138.7608521962195,541.2922393236106,52.28940081703534,149.0895303665626
1135.07988771195,542.7934650238358,52.8714950785519,148.92201576397414
1131.1104932273713,533.2785401483129,52.56493908289575,148.7755844389902
1129.2602403303742,531.6587352901487,51.65274241185801,149.01018379949647
1128.7159783008378,535.8646106978942,51.30623581141063,150.12465578959126
1128.7811371243715,536.2777501513789,51.64955422455331,149.9655931840132
1128.8571699692748,543.4777034532115,53.00799400314397,146.33135012963987
1129.2133789737902,533.9637226875834,52.450795398841144,147.6603352842486
1129.36911111698,533.10394670196,53.04360055239209,147.77604070906983
1130.0364105636895,533.8831419793574,54.434854839468684,147.0611439351769
1128.7691730777226,534.0299037237778,55.87740499206649,145.66837399297617
1128.453155462907,534.7775462782938,57.468582024875495,143.58025510284173
1128.771799775376,534.4920214161048,58.0719221356632,142.27128796892165
1127.8336216671257,523.7835702177061,55.83654918510746,144.06365149704402
1129.739298281094,521.9990311472463,53.201528720867486,145.6464592160161
1132.8565068847506,522.1298753363043,53.4346560124404,146.4999199543817
1133.2558560529944,522.0940791062318,53.83874225698962,145.10393627219293
1133.8848017100609,520.1559489515521,54.05322515275782,144.73369267215034
1135.046682472502,518.1773968083297,53.09829562368461,144.2538661848566
1135.1059965764125,518.8448828174087,50.30485324689553,143.59815171981765
1136.2797344677742,514.4142539304507,48.11692682861115,143.08089006796092
1138.1521993670178,514.0048124754163,47.14528904830441,141.71543473341077
1146.3349275759037,524.1014966140197,47.17466230662019,139.6755967498608
1150.8110832967843,523.3022022590592,47.54195028788002,138.41739531348526
1152.210668377107,526.053361525838,48.62558396755404,137.85156144344637
1158.0744420910905,525.9059094523767,48.17889345495854,135.38624744354317
1166.4351574298967,520.1820770929799,47.042559844028574,134.9593958952704
1181.8009475083902,519.8759524106307,46.394938078472904,133.31017553286273
1201.9012274409574,525.0708336577792,48.12792583339747,129.42866790666358
1222.7570839612845,531.9491353481047,49.67714480939448,128.1578869941107
1251.708484831761,529.3341662039105,49.823230203648826,123.81258971433336
1284.5738683482966,533.2469106400033,53.4555106303048,118.50369078199765
1316.4653584351302,536.4662030087603,54.31762096221163,116.6006341775979
1357.2739876391415,538.9148705020925,54.14956894781011,116.46079607348918
1400.075523104827,541.6206601063212,56.03356560836417,115.05153510080116
1443.431316040686,547.8975473055773,58.67880014350956,112.06265260330201
1506.692953492535,551.2672270637672,59.22241805224287,112.99697269536564
1557.2584549937324,556.8706993921332,59.44576342167437,116.6208118039115
1618.9297508971772,566.8290972495606,60.0428163933957,116.96235519684457
1686.128759048314,576.6132297720452,60.75453945838545,115.5611711741976
1741.596872584911,583.1667671463968,61.31212850420226,118.3217342217795
1810.5996870544318,591.0960675584347,64.52131142918495,116.80699717829637
1857.259311218778,602.271456972338,62.53539971634875,117.59017382804299
