1306.5,310.5,25,57
1304.6052553507357,306.4667282417755,23.42445904844805,62.698615063762986
1303.4515863089334,307.0916155873484,23.588678547604395,65.58605910284231
1302.2718133893918,303.1741691605336,23.76189142485356,69.77282434468324
1299.7944578246088,305.5965440742928,25.07247260250849,71.15709848091818
1297.227544268867,303.1805905724402,26.649689447422062,72.22050954542641
1296.1954862957439,305.6693959745212,27.67282010256655,73.54222309899623
1292.896469031872,305.74729200235737,29.185262793651667,72.24577308065986
1293.3070553827788,306.30569199001474,29.146235897563532,72.90085086470357
1293.3136802054223,306.5655798150897,27.83142096257189,73.41009429167761
1290.440010471997,308.8735871489066,27.159866983246793,71.20021096814196
1287.7307939866037,314.3319823202867,27.11808868718662,68.20309030822973
1288.111421361756,315.71081703265554,25.05915445474843,66.53599677112611
1284.955530830603,319.58775331404394,24.96711066544758,64.1021029854336
1284.0139712194166,324.5276099194428,24.860516300665314,61.78555332378278
1281.534040599454,323.16651080760545,24.77241287635728,60.385602102026525
1280.058722721772,324.4643992737452,25.006842293037117,58.62508204399526
1277.8525538571894,328.2078044898444,25.71304036653412,57.2213362449249
1275.9199062417078,326.9073855035294,25.88769687137753,58.91291138683543
1271.2022770957533,327.69179886672725,29.942060660957868,57.86016872162457
1270.8086786632368,325.15096956338886,31.261679274217983,59.524718661485345
1267.9644733821485,323.88525976067024,32.467493885612825,61.496164123932544
1264.5590605481232,322.48704404251754,33.6090198469669,62.372962650034495
1262.532068436633,325.4562873778005,34.73746058153336,60.51744770022711
1261.9148532561967,322.3881438661969,32.955406316396115,62.74764494843705
1259.3042378623786,322.77954323010727,30.6588541820391,63.75420930810179
1257.1208559924578,321.3998794395857,29.795693294013798,63.912701326873254
1256.9794519991458,314.97597886403696,27.998989243418194,68.37353336346041
1257.9407156946252,307.7079660184278,25.69605839251258,75.97742364005362
1257.8163165858823,309.2237973440615,24.48850008535934,81.24019043535893
1257.2006981903726,305.3326960692118,23.80734210830498,81.87769565194881
1255.6518351080397,303.5875397132111,23.533529512801813,82.88633504467859
1255.7799316131616,308.0152576726319,24.10372773085832,81.95242602052224
1253.7771534206968,313.98750917453134,25.86251081233005,78.55658697880862
1252.0017370050932,322.5724736234265,27.19732035884821,72.27485172994119
1250.1018974184788,324.6821169766537,28.385560279920714,67.90611210132202
1250.1926995983988,325.1212864808282,28.932957610655237,66.25728667727861
1248.6093537032457,328.07025342427045,29.63473498161234,64.48924911677376
1247.9405844863738,329.17137338916035,29.617997513819354,63.161009732347345
1247.1374881852316,331.7609813194834,28.64516637849909,60.99144039263641
1246.951239800503,333.0248454656404,27.946779155516857,60.57690838398565
1245.0630942409393,330.5860030380372,26.705356815045178,61.191050010438964
1245.275628181484,329.1708204580487,25.175286315616084,62.44464627457596
1245.0211236671626,325.4982918866938,23.417195723879086,63.793121400439226
1244.538982440325,324.4423799837214,21.062635585676208,64.72396802363104
1244.3081221173352,324.17461113338584,20.46023382898992,65.20233062724893
1243.512529072133,323.91745346779066,19.912342785125894,64.82006048720395
1243.2125857453168,325.69898809563085,19.28785177754297,65.82477907558163
1242.5243015366548,328.83246682586457,19.212355889434026,63.17217321000986
1241.8283692457567,330.5358383605434,19.19506798132242,61.310576606741876
1240.928939237442,331.68904552956513,18.945358639253755,60.101449679758964
1241.0141051608437,331.8513191717273,18.936984652424492,58.89191804736519
1240.5205029972578,332.8042705217929,18.750693035722012,58.997751083728474
1238.6722312782479,334.20755981556476,18.923448270358683,59.002593065732654
1237.651804148903,331.58685631032336,19.2948492493393,60.50560265926995
1237.8890939759488,331.7733064107995,19.257533144894595,59.83046217659795
1236.347382451513,331.89589485986716,19.605162234959515,58.58363403365168
1235.3277729865817,333.9518608183675,19.895124118945894,58.058359399033684
1234.6199387341492,332.99793751851655,20.24327319977219,57.85880523808128
1235.7211393974012,334.6714291991314,19.14966232416289,59.763025473555224
1235.1578003581678,333.4606141467762,19.145262369573274,60.23112505315804
1234.4931148152307,334.56814584594724,19.105366184912157,59.96625747865764
1233.6335978173388,334.02952481814566,19.268707575271733,60.65805458692557
1232.8756488120166,333.8136294181255,19.56863477798527,60.063576587615756
1231.797053443881,334.8414580263905,20.0904961153584,58.97442395605057
1230.8165864291109,334.99887794892,20.695212828505266,58.910513071668774
1229.0862905619638,336.26787965853185,22.232979541782925,59.839915587524004
1227.4708779274563,335.0682952557778,22.868819021130072,59.697264062875085
1226.4317756036007,334.72683558509675,23.930727382900777,60.44224246441875
1226.351601056163,333.24692392343513,23.996639558678023,62.35541746072096
1225.8100361737165,333.9479048185239,23.63404847294588,62.461480215079675
1224.513021394265,333.8506976569548,23.6978447777265,62.17927301862815
1224.0390884790975,334.10469034181546,23.418964814788474,62.476184930782196
1222.8076289242044,333.1204836217415,23.81110818510451,61.840002747582574
1222.5809223477859,332.06552811842835,23.02170789120921,62.55093336268777
1222.7602337704395,333.3997626713735,22.326713876770995,62.12281883463672
1221.3525655263823,332.14273269571413,22.285057352976,63.17214334866984
1222.7445726926903,331.1603366795192,21.210743726153723,64.92635964269985
1221.647747308352,332.1244684322815,21.287374773907064,64.81286286989325
1220.0727535074566,332.40357778947987,21.803298078131917,64.63911951115892
1221.237269267702,333.4153696662813,21.306379192552438,64.42983104697129
1219.0425198924117,331.0726794830593,21.44451562567275,66.18536048624028
1220.0479566200129,329.723885962076,20.919726372383494,65.76862851526592
1220.327216161136,332.17139843349105,20.16579023805491,66.06489823856958
1218.4715210760646,332.60623520421933,21.0936275015135,66.3623023346275
1219.4285391235878,332.3008057724455,20.44450684547736,66.63640881382656
1220.292267958803,331.1920389193637,20.10281376137463,65.73393586470918
1219.8497288442124,332.18986858376,20.17381543433165,64.69954311450984
1220.2008944164022,333.2596892465798,20.33519519817893,64.0746723887101
1218.7167807830613,332.38570505702586,21.366714377723046,63.51730119336142
1220.0514681772459,331.6319697451377,21.02672039320535,64.33544404501244
1219.6881814608885,334.3112869743848,21.058468407517402,63.857161123321774
1218.519724215148,335.47320806964785,21.89746431576892,63.46234898191442
1217.5701427317535,333.75807377388065,22.235071657998375,64.32347065526439
1219.2194403244305,334.4061326083393,21.48770294236946,64.40821816725223
1218.1324408397609,334.50199189916276,22.08156546065238,64.49213468673629
1217.3675163706027,332.97872237306007,22.630228725040837,65.51185294332616
1219.428060951838,334.94317623096896,21.551527160340342,65.44575703105637
1218.126649705973,334.3330413927948,22.2957442065769,65.42958870054275
1217.0213122406246,333.6427135332632,23.164971654547713,64.4824991543683
1216.4326729132226,334.3198271755575,23.351353164379436,65.69016560308586
1219.1799322132147,332.5246081007592,21.56710202475483,66.48791311849757
1217.776332202232,331.78943158092187,21.87316041050842,65.89691490235971
1217.99204956245,332.4971169297585,21.005817708078077,65.98660376863921
1219.173824307235,335.98100495726845,20.056947926470134,66.77971078865858
1217.4403323673569,331.7186003764459,20.329010629668314,65.96482546164232
1216.3443798805404,332.344929896317,20.739662252349223,68.32947265081317
1214.6222894036698,332.8717791748807,21.762298580689333,67.46801503197163
1216.5649313582644,331.4242981264482,20.628945009754567,67.69461102615871
1214.924152262387,334.42915225854983,21.415543823872113,67.46595952227656
1216.7899333566493,333.89977023244404,21.113774206185145,65.78453874492338
1215.4298729875788,332.3566793143709,21.525389462088206,65.74357468354532
1216.052715416924,332.4203677528717,20.428719079870056,67.91885592397756
1216.6319480429836,333.73098785758566,19.56981986658717,67.93652160719395
1214.7817563318445,332.64678819446834,20.91612024395346,67.5590392263646
1215.941509733958,333.48523174285026,20.601045990461195,68.08964274702339
1213.847060512658,333.2181910137485,21.519496741896077,67.33286405890087
1216.2193361812745,334.89377228493754,20.34361999151273,68.23595870895633
1217.7494370762279,332.83515373810604,20.21176122194622,68.15795531776249
1217.0851229122636,335.1675925453748,19.956756698320113,68.7059377805247
1217.7062989815397,333.74643651171044,19.20411147779389,71.46052299299518
1217.1341035909534,332.11758660713076,19.64626294061659,71.95981166076812
1217.5275299580646,331.9183196909662,19.41769318241587,71.39189439955294
1215.028992572226,336.80120368280717,20.791824017756156,68.7759733589072
1213.3708654495226,337.72501203780325,21.68545505966958,68.01032780135927
1215.0226560281715,337.0703704760749,20.74992503857872,68.00392118490855
1213.3573299298594,335.801171487209,21.733033639434936,69.13065925524864
1214.9905565539668,336.8361609382234,21.023553417763495,68.8720360671927
1215.777460595664,338.0245008325055,20.408114828178824,67.87934494854659
1214.3094528637862,337.1883764059211,20.833268499136835,67.25415798158821
1215.4281248451266,336.0345554081632,20.6285967850922,67.48524340601892
1216.3870094872311,334.2078584269927,19.785245228074878,66.61438638028814
1216.376652010604,335.66522877300616,19.217347731669843,65.81706123568594
1216.564794053917,335.2380897219587,19.15568987151952,67.08609679845533
1215.5270544610044,335.3291659358563,19.272482450814383,66.44675481548302
1213.705276733035,335.240723758128,20.775889885962258,65.49051916031559
1215.4911097807,334.23636790885064,20.373260043933566,65.112196247041
1216.546937135553,333.59405368039876,19.540360274498045,65.50032824884235
1216.2345603853541,332.2722848786493,19.744361693873905,65.53116152056015
1216.143202645727,334.76828279429026,19.72805076252612,65.09714196659436
1216.7057554002172,335.58149995896173,19.41518122537199,65.0753276898888
1217.8461560622188,335.5927043428045,19.253131236206848,65.20257455694568
1218.154680947985,336.4820101492468,19.1803344412229,64.54665200169335
1216.188692459469,336.1465175080811,20.21080671084897,63.38816336880599
1215.191392246447,337.30456524624776,21.192106742024865,63.30811736414855
1214.0066540780394,337.5550724265217,22.163312375679396,63.39422909272869
1216.9403973713888,337.45773830572614,20.942695116790873,63.024862642145514
1215.909843944754,338.2927217285513,21.088903990833966,63.06300452259591
1215.367982545357,339.01573683209705,21.42561693305337,62.185311896208546
1217.4536080206296,338.95742783901056,19.926039199150175,61.21934364445863
1216.2293176886208,339.4827985372385,20.510134291211255,61.188760667393765
1218.119723590711,339.4913258164059,19.968283729464098,60.182280177017105
1216.7265478939994,339.28485636212633,20.329989351189113,60.463949297016676
1216.866858128426,337.6776641548359,20.765100556231385,61.384587512072564
1216.6831718930514,337.93040312877827,21.369569607350186,61.503852418630345
1216.7516573502392,337.1491133948427,21.920293639283788,61.14610043040514
1216.1756843541914,336.10898163303574,21.70487950672203,62.5208192778613
1213.661731442218,334.24600363042964,21.699362613635188,65.27211114418236
1212.7577640756986,332.98901464503285,20.493051354548754,68.50354071158385
1211.0921983318383,328.16928040223945,21.242771417593005,70.16835873301608
1210.1706164650195,330.3440640841496,20.440620689503405,71.29375428788985
1209.6546342383174,321.11800067724846,20.574486474180844,74.49521567737132
1207.4240043150494,323.3172456589324,20.927745952654693,75.74210181843301
1207.0596915683166,325.44561032005515,20.226209096797618,74.56315912031829
1205.7898930945714,326.6701053837629,20.68783423369777,73.2235511791493
1205.8725239642738,328.40192355040404,20.53744469372312,71.9308280636392
1204.4790717229903,330.4754244046902,20.267970303333744,70.0283261166286
1204.3362053128387,333.569705373419,20.22020873783965,69.83383501655484
1200.8022466071147,335.7268470032857,19.833372124107257,67.22968573344325
1198.3718392340008,337.4412858916869,20.353958508122172,64.98584736885789
1196.3537905739975,337.8995348486912,20.394287749431918,63.45260860064488
1194.7625906307194,338.10181323957835,20.762841228152187,62.5696863677034
1193.5037495496852,337.5627193982857,20.66069922113259,62.16081731808846
1192.0953592565986,336.6460231972368,20.438672502508414,62.59708486788908
1190.4842538311163,337.5495707601416,21.048929563735022,63.69811639823157
1188.2922073224734,334.78424125468274,21.56222171079135,64.86688825307988
1185.8862722867116,333.0775995867802,22.117250690731353,64.99596015171245
1183.8124264616454,333.28910736600545,22.944491394327382,63.97134506629497
1181.2818446300753,329.80431417957135,24.185673257791052,64.82976121680083
1179.5477412111125,328.21101941317863,24.38126346749626,65.62956614377408
1176.5312814644533,327.9914940691161,25.2037856335838,66.10546888830143
1174.8854505789598,330.12024878557,25.562924128284887,64.16328800751866
1173.9517875213328,326.5322224923071,24.818975594562534,64.1410515079195
1171.1307256426776,329.647869252142,25.719884576273245,62.049654452653584
1169.8269036601755,332.6782821835129,25.914295013073158,60.450297726435586
1166.2790235007126,335.1606429097116,25.87698119008376,59.42513392126929
1162.528315288227,336.7366636062303,27.100405999697294,59.26714996101168
1155.8728918643342,336.2814939101734,29.77017429213917,58.57588553484022
1153.6592324075368,338.9532379326922,30.397623857034134,57.95001656136673
1148.6898481866776,338.6728098378881,31.168997965361978,57.18410771974729
1144.8561953499366,340.4815860689581,32.32196944134503,55.59238915134746
1139.4052928337544,342.0681687806539,33.85144843374793,54.583755650821615
1137.0367631639917,341.5076388938941,35.55688377889106,54.15998855957981
1133.6954412678945,340.6715397962696,36.792713958424066,53.66650258808322
1129.1824696474298,341.944824756408,38.203538761872565,54.28306882825714
1129.1586328764872,340.816677180131,38.9135836596009,55.016841680568675
1127.1820796781285,340.67169980250185,39.8009434228249,56.19279345740755
1125.2418509984443,338.80414105084037,39.90132018462523,56.08336684317315
1125.2980127086855,340.6577539642861,39.15001056326634,56.085897408787915
1125.8838170349902,331.6831039491578,35.58476635429916,59.43734208099327
1124.9450328477728,332.1283058148469,33.22648886855299,60.47110923019375
1124.4823315954186,332.1958881656665,31.799044142678685,62.189777627625844
1124.596860643324,330.24704544823237,30.318064352942642,63.64073269995892
1124.8004160766375,331.1413176849121,28.917076098459884,64.68185155748353
1126.8960917085794,331.89982762697474,26.43440629239086,64.64169283689648
1128.235560095561,331.7314959517804,25.865481028155706,66.37241887182259
1127.724048663045,332.9332381965292,24.690222850809334,64.85509900417533
1127.647881747918,331.2575108191201,24.167923297055005,65.6918970064002
1126.450584651019,332.471121946052,24.64100510210453,64.61227442548788
1126.3299015670561,332.11163490770883,23.02242555102028,66.54021550575214
1126.6787291970666,331.0479211118691,21.90655168045378,69.05838269255841
1125.580002021018,330.09968010184576,20.823619273170596,69.676011179934
1125.6416274120752,330.3230525296344,19.55538403547878,71.8089975680927
1123.0017335848715,326.67404667767636,20.150580757935685,72.97208708308952
1123.7810903588922,330.0223199118865,19.259377294150006,73.50505356389411
1122.4343714953072,329.1226962143335,19.443967112168338,73.46377468244053
1122.071022185636,328.26355786602153,20.304792035396705,72.9631838489797
1120.6929712928074,323.43198646662154,21.101070326957483,72.13642820025004
1118.3270349154948,326.28821837373283,22.190367264876933,71.4123894801562
1116.8417989989712,329.10230161298216,24.542458043881506,70.50422243029631
1114.713364435008,330.5831611005108,25.38301290333856,71.62160429388814
1113.7059541062283,328.99703440770537,26.151418849204745,68.43545497877281
1111.92361804556,329.6656814158708,25.815422158757357,67.63289794293065
1111.634987453353,329.9392672422802,25.310161968494356,67.46965231949059
1110.168661046117,331.7896542600138,25.084851140367032,66.37051663744906
1107.7208013136387,332.1423647613468,24.964447821328523,65.48765606409322
1107.07300273689,331.03036634146207,25.15947480284889,65.59755060718662
1106.101874975588,331.3963690516161,25.176178980931745,65.95699045541926
1105.4299830163936,330.545083619689,23.966702298754797,65.71633840341374
1106.401711931452,330.29517086740367,25.226111097978148,65.55381857386065
1104.1364592128048,329.7439309876841,24.845402797318634,65.94556925753659
1104.3027004667952,332.2176906273131,23.408682249669233,64.7744485264159
1102.2466256162647,329.1294145781756,23.356631543130483,66.03259072392873
1101.232016463815,327.65468054627536,23.182621985473105,65.87471009812182
1101.2118122429954,331.70580882118384,23.37989273687404,65.43620470292761
1098.4465022302759,332.02617546875905,23.241800274365016,64.07115475061013
1098.7047886270952,330.0547756160154,24.561075208415126,64.20769946581366
1098.159371115783,331.34602160909054,24.28321461205658,64.06915986227361
1096.7932317797338,331.2142821334932,23.92510324196519,63.64504784878504
1096.3446676101619,328.1477550037854,25.05243938315737,64.85454511861697
1095.1748997256043,329.3811734066942,24.55098122197071,63.57752577715857
1094.6260265140158,329.46265005974897,23.803314083098172,63.231413653758125
1093.21665491383,329.12814191166626,24.101469416880583,62.13670989502894
1093.3805724138322,329.6399512719041,23.166204033566324,63.2266156545815
1092.7566796384262,328.13065627661405,22.265293264050463,64.01729708408484
1092.7738913684016,326.079463381683,22.746615578477062,65.7045633127349
1091.0458542013075,327.58906093493704,22.759387285706758,66.4060135216676
1091.2920006922748,331.46223601148904,23.476294462604912,64.29850488111286
1089.8491002386656,330.56934204979865,23.44635714510683,63.47859781071426
1088.7307556534518,331.49271785455784,23.917507122883237,62.92256208873293
1087.9532982482544,332.00172643278023,23.496560536722946,61.84562129902544
1087.0062214306593,329.2136214675654,23.323945819954783,64.73048222829163
1085.9281270224787,330.6683888019871,23.417374480770945,65.90378323071732
1084.9946932564928,328.03976139435537,23.562734028572642,66.85899713778416
1083.1628246786934,329.1755942680723,23.007835189936294,67.09774574785749
1080.9459206271185,325.9267283016229,22.818559994757443,67.50353345757873
1079.6182821050322,326.1586834643967,22.499394722143435,67.23243491898423
1079.0500359550647,326.4272834731314,22.689529567302607,66.94517479599338
1076.7384132746292,327.78056387021775,23.09137790714008,66.14588802203758
1074.776326040474,326.4673944761604,22.818718067014277,65.18503462072286
1074.3772303444139,326.06591433791675,23.32387029840511,64.9895992275277
1072.139500176208,324.50558851720103,23.579674348976425,66.4753205303181
1071.506074233604,325.3103745413018,23.97138484039303,66.01524787850845
1069.3965988527332,325.052346036898,24.527827367615394,66.19826734452151
1067.6048253704387,324.0808930185084,24.24702745864237,66.6742208110741
1067.3195488045644,323.6636739727933,24.54171152843744,67.11395324239244
1063.6016600805021,321.7365119203717,25.100236738512812,68.37423800880254
1061.6487201616742,321.97012441954257,25.56328632196145,68.55239149086722
1060.8396821840017,322.13074551336115,25.12535659301879,67.90019544320701
1060.8077525733122,322.07910615613207,24.370252424587875,68.51023164720485
1059.4809254005434,317.1258747038528,23.884744545686956,70.30128857886504
1059.6865713563013,317.6524943112783,24.41111706647466,70.51895482411302
1059.1995274553904,316.6634834048226,23.728563193297788,71.7870777383607
1057.4692426582214,314.9147654431069,23.619476493776084,70.68555296923776
1059.2178268500252,315.38398336033686,23.285934927501167,70.67759532809376
1059.256050442469,314.62096214511627,22.715433501933184,72.16099066322295
1058.7130008420615,315.01685872915715,22.82647951665033,73.18618261607425
1059.9466520059887,315.5036948800579,22.850717673263993,73.613717450097
1060.2259127442778,316.2139183040498,23.045841262610118,74.43810287611879
1061.0654891444235,316.37296994872304,23.766775687204664,75.13001689266383
1061.7750883258707,313.9691376118552,25.01221344025656,76.26801222417936
1061.5570044374335,311.7146001598644,24.029520100928146,79.11714533880343
1060.775321821879,314.9641476261129,23.22082567138272,80.4035633077546
1061.5277166147985,314.30634054353425,22.71370360528324,81.84487552513298
1060.3559964633073,306.7931407321332,22.493457156997096,86.6726079597675
1060.7893316794925,304.91027269098214,21.62611444876701,87.46978383417547
1059.24105294938,302.5345930098283,22.344049306094725,88.68254892052886
1060.8444877817556,304.7424706242168,22.986821059505942,87.35805012926268
1059.1824942331864,306.83281411709856,24.456756893037657,86.15377454690804
1059.4473912653573,301.93078381136274,24.103319806731484,89.27013466322953
1058.1001058374652,303.7345011473862,24.534855868986533,89.26324162799028
1056.5726269833906,301.9437371569144,25.460091860747653,89.87496722593929
1056.6607105314251,303.84675624623407,26.000971083427878,88.47590500194471
1055.0592541633723,303.36025073175495,26.83995824516112,88.3050255856985
1056.574405010216,303.3831113586094,26.582505562124126,88.13397819965971
1055.5486805201824,303.2185148919036,28.21026499195274,86.26440495222332
1055.330604568864,303.6852859581039,28.917708311103677,85.50130532051612
1057.2476949312413,307.82677581241234,27.695302998218132,84.35505214664049
1057.163235324793,308.6862956201961,26.865626367377924,82.85856149723173
1057.3386916149004,308.85645280632997,26.645602531692575,81.81210404514354
1058.2833202449551,309.95464245313906,26.767210400204753,80.30490533273866
1060.6986796433391,308.6590689966476,25.667533589599277,80.46760557450162
1062.1932955279276,312.65079146322876,24.770541913266637,78.92925358391983
1062.9615434602072,312.6329710232072,24.20723017162312,77.01545030852904
1063.224919088455,311.6058162930019,23.799027881766015,77.55876804376558
1064.711001796746,310.61814100174786,23.435297223454455,78.34606264540923
1067.1276045704396,315.2696259758967,23.32906406483687,76.66492293323653
1067.6203516632688,315.77019948655794,23.374750579324683,75.28411717027726
1069.7930363491994,317.86894724071067,23.037270811655617,74.71752959064251
1069.6112172173857,317.7630639236144,23.597983828797165,73.4826531852029
1068.6895189965774,317.2267558045363,23.945298068583597,73.99677640649512
1067.5912770614696,317.02098921888916,24.883426943689816,75.95355053509057
1070.063355178607,316.60736255556225,24.194526324232733,76.32002255426835
1071.0969346626234,316.78017804662215,23.65295993238186,75.72845916298215
1071.278197603135,316.9789448971933,23.812665399208772,74.1213429121637
1069.649771721353,318.88671517148424,25.09233774032329,73.42709317575607
1071.010560544581,318.6525618318636,25.58641200846911,73.86109749471503
1072.1401724729058,318.6975431920639,25.948454814123494,73.74628918728983
1071.1350397061653,317.25463263952093,25.0151894668065,73.01577652703921
1071.497828754696,319.4674964984134,24.00337243947268,76.33739609405373
1071.972581956736,320.8293080765136,23.909514282165322,80.6446757792559
1073.437345973582,321.98676676279905,22.580223750353902,81.80654514272736
1075.0747383955652,319.0689528637874,22.64211485342109,84.39030706104776
1076.0755929601626,314.74736680530793,23.48464276786121,83.55373051567685
1078.1495564658449,317.0186810110003,22.989850348624614,81.79068171227902
1080.498794927454,322.22114010385303,24.00380520115163,77.96057449233331
1077.7285236586815,323.6125462768974,25.42832574484199,74.85953441724483
1077.061017689872,322.806251300985,25.475464663237954,73.29490789951198
1076.8992196337672,320.89252265092637,24.25375773532786,73.63146117243917
1072.9166813104048,320.8465808350441,24.74451846487096,72.2435074051142
1071.9637535969284,323.03515253219166,25.456686345697563,69.49161683042567
1066.7038051769644,320.93219000301235,26.029891435863245,68.89877716568313
1062.6462483285627,324.4682128484013,27.523933480737384,66.14337152446534
1057.875608729986,320.51064116939483,27.235420927899973,68.12484467931708
1053.184105585284,318.56591675011236,27.664979938864604,66.79357904490954
1045.0649256013992,320.69417160448313,27.62845789804301,66.00573860815486
1039.5651258266985,315.5325500189433,27.742425569015346,67.72546026265782
1029.2251473306599,314.9783475676151,28.592525198430344,69.04289423133832
1023.4099190483572,316.32970834933906,29.567524198013167,67.57075050873658
1016.5352505915984,315.4924036107568,30.482321036120332,68.50075345825807
1006.7098814443067,313.942386834947,30.81992062760189,69.22633347037112
1001.1346934952794,314.3281210611879,31.263853926322625,69.31908423794609
993.6711836919707,316.23101558736175,32.861283918991646,68.28258595729037
982.7283694963053,317.36657885339804,33.815504865650084,68.41353446856293
976.0330282467049,316.8229585039135,34.567876707626226,68.10385157257858
969.1771460527633,315.14719178677717,35.131778304058415,68.68555698061027
961.0415240684409,316.1786849080838,37.00474092951167,67.86180122429306
950.4889208930717,314.7877932924389,36.627447748105894,68.51498644506097
943.8911370247919,313.7106375504317,37.20964525969647,69.00252928193743
934.304900050716,312.11171506989024,35.70332929933328,70.59141421411918
929.844863728551,312.1597817848227,35.77924939004935,71.07271073648829
919.7306342158865,311.94188919715157,35.20039356432771,71.74653373609542
910.9416096619229,311.5434431133264,34.485642894699474,70.77663358414733
906.1993285748774,314.1591948315001,34.83577916736017,69.90197739181049
896.4918514829263,313.2181028142017,34.80709540048857,69.0316221526017
888.1387171819757,313.3217220416717,34.92424590477776,68.72323920485495
879.2659056349906,313.09280655677287,34.5024263276559,69.38905415041742
869.8665655832513,313.557885012942,34.49352562886677,69.1868237829348
864.3887943846026,314.309375511283,35.754791270153746,69.01654902474574
852.0355384471565,315.1908773437375,37.03638553128195,67.95082236173381
843.6093070606149,314.2668268784951,36.607882769868596,67.95124835785998
836.4801719950373,313.65764946882763,35.12073832120363,68.58904628647403
825.9621177349534,315.15258060796145,35.75305104928303,68.38259336098093
819.8894925510458,316.120508674606,37.0566939537092,68.135762939409
809.3373551622094,312.9434588670652,37.13297493385205,69.1912125672736
801.180141588763,315.28805787373926,36.368397863178565,69.35513054290288
794.4127443193939,315.9840269566077,37.79881460304793,69.64348481934624
785.9263048190296,315.57235929945443,36.25679275089527,70.09915321483066
778.841915572899,317.05552197493745,37.81274673848796,69.24070357753013
769.528522420582,316.2354843719133,36.299183945054125,69.27810613631742
758.890185300772,316.692369439012,36.190798955278694,68.7656815534585
752.8929428082072,317.59629685103204,36.78801872184625,68.13419547412333
741.44614514686,320.56859247360376,36.65114902365566,65.84603233056147
733.3615612317602,317.0718108589572,38.07291743678523,65.29857795770931
724.9966321079652,320.1321295109279,39.24788111433239,64.17854791219115
715.2452652706381,317.7409166342201,37.78406962537301,65.82069718484958
709.3984696281783,318.12974310617517,37.37681924841981,65.88434743174787
703.4193451245922,317.85323630200486,36.846897629967415,66.95079046262086
699.4360333112892,317.46436084474163,35.99158745360292,67.38240360420643
697.2734185908041,315.956919173272,34.47090074664885,68.98037043770971
694.0498488301236,315.7598529602625,34.56351141533422,69.48347743017656
692.9334044847532,313.15311018884825,32.78803792417047,70.98394283231562
691.2417963481304,313.7429274912937,31.30786590502287,71.02401122985859
691.2767870711104,309.4277490170957,28.52751862847019,73.10822143211143
689.3171030071643,309.5014464104865,27.716975695675146,73.21884276548947
690.8740310994067,307.49795229325883,26.97182650875117,75.7189086922289
690.8293997645546,307.6982834341404,26.313629864452807,75.59605862555944
692.0534017926592,310.96814894733996,26.01717462433955,74.85362343134543
690.8771428063905,310.6634758398143,26.895921559651796,74.97192723500876
691.8178495065595,305.93289899550695,27.08846207792663,77.11082269671874
691.4785458397108,308.8384612822558,29.01648758934016,76.55527049998409
691.3558940403203,308.1633535041188,30.800329137049893,76.63570647999975
690.7761600435887,308.0996542907874,31.61547106393622,76.54104835210529
689.7315155861581,308.39001785189726,33.616367841297325,76.02931571837235
690.4394855186132,307.8635597585711,33.44731990187955,76.67352204090719
688.6476626037654,305.38106010670833,33.22285786811736,78.0866409406326
687.9654626183639,303.995027826937,33.25307933911463,79.09717476614364
688.2767143507386,303.9636978836422,32.67526145860487,80.07518874935168
687.4973773193591,302.79412739405205,33.01624133149785,81.67268420369125
687.1172087837965,300.29244259169496,33.460148026495204,83.39541344398206
684.3058245335043,300.0482043900124,35.45514300659555,84.21610218947762
688.1570963956993,302.545092250339,34.89446799796966,83.36410461836559
688.8407850407785,301.9275422211881,34.992989599256425,84.23399027292035
685.6163933572959,304.4267889215515,37.00670003060061,83.21938027690496
689.2839537200567,303.55670788132824,35.539203277765225,83.57628453274882
686.8755242220719,305.7674720030459,35.98584561114613,82.86428183113549
686.7909785417999,306.08443461082834,36.65264337573518,81.59339895189763
685.5063542815733,305.4264698707074,36.25710994661489,81.34526760561745
688.0769408892037,303.51031151861855,35.02479856879237,82.11855026256391
686.7837277123992,300.93922871976895,33.466629839741906,83.56914868847377
687.4790452903216,302.6844760964366,32.78070158675983,83.67890579490478
688.0521386510021,304.64220819233145,31.615958791508113,83.67248201588725
686.5607416020764,301.57653547175875,30.553060246128172,82.14286660469438
687.8768364134141,308.23925488904115,28.469215150699764,80.29617859513152
688.7740768368683,310.44062530734766,25.46647301087107,79.75560506656268
689.8894236248011,309.7277114516076,24.579165489943193,78.30245185064246
690.2697034364651,307.43952428521237,23.881687982345746,80.77942903011407
689.8937298324936,307.3189314604813,23.84077398390938,83.66593790907022
691.5571998616585,305.4734622045726,23.98033886785567,84.76363159035427
691.8823747641295,305.53773669187615,24.569579680976354,85.65052863515704
691.4816451600409,308.56074554717554,25.394757596199568,83.29862658160582
690.6576550598871,309.3532057396129,25.953303134357675,81.17197524763189
690.9495707044629,304.9765776438343,25.401627627621693,82.85488599580555
689.6731266412712,308.37195309361715,27.003381017684823,80.98589838469078
689.610525093397,308.2279087839272,28.016647651074525,81.25703654143952
687.5878168434547,310.08292719184055,28.363586945277177,78.80811658642173
688.9722563096655,316.2984706286343,28.250257291792458,74.52014776986832
687.9657401872403,318.5292823239823,27.763995791630013,70.69136741944199
686.3508011036346,315.5248976209534,26.08168931600244,70.1605829041103
684.4088472615728,315.8167064577389,26.277686310572058,69.61319277489108
683.938493033851,318.8194440479167,25.55142338785538,67.55491915524814
682.3507727574039,317.88411514012296,24.68417442569283,66.65393595903468
680.3980680653614,317.79851930089234,24.52015134581776,64.98156981583398
677.9916496460189,319.06419620173614,23.843269973903354,64.16112761015916
675.8442277941181,318.2953140437448,24.56122568353331,64.5435027704282
671.5200739497602,317.53199430236987,25.099347589103957,65.33356343250111
669.3421806563161,315.67054841508997,24.557112056491775,66.82990907789812
666.8733396255051,316.56732583525513,23.90739578916369,67.34233506865773
663.9385503500133,316.937814808819,24.12825143174846,67.62877651674063
660.4870845346082,319.5419887897145,24.692657627610394,67.29550203220887
656.3520614093027,316.6178020316776,24.70783921386472,67.87120880600511
652.4130796760118,317.1401275142333,25.67384304881236,68.09421323815928
649.3368010636848,320.43460687291736,26.833631532807548,67.17316937684447
643.7878392598227,319.19661436707895,28.337095687181222,67.60501574812126
638.9257682841484,318.7881299282279,29.159817133054986,68.57612566064383
634.287217700165,316.3714259258512,28.889492570485274,69.40996249211426
630.1101238040233,317.88059657692423,29.847387480721878,68.95574470153943
625.3603045854638,320.203437959721,31.10458362396347,68.090466826154
621.0113985422746,318.4814689017834,31.780793456709446,69.52401354216732
616.5413302932419,320.4335847006159,32.41203511351229,69.1663409667143
609.9375957221605,319.62633377503914,34.015103179724264,70.02900825305514
605.3022485589939,320.979337960112,34.475560353923456,69.77114828480843
599.8408364414166,320.8180259078765,34.98359437506174,70.00348964661404
594.0370045636508,321.2417094872567,35.75392612186476,70.6035018369492
589.3459010872475,320.34157969162607,36.551439980200314,71.28536028968094
583.703986754627,320.2319140906883,36.57890566064998,72.62353057074085
578.2524512171507,317.7584768601885,36.35596258471608,74.96701522251294
572.8562350945656,319.13549165140927,37.54341486440279,74.992150351976
567.468353376772,319.1098893393961,37.89293189199095,75.33237570308691
560.8738147844197,320.63109046295483,38.31257421669807,75.01235380423583
555.07625676005,321.82313089436525,38.030245315011385,75.33848733376925
548.599780829725,315.7635791793868,37.80297445321932,77.28487148063095
542.1131011409452,317.47791682081544,37.32253687387778,77.87868294061089
538.198286357609,318.80316289082907,35.968563347343945,78.07848136188456
531.6547973315477,318.3101480712045,36.33481744169289,78.45529846165874
523.2548821295889,319.67652986190967,33.81945333711764,78.21605879011318
517.5999476668404,319.6929740883605,33.92946793700308,78.44105964458868
511.6782732288986,325.82190639263274,35.521265284971044,75.46600624295172
502.9799134853366,318.84445184177633,33.80906043936129,77.31552143562071
496.5912887721782,320.8159297851051,33.81729400840466,76.43724260983092
490.0956318269282,322.2849874502451,33.892848478063854,77.15175209132963
483.110485332566,324.68234267649956,35.238552458045596,75.32743175192583
474.5718621597827,321.1043414280976,33.70359939388156,76.4908911070739
467.6128221076163,323.6489904560767,34.55747085056193,75.80424208674603
458.96817832602284,323.36113331841455,33.20943247934833,74.42624787476831
451.4148277809056,326.7103863169956,33.96468627632538,72.76185000528659
444.4225613184313,328.69479330385144,34.718876084988125,72.07466855114464
434.9891182936613,328.6273927097656,35.12025864067013,71.73211898657284
423.87513663144273,328.58646087129824,35.053205692059116,72.01560902934548
417.2929421991857,329.46406478780744,35.7796439806842,72.57000955274793
408.7253188165927,330.3976255310226,36.970295440865755,72.9879096653747
399.5880691001083,328.9086005598321,36.54088610136522,73.1566120892645
389.9698738114086,329.9980813385822,36.25702847274536,73.15289668514558
382.5306186232866,331.54210882888094,38.288490380872986,73.35863118909215
373.9741130026527,335.5163102561447,41.19931774512408,71.8019029400485
362.98602346663233,332.6053056108633,42.520063867645845,73.78209593536391
355.06845138087306,336.12460268051154,44.993977755000074,72.69061555103588
342.13142756523183,337.7194392760894,46.55824475652104,71.9705377545337
332.52628101751213,337.3824146526274,47.866381122709925,72.53876671741742
321.3359696224718,335.21914611108576,47.454029254487466,73.74852976117074
308.24109701918786,333.4111984206263,46.371103245557904,75.8334176400179
299.2908222876324,334.5539875433271,46.851429467142864,76.30735619876357
290.29610702121596,336.4279191276821,47.93629214683271,75.87122075334382
277.4327023151333,336.0419608775437,49.370042398199296,76.59397813073934
266.72698919777736,336.474992548429,50.418724864256134,76.83481141313325
255.72422342931486,336.4308050617926,52.17214524933152,77.60409555003056
240.3665500172211,335.6020390406943,53.74842568885477,78.48359700671725
230.48067387281307,337.538725773233,55.197586443445786,78.00131875429221
216.47545160237166,337.05198733388073,57.05047601342316,77.73350221821258
203.18042784633573,337.98713886917204,59.06270928637836,78.46675464456129
193.14967467348492,337.88896419054504,61.27110110847761,78.6111463639976
181.65128750255843,337.933480527669,61.107043959372305,79.00968665823902
171.63979939641817,336.57671359523624,60.69911401786395,80.98747445232283
158.49760780983536,339.7162187372214,62.20886796416994,80.03436132767135
147.10494225906763,336.30636823239854,62.2851715660704,81.32019432171141
136.0194018024079,339.9545763625511,62.53531515409373,80.57571848151645
124.0793887801825,338.14315427102844,63.27502362869185,81.24116370606501
111.96126217319139,340.726483850972,63.86378542148411,80.22000944745105
98.45080295605831,343.7562210989048,63.996697940359006,79.25244220323526
85.00102940738124,339.32279181665587,62.1438645708142,80.98233331451726
76.14904580070153,344.2017143033715,61.83993924563785,79.60578670119853
60.48047538486897,342.04629552390236,60.24467223503564,80.81089010772607
46.09830865972773,340.5552221119237,57.58406032303181,82.32359782277402
35.18305174789192,343.37177282119603,56.253324944190894,80.96129682946984
18.882201419781573,340.8953041239343,55.20133017857893,82.34563316815833
9.593825465666612,346.2086949163414,57.97408649247754,81.38025684447592
